frame,timestamp,confidence,success,gaze_0_x,gaze_0_y,gaze_0_z,gaze_1_x,gaze_1_y,gaze_1_z,gaze_angle_x,gaze_angle_y,pose_Rx,pose_Ry,pose_Rz
2,0.033,0.98,1,0.838147,0.251269,-0.484122,0.830329,0.183176,-0.526308,1.026,0.406,0.895,-1.238,1.367
52,1.701,0.88,1,0.796243,0.294311,-0.528563,0.773647,0.214791,-0.5961,0.949,0.425,0.765,-1.154,1.285
53,1.734,0.88,1,0.786674,0.336128,-0.517844,0.77397,0.266366,-0.574474,0.96,0.504,0.912,-1.124,1.388
54,1.767,0.93,1,0.781344,0.361089,-0.509035,0.769466,0.296933,-0.565467,0.965,0.549,0.998,-1.118,1.447
55,1.801,0.93,1,0.785148,0.362276,-0.502294,0.773632,0.300554,-0.557817,0.974,0.559,1.031,-1.124,1.46
56,1.834,0.98,1,0.792769,0.352409,-0.497319,0.774904,0.290187,-0.561529,0.977,0.545,0.982,-1.137,1.395
57,1.867,0.98,1,0.797554,0.335613,-0.50127,0.773782,0.270642,-0.572725,0.971,0.514,0.865,-1.14,1.263
58,1.901,0.93,1,0.789476,0.332918,-0.515649,0.756311,0.268368,-0.596634,0.947,0.496,0.73,-1.103,1.089
59,1.934,0.93,1,0.780468,0.34519,-0.521262,0.738706,0.28675,-0.60999,0.931,0.509,0.72,-1.084,1.008
60,1.967,0.93,1,0.788266,0.336961,-0.514872,0.742952,0.28189,-0.607091,0.938,0.504,0.73,-1.09,0.974
61,2.001,0.93,1,0.788001,0.339924,-0.513328,0.735464,0.28976,-0.61248,0.934,0.51,0.75,-1.091,0.958
62,2.034,0.93,1,0.795829,0.332492,-0.506069,0.746056,0.286198,-0.601241,0.948,0.51,0.771,-1.113,0.969
63,2.067,0.98,1,0.814784,0.317991,-0.484777,0.765082,0.272627,-0.583372,0.976,0.505,0.786,-1.141,0.962
64,2.101,0.93,1,0.821888,0.324642,-0.468089,0.77572,0.284427,-0.563347,0.998,0.533,0.853,-1.162,1.011
65,2.134,0.93,1,0.837478,0.320974,-0.442274,0.80028,0.288428,-0.525701,1.037,0.562,1.011,-1.2,1.144
66,2.167,0.93,1,0.856848,0.318209,-0.405653,0.826382,0.29476,-0.479801,1.087,0.606,1.255,-1.24,1.359
67,2.201,0.88,1,0.86466,0.314648,-0.391613,0.837782,0.301224,-0.455396,1.109,0.629,1.455,-1.249,1.518
68,2.234,0.98,1,0.861503,0.332054,-0.384127,0.840353,0.336305,-0.425096,1.127,0.69,1.765,-1.192,1.735
69,2.267,0.98,1,0.855775,0.346741,-0.383954,0.834516,0.361768,-0.415579,1.129,0.725,1.894,-1.135,1.817
70,2.301,0.98,1,0.850424,0.357596,-0.385882,0.828566,0.376368,-0.414519,1.126,0.742,1.908,-1.111,1.817
71,2.334,0.98,1,0.851441,0.358818,-0.38249,0.828051,0.377567,-0.414457,1.128,0.746,1.927,-1.105,1.835
72,2.367,0.98,1,0.853286,0.355451,-0.381521,0.830023,0.372826,-0.414805,1.129,0.741,1.941,-1.107,1.856
73,2.401,0.98,1,0.855302,0.351296,-0.380854,0.832828,0.365409,-0.415781,1.13,0.733,1.94,-1.114,1.864
74,2.434,0.98,1,0.855531,0.350936,-0.380671,0.833681,0.364775,-0.414626,1.131,0.733,1.939,-1.117,1.866
75,2.467,0.98,1,0.857278,0.34999,-0.3776,0.835773,0.363713,-0.411336,1.135,0.735,1.931,-1.123,1.865
76,2.501,0.98,1,0.857751,0.347696,-0.378642,0.837934,0.357729,-0.412185,1.134,0.728,1.922,-1.127,1.867
77,2.534,0.98,1,0.855601,0.34855,-0.382702,0.835184,0.357624,-0.417819,1.129,0.723,1.877,-1.134,1.827
78,2.567,0.98,1,0.853026,0.352034,-0.385251,0.833035,0.361207,-0.419026,1.126,0.725,1.871,-1.13,1.823
79,2.601,0.98,1,0.855847,0.349041,-0.381702,0.836105,0.35561,-0.417696,1.129,0.722,1.869,-1.135,1.83
80,2.634,0.98,1,0.855471,0.350592,-0.381123,0.835724,0.358,-0.416415,1.13,0.726,1.876,-1.134,1.834
81,2.667,0.98,1,0.852783,0.354536,-0.383491,0.832993,0.362904,-0.417641,1.127,0.73,1.871,-1.129,1.83
82,2.701,0.98,1,0.849846,0.35695,-0.387748,0.828747,0.366055,-0.4233,1.121,0.728,1.831,-1.125,1.786
83,2.734,0.93,1,0.844466,0.351864,-0.403818,0.822735,0.361312,-0.438817,1.103,0.702,1.768,-1.126,1.717
84,2.767,0.98,1,0.852392,0.33298,-0.403179,0.831863,0.340284,-0.438419,1.107,0.675,1.761,-1.147,1.729
85,2.801,0.93,1,0.843889,0.346193,-0.409881,0.822058,0.356468,-0.444017,1.097,0.689,1.763,-1.127,1.704
86,2.834,0.98,1,0.853893,0.33397,-0.399162,0.833912,0.339577,-0.435061,1.112,0.679,1.754,-1.151,1.721
87,2.868,0.98,1,0.847938,0.349945,-0.398171,0.82778,0.358981,-0.431177,1.111,0.707,1.825,-1.129,1.766
88,2.901,0.98,1,0.848131,0.353187,-0.394883,0.82835,0.362082,-0.427472,1.115,0.716,1.829,-1.128,1.775
89,2.934,0.98,1,0.847079,0.355113,-0.395414,0.827291,0.363703,-0.428146,1.114,0.718,1.813,-1.129,1.76
90,2.968,0.98,1,0.846552,0.356058,-0.395692,0.826931,0.364571,-0.428105,1.113,0.719,1.814,-1.127,1.76
91,3.001,0.98,1,0.84836,0.354987,-0.392772,0.830037,0.363797,-0.422719,1.119,0.722,1.839,-1.125,1.791
92,3.034,0.98,1,0.847563,0.356453,-0.393164,0.829481,0.365415,-0.422415,1.118,0.725,1.855,-1.121,1.807
93,3.068,0.98,1,0.847016,0.356678,-0.394138,0.828357,0.365487,-0.424552,1.116,0.723,1.845,-1.121,1.797
94,3.101,0.98,1,0.846747,0.355769,-0.395536,0.828644,0.36416,-0.425132,1.115,0.72,1.844,-1.12,1.796
95,3.134,0.98,1,0.846538,0.35598,-0.395792,0.828147,0.362893,-0.42718,1.114,0.718,1.837,-1.12,1.79
96,3.168,0.98,1,0.847246,0.355315,-0.394873,0.829316,0.362343,-0.425374,1.116,0.719,1.841,-1.12,1.795
97,3.201,0.98,1,0.846692,0.355765,-0.395657,0.827828,0.362342,-0.428264,1.114,0.717,1.824,-1.121,1.78
98,3.234,0.98,1,0.845829,0.355632,-0.397616,0.826087,0.362109,-0.431807,1.11,0.713,1.815,-1.122,1.769
99,3.268,0.98,1,0.844678,0.355581,-0.400101,0.824781,0.361789,-0.434564,1.107,0.71,1.807,-1.121,1.76
100,3.301,0.98,1,0.844352,0.35472,-0.401552,0.824245,0.361041,-0.436199,1.105,0.707,1.794,-1.121,1.746
101,3.334,0.88,1,0.84254,0.356551,-0.40373,0.821693,0.363793,-0.438721,1.102,0.707,1.78,-1.12,1.731
102,3.368,0.98,1,0.844899,0.354812,-0.400317,0.825599,0.363371,-0.431681,1.109,0.712,1.818,-1.121,1.77
103,3.401,0.93,1,0.839903,0.358841,-0.40718,0.818802,0.365853,-0.442397,1.097,0.706,1.762,-1.116,1.713
104,3.434,0.93,1,0.851531,0.340679,-0.398538,0.832328,0.3443,-0.434381,1.111,0.688,1.764,-1.137,1.734
105,3.468,0.98,1,0.853054,0.335297,-0.399844,0.833664,0.337082,-0.43747,1.11,0.677,1.756,-1.148,1.741
106,3.501,0.93,1,0.842375,0.353249,-0.406964,0.822253,0.358832,-0.441746,1.099,0.698,1.761,-1.122,1.722
107,3.534,0.98,1,0.851634,0.337447,-0.401061,0.833292,0.33822,-0.4373,1.109,0.678,1.763,-1.143,1.744
108,3.568,0.93,1,0.83991,0.354161,-0.411244,0.817853,0.360162,-0.448776,1.092,0.693,1.729,-1.12,1.684
109,3.601,0.98,1,0.85039,0.33989,-0.401636,0.829646,0.341944,-0.441318,1.106,0.68,1.73,-1.141,1.706
110,3.634,0.98,1,0.853869,0.335506,-0.397923,0.83244,0.336367,-0.440341,1.109,0.676,1.727,-1.153,1.716
111,3.668,0.98,1,0.854094,0.334083,-0.398638,0.832437,0.334161,-0.442025,1.108,0.672,1.726,-1.159,1.722
112,3.701,0.98,1,0.855101,0.332624,-0.397698,0.833201,0.330964,-0.442989,1.109,0.668,1.722,-1.163,1.724
113,3.734,0.98,1,0.856056,0.331274,-0.396768,0.835015,0.328181,-0.441642,1.111,0.666,1.713,-1.166,1.723
114,3.768,0.98,1,0.856739,0.330107,-0.396268,0.83547,0.32589,-0.442477,1.111,0.664,1.708,-1.169,1.722
115,3.801,0.98,1,0.856509,0.328753,-0.397887,0.835077,0.323802,-0.444746,1.109,0.659,1.699,-1.171,1.717
116,3.834,0.98,1,0.857225,0.329694,-0.395559,0.835926,0.324853,-0.442378,1.111,0.663,1.701,-1.171,1.721
117,3.868,0.98,1,0.857622,0.32992,-0.394509,0.836476,0.32487,-0.441325,1.112,0.665,1.706,-1.171,1.728
118,3.901,0.98,1,0.857574,0.331319,-0.39344,0.836379,0.326789,-0.440089,1.114,0.668,1.711,-1.17,1.734
119,3.935,0.98,1,0.857754,0.329656,-0.394442,0.836582,0.324904,-0.441098,1.113,0.665,1.711,-1.171,1.733
120,3.968,0.93,1,0.839465,0.353582,-0.412648,0.818542,0.358987,-0.44846,1.092,0.691,1.723,-1.12,1.685
121,4.001,0.93,1,0.850091,0.339472,-0.402622,0.830207,0.340675,-0.441244,1.105,0.678,1.732,-1.139,1.718
122,4.035,0.93,1,0.853874,0.335003,-0.398336,0.833243,0.335081,-0.439804,1.11,0.674,1.729,-1.153,1.728
123,4.068,0.98,1,0.857026,0.331305,-0.394643,0.835652,0.329957,-0.439106,1.113,0.671,1.726,-1.165,1.736
124,4.101,0.93,1,0.83946,0.351959,-0.414042,0.816671,0.35856,-0.452197,1.089,0.687,1.723,-1.125,1.681
125,4.135,0.98,1,0.850373,0.338639,-0.402727,0.82889,0.339607,-0.444532,1.104,0.675,1.703,-1.155,1.696
126,4.168,0.98,1,0.851915,0.3418,-0.396753,0.823931,0.335708,-0.456549,1.1,0.671,1.637,-1.178,1.658
127,4.201,0.98,1,0.846154,0.355089,-0.397411,0.811915,0.338466,-0.475642,1.086,0.671,1.514,-1.182,1.582
128,4.235,0.88,1,0.833686,0.367484,-0.412217,0.798331,0.338927,-0.497792,1.062,0.66,1.401,-1.163,1.514
129,4.268,0.98,1,0.814182,0.392091,-0.428219,0.778544,0.359673,-0.514301,1.036,0.673,1.37,-1.134,1.519
130,4.301,0.98,1,0.79755,0.410396,-0.442141,0.771472,0.371362,-0.516644,1.022,0.684,1.371,-1.099,1.551
131,4.335,0.98,1,0.790627,0.41508,-0.45013,0.777565,0.376289,-0.503785,1.024,0.693,1.389,-1.086,1.604
132,4.368,0.98,1,0.785974,0.42128,-0.452513,0.77913,0.38233,-0.496769,1.026,0.702,1.414,-1.071,1.639
133,4.401,0.98,1,0.777717,0.42414,-0.463962,0.776347,0.38734,-0.497246,1.017,0.701,1.429,-1.046,1.666
134,4.435,0.98,1,0.762919,0.42893,-0.483709,0.762594,0.398467,-0.509584,0.994,0.695,1.411,-1.024,1.649
135,4.468,0.98,1,0.747963,0.442577,-0.494648,0.741714,0.413075,-0.528421,0.969,0.697,1.335,-1.012,1.58
136,4.501,0.98,1,0.743781,0.436794,-0.505966,0.728624,0.40124,-0.55508,0.946,0.669,1.221,-1.014,1.476
137,4.535,0.98,1,0.731058,0.415916,-0.540895,0.703322,0.373274,-0.604983,0.897,0.603,1.028,-1.011,1.301
138,4.568,0.98,1,0.729057,0.378397,-0.570343,0.679105,0.331547,-0.654899,0.855,0.525,0.837,-1.001,1.127
139,4.601,0.88,1,0.721113,0.347812,-0.599186,0.657548,0.297841,-0.692041,0.818,0.464,0.739,-0.966,1.03
147,4.868,0.88,1,0.764099,0.291963,-0.575248,0.720292,0.23356,-0.653169,0.879,0.404,0.604,-1.077,1.007
148,4.901,0.88,1,0.773174,0.312649,-0.551772,0.736115,0.254318,-0.627261,0.908,0.448,0.689,-1.1,1.088
149,4.935,0.88,1,0.788309,0.312164,-0.53021,0.754765,0.252507,-0.60545,0.936,0.461,0.717,-1.119,1.094
150,4.968,0.88,1,0.807364,0.315747,-0.498464,0.776652,0.258123,-0.574617,0.975,0.491,0.767,-1.149,1.115
151,5.001,0.88,1,0.821232,0.311401,-0.478129,0.79589,0.259789,-0.546872,1.006,0.508,0.824,-1.183,1.14
152,5.035,0.93,1,0.829975,0.319806,-0.457018,0.803855,0.271347,-0.529327,1.028,0.54,0.93,-1.195,1.196
153,5.068,0.98,1,0.833579,0.3291,-0.443665,0.806036,0.284186,-0.519177,1.04,0.567,1.042,-1.189,1.259
154,5.102,0.98,1,0.835438,0.336378,-0.434618,0.807077,0.293777,-0.512173,1.048,0.587,1.134,-1.186,1.317
155,5.135,0.98,1,0.833711,0.34303,-0.432731,0.807161,0.301921,-0.507281,1.051,0.601,1.209,-1.178,1.374
156,5.168,0.98,1,0.836032,0.338297,-0.431978,0.810737,0.297848,-0.503976,1.054,0.597,1.271,-1.184,1.428
157,5.202,0.98,1,0.833751,0.349753,-0.427239,0.811499,0.30988,-0.495423,1.06,0.621,1.342,-1.175,1.496
158,5.235,0.98,1,0.830487,0.365157,-0.420657,0.811792,0.327741,-0.483302,1.068,0.654,1.435,-1.163,1.587
159,5.268,0.98,1,0.82809,0.380054,-0.412099,0.811607,0.346616,-0.470267,1.077,0.689,1.536,-1.144,1.675
160,5.302,0.93,1,0.823321,0.39136,-0.411073,0.811109,0.362022,-0.459393,1.081,0.713,1.626,-1.117,1.749
161,5.335,0.93,1,0.819842,0.399646,-0.410051,0.810887,0.373165,-0.450788,1.085,0.732,1.707,-1.092,1.813
162,5.368,0.98,1,0.819451,0.40279,-0.40775,0.811503,0.376831,-0.44661,1.088,0.74,1.766,-1.076,1.859
163,5.402,0.93,1,0.819812,0.40535,-0.404475,0.813177,0.381668,-0.439401,1.094,0.751,1.82,-1.064,1.909
164,5.435,0.93,1,0.817706,0.409919,-0.404133,0.812357,0.386902,-0.436328,1.095,0.759,1.858,-1.049,1.947
165,5.468,0.93,1,0.816173,0.413604,-0.403476,0.81191,0.392349,-0.432278,1.097,0.767,1.895,-1.04,1.989
166,5.502,0.98,1,0.81752,0.416965,-0.397242,0.812335,0.394975,-0.429076,1.102,0.777,1.926,-1.038,2.032
167,5.535,0.98,1,0.792358,0.440848,-0.421688,0.772485,0.419771,-0.476508,1.05,0.764,1.629,-1.037,1.721
168,5.568,0.98,1,0.799288,0.432117,-0.417627,0.782375,0.410112,-0.46872,1.06,0.76,1.637,-1.05,1.734
169,5.602,0.93,1,0.801359,0.433261,-0.412443,0.786077,0.411191,-0.461524,1.068,0.768,1.645,-1.05,1.748
170,5.635,0.88,1,0.805498,0.431602,-0.40607,0.790746,0.408745,-0.455685,1.076,0.773,1.656,-1.056,1.771
171,5.668,0.88,1,0.80657,0.426959,-0.408842,0.793595,0.403088,-0.455771,1.075,0.765,1.671,-1.057,1.794
172,5.702,0.88,1,0.803329,0.428822,-0.413248,0.792111,0.405463,-0.456245,1.072,0.765,1.685,-1.047,1.816
173,5.735,0.93,1,0.800236,0.431206,-0.416754,0.789732,0.408741,-0.457444,1.068,0.765,1.703,-1.036,1.844
174,5.768,0.93,1,0.798239,0.431122,-0.420652,0.788993,0.409131,-0.458369,1.065,0.763,1.713,-1.029,1.856
175,5.802,0.93,1,0.797197,0.433717,-0.41996,0.789095,0.411587,-0.455988,1.066,0.768,1.73,-1.026,1.879
176,5.835,0.93,1,0.799182,0.432401,-0.417537,0.79174,0.411057,-0.451862,1.071,0.77,1.754,-1.028,1.905
177,5.868,0.93,1,0.8032,0.427839,-0.414516,0.795606,0.406109,-0.44954,1.075,0.768,1.785,-1.033,1.934
178,5.902,0.93,1,0.808674,0.420896,-0.410965,0.801375,0.39857,-0.446028,1.082,0.763,1.813,-1.048,1.958
179,5.935,0.93,1,0.815622,0.415121,-0.403032,0.808898,0.392081,-0.438129,1.093,0.765,1.838,-1.062,1.984
180,5.968,0.93,1,0.802907,0.43332,-0.409358,0.787665,0.42208,-0.448812,1.076,0.784,1.775,-1.036,1.841
181,6.002,0.93,1,0.803797,0.430378,-0.410713,0.790282,0.418831,-0.447253,1.077,0.78,1.781,-1.053,1.862
182,6.035,0.93,1,0.809865,0.425201,-0.404133,0.796883,0.410922,-0.442855,1.086,0.779,1.787,-1.07,1.891
183,6.068,0.93,1,0.814251,0.422375,-0.398239,0.801307,0.404238,-0.44102,1.092,0.778,1.797,-1.075,1.92
184,6.102,0.98,1,0.811322,0.427314,-0.398949,0.800824,0.406108,-0.440177,1.091,0.782,1.81,-1.068,1.956
185,6.135,0.98,1,0.803562,0.433468,-0.407913,0.795018,0.409563,-0.447443,1.079,0.778,1.81,-1.05,1.971
186,6.169,0.98,1,0.802202,0.439453,-0.40417,0.793004,0.412164,-0.448627,1.08,0.785,1.803,-1.042,1.986
187,6.202,0.98,1,0.793953,0.448306,-0.410683,0.786222,0.421185,-0.452171,1.071,0.789,1.816,-1.03,2.017
188,6.235,0.98,1,0.788492,0.451723,-0.417405,0.782328,0.425632,-0.454753,1.064,0.788,1.846,-1.015,2.052
189,6.269,0.98,1,0.787076,0.4466,-0.425511,0.782937,0.423863,-0.455356,1.06,0.779,1.876,-1.007,2.086
190,6.302,0.98,1,0.788284,0.445405,-0.424526,0.785197,0.425514,-0.449893,1.064,0.783,1.917,-1.0,2.123
191,6.335,0.98,1,0.794393,0.439818,-0.418927,0.787435,0.418361,-0.452682,1.067,0.778,1.955,-0.989,2.139
192,6.369,0.98,1,0.790296,0.44003,-0.426387,0.777208,0.41972,-0.46881,1.052,0.765,1.823,-1.0,1.974
193,6.402,0.98,1,0.790987,0.437565,-0.42764,0.776209,0.417704,-0.472252,1.05,0.76,1.897,-0.976,2.033
194,6.435,0.88,1,0.791687,0.435757,-0.428191,0.777465,0.416214,-0.471501,1.05,0.758,1.946,-0.951,2.067
195,6.469,0.88,1,0.79008,0.431299,-0.43561,0.778759,0.415007,-0.470428,1.047,0.751,1.993,-0.929,2.104
196,6.502,0.98,1,0.78315,0.435005,-0.444351,0.773978,0.42067,-0.473281,1.038,0.75,2.016,-0.916,2.127
197,6.535,0.98,1,0.781156,0.438898,-0.444031,0.773763,0.422907,-0.471635,1.039,0.755,2.028,-0.914,2.154
198,6.569,0.98,1,0.791571,0.43518,-0.428991,0.786226,0.419409,-0.453811,1.061,0.769,2.05,-0.928,2.183
199,6.602,0.93,1,0.762376,0.464949,-0.450117,0.748797,0.452895,-0.48393,1.017,0.777,1.744,-0.966,1.863
200,6.635,0.93,1,0.768707,0.454051,-0.450475,0.753527,0.443997,-0.484834,1.02,0.765,1.768,-0.97,1.875
201,6.669,0.93,1,0.775388,0.445707,-0.447346,0.759292,0.435685,-0.483378,1.026,0.758,1.776,-0.978,1.877
202,6.702,0.93,1,0.783443,0.432558,-0.446217,0.768383,0.422152,-0.481015,1.032,0.745,1.78,-0.995,1.88
203,6.735,0.98,1,0.79275,0.422444,-0.439418,0.778075,0.410869,-0.47517,1.044,0.739,1.783,-1.015,1.882
204,6.769,0.98,1,0.804264,0.408554,-0.431559,0.789139,0.394536,-0.470746,1.056,0.727,1.783,-1.043,1.874
205,6.802,0.93,1,0.812091,0.401053,-0.423868,0.79663,0.386634,-0.464645,1.066,0.725,1.759,-1.069,1.845
206,6.835,0.93,1,0.8202,0.390941,-0.417657,0.803521,0.377676,-0.460126,1.075,0.719,1.719,-1.092,1.794
207,6.869,0.93,1,0.826548,0.377355,-0.417638,0.806894,0.363999,-0.465217,1.075,0.698,1.665,-1.115,1.724
208,6.902,0.93,1,0.826229,0.369274,-0.425421,0.803182,0.358681,-0.475653,1.066,0.68,1.607,-1.13,1.652
209,6.935,0.93,1,0.826758,0.3665,-0.426789,0.802594,0.356043,-0.478619,1.064,0.674,1.566,-1.136,1.604
210,6.969,0.93,1,0.821748,0.370731,-0.432769,0.796865,0.363005,-0.482943,1.056,0.676,1.535,-1.129,1.57
211,7.002,0.88,1,0.813773,0.378787,-0.440788,0.786931,0.373197,-0.49139,1.043,0.679,1.517,-1.113,1.549
212,7.035,0.88,1,0.80776,0.385435,-0.446054,0.78158,0.381339,-0.493673,1.037,0.684,1.516,-1.097,1.541
213,7.069,0.88,1,0.805062,0.392127,-0.445097,0.778737,0.389066,-0.492134,1.036,0.695,1.53,-1.083,1.547
214,7.102,0.93,1,0.804109,0.397917,-0.441668,0.776839,0.391914,-0.492874,1.037,0.702,1.534,-1.08,1.537
215,7.135,0.88,1,0.811081,0.395972,-0.430527,0.785187,0.390204,-0.480856,1.052,0.712,1.56,-1.084,1.56
216,7.169,0.98,1,0.817997,0.393534,-0.419538,0.79294,0.390068,-0.468074,1.067,0.723,1.603,-1.092,1.619
217,7.202,0.98,1,0.829873,0.374784,-0.413337,0.812152,0.369875,-0.451223,1.086,0.711,1.673,-1.118,1.732
218,7.236,0.98,1,0.819939,0.379186,-0.428857,0.801943,0.379457,-0.461411,1.069,0.706,1.738,-1.098,1.76
219,7.269,0.98,1,0.825509,0.35399,-0.439575,0.815447,0.353474,-0.458369,1.07,0.667,1.802,-1.112,1.84
220,7.302,0.98,1,0.831779,0.338436,-0.440006,0.825261,0.336363,-0.453657,1.076,0.647,1.911,-1.105,1.932
221,7.336,0.98,1,0.839897,0.325357,-0.434414,0.831454,0.316999,-0.456285,1.081,0.625,1.86,-1.15,1.902
222,7.369,0.98,1,0.851222,0.307342,-0.425397,0.841338,0.293571,-0.453834,1.092,0.6,1.838,-1.196,1.904
223,7.402,0.98,1,0.861369,0.282913,-0.421905,0.850631,0.263136,-0.455177,1.097,0.557,1.798,-1.251,1.896
224,7.436,0.98,1,0.864619,0.270873,-0.423156,0.851659,0.251132,-0.46001,1.096,0.534,1.711,-1.281,1.802
225,7.469,0.98,1,0.870196,0.255136,-0.421503,0.853195,0.235779,-0.465259,1.096,0.506,1.641,-1.308,1.719
226,7.502,0.98,1,0.872602,0.247437,-0.421119,0.851074,0.230171,-0.471905,1.093,0.491,1.564,-1.316,1.613
227,7.536,0.98,1,0.872022,0.24061,-0.426244,0.848181,0.225495,-0.479313,1.086,0.475,1.45,-1.329,1.489
228,7.569,0.98,1,0.875344,0.236031,-0.421975,0.849984,0.222817,-0.477367,1.09,0.472,1.393,-1.334,1.42
229,7.602,0.98,1,0.875628,0.235894,-0.421462,0.847827,0.224669,-0.480325,1.089,0.472,1.339,-1.33,1.344
230,7.636,0.98,1,0.877688,0.239284,-0.415218,0.852011,0.230018,-0.470286,1.098,0.487,1.363,-1.33,1.357
231,7.669,0.98,1,0.875974,0.245666,-0.415111,0.853209,0.236334,-0.464952,1.1,0.501,1.408,-1.322,1.398
232,7.702,0.98,1,0.873599,0.256243,-0.413721,0.85181,0.249178,-0.460793,1.102,0.524,1.435,-1.307,1.412
233,7.736,0.98,1,0.875505,0.258016,-0.408556,0.85602,0.250462,-0.452215,1.109,0.534,1.51,-1.307,1.491
234,7.769,0.98,1,0.877418,0.258863,-0.403892,0.859638,0.251566,-0.444676,1.116,0.542,1.588,-1.304,1.563
235,7.802,0.98,1,0.875502,0.259225,-0.407797,0.857194,0.251483,-0.449416,1.111,0.537,1.557,-1.305,1.536
236,7.836,0.98,1,0.874326,0.262639,-0.408136,0.854955,0.254637,-0.451897,1.109,0.541,1.525,-1.304,1.509
237,7.869,0.98,1,0.87381,0.265593,-0.407328,0.854899,0.258074,-0.450051,1.11,0.548,1.539,-1.302,1.524
238,7.902,0.98,1,0.873552,0.266311,-0.407414,0.853985,0.260028,-0.45066,1.11,0.55,1.544,-1.296,1.516
239,7.936,0.98,1,0.872456,0.271539,-0.406309,0.853371,0.266013,-0.448325,1.111,0.561,1.571,-1.289,1.538
240,7.969,0.98,1,0.872985,0.271206,-0.405395,0.853712,0.264709,-0.448446,1.112,0.561,1.575,-1.288,1.544
241,8.002,0.98,1,0.872679,0.275796,-0.402948,0.854196,0.27172,-0.443303,1.115,0.574,1.619,-1.28,1.583
242,8.036,0.98,1,0.8736,0.274476,-0.401853,0.855135,0.269747,-0.442697,1.116,0.572,1.632,-1.279,1.598
243,8.069,0.98,1,0.870143,0.279119,-0.406133,0.851544,0.274678,-0.44657,1.111,0.576,1.608,-1.276,1.575
244,8.102,0.98,1,0.87067,0.280587,-0.403985,0.850211,0.276217,-0.448158,1.111,0.579,1.586,-1.273,1.548
245,8.136,0.98,1,0.87104,0.280223,-0.40344,0.850667,0.276416,-0.447169,1.112,0.579,1.596,-1.273,1.552
246,8.169,0.98,1,0.870635,0.280263,-0.404287,0.850052,0.276408,-0.448341,1.111,0.578,1.596,-1.269,1.548
247,8.202,0.98,1,0.87154,0.278576,-0.403501,0.85179,0.274582,-0.446161,1.113,0.577,1.631,-1.27,1.584
248,8.236,0.98,1,0.872237,0.275566,-0.404062,0.853005,0.270274,-0.446469,1.113,0.571,1.626,-1.277,1.588
249,8.269,0.98,1,0.870741,0.278309,-0.405406,0.848867,0.272412,-0.453009,1.108,0.57,1.553,-1.279,1.519
250,8.302,0.98,1,0.870255,0.2772,-0.407206,0.849523,0.271545,-0.452298,1.107,0.568,1.57,-1.277,1.534
251,8.336,0.98,1,0.869915,0.275496,-0.409084,0.850464,0.269062,-0.452014,1.107,0.564,1.585,-1.278,1.553
252,8.369,0.98,1,0.870988,0.272773,-0.408626,0.852397,0.265294,-0.450598,1.108,0.559,1.573,-1.282,1.551
253,8.403,0.98,1,0.870021,0.272138,-0.411101,0.851271,0.265206,-0.452773,1.106,0.556,1.56,-1.282,1.537
254,8.436,0.98,1,0.87189,0.267298,-0.410316,0.854481,0.258475,-0.450614,1.108,0.548,1.596,-1.286,1.576
255,8.469,0.98,1,0.871382,0.270693,-0.409168,0.853283,0.263463,-0.449995,1.109,0.556,1.586,-1.28,1.557
256,8.503,0.98,1,0.87485,0.267388,-0.403907,0.85829,0.260467,-0.442149,1.117,0.558,1.648,-1.282,1.617
257,8.536,0.98,1,0.87481,0.267738,-0.403762,0.858715,0.260597,-0.441245,1.117,0.559,1.675,-1.282,1.645
258,8.569,0.98,1,0.870333,0.273329,-0.40965,0.853694,0.269044,-0.445895,1.11,0.565,1.66,-1.274,1.618
259,8.603,0.88,1,0.852316,0.299647,-0.428682,0.826404,0.304463,-0.473666,1.078,0.59,1.469,-1.238,1.388
260,8.636,0.88,1,0.857879,0.284672,-0.427792,0.824212,0.2847,-0.489511,1.072,0.556,1.365,-1.238,1.263
261,8.669,0.93,1,0.848643,0.304333,-0.43265,0.805088,0.302928,-0.509968,1.053,0.572,1.312,-1.205,1.192
262,8.703,0.93,1,0.836151,0.333789,-0.435243,0.782621,0.333944,-0.525344,1.035,0.607,1.288,-1.158,1.135
263,8.736,0.93,1,0.82028,0.365567,-0.439889,0.764138,0.367299,-0.530268,1.021,0.647,1.304,-1.107,1.103
264,8.769,0.88,1,0.803703,0.391004,-0.448529,0.744768,0.394665,-0.538107,1.003,0.672,1.336,-1.042,1.065
265,8.803,0.88,1,0.788188,0.413273,-0.456032,0.726975,0.421604,-0.541994,0.988,0.697,1.374,-0.988,1.043
266,8.836,0.88,1,0.774345,0.426182,-0.467717,0.711111,0.443111,-0.54587,0.972,0.709,1.41,-0.946,1.024
267,8.869,0.88,1,0.764181,0.42845,-0.482138,0.702915,0.456642,-0.545333,0.96,0.711,1.441,-0.911,1.012
268,8.903,0.77,1,0.759408,0.442133,-0.477303,0.666821,0.466208,-0.581377,0.932,0.709,1.461,-0.875,0.989
269,8.936,0.77,1,0.735981,0.476726,-0.480692,0.664786,0.440097,-0.603634,0.912,0.702,1.477,-0.84,0.949
270,8.969,0.98,1,0.798452,0.261105,-0.542493,0.718049,0.449432,-0.531428,0.955,0.585,1.503,-0.834,0.946
277,9.203,0.98,1,0.792365,0.266849,-0.548589,0.719749,0.253816,-0.646172,0.902,0.411,0.879,-1.078,0.769
278,9.236,0.77,1,0.7977,0.284724,-0.531607,0.727642,0.275139,-0.628359,0.921,0.45,0.997,-1.077,0.885
279,9.269,0.77,1,0.794644,0.308443,-0.522881,0.727179,0.306466,-0.614239,0.929,0.496,1.097,-1.049,0.969
280,9.303,0.88,1,0.788348,0.328392,-0.520256,0.723319,0.331068,-0.605973,0.93,0.53,1.175,-1.016,1.024
281,9.336,0.88,1,0.774093,0.361787,-0.519509,0.714223,0.372834,-0.592352,0.929,0.584,1.266,-0.981,1.091
282,9.369,0.88,1,0.76152,0.392831,-0.515531,0.704966,0.402603,-0.583895,0.927,0.626,1.316,-0.945,1.118
283,9.403,0.88,1,0.756953,0.40928,-0.509423,0.703817,0.42257,-0.57103,0.934,0.656,1.334,-0.924,1.124
284,9.436,0.88,1,0.74455,0.429957,-0.510668,0.692479,0.44436,-0.568346,0.927,0.681,1.336,-0.902,1.117
285,9.47,0.98,1,0.732221,0.442255,-0.51794,0.681365,0.460431,-0.568987,0.915,0.693,1.334,-0.872,1.101
286,9.503,0.88,1,0.723672,0.453908,-0.519871,0.673637,0.471824,-0.568855,0.909,0.705,1.334,-0.852,1.092
287,9.536,0.98,1,0.716363,0.462746,-0.522198,0.664448,0.482743,-0.570498,0.901,0.713,1.337,-0.839,1.087
288,9.57,0.88,1,0.718778,0.457835,-0.523206,0.667276,0.479992,-0.569517,0.903,0.709,1.356,-0.835,1.098
289,9.603,0.88,1,0.714549,0.460383,-0.526751,0.661607,0.483051,-0.573531,0.896,0.709,1.355,-0.828,1.091
290,9.636,0.88,1,0.711673,0.457518,-0.533103,0.65903,0.482287,-0.57713,0.89,0.702,1.358,-0.819,1.083
291,9.67,0.98,1,0.70749,0.460327,-0.536243,0.654189,0.483164,-0.581884,0.883,0.701,1.339,-0.816,1.056
292,9.703,0.98,1,0.707381,0.460994,-0.535814,0.652383,0.481655,-0.585154,0.881,0.699,1.326,-0.814,1.044
293,9.736,0.98,1,0.702998,0.458702,-0.543495,0.646848,0.480097,-0.592532,0.871,0.691,1.314,-0.804,1.028
294,9.77,0.98,1,0.698438,0.461778,-0.546759,0.6399,0.482756,-0.597892,0.863,0.69,1.305,-0.797,1.022
295,9.803,0.98,1,0.694375,0.462232,-0.55153,0.634936,0.487895,-0.599011,0.857,0.69,1.303,-0.791,1.022
296,9.836,0.98,1,0.690695,0.464359,-0.554357,0.632043,0.488918,-0.601233,0.853,0.69,1.297,-0.783,1.022
297,9.87,0.98,1,0.688039,0.465755,-0.556484,0.629224,0.491088,-0.60242,0.849,0.69,1.292,-0.774,1.022
298,9.903,0.98,1,0.686506,0.466581,-0.557685,0.626315,0.48973,-0.606542,0.845,0.688,1.281,-0.768,1.018
299,9.936,0.88,1,0.683608,0.46936,-0.558911,0.622873,0.494953,-0.605847,0.843,0.692,1.281,-0.756,1.021
300,9.97,0.77,1,0.675031,0.473129,-0.566112,0.613914,0.499569,-0.61118,0.831,0.691,1.27,-0.732,1.01
301,10.003,0.77,1,0.669248,0.482546,-0.565028,0.604082,0.50467,-0.61676,0.823,0.696,1.271,-0.712,1.013
302,10.036,0.77,1,0.663448,0.486835,-0.56818,0.595296,0.508566,-0.62208,0.813,0.696,1.273,-0.699,1.016
303,10.07,0.77,1,0.655389,0.495996,-0.569608,0.584452,0.518106,-0.624485,0.804,0.704,1.277,-0.691,1.024
304,10.103,0.77,1,0.652027,0.497915,-0.571788,0.580159,0.520621,-0.626394,0.799,0.705,1.276,-0.687,1.032
305,10.136,0.77,1,0.64716,0.501936,-0.573798,0.575123,0.522752,-0.629256,0.793,0.706,1.27,-0.685,1.036
306,10.17,0.77,1,0.644797,0.506985,-0.572016,0.572889,0.52611,-0.628496,0.792,0.711,1.264,-0.689,1.046
307,10.203,0.77,1,0.642643,0.507781,-0.573732,0.570324,0.527014,-0.630069,0.789,0.71,1.26,-0.689,1.051
308,10.236,0.77,1,0.642078,0.508675,-0.573573,0.569594,0.52889,-0.629157,0.789,0.712,1.256,-0.689,1.055
309,10.27,0.77,1,0.640039,0.512287,-0.572635,0.567423,0.533025,-0.627627,0.788,0.717,1.255,-0.685,1.063
310,10.303,0.77,1,0.635483,0.513219,-0.576861,0.562599,0.536433,-0.629065,0.782,0.716,1.245,-0.68,1.07
311,10.336,0.77,1,0.635451,0.512086,-0.5779,0.562932,0.534618,-0.630311,0.781,0.714,1.231,-0.681,1.077
315,10.47,0.88,1,0.710296,0.452042,-0.539572,0.667911,0.459742,-0.585262,0.886,0.681,1.175,-0.861,1.157
320,10.637,0.82,1,0.813043,0.3642,-0.454223,0.807085,0.367682,-0.461979,1.056,0.674,1.785,-1.039,1.834
323,10.737,0.88,1,0.80141,0.381195,-0.460904,0.792011,0.398566,-0.462455,1.046,0.701,1.873,-0.992,1.836
324,10.77,0.88,1,0.798505,0.392137,-0.456748,0.791232,0.407375,-0.456067,1.05,0.719,1.849,-1.004,1.857
325,10.803,0.88,1,0.798959,0.392174,-0.455922,0.793334,0.405518,-0.454067,1.052,0.72,1.841,-1.014,1.87
326,10.837,0.88,1,0.8021,0.387768,-0.454172,0.797608,0.40036,-0.451147,1.056,0.716,1.854,-1.02,1.894
327,10.87,0.88,1,0.804385,0.382227,-0.454826,0.801275,0.39439,-0.449905,1.058,0.709,1.872,-1.02,1.918
328,10.903,0.88,1,0.807057,0.377926,-0.453687,0.804491,0.390298,-0.447729,1.061,0.706,1.885,-1.018,1.932
330,10.97,0.88,1,0.803757,0.378589,-0.45896,0.800403,0.393019,-0.452649,1.054,0.702,1.895,-1.005,1.91
331,11.003,0.88,1,0.797301,0.386965,-0.463217,0.796739,0.405234,-0.448322,1.051,0.715,1.904,-1.0,1.931
332,11.037,0.88,1,0.793551,0.389505,-0.467506,0.794151,0.409218,-0.449293,1.047,0.717,1.905,-0.998,1.937
333,11.07,0.88,1,0.793585,0.388754,-0.468073,0.79444,0.408175,-0.449732,1.047,0.715,1.9,-0.999,1.933
334,11.103,0.88,1,0.794011,0.388156,-0.467847,0.79518,0.407947,-0.448629,1.048,0.715,1.885,-1.003,1.917
335,11.137,0.88,1,0.794365,0.386827,-0.468346,0.796056,0.406343,-0.448531,1.048,0.713,1.879,-1.005,1.911
336,11.17,0.88,1,0.79274,0.391359,-0.467335,0.79331,0.410354,-0.449742,1.047,0.718,1.866,-1.008,1.893
337,11.203,0.88,1,0.791639,0.391813,-0.468818,0.7924,0.411222,-0.450553,1.045,0.718,1.862,-1.01,1.889
338,11.237,0.88,1,0.791786,0.392212,-0.468236,0.792162,0.411852,-0.450397,1.045,0.719,1.859,-1.014,1.885
339,11.27,0.88,1,0.793999,0.389178,-0.467019,0.794776,0.409007,-0.44838,1.048,0.717,1.862,-1.018,1.888
340,11.303,0.88,1,0.794695,0.389081,-0.465914,0.796156,0.411144,-0.443955,1.051,0.721,1.867,-1.025,1.893
341,11.337,0.88,1,0.794645,0.390089,-0.465156,0.795417,0.412891,-0.443659,1.052,0.724,1.866,-1.028,1.892
342,11.37,0.88,1,0.795125,0.39035,-0.464115,0.794466,0.413908,-0.444414,1.052,0.725,1.857,-1.033,1.881
343,11.403,0.88,1,0.796326,0.394253,-0.458727,0.789615,0.417305,-0.44985,1.051,0.729,1.824,-1.041,1.836
344,11.437,0.88,1,0.799531,0.397487,-0.450283,0.784883,0.418339,-0.457113,1.051,0.732,1.795,-1.038,1.786
345,11.47,0.93,1,0.801062,0.402235,-0.443291,0.777496,0.417441,-0.470365,1.046,0.731,1.749,-1.035,1.712
346,11.503,0.93,1,0.801793,0.403603,-0.440718,0.769828,0.412121,-0.487361,1.037,0.721,1.661,-1.019,1.592
347,11.537,0.88,1,0.792079,0.412694,-0.449772,0.753694,0.417518,-0.507567,1.016,0.714,1.568,-0.997,1.472
348,11.57,0.88,1,0.774628,0.429317,-0.464368,0.729962,0.433057,-0.528789,0.987,0.715,1.493,-0.969,1.368
349,11.603,0.88,1,0.759839,0.441837,-0.47689,0.709759,0.443281,-0.547489,0.962,0.713,1.434,-0.94,1.281
350,11.637,0.88,1,0.737828,0.464902,-0.489363,0.686798,0.466704,-0.557222,0.937,0.727,1.393,-0.903,1.226
351,11.67,0.88,1,0.724062,0.479008,-0.496271,0.671975,0.486005,-0.558792,0.924,0.741,1.366,-0.884,1.186
352,11.704,0.88,1,0.721418,0.486051,-0.493265,0.667499,0.496282,-0.555112,0.924,0.753,1.35,-0.87,1.153
353,11.737,0.88,1,0.720981,0.485222,-0.494718,0.665784,0.499095,-0.554649,0.923,0.753,1.345,-0.866,1.131
354,11.77,0.88,1,0.721554,0.483281,-0.495781,0.664918,0.497407,-0.557199,0.921,0.75,1.337,-0.857,1.103
355,11.804,0.88,1,0.723357,0.48399,-0.492451,0.667371,0.499976,-0.551943,0.927,0.756,1.348,-0.852,1.098
356,11.837,0.88,1,0.725781,0.478573,-0.494175,0.670371,0.495341,-0.552485,0.928,0.749,1.36,-0.848,1.089
357,11.87,0.88,1,0.726096,0.475475,-0.496697,0.670676,0.492877,-0.554315,0.926,0.744,1.366,-0.84,1.076
358,11.904,0.88,1,0.727925,0.468827,-0.500327,0.672632,0.489402,-0.555024,0.925,0.737,1.372,-0.839,1.064
359,11.937,0.88,1,0.725392,0.469198,-0.503647,0.668803,0.490936,-0.558287,0.92,0.735,1.38,-0.834,1.053
360,11.97,0.88,1,0.71946,0.468103,-0.513085,0.663044,0.493955,-0.562478,0.91,0.73,1.382,-0.826,1.032
361,12.004,0.88,1,0.716698,0.469759,-0.515432,0.65971,0.500072,-0.560991,0.907,0.733,1.393,-0.818,1.027
362,12.037,0.88,1,0.714002,0.475585,-0.513829,0.657237,0.506423,-0.558189,0.907,0.742,1.401,-0.809,1.024
363,12.07,0.88,1,0.713873,0.47613,-0.513503,0.655879,0.507689,-0.558636,0.907,0.742,1.398,-0.803,1.013
364,12.104,0.88,1,0.71083,0.476437,-0.517425,0.651868,0.507257,-0.563701,0.9,0.738,1.39,-0.794,1.002
365,12.137,0.88,1,0.704775,0.481812,-0.520721,0.644367,0.511035,-0.568889,0.891,0.739,1.383,-0.784,0.998
366,12.17,0.88,1,0.704682,0.479124,-0.52332,0.645168,0.509739,-0.569144,0.89,0.736,1.375,-0.782,0.992
367,12.204,0.88,1,0.702296,0.480653,-0.525122,0.643198,0.511956,-0.569383,0.888,0.737,1.371,-0.779,0.993
368,12.237,0.88,1,0.699028,0.477981,-0.531879,0.639812,0.510838,-0.574182,0.88,0.729,1.361,-0.775,0.993
369,12.27,0.88,1,0.695595,0.479654,-0.534864,0.636579,0.512141,-0.57661,0.875,0.729,1.355,-0.772,0.996
370,12.304,0.88,1,0.692339,0.478234,-0.540332,0.634059,0.512743,-0.578847,0.87,0.725,1.345,-0.776,0.996
371,12.337,0.88,1,0.692121,0.476644,-0.542014,0.633297,0.512412,-0.579973,0.868,0.723,1.332,-0.778,0.998
372,12.37,0.88,1,0.694315,0.469385,-0.545531,0.63527,0.50568,-0.583712,0.867,0.712,1.322,-0.778,1.003
373,12.404,0.88,1,0.694762,0.469881,-0.544535,0.634778,0.503973,-0.58572,0.866,0.711,1.311,-0.781,1.003
374,12.437,0.88,1,0.693195,0.473721,-0.543203,0.631506,0.505983,-0.587521,0.864,0.714,1.297,-0.778,1.003
375,12.47,0.88,1,0.695268,0.469609,-0.544123,0.634315,0.503785,-0.586382,0.866,0.711,1.292,-0.783,1.003
376,12.504,0.88,1,0.698694,0.467925,-0.541178,0.63895,0.498766,-0.585641,0.871,0.709,1.291,-0.791,1.008
377,12.537,0.88,1,0.701716,0.466269,-0.538691,0.642748,0.497312,-0.582714,0.876,0.71,1.292,-0.798,1.013
378,12.57,0.88,1,0.702305,0.467486,-0.536866,0.642886,0.497359,-0.582522,0.877,0.711,1.287,-0.8,1.017
379,12.604,0.88,1,0.701814,0.466122,-0.53869,0.643027,0.495858,-0.583645,0.875,0.709,1.282,-0.801,1.017
380,12.637,0.88,1,0.699948,0.471479,-0.536451,0.640276,0.500332,-0.582851,0.875,0.715,1.274,-0.801,1.02
381,12.67,0.88,1,0.70106,0.469301,-0.536909,0.641345,0.496826,-0.584671,0.875,0.711,1.264,-0.804,1.017
382,12.704,0.88,1,0.697639,0.474221,-0.537042,0.636283,0.502171,-0.585635,0.871,0.716,1.253,-0.8,1.016
383,12.737,0.88,1,0.69731,0.47273,-0.538781,0.635123,0.500497,-0.588321,0.869,0.712,1.242,-0.8,1.009
384,12.77,0.88,1,0.695507,0.472389,-0.541404,0.632521,0.501636,-0.590151,0.865,0.711,1.237,-0.798,1.005
385,12.804,0.88,1,0.695666,0.47333,-0.540377,0.632468,0.502747,-0.589263,0.866,0.713,1.232,-0.799,1.0
386,12.837,0.88,1,0.695271,0.473897,-0.540388,0.632108,0.502607,-0.589767,0.865,0.713,1.232,-0.798,1.001
387,12.871,0.88,1,0.693793,0.474081,-0.542124,0.629633,0.502317,-0.592655,0.862,0.711,1.227,-0.795,0.996
388,12.904,0.88,1,0.694533,0.472984,-0.542134,0.630271,0.501745,-0.59246,0.863,0.71,1.226,-0.794,0.995
389,12.937,0.88,1,0.694514,0.474013,-0.541259,0.628571,0.501787,-0.594229,0.862,0.71,1.226,-0.792,0.997
390,12.971,0.88,1,0.693691,0.475517,-0.540995,0.627695,0.501961,-0.595007,0.861,0.711,1.225,-0.789,0.994
391,13.004,0.88,1,0.690944,0.47717,-0.543051,0.626193,0.506904,-0.592394,0.859,0.714,1.229,-0.789,0.994
392,13.037,0.88,1,0.692375,0.475635,-0.542576,0.627924,0.504506,-0.592608,0.861,0.712,1.229,-0.791,0.992
393,13.071,0.88,1,0.692845,0.475787,-0.541842,0.627359,0.50294,-0.594535,0.86,0.711,1.223,-0.79,0.99
394,13.104,0.88,1,0.691312,0.476852,-0.542863,0.624715,0.505259,-0.595353,0.858,0.712,1.223,-0.786,0.991
395,13.137,0.88,1,0.690251,0.477537,-0.543609,0.622401,0.507229,-0.5961,0.856,0.713,1.225,-0.783,0.994
396,13.171,0.88,1,0.688549,0.477219,-0.546042,0.619801,0.507142,-0.598876,0.852,0.71,1.223,-0.78,0.988
397,13.204,0.88,1,0.68759,0.476737,-0.547669,0.62027,0.505777,-0.599546,0.851,0.708,1.225,-0.777,0.987
398,13.237,0.88,1,0.687604,0.475587,-0.548651,0.620774,0.507029,-0.597964,0.851,0.709,1.227,-0.778,0.99
399,13.271,0.88,1,0.686602,0.477105,-0.548588,0.618013,0.508707,-0.599397,0.849,0.71,1.223,-0.774,0.985
400,13.304,0.88,1,0.686801,0.476656,-0.548729,0.619444,0.508374,-0.598202,0.85,0.71,1.227,-0.774,0.991
401,13.337,0.88,1,0.68683,0.476905,-0.548475,0.619028,0.508387,-0.598621,0.85,0.71,1.225,-0.774,0.993
402,13.371,0.88,1,0.687101,0.477935,-0.547239,0.620237,0.509836,-0.596132,0.852,0.713,1.22,-0.775,0.994
403,13.404,0.88,1,0.686522,0.478315,-0.547633,0.620101,0.51192,-0.594485,0.852,0.714,1.216,-0.777,0.993
404,13.437,0.88,1,0.688144,0.477823,-0.546025,0.620485,0.509517,-0.596147,0.853,0.713,1.209,-0.78,0.994
405,13.471,0.88,1,0.688186,0.478517,-0.545363,0.620865,0.51087,-0.594591,0.854,0.715,1.215,-0.779,1.0
406,13.504,0.88,1,0.690425,0.477276,-0.543619,0.622574,0.510238,-0.593346,0.857,0.715,1.219,-0.784,1.007
407,13.537,0.88,1,0.692295,0.473438,-0.544595,0.624153,0.506058,-0.595263,0.857,0.71,1.218,-0.787,1.009
408,13.571,0.88,1,0.6927,0.473653,-0.543893,0.623265,0.504086,-0.597861,0.856,0.708,1.214,-0.79,1.004
409,13.604,0.88,1,0.693635,0.471561,-0.544519,0.623805,0.501729,-0.599279,0.856,0.705,1.21,-0.79,1.002
410,13.637,0.88,1,0.693942,0.47205,-0.543703,0.623298,0.502506,-0.599155,0.856,0.706,1.212,-0.789,1.0
411,13.671,0.88,1,0.694461,0.472117,-0.542982,0.622698,0.502109,-0.600111,0.856,0.706,1.209,-0.79,0.996
412,13.704,0.88,1,0.695678,0.470544,-0.54279,0.625021,0.499664,-0.599737,0.858,0.704,1.212,-0.796,0.992
413,13.737,0.88,1,0.70088,0.471359,-0.535339,0.629623,0.497711,-0.596539,0.866,0.708,1.215,-0.806,0.992
414,13.771,0.88,1,0.704784,0.470136,-0.531274,0.634648,0.49592,-0.592693,0.873,0.71,1.225,-0.815,0.991
415,13.804,0.98,1,0.706983,0.471185,-0.527408,0.63874,0.495945,-0.58826,0.879,0.714,1.243,-0.818,1.001
416,13.837,0.88,1,0.707006,0.467722,-0.530451,0.643,0.495181,-0.584248,0.881,0.712,1.261,-0.815,1.01
417,13.871,0.88,1,0.707616,0.466185,-0.53099,0.644235,0.492617,-0.585055,0.881,0.71,1.263,-0.813,1.012
418,13.904,0.88,1,0.703867,0.464948,-0.537023,0.640598,0.494783,-0.587217,0.874,0.707,1.261,-0.807,1.001
419,13.938,0.88,1,0.7045,0.462056,-0.538687,0.641552,0.494763,-0.586192,0.875,0.705,1.26,-0.808,0.995
420,13.971,0.88,1,0.707251,0.458681,-0.537967,0.644775,0.490418,-0.586306,0.877,0.701,1.263,-0.804,0.99
421,14.004,0.88,1,0.70069,0.463829,-0.542122,0.636465,0.497551,-0.589368,0.869,0.704,1.261,-0.797,0.989
422,14.038,0.88,1,0.697379,0.468579,-0.542306,0.631763,0.503232,-0.589604,0.865,0.709,1.256,-0.791,0.982
423,14.071,0.88,1,0.697149,0.466705,-0.544215,0.631291,0.502377,-0.590837,0.864,0.707,1.251,-0.79,0.972
424,14.104,0.88,1,0.697899,0.465752,-0.544071,0.631294,0.501268,-0.591776,0.864,0.705,1.249,-0.786,0.962
425,14.138,0.88,1,0.696227,0.464859,-0.546968,0.629247,0.500999,-0.594179,0.86,0.702,1.242,-0.781,0.95
426,14.171,0.88,1,0.691538,0.468794,-0.549552,0.621724,0.506638,-0.597308,0.853,0.705,1.234,-0.772,0.939
427,14.204,0.88,1,0.689866,0.467921,-0.552391,0.620123,0.506093,-0.599431,0.85,0.702,1.231,-0.766,0.935
428,14.238,0.88,1,0.688615,0.469339,-0.552749,0.618749,0.50635,-0.600632,0.848,0.702,1.231,-0.76,0.935
429,14.271,0.77,1,0.686631,0.472381,-0.552625,0.617091,0.509759,-0.599454,0.847,0.706,1.228,-0.752,0.938
430,14.304,0.77,1,0.687806,0.475039,-0.548872,0.613911,0.514244,-0.598888,0.848,0.711,1.247,-0.746,0.958
431,14.338,0.77,1,0.683677,0.478778,-0.550779,0.60602,0.521689,-0.600484,0.842,0.715,1.255,-0.736,0.959
432,14.371,0.82,1,0.683922,0.47727,-0.551782,0.6056,0.522769,-0.599967,0.842,0.715,1.261,-0.733,0.961
433,14.404,0.82,1,0.683067,0.47815,-0.552081,0.604296,0.524889,-0.599432,0.841,0.717,1.26,-0.731,0.957
434,14.438,0.82,1,0.680165,0.479709,-0.554305,0.600493,0.529114,-0.599539,0.837,0.718,1.262,-0.726,0.954
435,14.471,0.82,1,0.677181,0.483268,-0.554867,0.597557,0.53196,-0.599953,0.835,0.721,1.266,-0.72,0.953
436,14.504,0.82,1,0.676256,0.484102,-0.555268,0.596486,0.534667,-0.598612,0.834,0.723,1.267,-0.717,0.951
437,14.538,0.77,1,0.675627,0.485232,-0.555048,0.59508,0.536002,-0.598817,0.834,0.724,1.268,-0.717,0.949
438,14.571,0.82,1,0.676801,0.481497,-0.556867,0.596498,0.532686,-0.600363,0.833,0.72,1.269,-0.718,0.95
439,14.604,0.77,1,0.675223,0.483541,-0.557011,0.594807,0.536649,-0.598508,0.833,0.723,1.276,-0.715,0.95
440,14.638,0.82,1,0.675783,0.484051,-0.555888,0.595002,0.539946,-0.595341,0.835,0.727,1.277,-0.712,0.948
441,14.671,0.82,1,0.675806,0.486246,-0.553942,0.595595,0.539417,-0.595227,0.836,0.729,1.279,-0.71,0.95
442,14.704,0.82,1,0.67426,0.486504,-0.555597,0.593808,0.541378,-0.595232,0.834,0.729,1.277,-0.71,0.949
443,14.738,0.82,1,0.674764,0.485921,-0.555494,0.593518,0.542271,-0.594708,0.834,0.729,1.281,-0.711,0.951
444,14.771,0.82,1,0.672579,0.486575,-0.557569,0.590094,0.544723,-0.595874,0.831,0.73,1.281,-0.71,0.948
445,14.804,0.82,1,0.670983,0.487233,-0.558915,0.587354,0.546446,-0.597002,0.828,0.73,1.285,-0.706,0.94
446,14.838,0.82,1,0.666725,0.489963,-0.561618,0.580749,0.551268,-0.599028,0.821,0.731,1.292,-0.699,0.932
447,14.871,0.82,1,0.66396,0.489808,-0.565017,0.576274,0.55358,-0.601213,0.816,0.73,1.295,-0.691,0.923
448,14.904,0.77,1,0.660107,0.493533,-0.566289,0.57098,0.556309,-0.603741,0.811,0.731,1.298,-0.682,0.916
449,14.938,0.77,1,0.654872,0.496684,-0.569603,0.56416,0.55862,-0.608002,0.803,0.731,1.297,-0.675,0.909
450,14.971,0.77,1,0.654691,0.497455,-0.569138,0.563864,0.55811,-0.608745,0.802,0.731,1.296,-0.671,0.907
451,15.004,0.77,1,0.656733,0.497151,-0.567047,0.567136,0.556523,-0.607157,0.806,0.731,1.298,-0.667,0.904
452,15.038,0.77,1,0.657754,0.495001,-0.567744,0.568789,0.555024,-0.606982,0.807,0.729,1.298,-0.671,0.904
453,15.071,0.77,1,0.659001,0.496078,-0.565353,0.570028,0.554905,-0.605928,0.809,0.731,1.301,-0.673,0.904
454,15.105,0.77,1,0.656254,0.499783,-0.565285,0.566496,0.556911,-0.607398,0.806,0.733,1.299,-0.673,0.903
455,15.138,0.77,1,0.656987,0.497899,-0.566096,0.568023,0.554044,-0.608593,0.806,0.73,1.299,-0.673,0.901
456,15.171,0.77,1,0.656278,0.499165,-0.565804,0.56735,0.557445,-0.606109,0.807,0.734,1.302,-0.672,0.905
457,15.205,0.77,1,0.656047,0.502459,-0.563149,0.567344,0.559215,-0.604483,0.809,0.738,1.304,-0.669,0.912
458,15.238,0.77,1,0.654868,0.502719,-0.564288,0.566734,0.559839,-0.604477,0.807,0.738,1.299,-0.669,0.916
474,15.771,0.77,1,0.595706,0.600104,-0.533863,0.487944,0.555205,-0.673542,0.731,0.763,1.316,-0.661,1.004
475,15.805,0.82,1,0.56305,0.631883,-0.532634,0.526481,0.519278,-0.673177,0.735,0.762,1.311,-0.67,1.019
476,15.838,0.88,1,0.582102,0.622768,-0.522798,0.536957,0.523657,-0.661407,0.757,0.769,1.302,-0.683,1.044
477,15.871,0.82,1,0.578316,0.634904,-0.512296,0.539064,0.540521,-0.645946,0.767,0.793,1.298,-0.691,1.068
480,15.971,0.88,1,0.689222,0.493405,-0.530589,0.610778,0.543454,-0.575853,0.866,0.753,1.364,-0.781,1.111
481,16.005,0.88,1,0.689114,0.494373,-0.529827,0.616974,0.545994,-0.566776,0.872,0.759,1.379,-0.807,1.161
482,16.038,0.88,1,0.696614,0.484659,-0.528994,0.631641,0.53422,-0.561817,0.883,0.751,1.381,-0.831,1.196
483,16.071,0.77,1,0.704459,0.473867,-0.528381,0.644737,0.518086,-0.56205,0.891,0.738,1.384,-0.856,1.227
484,16.105,0.77,1,0.713104,0.464662,-0.524949,0.659473,0.505785,-0.556127,0.904,0.732,1.396,-0.875,1.262
485,16.138,0.77,1,0.716483,0.464792,-0.520212,0.662447,0.505755,-0.552608,0.91,0.735,1.406,-0.892,1.281
486,16.172,0.88,1,0.721366,0.461826,-0.516089,0.667183,0.506126,-0.546538,0.918,0.739,1.42,-0.906,1.295
487,16.205,0.88,1,0.730893,0.449407,-0.513642,0.681523,0.494951,-0.539027,0.93,0.731,1.427,-0.917,1.298
488,16.238,0.88,1,0.735405,0.446383,-0.509825,0.68542,0.495346,-0.533697,0.937,0.734,1.434,-0.918,1.295
489,16.272,0.88,1,0.736715,0.449768,-0.504936,0.68551,0.500764,-0.5285,0.942,0.744,1.441,-0.919,1.29
490,16.305,0.88,1,0.738042,0.451141,-0.501763,0.685183,0.505239,-0.52465,0.946,0.75,1.445,-0.915,1.276
491,16.338,0.88,1,0.738966,0.449542,-0.501838,0.684486,0.504077,-0.526673,0.945,0.748,1.448,-0.912,1.263
492,16.372,0.88,1,0.741087,0.440839,-0.50641,0.689882,0.496518,-0.526814,0.945,0.737,1.45,-0.913,1.254
493,16.405,0.93,1,0.744599,0.442018,-0.500192,0.691366,0.496849,-0.524551,0.951,0.742,1.456,-0.914,1.252
494,16.438,0.88,1,0.748325,0.440101,-0.496307,0.69462,0.494863,-0.522124,0.956,0.743,1.463,-0.915,1.249
495,16.472,0.88,1,0.750738,0.438134,-0.494399,0.696651,0.49507,-0.519214,0.96,0.744,1.471,-0.917,1.248
496,16.505,0.93,1,0.751455,0.438201,-0.493251,0.695353,0.496778,-0.519323,0.96,0.746,1.475,-0.915,1.247
497,16.538,0.88,1,0.751587,0.438925,-0.492404,0.694267,0.498415,-0.519207,0.96,0.747,1.479,-0.915,1.245
498,16.572,0.93,1,0.752107,0.436194,-0.494035,0.695457,0.496307,-0.519634,0.96,0.744,1.48,-0.914,1.24
499,16.605,0.93,1,0.752209,0.439422,-0.491008,0.694449,0.498126,-0.519241,0.961,0.748,1.487,-0.916,1.239
500,16.638,0.93,1,0.753482,0.436693,-0.491492,0.695678,0.496446,-0.519204,0.962,0.746,1.492,-0.913,1.237
501,16.672,0.93,1,0.753929,0.438037,-0.489606,0.696046,0.497409,-0.517788,0.964,0.748,1.493,-0.91,1.233
502,16.705,0.93,1,0.752263,0.43934,-0.491,0.694851,0.498914,-0.517945,0.962,0.749,1.494,-0.907,1.229
503,16.738,0.93,1,0.750609,0.44156,-0.49154,0.691886,0.501896,-0.519032,0.96,0.751,1.496,-0.904,1.225
504,16.772,0.93,1,0.749264,0.44203,-0.493165,0.69029,0.502526,-0.520545,0.957,0.75,1.498,-0.902,1.222
505,16.805,0.93,1,0.749092,0.443235,-0.492345,0.689532,0.50459,-0.519553,0.958,0.753,1.503,-0.898,1.222
506,16.838,0.93,1,0.750166,0.443556,-0.490418,0.690119,0.504225,-0.519126,0.959,0.754,1.508,-0.896,1.223
507,16.872,0.93,1,0.749684,0.441508,-0.492995,0.689907,0.502618,-0.520964,0.957,0.75,1.507,-0.894,1.217
508,16.905,0.93,1,0.750505,0.443951,-0.48954,0.689458,0.505354,-0.518908,0.96,0.755,1.509,-0.893,1.217
509,16.938,0.93,1,0.750519,0.444878,-0.488676,0.688108,0.506741,-0.519346,0.96,0.757,1.509,-0.893,1.214
510,16.972,0.93,1,0.749981,0.444341,-0.48999,0.686936,0.506258,-0.521365,0.957,0.754,1.506,-0.89,1.206
511,17.005,0.93,1,0.748828,0.446729,-0.48958,0.685559,0.510116,-0.519414,0.958,0.759,1.514,-0.888,1.208
512,17.038,0.93,1,0.74901,0.445756,-0.490189,0.685293,0.509099,-0.520761,0.957,0.757,1.513,-0.887,1.202
513,17.072,0.93,1,0.750217,0.445521,-0.488555,0.685365,0.510839,-0.518959,0.959,0.759,1.514,-0.887,1.204
514,17.105,0.93,1,0.749548,0.443598,-0.491324,0.685698,0.507762,-0.521532,0.956,0.754,1.512,-0.885,1.199
515,17.138,0.93,1,0.748201,0.444269,-0.492768,0.684501,0.507714,-0.523149,0.954,0.753,1.509,-0.88,1.194
516,17.172,0.93,1,0.746959,0.445884,-0.493194,0.682688,0.508909,-0.524356,0.952,0.754,1.508,-0.879,1.192
517,17.205,0.93,1,0.744208,0.447895,-0.495524,0.679507,0.512185,-0.525298,0.949,0.755,1.511,-0.88,1.191
518,17.238,0.93,1,0.748287,0.445711,-0.491333,0.683885,0.508135,-0.523545,0.954,0.754,1.512,-0.882,1.193
519,17.272,0.93,1,0.749361,0.441575,-0.493427,0.687231,0.505303,-0.521904,0.956,0.751,1.514,-0.884,1.197
520,17.305,0.93,1,0.750069,0.442623,-0.491407,0.68729,0.506173,-0.52098,0.957,0.753,1.514,-0.886,1.197
521,17.339,0.93,1,0.748445,0.442745,-0.493767,0.686743,0.508056,-0.519869,0.956,0.753,1.518,-0.886,1.203
522,17.372,0.93,1,0.750558,0.440545,-0.492527,0.688533,0.503684,-0.521751,0.957,0.75,1.512,-0.889,1.199
523,17.405,0.93,1,0.752436,0.439787,-0.490334,0.691133,0.501224,-0.520682,0.96,0.75,1.516,-0.892,1.199
524,17.439,0.93,1,0.751952,0.44367,-0.48757,0.687334,0.507237,-0.519888,0.96,0.757,1.518,-0.89,1.202
525,17.472,0.93,1,0.751923,0.439187,-0.491658,0.68998,0.503889,-0.519638,0.959,0.751,1.516,-0.89,1.197
526,17.505,0.93,1,0.751852,0.439664,-0.491339,0.690572,0.503866,-0.518872,0.96,0.751,1.515,-0.89,1.197
527,17.539,0.93,1,0.751939,0.438709,-0.49206,0.689674,0.503194,-0.520716,0.958,0.749,1.514,-0.891,1.198
528,17.572,0.93,1,0.75203,0.438003,-0.492549,0.689892,0.501707,-0.521861,0.958,0.747,1.515,-0.889,1.196
529,17.605,0.93,1,0.750843,0.44173,-0.491029,0.687484,0.506566,-0.520343,0.958,0.753,1.512,-0.889,1.195
530,17.639,0.93,1,0.749958,0.445744,-0.488749,0.685683,0.508927,-0.520416,0.958,0.758,1.509,-0.888,1.192
531,17.672,0.93,1,0.748775,0.445706,-0.490593,0.683857,0.510215,-0.521556,0.956,0.757,1.509,-0.888,1.192
532,17.705,0.93,1,0.751802,0.438366,-0.492573,0.68784,0.501253,-0.524996,0.956,0.746,1.504,-0.886,1.186
533,17.739,0.93,1,0.750563,0.447795,-0.485937,0.6837,0.511542,-0.52046,0.959,0.761,1.51,-0.89,1.19
534,17.772,0.93,1,0.752039,0.443187,-0.487875,0.687685,0.506081,-0.52055,0.96,0.755,1.51,-0.888,1.191
535,17.805,0.93,1,0.749058,0.445978,-0.489914,0.684156,0.508852,-0.522494,0.956,0.756,1.511,-0.888,1.19
536,17.839,0.93,1,0.748152,0.445067,-0.492123,0.684288,0.507277,-0.523851,0.954,0.753,1.508,-0.886,1.188
537,17.872,0.93,1,0.751803,0.439809,-0.491284,0.687552,0.501979,-0.52468,0.956,0.748,1.508,-0.883,1.186
538,17.905,0.93,1,0.745847,0.447854,-0.493091,0.680462,0.5078,-0.528309,0.949,0.752,1.5,-0.88,1.178
539,17.939,0.93,1,0.740297,0.450481,-0.499026,0.675869,0.509923,-0.532146,0.941,0.75,1.484,-0.88,1.162
540,17.972,0.93,1,0.730752,0.468356,-0.496633,0.659386,0.521313,-0.541704,0.929,0.761,1.47,-0.869,1.138
541,18.005,0.93,1,0.760224,0.454284,-0.464419,0.633436,0.560926,-0.53303,0.95,0.794,1.45,-0.851,1.11
542,18.039,0.93,1,0.709249,0.497862,-0.499098,0.651719,0.550317,-0.521932,0.927,0.799,1.431,-0.822,1.08
543,18.072,0.93,1,0.70699,0.474408,-0.524501,0.673707,0.451274,-0.58521,0.894,0.695,1.411,-0.794,1.043
544,18.105,0.88,1,0.625595,0.575349,-0.526881,0.647823,0.500783,-0.574057,0.858,0.774,1.395,-0.764,1.007
545,18.139,0.88,1,0.59889,0.594855,-0.536169,0.639684,0.499299,-0.584385,0.835,0.773,1.398,-0.741,0.99
546,18.172,0.88,1,0.59342,0.600585,-0.535864,0.635887,0.487968,-0.597943,0.826,0.765,1.386,-0.727,0.974
547,18.205,0.88,1,0.595807,0.587556,-0.547532,0.62786,0.46496,-0.624182,0.807,0.732,1.389,-0.713,0.968
548,18.239,0.88,1,0.59618,0.588073,-0.546571,0.636655,0.500857,-0.586356,0.828,0.766,1.387,-0.706,0.954
549,18.272,0.88,1,0.599008,0.583292,-0.548599,0.646969,0.506346,-0.570128,0.839,0.772,1.39,-0.707,0.955
550,18.305,0.82,1,0.596599,0.578491,-0.556253,0.620866,0.49514,-0.607751,0.808,0.745,1.394,-0.701,0.955
551,18.339,0.88,1,0.598749,0.588781,-0.542988,0.647074,0.533126,-0.545043,0.853,0.801,1.387,-0.708,0.966
552,18.372,0.88,1,0.600556,0.572678,-0.558008,0.649985,0.540841,-0.533865,0.853,0.795,1.397,-0.699,0.964
553,18.406,0.88,1,0.59947,0.567687,-0.56424,0.662411,0.539563,-0.519696,0.861,0.796,1.398,-0.698,0.968
554,18.439,0.88,1,0.605471,0.570928,-0.554478,0.650238,0.514443,-0.559052,0.845,0.773,1.405,-0.697,0.973
555,18.472,0.88,1,0.599807,0.591732,-0.538595,0.686891,0.498911,-0.528459,0.878,0.796,1.415,-0.698,0.993
556,18.506,0.88,1,0.608325,0.591109,-0.529651,0.630399,0.519234,-0.577055,0.842,0.787,1.409,-0.697,0.994
557,18.539,0.88,1,0.592589,0.582525,-0.556329,0.633505,0.533566,-0.560337,0.832,0.785,1.405,-0.695,0.993
558,18.572,0.88,1,0.597957,0.576124,-0.55725,0.551904,0.527187,-0.646124,0.763,0.742,1.398,-0.699,0.986
559,18.606,0.77,1,0.591375,0.572833,-0.567572,0.552411,0.523619,-0.648588,0.755,0.734,1.395,-0.698,0.981
560,18.639,0.77,1,0.591511,0.577096,-0.563093,0.58039,0.516868,-0.629282,0.777,0.742,1.394,-0.697,0.981
561,18.672,0.77,1,0.592375,0.571845,-0.567526,0.599351,0.526768,-0.602738,0.794,0.754,1.387,-0.693,0.972
562,18.706,0.82,1,0.58806,0.56219,-0.581488,0.581033,0.56038,-0.590233,0.784,0.764,1.37,-0.684,0.955
563,18.739,0.77,1,0.591412,0.572441,-0.567928,0.607069,0.545922,-0.577439,0.808,0.773,1.365,-0.686,0.963
564,18.772,0.82,1,0.582074,0.574092,-0.575854,0.59589,0.539075,-0.595242,0.788,0.76,1.358,-0.686,0.976
565,18.806,0.82,1,0.581552,0.585899,-0.564375,0.609779,0.530637,-0.588723,0.802,0.769,1.35,-0.682,0.982
566,18.839,0.82,1,0.567163,0.588921,-0.575759,0.608473,0.533986,-0.587043,0.791,0.768,1.341,-0.672,0.985
567,18.872,0.82,1,0.555749,0.596375,-0.579206,0.618617,0.554095,-0.557038,0.802,0.792,1.323,-0.659,0.987
568,18.906,0.82,1,0.618259,0.531086,-0.5794,0.542624,0.544217,-0.639833,0.761,0.723,1.296,-0.66,0.998
569,18.939,0.88,1,0.614916,0.530689,-0.583307,0.539007,0.544094,-0.642987,0.755,0.72,1.269,-0.667,1.004
570,18.972,0.88,1,0.612108,0.538819,-0.57879,0.536958,0.548798,-0.640701,0.756,0.728,1.256,-0.684,1.008
571,19.006,0.88,1,0.616264,0.540478,-0.572801,0.538507,0.552908,-0.635849,0.763,0.735,1.247,-0.703,1.005
572,19.039,0.82,1,0.624917,0.53063,-0.572635,0.54511,0.547732,-0.6347,0.77,0.729,1.243,-0.718,1.006
573,19.072,0.82,1,0.548341,0.627731,-0.552518,0.5307,0.515478,-0.672786,0.722,0.751,1.258,-0.729,1.0
574,19.106,0.82,1,0.566948,0.623412,-0.538449,0.536081,0.57484,-0.618204,0.762,0.803,1.256,-0.736,0.978
575,19.139,0.82,1,0.573734,0.614288,-0.541737,0.570054,0.554621,-0.606163,0.784,0.794,1.263,-0.734,0.961
576,19.172,0.82,1,0.58475,0.628127,-0.513345,0.56342,0.469558,-0.67976,0.766,0.744,1.275,-0.736,0.95
577,19.206,0.88,1,0.585589,0.631905,-0.507721,0.602328,0.4862,-0.633096,0.806,0.775,1.269,-0.729,0.917
578,19.239,0.88,1,0.67432,0.501715,-0.541825,0.578839,0.531914,-0.618072,0.824,0.728,1.265,-0.738,0.916
579,19.272,0.88,1,0.589275,0.631651,-0.503758,0.595071,0.446932,-0.667939,0.791,0.744,1.281,-0.736,0.908
580,19.306,0.82,1,0.679575,0.498619,-0.538105,0.586648,0.527354,-0.614607,0.832,0.727,1.272,-0.732,0.898
581,19.339,0.82,1,0.685019,0.49563,-0.533947,0.595363,0.524065,-0.609015,0.842,0.728,1.277,-0.735,0.892
582,19.372,0.77,1,0.687852,0.490607,-0.534943,0.600841,0.519713,-0.607361,0.846,0.724,1.278,-0.738,0.889
583,19.406,0.82,1,0.684621,0.495477,-0.534599,0.598453,0.52134,-0.608324,0.843,0.727,1.274,-0.746,0.887
584,19.439,0.88,1,0.684539,0.496972,-0.533315,0.597455,0.522905,-0.607962,0.843,0.729,1.27,-0.748,0.898
585,19.472,0.88,1,0.672148,0.495031,-0.550601,0.59355,0.523882,-0.610939,0.828,0.72,1.244,-0.752,0.906
586,19.506,0.88,1,0.682074,0.508708,-0.525349,0.605317,0.527916,-0.595732,0.854,0.746,1.268,-0.756,0.926
587,19.539,0.88,1,0.675674,0.519952,-0.522604,0.606464,0.537418,-0.585989,0.858,0.762,1.293,-0.74,0.944
589,19.606,0.77,1,0.671164,0.503249,-0.544315,0.604644,0.525763,-0.598313,0.84,0.733,1.347,-0.732,0.97
590,19.639,0.77,1,0.673599,0.524957,-0.520273,0.602756,0.540315,-0.58715,0.856,0.766,1.369,-0.722,0.979
591,19.673,0.77,1,0.669794,0.51915,-0.530905,0.60138,0.53419,-0.594124,0.846,0.753,1.375,-0.713,0.963
592,19.706,0.77,1,0.664892,0.523932,-0.532367,0.594467,0.535081,-0.600248,0.838,0.752,1.365,-0.705,0.947
612,20.373,0.77,1,0.667315,0.457376,-0.58779,0.612056,0.439869,-0.657194,0.799,0.624,1.103,-0.798,0.972
613,20.406,0.77,1,0.679466,0.443714,-0.584333,0.610888,0.428785,-0.665552,0.801,0.609,1.072,-0.816,0.924
614,20.439,0.77,1,0.680068,0.435035,-0.590129,0.606888,0.423806,-0.672366,0.795,0.597,1.052,-0.819,0.882
615,20.473,0.77,1,0.68335,0.42226,-0.595591,0.605626,0.419049,-0.676472,0.792,0.584,1.036,-0.821,0.844
616,20.506,0.77,1,0.678589,0.420084,-0.602534,0.596791,0.420251,-0.683542,0.781,0.579,1.04,-0.808,0.819
618,20.573,0.77,1,0.678619,0.412472,-0.607736,0.601537,0.414321,-0.683002,0.781,0.57,1.046,-0.805,0.812
721,24.007,0.88,1,0.689782,0.457287,-0.561329,0.682177,0.406295,-0.607914,0.865,0.636,1.118,-0.93,1.553
722,24.041,0.88,1,0.685625,0.472964,-0.553375,0.683788,0.432054,-0.588016,0.876,0.67,1.199,-0.913,1.603
723,24.074,0.88,1,0.690423,0.485252,-0.536513,0.690778,0.450286,-0.565745,0.897,0.704,1.326,-0.891,1.689
724,24.107,0.88,1,0.68192,0.504003,-0.530062,0.68185,0.478339,-0.553418,0.899,0.736,1.444,-0.855,1.76
725,24.141,0.88,1,0.670431,0.51373,-0.535354,0.671099,0.499413,-0.547917,0.892,0.752,1.515,-0.818,1.807
726,24.174,0.93,1,0.659422,0.523072,-0.539961,0.661101,0.511185,-0.549214,0.881,0.76,1.54,-0.787,1.834
727,24.207,0.93,1,0.648991,0.530562,-0.545266,0.650592,0.517995,-0.555349,0.868,0.761,1.55,-0.76,1.845
728,24.241,0.93,1,0.638107,0.539666,-0.549163,0.638997,0.523642,-0.563456,0.854,0.763,1.552,-0.736,1.859
729,24.274,0.93,1,0.632076,0.545514,-0.550359,0.632017,0.524731,-0.570274,0.845,0.762,1.558,-0.723,1.884
730,24.307,0.93,1,0.627035,0.548416,-0.553234,0.628111,0.528548,-0.571064,0.84,0.764,1.563,-0.71,1.9
731,24.341,0.88,1,0.618067,0.551156,-0.560554,0.620046,0.532216,-0.576445,0.828,0.761,1.568,-0.696,1.914
732,24.374,0.88,1,0.610109,0.552278,-0.568116,0.612111,0.536409,-0.581021,0.816,0.758,1.569,-0.685,1.92
733,24.407,0.88,1,0.605454,0.552061,-0.573284,0.608372,0.536624,-0.584738,0.809,0.755,1.575,-0.678,1.93
734,24.441,0.88,1,0.603203,0.551716,-0.575982,0.607581,0.536485,-0.585687,0.806,0.753,1.572,-0.673,1.934
735,24.474,0.88,1,0.601933,0.555817,-0.573362,0.60542,0.538275,-0.586282,0.806,0.756,1.573,-0.67,1.941
736,24.507,0.88,1,0.603856,0.556889,-0.570292,0.606974,0.538629,-0.584347,0.809,0.759,1.571,-0.672,1.937
737,24.541,0.88,1,0.611532,0.555294,-0.563628,0.614283,0.535499,-0.579566,0.82,0.762,1.576,-0.674,1.937
738,24.574,0.88,1,0.61546,0.552059,-0.56253,0.615733,0.532057,-0.581195,0.822,0.759,1.578,-0.681,1.927
739,24.607,0.88,1,0.618702,0.552685,-0.558343,0.617817,0.529762,-0.58108,0.826,0.76,1.568,-0.688,1.907
740,24.641,0.93,1,0.620185,0.548556,-0.560764,0.617251,0.527001,-0.584185,0.824,0.754,1.556,-0.698,1.887
741,24.674,0.93,1,0.628317,0.543697,-0.556427,0.62476,0.520992,-0.581587,0.833,0.752,1.555,-0.709,1.881
742,24.707,0.93,1,0.63248,0.541484,-0.553863,0.627985,0.517358,-0.581356,0.838,0.751,1.551,-0.718,1.876
743,24.741,0.88,1,0.636137,0.535903,-0.555101,0.632686,0.512889,-0.580219,0.841,0.746,1.546,-0.731,1.874
744,24.774,0.88,1,0.63841,0.530565,-0.557614,0.636273,0.509132,-0.579604,0.842,0.741,1.536,-0.741,1.865
745,24.807,0.88,1,0.643772,0.524293,-0.557381,0.643602,0.501344,-0.578299,0.848,0.735,1.533,-0.751,1.858
746,24.841,0.88,1,0.651468,0.519586,-0.552829,0.652237,0.492841,-0.57593,0.857,0.731,1.52,-0.764,1.848
747,24.874,0.88,1,0.65416,0.515824,-0.553172,0.654746,0.48764,-0.577508,0.858,0.726,1.509,-0.781,1.843
748,24.907,0.93,1,0.659639,0.511956,-0.550252,0.658978,0.482065,-0.577374,0.863,0.723,1.497,-0.8,1.831
749,24.941,0.93,1,0.664837,0.509713,-0.546062,0.660172,0.478362,-0.579089,0.867,0.721,1.479,-0.824,1.813
750,24.974,0.93,1,0.666936,0.505453,-0.547461,0.656453,0.471558,-0.588815,0.861,0.71,1.454,-0.848,1.783
751,25.007,0.93,1,0.67494,0.498536,-0.543983,0.660331,0.463291,-0.591037,0.866,0.703,1.433,-0.874,1.755
752,25.041,0.93,1,0.684252,0.490743,-0.539418,0.665228,0.452623,-0.593805,0.872,0.694,1.408,-0.898,1.722
753,25.074,0.93,1,0.691876,0.483305,-0.536399,0.671246,0.444791,-0.59295,0.879,0.688,1.383,-0.918,1.687
754,25.108,0.93,1,0.6919,0.4812,-0.538257,0.671288,0.445562,-0.592323,0.878,0.687,1.366,-0.929,1.66
755,25.141,0.93,1,0.693541,0.478556,-0.538502,0.675864,0.44379,-0.588437,0.882,0.686,1.349,-0.936,1.64
756,25.174,0.93,1,0.688483,0.480172,-0.543531,0.672808,0.447579,-0.589069,0.877,0.686,1.317,-0.933,1.609
757,25.208,0.93,1,0.690968,0.478536,-0.541818,0.677256,0.446792,-0.584552,0.882,0.688,1.306,-0.929,1.594
758,25.241,0.93,1,0.688346,0.476996,-0.546493,0.675894,0.444018,-0.588231,0.877,0.682,1.298,-0.92,1.586
759,25.274,0.93,1,0.681367,0.471457,-0.559881,0.670518,0.438827,-0.598194,0.862,0.666,1.286,-0.912,1.583
760,25.308,0.93,1,0.674743,0.468457,-0.570324,0.664022,0.433424,-0.609277,0.849,0.653,1.252,-0.907,1.563
761,25.341,0.93,1,0.676744,0.460682,-0.574273,0.66811,0.422046,-0.612785,0.848,0.639,1.204,-0.913,1.556
762,25.374,0.93,1,0.688099,0.445799,-0.572524,0.683396,0.402724,-0.60892,0.86,0.623,1.161,-0.929,1.56
763,25.408,0.88,1,0.697948,0.443021,-0.562673,0.691245,0.395652,-0.604682,0.872,0.623,1.142,-0.942,1.564
764,25.441,0.93,1,0.698606,0.4419,-0.562737,0.690679,0.394248,-0.606243,0.871,0.621,1.136,-0.953,1.562
765,25.474,0.93,1,0.696224,0.44667,-0.561924,0.687008,0.398493,-0.607638,0.869,0.626,1.138,-0.95,1.557
766,25.508,0.93,1,0.69428,0.452548,-0.559621,0.683212,0.403424,-0.608662,0.867,0.632,1.141,-0.948,1.547
767,25.541,0.93,1,0.692297,0.456811,-0.558613,0.681201,0.408973,-0.607212,0.867,0.639,1.143,-0.946,1.539
768,25.574,0.93,1,0.696027,0.456595,-0.554136,0.684692,0.40982,-0.602697,0.873,0.643,1.146,-0.955,1.535
769,25.608,0.88,1,0.698267,0.45588,-0.551902,0.68703,0.41093,-0.599271,0.877,0.645,1.158,-0.966,1.537
770,25.641,0.88,1,0.701721,0.452539,-0.550269,0.692272,0.411686,-0.592684,0.884,0.647,1.176,-0.982,1.548
771,25.674,0.88,1,0.710842,0.447909,-0.542292,0.703562,0.410409,-0.580143,0.9,0.653,1.188,-0.998,1.548
772,25.708,0.98,1,0.719649,0.44292,-0.534721,0.711651,0.403368,-0.575193,0.911,0.651,1.203,-1.011,1.55
773,25.741,0.98,1,0.723902,0.441891,-0.529809,0.713778,0.401769,-0.573674,0.916,0.653,1.236,-1.009,1.554
774,25.774,0.98,1,0.727998,0.441001,-0.524917,0.715143,0.398356,-0.574355,0.92,0.652,1.282,-1.001,1.57
775,25.808,0.98,1,0.730027,0.43822,-0.524427,0.715178,0.395344,-0.576389,0.92,0.648,1.304,-0.994,1.578
776,25.841,0.93,1,0.733113,0.434904,-0.52288,0.715067,0.390035,-0.580131,0.92,0.642,1.312,-0.994,1.578
777,25.874,0.98,1,0.729965,0.435155,-0.527058,0.710524,0.389993,-0.585714,0.913,0.638,1.3,-0.986,1.564
778,25.908,0.98,1,0.725656,0.438488,-0.530237,0.704775,0.39617,-0.588508,0.907,0.641,1.285,-0.979,1.549
779,25.941,0.98,1,0.729943,0.43327,-0.528639,0.707515,0.39047,-0.589029,0.91,0.635,1.262,-0.985,1.526
780,25.974,0.98,1,0.734982,0.427528,-0.526328,0.713677,0.383432,-0.586212,0.916,0.63,1.222,-0.997,1.494
781,26.008,0.98,1,0.731684,0.428743,-0.529923,0.708983,0.384641,-0.591096,0.91,0.628,1.152,-0.996,1.44
782,26.041,0.98,1,0.727974,0.42173,-0.540553,0.70538,0.374522,-0.601808,0.898,0.609,1.096,-0.997,1.398
783,26.074,0.88,1,0.728077,0.411079,-0.548559,0.704694,0.359574,-0.611648,0.89,0.586,1.044,-1.004,1.36
784,26.108,0.88,1,0.733712,0.391018,-0.555672,0.703608,0.329008,-0.629833,0.881,0.546,0.964,-1.015,1.308
785,26.141,0.93,1,0.731958,0.381149,-0.564768,0.699264,0.316387,-0.641037,0.871,0.524,0.902,-1.025,1.275
786,26.175,0.93,1,0.733272,0.376822,-0.565966,0.699769,0.309204,-0.643985,0.87,0.516,0.859,-1.031,1.248
787,26.208,0.88,1,0.729319,0.368844,-0.576236,0.697573,0.301608,-0.649941,0.861,0.5,0.776,-1.025,1.18
788,26.241,0.88,1,0.725907,0.362279,-0.584648,0.69177,0.290967,-0.660903,0.85,0.483,0.722,-1.004,1.127
789,26.275,0.88,1,0.718974,0.356649,-0.596555,0.683036,0.285758,-0.672164,0.835,0.469,0.682,-0.991,1.091
790,26.308,0.93,1,0.716597,0.351714,-0.602317,0.679811,0.278713,-0.678363,0.829,0.457,0.686,-0.993,1.106
791,26.341,0.93,1,0.716713,0.343635,-0.606825,0.686842,0.274484,-0.672984,0.831,0.45,0.698,-1.004,1.132
792,26.375,0.93,1,0.715241,0.341209,-0.609923,0.690458,0.27587,-0.668703,0.833,0.45,0.696,-1.012,1.147
793,26.408,0.88,1,0.715483,0.345744,-0.607079,0.690396,0.282503,-0.665992,0.835,0.458,0.713,-1.017,1.156
794,26.441,0.88,1,0.722655,0.353313,-0.594087,0.692344,0.287705,-0.66173,0.845,0.472,0.727,-1.014,1.141
795,26.475,0.93,1,0.732813,0.347888,-0.584773,0.700804,0.282341,-0.6551,0.858,0.47,0.677,-1.026,1.079
796,26.508,0.98,1,0.72774,0.355868,-0.586304,0.693326,0.2939,-0.657968,0.852,0.481,0.68,-1.007,1.054
797,26.541,0.93,1,0.723033,0.359708,-0.589774,0.688445,0.301473,-0.659665,0.846,0.487,0.713,-0.988,1.051
798,26.575,0.98,1,0.724354,0.365293,-0.584699,0.680271,0.30776,-0.665218,0.844,0.494,0.746,-0.976,1.053
799,26.608,0.93,1,0.708734,0.379881,-0.594464,0.657643,0.328333,-0.678014,0.821,0.508,0.778,-0.954,1.056
800,26.641,0.93,1,0.686984,0.399111,-0.607259,0.627588,0.353144,-0.693847,0.791,0.524,0.78,-0.915,1.026
801,26.675,0.93,1,0.67888,0.406746,-0.611294,0.611844,0.362677,-0.702931,0.776,0.53,0.785,-0.897,1.006
802,26.708,0.93,1,0.677561,0.414527,-0.607518,0.606441,0.371202,-0.703163,0.775,0.54,0.795,-0.888,1.004
803,26.741,0.93,1,0.67982,0.416048,-0.603944,0.60663,0.374172,-0.701424,0.778,0.544,0.804,-0.887,1.004
804,26.775,0.98,1,0.681548,0.417122,-0.60125,0.605743,0.374586,-0.70197,0.779,0.546,0.808,-0.889,1.007
805,26.808,0.98,1,0.686028,0.416012,-0.596908,0.608683,0.374655,-0.699385,0.785,0.548,0.815,-0.898,1.012
806,26.841,0.98,1,0.688563,0.418259,-0.592403,0.607195,0.37708,-0.699375,0.787,0.552,0.819,-0.898,1.011
807,26.875,0.98,1,0.693817,0.416877,-0.587223,0.613354,0.376467,-0.694312,0.795,0.554,0.821,-0.901,1.011
808,26.908,0.98,1,0.694081,0.422612,-0.582795,0.616515,0.385484,-0.686521,0.801,0.567,0.827,-0.903,1.019
809,26.941,0.98,1,0.697171,0.417203,-0.583005,0.622417,0.382457,-0.682879,0.806,0.563,0.814,-0.908,1.01
810,26.975,0.98,1,0.698257,0.416582,-0.582148,0.632343,0.383913,-0.672869,0.815,0.568,0.813,-0.921,1.022
811,27.008,0.88,1,0.684393,0.422803,-0.594007,0.633798,0.398287,-0.663074,0.809,0.579,0.822,-0.924,1.048
812,27.041,0.93,1,0.683912,0.417462,-0.598323,0.647966,0.395216,-0.65111,0.817,0.577,0.838,-0.934,1.073
813,27.075,0.88,1,0.691493,0.402106,-0.600124,0.663642,0.379528,-0.644622,0.828,0.561,0.83,-0.955,1.075
814,27.108,0.88,1,0.701444,0.385946,-0.599184,0.678188,0.361065,-0.640073,0.839,0.542,0.822,-0.976,1.07
815,27.141,0.88,1,0.71223,0.372652,-0.594861,0.69276,0.345951,-0.632773,0.853,0.53,0.815,-1.0,1.064
816,27.175,0.88,1,0.720392,0.361695,-0.591787,0.703632,0.334721,-0.626789,0.863,0.519,0.815,-1.018,1.059
817,27.208,0.88,1,0.729512,0.354822,-0.584734,0.714638,0.32804,-0.617805,0.876,0.516,0.826,-1.035,1.061
818,27.241,0.88,1,0.738664,0.348415,-0.577046,0.724998,0.322223,-0.608728,0.89,0.515,0.844,-1.057,1.072
819,27.275,0.88,1,0.747523,0.339993,-0.570626,0.733968,0.314231,-0.602121,0.901,0.509,0.852,-1.074,1.076
820,27.308,0.88,1,0.75855,0.334451,-0.559236,0.745025,0.307583,-0.591888,0.917,0.509,0.879,-1.093,1.098
821,27.342,0.88,1,0.766399,0.329928,-0.551162,0.753608,0.303449,-0.58309,0.93,0.509,0.905,-1.108,1.12
822,27.375,0.88,1,0.772134,0.326857,-0.544952,0.760284,0.300258,-0.576033,0.939,0.51,0.93,-1.117,1.143
823,27.408,0.88,1,0.77784,0.323908,-0.538562,0.767505,0.297149,-0.568012,0.949,0.511,0.961,-1.129,1.173
824,27.442,0.88,1,0.783944,0.319144,-0.532521,0.774082,0.292024,-0.561711,0.959,0.509,0.986,-1.142,1.196
825,27.475,0.88,1,0.788933,0.315623,-0.527226,0.779504,0.288154,-0.556184,0.966,0.508,1.005,-1.152,1.216
826,27.508,0.88,1,0.794354,0.312732,-0.520768,0.784837,0.284743,-0.550411,0.975,0.509,1.031,-1.16,1.238
827,27.542,0.88,1,0.798728,0.310278,-0.515521,0.789919,0.282042,-0.5445,0.982,0.51,1.061,-1.166,1.264
828,27.575,0.88,1,0.801407,0.310112,-0.511447,0.793328,0.282316,-0.539378,0.988,0.513,1.088,-1.171,1.288
829,27.608,0.88,1,0.804034,0.309459,-0.507704,0.796986,0.281975,-0.534137,0.994,0.516,1.125,-1.178,1.323
830,27.642,0.88,1,0.807405,0.312129,-0.500672,0.800262,0.285469,-0.52734,1.002,0.527,1.172,-1.182,1.361
831,27.675,0.88,1,0.813091,0.318183,-0.487486,0.804654,0.292297,-0.516811,1.015,0.546,1.268,-1.187,1.443
832,27.708,0.88,1,0.820864,0.31897,-0.473752,0.813085,0.296304,-0.501095,1.033,0.563,1.401,-1.195,1.55
833,27.742,0.88,1,0.825661,0.318108,-0.465931,0.818213,0.298444,-0.491384,1.043,0.572,1.487,-1.197,1.615
834,27.775,0.88,1,0.827706,0.317793,-0.462505,0.82156,0.30261,-0.483184,1.05,0.581,1.552,-1.194,1.666
835,27.808,0.98,1,0.817944,0.34761,-0.458404,0.808217,0.34683,-0.475915,1.049,0.639,1.714,-1.131,1.754
836,27.842,0.98,1,0.812434,0.362937,-0.45632,0.802008,0.37002,-0.468902,1.05,0.67,1.788,-1.091,1.787
837,27.875,0.98,1,0.810374,0.370451,-0.453939,0.799748,0.379522,-0.465151,1.052,0.684,1.804,-1.077,1.796
838,27.908,0.98,1,0.809336,0.372504,-0.45411,0.800652,0.383647,-0.460187,1.054,0.691,1.848,-1.065,1.831
839,27.942,0.98,1,0.810127,0.374168,-0.451323,0.802468,0.386944,-0.454225,1.059,0.699,1.89,-1.055,1.872
840,27.975,0.98,1,0.81174,0.369266,-0.452462,0.806043,0.381365,-0.45261,1.061,0.692,1.94,-1.049,1.924
841,28.008,0.98,1,0.820976,0.3582,-0.444625,0.820273,0.368375,-0.437553,1.078,0.689,2.023,-1.042,2.012
842,28.042,0.98,1,0.823623,0.349705,-0.446488,0.826162,0.358958,-0.434287,1.08,0.678,2.077,-1.038,2.066
843,28.075,0.98,1,0.827847,0.344252,-0.442899,0.830738,0.350652,-0.43234,1.085,0.671,2.095,-1.041,2.098
844,28.108,0.98,1,0.82879,0.338709,-0.445403,0.834405,0.341424,-0.432664,1.085,0.659,2.079,-1.054,2.114
845,28.142,0.98,1,0.82555,0.336458,-0.45306,0.832458,0.337005,-0.439818,1.077,0.646,2.048,-1.065,2.116
846,28.175,0.98,1,0.819052,0.331996,-0.467902,0.822122,0.324186,-0.467994,1.053,0.611,1.957,-1.098,2.062
847,28.208,0.98,1,0.820512,0.330929,-0.466096,0.825524,0.315117,-0.4682,1.055,0.605,1.93,-1.112,2.085
848,28.242,0.98,1,0.824553,0.325652,-0.462668,0.829309,0.299129,-0.471984,1.056,0.589,1.849,-1.143,2.056
849,28.275,0.98,1,0.830942,0.325607,-0.451127,0.837575,0.296505,-0.45886,1.072,0.6,1.822,-1.17,2.054
850,28.308,0.98,1,0.829571,0.339839,-0.443082,0.833763,0.309882,-0.456959,1.075,0.625,1.773,-1.172,2.016
851,28.342,0.98,1,0.831444,0.338043,-0.440939,0.83339,0.304516,-0.461228,1.074,0.619,1.713,-1.18,1.964
852,28.375,0.98,1,0.82698,0.346651,-0.442648,0.825723,0.313761,-0.468759,1.067,0.627,1.639,-1.17,1.87
853,28.409,0.98,1,0.832641,0.340786,-0.436547,0.830546,0.304727,-0.466193,1.074,0.621,1.635,-1.173,1.875
854,28.442,0.93,1,0.826033,0.344785,-0.445862,0.820199,0.308723,-0.481625,1.058,0.614,1.619,-1.161,1.84
855,28.475,0.98,1,0.827125,0.347216,-0.441934,0.818111,0.315035,-0.481089,1.06,0.622,1.664,-1.155,1.857
856,28.509,0.98,1,0.822294,0.359004,-0.44153,0.812331,0.333535,-0.478406,1.058,0.645,1.7,-1.142,1.87
857,28.542,0.93,1,0.81724,0.357059,-0.452358,0.814229,0.334425,-0.474544,1.054,0.641,1.673,-1.137,1.842
858,28.575,0.98,1,0.820857,0.358789,-0.44437,0.816996,0.33838,-0.466923,1.063,0.653,1.717,-1.138,1.868
859,28.609,0.98,1,0.824868,0.349202,-0.44458,0.819067,0.321115,-0.475411,1.061,0.63,1.671,-1.156,1.854
860,28.642,0.98,1,0.831693,0.341704,-0.437635,0.829012,0.311436,-0.464485,1.073,0.627,1.695,-1.167,1.89
861,28.675,0.98,1,0.835336,0.341431,-0.430858,0.834217,0.312526,-0.454323,1.083,0.636,1.724,-1.168,1.919
862,28.709,0.98,1,0.834551,0.346872,-0.428023,0.833609,0.319773,-0.45038,1.086,0.649,1.737,-1.165,1.929
863,28.742,0.98,1,0.830375,0.356358,-0.428354,0.826385,0.331155,-0.455438,1.081,0.661,1.738,-1.156,1.916
864,28.775,0.93,1,0.818431,0.375858,-0.434629,0.806713,0.35445,-0.472842,1.062,0.678,1.648,-1.142,1.794
865,28.809,0.93,1,0.821948,0.371855,-0.431423,0.808246,0.35503,-0.469779,1.066,0.679,1.663,-1.151,1.784
866,28.842,0.98,1,0.820897,0.370945,-0.434199,0.807818,0.358273,-0.46805,1.065,0.68,1.701,-1.144,1.801
867,28.875,0.98,1,0.823521,0.366996,-0.432582,0.81317,0.354049,-0.461956,1.071,0.678,1.739,-1.125,1.827
868,28.909,0.98,1,0.821862,0.368998,-0.434031,0.81252,0.359262,-0.459066,1.071,0.684,1.782,-1.107,1.842
869,28.942,0.98,1,0.822225,0.372822,-0.430058,0.812344,0.366705,-0.453459,1.075,0.697,1.803,-1.112,1.864
870,28.975,0.98,1,0.839448,0.358628,-0.408306,0.832285,0.348533,-0.431076,1.105,0.7,1.857,-1.141,1.935
871,29.009,0.98,1,0.843413,0.356258,-0.402163,0.835296,0.345522,-0.427663,1.112,0.702,1.864,-1.15,1.944
872,29.042,0.98,1,0.839692,0.356752,-0.409446,0.831375,0.34523,-0.435469,1.103,0.693,1.812,-1.153,1.897
873,29.075,0.98,1,0.833075,0.35658,-0.422891,0.825634,0.34518,-0.446296,1.088,0.679,1.768,-1.15,1.858
874,29.109,0.98,1,0.825367,0.35875,-0.435968,0.814003,0.346369,-0.466292,1.068,0.663,1.7,-1.143,1.785
875,29.142,0.93,1,0.81951,0.362792,-0.443605,0.809901,0.351253,-0.469768,1.06,0.664,1.712,-1.127,1.791
876,29.175,0.98,1,0.821591,0.360501,-0.441618,0.81083,0.351401,-0.468051,1.062,0.664,1.717,-1.13,1.784
877,29.209,0.98,1,0.826556,0.356662,-0.435428,0.818983,0.342836,-0.460141,1.072,0.663,1.747,-1.125,1.825
878,29.242,0.98,1,0.824842,0.360145,-0.435811,0.817056,0.345898,-0.461274,1.071,0.667,1.752,-1.12,1.834
879,29.275,0.98,1,0.823415,0.361713,-0.437209,0.816574,0.347518,-0.460911,1.07,0.668,1.758,-1.115,1.844
880,29.309,0.98,1,0.823364,0.362776,-0.436424,0.816097,0.348018,-0.461378,1.07,0.67,1.748,-1.117,1.842
881,29.342,0.98,1,0.820484,0.364941,-0.440028,0.813604,0.35035,-0.464008,1.065,0.669,1.75,-1.113,1.847
882,29.375,0.93,1,0.821287,0.364228,-0.439119,0.813725,0.347108,-0.466228,1.065,0.666,1.723,-1.122,1.837
883,29.409,0.98,1,0.820069,0.362252,-0.443013,0.811605,0.345092,-0.47139,1.06,0.658,1.698,-1.125,1.812
884,29.442,0.98,1,0.821859,0.356251,-0.44456,0.814265,0.337264,-0.472467,1.06,0.647,1.697,-1.131,1.82
885,29.475,0.98,1,0.821112,0.355957,-0.446173,0.814483,0.335444,-0.473386,1.059,0.645,1.674,-1.133,1.807
886,29.509,0.98,1,0.820462,0.354516,-0.44851,0.81429,0.332514,-0.475781,1.056,0.639,1.663,-1.136,1.804
887,29.542,0.98,1,0.820247,0.354673,-0.448779,0.814455,0.332276,-0.475664,1.056,0.639,1.658,-1.138,1.807
888,29.576,0.98,1,0.818372,0.355291,-0.451704,0.81238,0.332282,-0.479195,1.052,0.636,1.623,-1.141,1.782
889,29.609,0.98,1,0.825639,0.357516,-0.436467,0.816825,0.334114,-0.470282,1.066,0.652,1.685,-1.144,1.832
890,29.642,0.93,1,0.82082,0.35239,-0.449528,0.81493,0.328132,-0.477722,1.055,0.633,1.634,-1.145,1.798
891,29.676,0.98,1,0.825726,0.356384,-0.437227,0.819059,0.333864,-0.466558,1.068,0.652,1.698,-1.143,1.849
892,29.709,0.93,1,0.824218,0.352943,-0.442827,0.820536,0.324501,-0.470552,1.064,0.638,1.635,-1.145,1.815
893,29.742,0.98,1,0.827372,0.357222,-0.433414,0.82091,0.333686,-0.463422,1.072,0.656,1.699,-1.143,1.852
894,29.776,0.93,1,0.82593,0.351933,-0.440434,0.821714,0.322133,-0.470124,1.066,0.637,1.63,-1.145,1.81
895,29.809,0.98,1,0.828727,0.353939,-0.433519,0.823437,0.329175,-0.462164,1.074,0.652,1.698,-1.145,1.854
896,29.842,0.93,1,0.825435,0.352402,-0.440988,0.822273,0.324424,-0.467564,1.067,0.64,1.637,-1.142,1.815
897,29.876,0.98,1,0.828227,0.354581,-0.433949,0.823313,0.331234,-0.460911,1.074,0.654,1.704,-1.143,1.858
898,29.909,0.93,1,0.824792,0.349364,-0.444592,0.821568,0.321406,-0.470876,1.063,0.632,1.634,-1.146,1.809
899,29.942,0.93,1,0.824223,0.345366,-0.448753,0.821037,0.321792,-0.471538,1.061,0.627,1.638,-1.152,1.805
900,29.976,0.93,1,0.825068,0.343828,-0.44838,0.82172,0.319916,-0.471625,1.061,0.625,1.65,-1.154,1.815
901,30.009,0.93,1,0.825961,0.342294,-0.44791,0.822235,0.318228,-0.471869,1.062,0.623,1.639,-1.16,1.809
902,30.042,0.93,1,0.826431,0.341212,-0.447868,0.822745,0.316786,-0.47195,1.062,0.621,1.644,-1.162,1.813
903,30.076,0.93,1,0.826362,0.341679,-0.447639,0.822787,0.317896,-0.471129,1.063,0.623,1.648,-1.162,1.816
904,30.109,0.93,1,0.825249,0.34353,-0.448276,0.820899,0.320514,-0.472648,1.061,0.625,1.649,-1.16,1.812
905,30.142,0.93,1,0.824536,0.345807,-0.447837,0.819197,0.323049,-0.473872,1.06,0.628,1.637,-1.159,1.797
906,30.176,0.93,1,0.824765,0.346008,-0.44726,0.819036,0.323201,-0.474048,1.06,0.628,1.634,-1.159,1.793
907,30.209,0.98,1,0.828905,0.345039,-0.440301,0.823573,0.322722,-0.466453,1.069,0.635,1.691,-1.161,1.846
908,30.242,0.98,1,0.832489,0.344901,-0.433595,0.829205,0.318114,-0.45959,1.078,0.639,1.7,-1.157,1.866
909,30.276,0.98,1,0.834644,0.346235,-0.428358,0.830677,0.319665,-0.455839,1.083,0.645,1.72,-1.155,1.882
910,30.309,0.98,1,0.828419,0.342655,-0.443069,0.822865,0.315732,-0.472448,1.065,0.623,1.683,-1.16,1.854
911,30.342,0.98,1,0.827537,0.34336,-0.44417,0.821415,0.316422,-0.474504,1.062,0.623,1.714,-1.153,1.88
912,30.376,0.98,1,0.825135,0.350032,-0.44343,0.817311,0.324933,-0.475838,1.061,0.633,1.741,-1.137,1.888
913,30.409,0.98,1,0.82261,0.367402,-0.433969,0.814056,0.346107,-0.466394,1.068,0.67,1.786,-1.108,1.903
914,30.442,0.93,1,0.806321,0.404808,-0.43125,0.797629,0.393765,-0.456877,1.065,0.732,1.75,-1.058,1.83
915,30.476,0.93,1,0.804844,0.416063,-0.423224,0.792102,0.407397,-0.454535,1.068,0.753,1.757,-1.028,1.806
916,30.509,0.88,1,0.798502,0.416873,-0.434293,0.785803,0.406455,-0.466162,1.054,0.741,1.745,-0.981,1.723
917,30.542,0.82,1,0.782083,0.434495,-0.446722,0.764005,0.42683,-0.483852,1.029,0.747,1.756,-0.935,1.673
919,30.609,0.77,1,0.745536,0.482383,-0.459872,0.713177,0.478558,-0.512213,0.983,0.78,1.78,-0.844,1.557
920,30.643,0.77,1,0.737289,0.508368,-0.444935,0.701919,0.491791,-0.51522,0.982,0.806,1.763,-0.824,1.531
921,30.676,0.77,1,0.733239,0.517473,-0.441115,0.697714,0.50067,-0.512372,0.983,0.818,1.753,-0.812,1.526
922,30.709,0.77,1,0.724757,0.526275,-0.444703,0.688803,0.510901,-0.514325,0.975,0.825,1.735,-0.808,1.526
923,30.743,0.77,1,0.718233,0.537661,-0.441658,0.680096,0.525195,-0.511507,0.972,0.84,1.717,-0.804,1.531
924,30.776,0.77,1,0.711809,0.536107,-0.453781,0.680253,0.523182,-0.513358,0.964,0.831,1.706,-0.781,1.539
925,30.809,0.77,1,0.692586,0.549774,-0.466982,0.665388,0.539523,-0.515921,0.944,0.837,1.701,-0.753,1.566
926,30.843,0.88,1,0.681643,0.552489,-0.479707,0.657006,0.545013,-0.520868,0.929,0.832,1.69,-0.735,1.591
927,30.876,0.93,1,0.67856,0.543153,-0.49451,0.660735,0.540721,-0.520625,0.922,0.818,1.692,-0.736,1.619
928,30.909,0.98,1,0.678088,0.538709,-0.499989,0.664372,0.539049,-0.517722,0.922,0.814,1.69,-0.764,1.64
929,30.943,0.98,1,0.685601,0.531995,-0.496923,0.668619,0.530868,-0.520699,0.926,0.807,1.672,-0.79,1.631
930,30.976,0.88,1,0.68638,0.53213,-0.495702,0.664409,0.526884,-0.530051,0.921,0.801,1.636,-0.803,1.596
931,31.009,0.88,1,0.678387,0.55083,-0.486186,0.65896,0.540528,-0.523069,0.924,0.824,1.608,-0.788,1.582
932,31.043,0.98,1,0.685644,0.550913,-0.475802,0.668049,0.537561,-0.514528,0.939,0.833,1.607,-0.793,1.594
933,31.076,0.93,1,0.693289,0.545548,-0.47088,0.676744,0.532159,-0.508748,0.95,0.833,1.62,-0.8,1.617
934,31.109,0.93,1,0.696202,0.54207,-0.470598,0.680157,0.529598,-0.506865,0.953,0.831,1.628,-0.812,1.629
935,31.143,0.88,1,0.69666,0.541126,-0.471008,0.681152,0.529947,-0.505162,0.954,0.832,1.647,-0.81,1.654
936,31.176,0.88,1,0.694092,0.544007,-0.47148,0.67715,0.534444,-0.505804,0.952,0.835,1.67,-0.811,1.681
937,31.209,0.93,1,0.699426,0.54141,-0.46656,0.679356,0.52811,-0.509486,0.955,0.831,1.686,-0.822,1.693
938,31.243,0.93,1,0.662501,0.607554,-0.438144,0.740144,0.421577,-0.523888,0.97,0.819,1.708,-0.822,1.707
939,31.276,0.93,1,0.663752,0.608873,-0.434405,0.713728,0.460049,-0.528155,0.961,0.838,1.715,-0.818,1.705
940,31.309,0.88,1,0.655898,0.609029,-0.445961,0.69348,0.489774,-0.5284,0.945,0.845,1.719,-0.812,1.696
941,31.343,0.88,1,0.646432,0.602825,-0.467683,0.67906,0.516747,-0.521393,0.93,0.847,1.723,-0.804,1.689
942,31.376,0.88,1,0.637562,0.600401,-0.482736,0.672061,0.531166,-0.515943,0.919,0.848,1.731,-0.792,1.687
943,31.409,0.88,1,0.643291,0.597555,-0.478648,0.671101,0.542835,-0.504929,0.928,0.859,1.736,-0.781,1.694
944,31.443,0.88,1,0.636075,0.580598,-0.508246,0.669457,0.540832,-0.509243,0.909,0.834,1.743,-0.773,1.703
945,31.476,0.93,1,0.633851,0.598293,-0.490182,0.670957,0.541773,-0.50626,0.919,0.853,1.743,-0.766,1.71
946,31.509,0.88,1,0.631226,0.600914,-0.490363,0.674889,0.520344,-0.523227,0.911,0.836,1.742,-0.761,1.715
947,31.543,0.88,1,0.63002,0.595872,-0.498007,0.677132,0.526739,-0.513846,0.912,0.837,1.738,-0.762,1.722
948,31.576,0.88,1,0.625253,0.613461,-0.482416,0.670651,0.524492,-0.524533,0.91,0.846,1.736,-0.766,1.728
949,31.609,0.88,1,0.629659,0.60673,-0.48519,0.680475,0.502341,-0.533486,0.91,0.828,1.725,-0.774,1.727
950,31.643,0.88,1,0.620125,0.594237,-0.512179,0.696927,0.487077,-0.526354,0.903,0.806,1.712,-0.78,1.72
951,31.676,0.88,1,0.625878,0.587043,-0.513475,0.699744,0.481444,-0.527798,0.905,0.798,1.702,-0.786,1.715
952,31.709,0.93,1,0.622918,0.597455,-0.504995,0.701569,0.478073,-0.528438,0.908,0.805,1.687,-0.791,1.705
953,31.743,0.93,1,0.614454,0.593315,-0.520022,0.706854,0.465335,-0.532748,0.898,0.788,1.672,-0.798,1.693
954,31.776,0.93,1,0.617349,0.587428,-0.523268,0.715464,0.454829,-0.530322,0.902,0.78,1.661,-0.809,1.688
955,31.81,0.93,1,0.625975,0.584711,-0.516012,0.725459,0.4514,-0.519565,0.917,0.786,1.646,-0.82,1.681
956,31.843,0.93,1,0.627338,0.594181,-0.503384,0.71959,0.464538,-0.516134,0.923,0.804,1.63,-0.829,1.671
957,31.876,0.98,1,0.636523,0.584237,-0.503494,0.711686,0.464571,-0.52695,0.918,0.794,1.622,-0.836,1.672
958,31.91,0.98,1,0.641896,0.576872,-0.505161,0.724046,0.452716,-0.52039,0.927,0.787,1.607,-0.843,1.669
959,31.943,0.98,1,0.648407,0.562755,-0.512714,0.724498,0.442576,-0.528422,0.922,0.768,1.592,-0.846,1.67
960,31.976,0.98,1,0.639053,0.573925,-0.512076,0.704933,0.460537,-0.539421,0.907,0.777,1.579,-0.841,1.669
961,32.01,0.98,1,0.644517,0.557138,-0.523637,0.71928,0.46099,-0.519735,0.918,0.773,1.587,-0.827,1.676
962,32.043,0.93,1,0.688447,0.518499,-0.507149,0.666941,0.51252,-0.540844,0.913,0.777,1.586,-0.836,1.69
963,32.076,0.98,1,0.698709,0.516314,-0.495203,0.677555,0.511403,-0.52857,0.931,0.787,1.59,-0.859,1.708
964,32.11,0.98,1,0.702314,0.514338,-0.492149,0.6815,0.509434,-0.52539,0.937,0.788,1.597,-0.87,1.725
965,32.143,0.98,1,0.708141,0.511743,-0.486473,0.68984,0.509183,-0.514639,0.949,0.795,1.611,-0.878,1.758
966,32.176,0.93,1,0.710494,0.51138,-0.483414,0.69781,0.510711,-0.502231,0.96,0.804,1.646,-0.887,1.809
967,32.21,0.93,1,0.721051,0.504676,-0.474749,0.710521,0.503506,-0.491571,0.977,0.807,1.701,-0.893,1.865
968,32.243,0.93,1,0.739302,0.487304,-0.464723,0.731636,0.486594,-0.477425,1.001,0.802,1.769,-0.912,1.931
969,32.276,0.98,1,0.759417,0.464272,-0.455782,0.754916,0.463691,-0.463782,1.025,0.79,1.822,-0.935,1.987
970,32.31,0.98,1,0.781496,0.436487,-0.445805,0.779766,0.43476,-0.450498,1.05,0.771,1.881,-0.951,2.038
971,32.343,0.98,1,0.79012,0.422996,-0.443604,0.791888,0.42308,-0.440359,1.061,0.764,1.918,-0.955,2.071
972,32.376,0.98,1,0.786244,0.422516,-0.450889,0.789276,0.426028,-0.442203,1.055,0.76,1.931,-0.956,2.078
973,32.41,0.98,1,0.783725,0.421689,-0.456019,0.787573,0.424771,-0.446428,1.049,0.753,1.925,-0.953,2.074
974,32.443,0.98,1,0.779926,0.420312,-0.463739,0.786404,0.423812,-0.449391,1.043,0.746,1.906,-0.95,2.062
975,32.476,0.98,1,0.774797,0.420581,-0.472018,0.782731,0.424499,-0.455119,1.034,0.739,1.887,-0.944,2.048
976,32.51,0.98,1,0.769632,0.42434,-0.477078,0.777372,0.428189,-0.460812,1.026,0.738,1.857,-0.938,2.023
977,32.543,0.98,1,0.762531,0.430497,-0.482927,0.770437,0.43619,-0.464935,1.017,0.741,1.826,-0.932,1.999
978,32.576,0.98,1,0.756044,0.43557,-0.488545,0.762921,0.440301,-0.473378,1.006,0.739,1.805,-0.929,1.982
979,32.61,0.98,1,0.753541,0.436472,-0.491598,0.760224,0.43955,-0.478388,1.001,0.735,1.792,-0.93,1.973
980,32.643,0.98,1,0.754627,0.433347,-0.492695,0.761546,0.434874,-0.480554,1.0,0.728,1.783,-0.934,1.967
981,32.676,0.98,1,0.757376,0.426786,-0.494201,0.763449,0.425404,-0.48598,0.998,0.716,1.776,-0.938,1.962
982,32.71,0.98,1,0.753484,0.422675,-0.503595,0.762355,0.423558,-0.489299,0.991,0.706,1.773,-0.935,1.959
983,32.743,0.88,1,0.750378,0.424807,-0.50643,0.759556,0.425731,-0.491759,0.987,0.706,1.769,-0.929,1.958
984,32.776,0.88,1,0.746889,0.427316,-0.509468,0.75568,0.427648,-0.496049,0.981,0.705,1.768,-0.923,1.959
985,32.81,0.88,1,0.744395,0.428189,-0.512376,0.75312,0.428792,-0.498946,0.977,0.703,1.767,-0.92,1.956
986,32.843,0.88,1,0.743192,0.428902,-0.513526,0.752219,0.429742,-0.499489,0.975,0.703,1.768,-0.915,1.956
987,32.877,0.88,1,0.741457,0.431047,-0.514236,0.751061,0.432568,-0.49879,0.974,0.706,1.766,-0.912,1.954
988,32.91,0.88,1,0.74207,0.430428,-0.513872,0.75133,0.430876,-0.499849,0.974,0.704,1.769,-0.91,1.957
989,32.943,0.88,1,0.740646,0.431772,-0.514797,0.750489,0.433592,-0.498762,0.974,0.707,1.774,-0.907,1.962
990,32.977,0.88,1,0.741464,0.4322,-0.513259,0.751691,0.433693,-0.496861,0.976,0.709,1.777,-0.905,1.966
991,33.01,0.88,1,0.737502,0.440026,-0.512316,0.746016,0.441889,-0.498191,0.973,0.718,1.768,-0.904,1.956
992,33.043,0.88,1,0.733604,0.442831,-0.515487,0.74162,0.445964,-0.501114,0.967,0.718,1.761,-0.907,1.945
993,33.077,0.93,1,0.724456,0.459477,-0.513853,0.725193,0.460035,-0.512311,0.955,0.731,1.735,-0.91,1.909
994,33.11,0.98,1,0.730958,0.4651,-0.499382,0.72039,0.4536,-0.524676,0.956,0.731,1.663,-0.924,1.833
995,33.143,0.93,1,0.732005,0.470855,-0.492407,0.711036,0.448774,-0.541322,0.949,0.727,1.553,-0.932,1.721
996,33.177,0.93,1,0.727784,0.473819,-0.495809,0.695116,0.441932,-0.567019,0.929,0.711,1.433,-0.932,1.589
997,33.21,0.93,1,0.725107,0.466214,-0.506817,0.682276,0.42866,-0.592241,0.908,0.683,1.313,-0.932,1.451
998,33.243,0.93,1,0.711244,0.468865,-0.523734,0.659295,0.433364,-0.614431,0.878,0.67,1.225,-0.923,1.346
999,33.277,0.93,1,0.693011,0.476668,-0.540855,0.634784,0.44559,-0.631268,0.848,0.667,1.171,-0.895,1.266
1000,33.31,0.93,1,0.682594,0.485839,-0.545918,0.62628,0.457819,-0.631011,0.838,0.676,1.161,-0.863,1.233
1001,33.343,0.88,1,0.664267,0.513114,-0.543565,0.609336,0.485155,-0.627164,0.827,0.706,1.176,-0.828,1.225
1002,33.377,0.93,1,0.646618,0.528164,-0.550389,0.59773,0.504273,-0.623239,0.815,0.721,1.2,-0.799,1.235
1003,33.41,0.93,1,0.640208,0.534726,-0.551545,0.592179,0.515704,-0.619171,0.811,0.731,1.218,-0.788,1.248
1004,33.443,0.98,1,0.636405,0.534842,-0.555816,0.59181,0.517682,-0.617873,0.808,0.731,1.231,-0.776,1.255
1005,33.477,0.98,1,0.628778,0.537363,-0.562031,0.583963,0.525342,-0.618873,0.799,0.733,1.248,-0.76,1.26
1006,33.51,0.88,1,0.614874,0.550448,-0.564745,0.571792,0.542855,-0.615112,0.788,0.747,1.25,-0.737,1.26
1007,33.543,0.88,1,0.604392,0.557857,-0.568776,0.564125,0.553875,-0.612361,0.78,0.755,1.256,-0.714,1.263
1008,33.577,0.88,1,0.597135,0.563868,-0.570511,0.556087,0.560742,-0.613462,0.772,0.76,1.257,-0.695,1.263
1009,33.61,0.88,1,0.591807,0.568208,-0.571756,0.550059,0.566106,-0.61397,0.767,0.763,1.257,-0.686,1.265
1010,33.643,0.88,1,0.592814,0.571059,-0.567859,0.54894,0.56771,-0.613491,0.768,0.767,1.261,-0.689,1.269
1011,33.677,0.88,1,0.593557,0.573158,-0.56496,0.547127,0.570538,-0.612486,0.77,0.771,1.263,-0.693,1.269
1012,33.71,0.88,1,0.595649,0.570143,-0.565809,0.547782,0.568898,-0.613425,0.77,0.768,1.257,-0.697,1.258
1013,33.743,0.88,1,0.597543,0.568663,-0.565301,0.549415,0.56915,-0.611728,0.772,0.768,1.258,-0.7,1.254
1014,33.777,0.88,1,0.599254,0.568009,-0.564145,0.551544,0.56733,-0.611503,0.775,0.768,1.255,-0.697,1.242
1015,33.81,0.88,1,0.601357,0.566927,-0.562996,0.554087,0.56429,-0.612016,0.777,0.766,1.255,-0.698,1.239
1016,33.843,0.88,1,0.600139,0.565783,-0.56544,0.552411,0.56081,-0.616712,0.773,0.761,1.25,-0.698,1.232
1017,33.877,0.88,1,0.602343,0.563016,-0.565858,0.554008,0.557867,-0.617948,0.774,0.758,1.252,-0.7,1.234
1018,33.91,0.88,1,0.601135,0.562391,-0.567762,0.552555,0.556371,-0.620592,0.771,0.755,1.254,-0.698,1.233
1019,33.943,0.88,1,0.602208,0.560643,-0.568352,0.553506,0.554797,-0.621153,0.771,0.753,1.252,-0.701,1.234
1020,33.977,0.88,1,0.601287,0.562534,-0.567459,0.55285,0.556051,-0.620616,0.771,0.755,1.245,-0.703,1.236
1021,34.01,0.88,1,0.600701,0.564334,-0.56629,0.553725,0.558312,-0.6178,0.773,0.759,1.241,-0.703,1.243
1022,34.044,0.88,1,0.600803,0.563669,-0.566845,0.554405,0.55623,-0.619067,0.772,0.757,1.236,-0.705,1.246
1023,34.077,0.88,1,0.601305,0.562774,-0.567202,0.555714,0.55494,-0.61905,0.773,0.756,1.233,-0.708,1.25
1024,34.11,0.88,1,0.602962,0.560923,-0.567275,0.559085,0.552208,-0.618458,0.775,0.754,1.235,-0.71,1.256
1025,34.144,0.88,1,0.602903,0.560474,-0.567783,0.559317,0.551903,-0.61852,0.775,0.753,1.239,-0.711,1.264
1026,34.177,0.88,1,0.602686,0.561655,-0.566845,0.558925,0.552844,-0.618034,0.775,0.755,1.242,-0.713,1.277
1027,34.21,0.88,1,0.602826,0.562893,-0.565467,0.558893,0.553091,-0.617842,0.776,0.756,1.241,-0.715,1.285
1028,34.244,0.88,1,0.602392,0.562447,-0.566372,0.559934,0.551106,-0.618673,0.776,0.754,1.241,-0.713,1.289
1029,34.277,0.88,1,0.601653,0.561419,-0.568175,0.560778,0.550011,-0.618882,0.775,0.753,1.238,-0.712,1.293
1030,34.31,0.88,1,0.602706,0.55903,-0.569413,0.564272,0.545834,-0.619405,0.776,0.749,1.24,-0.712,1.304
1031,34.344,0.88,1,0.606676,0.55814,-0.566061,0.569041,0.544231,-0.616445,0.783,0.75,1.248,-0.716,1.325
1032,34.377,0.88,1,0.6092,0.55779,-0.56369,0.573979,0.547275,-0.609129,0.79,0.756,1.269,-0.717,1.356
1033,34.41,0.88,1,0.614602,0.554081,-0.561479,0.583479,0.54346,-0.603493,0.799,0.756,1.29,-0.723,1.381
1034,34.444,0.88,1,0.615519,0.553952,-0.560602,0.58788,0.546233,-0.596679,0.805,0.76,1.319,-0.732,1.411
1035,34.477,0.88,1,0.627898,0.550269,-0.550407,0.603965,0.543175,-0.583256,0.827,0.767,1.363,-0.745,1.454
1036,34.51,0.88,1,0.641143,0.544224,-0.541069,0.623847,0.537921,-0.566971,0.851,0.774,1.393,-0.763,1.496
1037,34.544,0.88,1,0.652036,0.537854,-0.53438,0.639933,0.535511,-0.551103,0.872,0.78,1.425,-0.778,1.548
1038,34.577,0.88,1,0.666808,0.52907,-0.524835,0.657457,0.527634,-0.537915,0.895,0.783,1.469,-0.794,1.608
1039,34.61,0.88,1,0.684308,0.521743,-0.509418,0.67588,0.519802,-0.522486,0.922,0.79,1.521,-0.813,1.672
1040,34.644,0.88,1,0.696049,0.517601,-0.4976,0.687557,0.516751,-0.510132,0.941,0.798,1.574,-0.829,1.73
1041,34.677,0.88,1,0.701016,0.511137,-0.497308,0.693547,0.507807,-0.511003,0.945,0.791,1.623,-0.83,1.782
1042,34.71,0.88,1,0.706267,0.507915,-0.493163,0.700074,0.501255,-0.508566,0.952,0.789,1.646,-0.833,1.813
1043,34.744,0.88,1,0.707999,0.504569,-0.494113,0.702671,0.498154,-0.508031,0.953,0.786,1.671,-0.835,1.845
1044,34.777,0.88,1,0.709278,0.503694,-0.49317,0.704708,0.497242,-0.5061,0.956,0.786,1.677,-0.837,1.861
1045,34.81,0.88,1,0.708229,0.503834,-0.494532,0.70343,0.497636,-0.507489,0.954,0.785,1.683,-0.839,1.873
1046,34.844,0.88,1,0.707647,0.503466,-0.495739,0.703242,0.496978,-0.508394,0.952,0.784,1.693,-0.84,1.886
1047,34.877,0.88,1,0.710271,0.50084,-0.494646,0.706406,0.494558,-0.506363,0.956,0.783,1.702,-0.845,1.898
1048,34.91,0.88,1,0.713417,0.498921,-0.492052,0.709222,0.491752,-0.505158,0.959,0.782,1.713,-0.847,1.91
1049,34.944,0.88,1,0.717432,0.49614,-0.489016,0.714462,0.489922,-0.499519,0.967,0.784,1.729,-0.85,1.928
1050,34.977,0.88,1,0.718145,0.494445,-0.489685,0.716012,0.488171,-0.499016,0.967,0.782,1.74,-0.849,1.94
1051,35.01,0.88,1,0.718442,0.491144,-0.492563,0.716702,0.485073,-0.501042,0.965,0.777,1.746,-0.85,1.95
1052,35.044,0.88,1,0.720139,0.491931,-0.48929,0.718744,0.484796,-0.498376,0.969,0.78,1.749,-0.849,1.958
1053,35.077,0.88,1,0.716459,0.49325,-0.493346,0.715361,0.485226,-0.502806,0.963,0.776,1.746,-0.847,1.963
1054,35.111,0.93,1,0.717585,0.493224,-0.491733,0.716915,0.481385,-0.504283,0.964,0.775,1.74,-0.848,1.966
1055,35.144,0.93,1,0.720664,0.491089,-0.489361,0.720439,0.476075,-0.504302,0.967,0.772,1.732,-0.853,1.967
1056,35.177,0.93,1,0.718043,0.492855,-0.491436,0.718269,0.476836,-0.506673,0.963,0.771,1.724,-0.856,1.965
1057,35.211,0.93,1,0.716764,0.494219,-0.491931,0.716599,0.477731,-0.508192,0.962,0.771,1.717,-0.857,1.959
1058,35.244,0.93,1,0.71575,0.49582,-0.491798,0.714134,0.477832,-0.511556,0.959,0.77,1.704,-0.862,1.947
1059,35.277,0.93,1,0.714032,0.498736,-0.491347,0.711454,0.481259,-0.512077,0.957,0.774,1.698,-0.867,1.94
1060,35.311,0.93,1,0.711054,0.50236,-0.491973,0.707141,0.486192,-0.51339,0.954,0.777,1.69,-0.873,1.932
1061,35.344,0.93,1,0.709826,0.499511,-0.496624,0.705208,0.483785,-0.518298,0.949,0.77,1.682,-0.876,1.916
1062,35.377,0.93,1,0.711028,0.498592,-0.495829,0.70625,0.483284,-0.517347,0.95,0.77,1.675,-0.877,1.906
1063,35.411,0.93,1,0.710578,0.498586,-0.496479,0.705331,0.482938,-0.518921,0.949,0.768,1.672,-0.879,1.898
1064,35.444,0.93,1,0.709056,0.499525,-0.497709,0.703891,0.486165,-0.517862,0.948,0.77,1.67,-0.876,1.891
1065,35.477,0.93,1,0.707724,0.49891,-0.500215,0.702805,0.486967,-0.518583,0.945,0.769,1.667,-0.876,1.883
1066,35.511,0.93,1,0.708643,0.49838,-0.499442,0.703504,0.485645,-0.518874,0.946,0.768,1.665,-0.875,1.877
1067,35.544,0.93,1,0.706617,0.500113,-0.50058,0.701293,0.487928,-0.519725,0.944,0.769,1.663,-0.871,1.872
1068,35.577,0.93,1,0.704253,0.501583,-0.502436,0.699071,0.491196,-0.51964,0.941,0.771,1.66,-0.869,1.867
1069,35.611,0.93,1,0.702645,0.502185,-0.504083,0.696943,0.491527,-0.52218,0.938,0.769,1.654,-0.869,1.859
1070,35.644,0.93,1,0.70085,0.502221,-0.506541,0.69589,0.492553,-0.522617,0.936,0.768,1.658,-0.867,1.862
1071,35.677,0.93,1,0.701054,0.502672,-0.50581,0.696867,0.493812,-0.520121,0.938,0.771,1.657,-0.868,1.862
1072,35.711,0.93,1,0.701729,0.50193,-0.505611,0.69597,0.490762,-0.524193,0.936,0.767,1.652,-0.873,1.86
1073,35.744,0.93,1,0.707934,0.499179,-0.499649,0.702502,0.485613,-0.52026,0.945,0.768,1.653,-0.885,1.873
1074,35.777,0.93,1,0.713026,0.495717,-0.495841,0.706255,0.478223,-0.522021,0.949,0.763,1.644,-0.904,1.88
1075,35.811,0.93,1,0.721696,0.486782,-0.492137,0.714394,0.465298,-0.522627,0.956,0.754,1.633,-0.926,1.88
1076,35.844,0.93,1,0.72689,0.47938,-0.491757,0.719216,0.455802,-0.524378,0.958,0.744,1.615,-0.947,1.869
1077,35.877,0.93,1,0.72887,0.474447,-0.493608,0.719607,0.449542,-0.529224,0.956,0.735,1.587,-0.963,1.846
1078,35.911,0.93,1,0.725626,0.47404,-0.498751,0.716806,0.450493,-0.532209,0.95,0.731,1.58,-0.958,1.831
1079,35.944,0.93,1,0.722434,0.477717,-0.499875,0.714753,0.453844,-0.532122,0.948,0.734,1.576,-0.944,1.816
1080,35.977,0.93,1,0.718096,0.483661,-0.500411,0.711088,0.463523,-0.528677,0.947,0.744,1.6,-0.923,1.826
1081,36.011,0.93,1,0.714587,0.490172,-0.499096,0.709,0.474541,-0.521661,0.949,0.757,1.615,-0.904,1.827
1082,36.044,0.93,1,0.709574,0.496481,-0.500011,0.705012,0.483551,-0.518784,0.947,0.766,1.628,-0.888,1.828
1083,36.077,0.93,1,0.70595,0.50006,-0.501572,0.701656,0.488066,-0.519105,0.943,0.769,1.634,-0.884,1.832
1084,36.111,0.93,1,0.705857,0.500604,-0.50116,0.701539,0.48871,-0.518658,0.944,0.77,1.635,-0.888,1.837
1085,36.144,0.93,1,0.709278,0.497874,-0.499046,0.704324,0.483729,-0.519552,0.946,0.767,1.632,-0.901,1.847
1086,36.178,0.93,1,0.716632,0.49047,-0.495861,0.71188,0.474417,-0.517838,0.954,0.761,1.632,-0.917,1.856
1087,36.211,0.93,1,0.721118,0.486534,-0.493228,0.715864,0.4684,-0.517823,0.958,0.757,1.631,-0.928,1.86
1088,36.244,0.93,1,0.72514,0.485025,-0.488798,0.719407,0.465434,-0.515582,0.963,0.758,1.635,-0.934,1.865
1089,36.278,0.93,1,0.726208,0.48422,-0.48801,0.719715,0.46391,-0.516525,0.964,0.757,1.643,-0.931,1.868
1090,36.311,0.93,1,0.72302,0.487835,-0.489141,0.717003,0.469724,-0.51504,0.962,0.762,1.654,-0.919,1.87
1091,36.344,0.93,1,0.720415,0.491227,-0.48959,0.715135,0.475381,-0.512441,0.961,0.767,1.665,-0.905,1.871
1092,36.378,0.93,1,0.720258,0.493675,-0.487353,0.715495,0.479193,-0.508371,0.964,0.774,1.683,-0.893,1.877
1093,36.411,0.93,1,0.716884,0.495911,-0.490051,0.712983,0.484284,-0.507075,0.962,0.777,1.693,-0.883,1.879
1094,36.444,0.93,1,0.71221,0.498112,-0.494612,0.708112,0.488669,-0.509686,0.955,0.777,1.696,-0.879,1.882
1095,36.478,0.93,1,0.711958,0.499649,-0.493424,0.708057,0.490414,-0.508084,0.957,0.78,1.689,-0.882,1.88
1096,36.511,0.93,1,0.712733,0.498699,-0.493265,0.707837,0.487746,-0.51095,0.955,0.776,1.68,-0.888,1.879
1097,36.544,0.93,1,0.714345,0.498941,-0.490682,0.708871,0.486058,-0.511125,0.957,0.777,1.671,-0.892,1.877
1098,36.578,0.93,1,0.713708,0.500625,-0.489893,0.707399,0.487191,-0.512086,0.957,0.778,1.661,-0.897,1.87
1099,36.611,0.93,1,0.713355,0.501059,-0.489964,0.707199,0.487682,-0.511894,0.957,0.779,1.662,-0.898,1.873
1100,36.644,0.93,1,0.716158,0.499635,-0.487322,0.710857,0.486493,-0.507944,0.962,0.781,1.662,-0.9,1.873
1101,36.678,0.93,1,0.716284,0.499094,-0.48769,0.710795,0.487192,-0.50736,0.962,0.781,1.662,-0.9,1.866
1102,36.711,0.93,1,0.71809,0.498764,-0.485368,0.712911,0.486755,-0.504804,0.965,0.783,1.666,-0.899,1.867
1103,36.744,0.93,1,0.717685,0.500435,-0.484244,0.712127,0.48975,-0.503011,0.966,0.787,1.667,-0.897,1.859
1104,36.778,0.93,1,0.720782,0.499951,-0.480127,0.712949,0.487383,-0.504144,0.969,0.787,1.669,-0.896,1.853
1105,36.811,0.93,1,0.723668,0.499238,-0.476514,0.714039,0.48572,-0.504207,0.972,0.788,1.666,-0.897,1.843
1106,36.844,0.98,1,0.722552,0.503345,-0.473881,0.711813,0.488778,-0.504398,0.972,0.792,1.661,-0.89,1.836
1107,36.878,0.98,1,0.719129,0.505978,-0.476278,0.708331,0.490216,-0.507893,0.967,0.791,1.645,-0.89,1.826
1108,36.911,0.98,1,0.713812,0.507208,-0.482921,0.703152,0.492198,-0.513146,0.958,0.787,1.622,-0.89,1.814
1109,36.944,0.88,1,0.704152,0.509442,-0.494609,0.695013,0.492344,-0.523979,0.942,0.777,1.597,-0.88,1.806
1110,36.978,0.88,1,0.693049,0.512223,-0.507258,0.684981,0.493891,-0.535606,0.923,0.767,1.574,-0.871,1.796
1111,37.011,0.88,1,0.682845,0.521999,-0.511116,0.674346,0.503236,-0.54038,0.912,0.773,1.57,-0.862,1.797
1112,37.044,0.93,1,0.682261,0.526815,-0.506938,0.673997,0.510222,-0.53423,0.916,0.783,1.601,-0.861,1.827
1113,37.078,0.88,1,0.68911,0.527768,-0.496577,0.680288,0.510656,-0.525775,0.929,0.793,1.637,-0.864,1.858
1114,37.111,0.88,1,0.702867,0.523133,-0.481986,0.692109,0.504665,-0.516041,0.95,0.8,1.666,-0.876,1.882
1115,37.144,0.88,1,0.709633,0.517348,-0.478302,0.699632,0.501182,-0.509245,0.96,0.801,1.683,-0.886,1.898
1116,37.178,0.88,1,0.716591,0.512547,-0.473068,0.705484,0.495292,-0.506929,0.967,0.799,1.692,-0.893,1.904
1117,37.211,0.88,1,0.720165,0.508814,-0.471668,0.709217,0.492864,-0.50408,0.972,0.799,1.699,-0.897,1.903
1118,37.244,0.88,1,0.722843,0.504064,-0.47267,0.71262,0.48898,-0.503061,0.974,0.794,1.707,-0.893,1.904
1119,37.278,0.88,1,0.718568,0.504041,-0.479169,0.709958,0.492601,-0.503292,0.968,0.793,1.705,-0.884,1.892
1120,37.311,0.88,1,0.715094,0.506247,-0.482032,0.706061,0.496009,-0.505424,0.964,0.793,1.705,-0.867,1.872
1121,37.345,0.88,1,0.715482,0.510239,-0.477222,0.706574,0.499315,-0.501436,0.968,0.801,1.713,-0.845,1.856
1122,37.378,0.88,1,0.716592,0.513978,-0.471511,0.70699,0.504709,-0.495413,0.974,0.811,1.727,-0.832,1.851
1123,37.411,0.88,1,0.715055,0.515718,-0.471944,0.704638,0.507586,-0.495825,0.972,0.813,1.732,-0.827,1.843
1124,37.445,0.88,1,0.711874,0.518989,-0.473167,0.700531,0.509774,-0.499387,0.968,0.813,1.73,-0.824,1.838
1125,37.478,0.88,1,0.707362,0.517143,-0.481873,0.697649,0.509095,-0.504092,0.959,0.805,1.722,-0.825,1.831
1126,37.511,0.88,1,0.701616,0.518167,-0.489121,0.693043,0.511256,-0.508241,0.95,0.801,1.707,-0.825,1.826
1127,37.545,0.88,1,0.696911,0.520241,-0.493624,0.687604,0.513796,-0.513045,0.942,0.799,1.697,-0.824,1.826
1128,37.578,0.88,1,0.693565,0.516277,-0.502419,0.685247,0.511191,-0.518769,0.933,0.788,1.677,-0.822,1.814
1129,37.611,0.88,1,0.690264,0.51509,-0.50815,0.681333,0.508918,-0.526106,0.925,0.78,1.657,-0.822,1.803
1130,37.645,0.88,1,0.692743,0.512336,-0.507561,0.682025,0.502297,-0.531544,0.924,0.773,1.64,-0.828,1.793
1131,37.678,0.88,1,0.696257,0.508462,-0.506648,0.684597,0.495064,-0.535012,0.925,0.767,1.623,-0.837,1.781
1132,37.711,0.88,1,0.6989,0.507739,-0.503725,0.685856,0.492704,-0.535579,0.927,0.766,1.62,-0.844,1.78
1133,37.745,0.88,1,0.703038,0.503028,-0.502694,0.689144,0.486409,-0.537111,0.929,0.761,1.618,-0.853,1.78
1134,37.778,0.88,1,0.707134,0.500182,-0.49978,0.692216,0.482007,-0.537128,0.933,0.758,1.614,-0.863,1.781
1135,37.811,0.88,1,0.711558,0.496659,-0.497007,0.696587,0.475831,-0.536984,0.937,0.755,1.603,-0.873,1.776
1136,37.845,0.88,1,0.713679,0.494549,-0.496068,0.698505,0.472895,-0.537086,0.939,0.753,1.596,-0.88,1.773
1137,37.878,0.88,1,0.717358,0.491073,-0.494212,0.702567,0.468468,-0.535666,0.943,0.75,1.59,-0.888,1.771
1138,37.911,0.88,1,0.717708,0.490625,-0.494148,0.702693,0.466251,-0.537431,0.943,0.748,1.582,-0.894,1.77
1139,37.945,0.88,1,0.721274,0.487345,-0.492198,0.705323,0.460953,-0.538555,0.945,0.744,1.571,-0.902,1.762
1140,37.978,0.88,1,0.723403,0.484196,-0.492181,0.70679,0.457476,-0.539595,0.946,0.74,1.561,-0.911,1.758
1141,38.011,0.88,1,0.722182,0.481958,-0.496154,0.704785,0.452704,-0.546202,0.94,0.731,1.542,-0.914,1.743
1142,38.045,0.88,1,0.720503,0.478758,-0.501664,0.703387,0.448376,-0.551548,0.934,0.722,1.53,-0.916,1.737
1143,38.078,0.88,1,0.718843,0.478408,-0.504371,0.701141,0.445189,-0.556963,0.929,0.716,1.512,-0.918,1.728
1144,38.111,0.88,1,0.717425,0.478726,-0.506086,0.700234,0.444312,-0.558801,0.927,0.714,1.5,-0.92,1.723
1145,38.145,0.88,1,0.714928,0.480442,-0.50799,0.700086,0.445487,-0.558051,0.925,0.715,1.494,-0.921,1.728
1146,38.178,0.88,1,0.709856,0.483312,-0.512362,0.69966,0.451061,-0.554094,0.923,0.719,1.503,-0.915,1.748
1147,38.211,0.88,1,0.705997,0.485635,-0.515487,0.698643,0.455891,-0.551417,0.921,0.723,1.523,-0.906,1.765
1148,38.245,0.88,1,0.703299,0.487228,-0.517668,0.697802,0.463072,-0.546477,0.921,0.729,1.556,-0.9,1.794
1149,38.278,0.88,1,0.703209,0.484979,-0.519896,0.698502,0.463115,-0.545545,0.921,0.727,1.571,-0.896,1.8
1150,38.311,0.88,1,0.703806,0.483165,-0.520777,0.696526,0.460138,-0.550568,0.918,0.722,1.566,-0.895,1.789
1151,38.345,0.93,1,0.706593,0.481721,-0.518335,0.696447,0.458077,-0.552383,0.919,0.72,1.556,-0.9,1.774
1152,38.378,0.88,1,0.708455,0.481084,-0.516382,0.696877,0.458016,-0.551892,0.921,0.721,1.55,-0.904,1.76
1153,38.412,0.98,1,0.714001,0.480572,-0.509169,0.698933,0.457973,-0.549321,0.928,0.725,1.554,-0.915,1.758
1154,38.445,0.98,1,0.719773,0.48177,-0.499825,0.700662,0.460078,-0.545345,0.936,0.733,1.565,-0.925,1.766
1155,38.478,0.98,1,0.724739,0.481183,-0.49317,0.709903,0.465808,-0.528263,0.952,0.748,1.594,-0.927,1.784
1156,38.512,0.98,1,0.729822,0.480518,-0.486274,0.717398,0.471619,-0.512753,0.967,0.761,1.64,-0.928,1.823
1157,38.545,0.98,1,0.74215,0.46225,-0.485323,0.733678,0.459036,-0.501002,0.982,0.751,1.696,-0.94,1.864
1158,38.578,0.98,1,0.74577,0.442119,-0.498355,0.738767,0.440393,-0.510174,0.974,0.719,1.725,-0.949,1.883
1159,38.612,0.98,1,0.749929,0.431169,-0.501697,0.744181,0.42973,-0.511397,0.975,0.704,1.741,-0.955,1.897
1160,38.645,0.98,1,0.756196,0.422845,-0.499369,0.752572,0.421874,-0.505625,0.983,0.699,1.756,-0.959,1.909
1161,38.678,0.98,1,0.7581,0.416465,-0.501838,0.754789,0.41399,-0.508828,0.982,0.688,1.753,-0.964,1.905
1162,38.712,0.93,1,0.7607,0.412459,-0.501212,0.758701,0.408222,-0.507669,0.985,0.683,1.746,-0.966,1.9
1163,38.745,0.93,1,0.75875,0.411757,-0.504731,0.757276,0.407819,-0.510115,0.981,0.679,1.742,-0.967,1.894
1164,38.778,0.93,1,0.76088,0.409118,-0.503671,0.760413,0.404886,-0.507779,0.984,0.678,1.738,-0.968,1.892
1165,38.812,0.93,1,0.761752,0.408609,-0.502765,0.761449,0.404232,-0.506746,0.986,0.678,1.731,-0.969,1.883
1166,38.845,0.98,1,0.762758,0.406872,-0.502649,0.763553,0.403122,-0.504459,0.988,0.677,1.726,-0.971,1.877
1167,38.878,0.98,1,0.76494,0.404975,-0.500862,0.766566,0.401692,-0.50102,0.991,0.678,1.72,-0.973,1.871
1168,38.912,0.98,1,0.768501,0.402029,-0.497774,0.769097,0.396558,-0.50123,0.995,0.674,1.716,-0.978,1.865
1169,38.945,0.98,1,0.770666,0.398412,-0.497335,0.771263,0.392377,-0.501192,0.996,0.67,1.711,-0.986,1.861
1170,38.978,0.98,1,0.773749,0.395699,-0.494707,0.774297,0.388822,-0.49928,1.0,0.668,1.708,-0.995,1.859
1171,39.012,0.98,1,0.777522,0.391129,-0.49242,0.780604,0.38545,-0.492021,1.007,0.668,1.708,-0.998,1.859
1172,39.045,0.98,1,0.780676,0.393256,-0.485691,0.785469,0.386983,-0.482994,1.017,0.678,1.701,-1.003,1.857
1173,39.078,0.98,1,0.782896,0.389787,-0.484912,0.791943,0.385041,-0.473888,1.024,0.68,1.708,-1.004,1.873
1174,39.112,0.98,1,0.780808,0.387916,-0.489755,0.789092,0.383036,-0.480226,1.017,0.672,1.716,-1.0,1.881
1175,39.145,0.98,1,0.777179,0.384041,-0.498504,0.782955,0.376991,-0.494832,1.004,0.654,1.713,-0.993,1.876
1176,39.178,0.98,1,0.773823,0.388563,-0.500217,0.778452,0.380426,-0.499288,0.999,0.656,1.712,-0.989,1.877
1177,39.212,0.93,1,0.769932,0.395873,-0.500489,0.775222,0.389158,-0.497582,0.997,0.666,1.715,-0.98,1.88
1178,39.245,0.93,1,0.767513,0.399793,-0.501087,0.773624,0.3951,-0.495381,0.997,0.673,1.723,-0.97,1.888
1179,39.278,0.93,1,0.764314,0.404575,-0.50214,0.769237,0.398996,-0.499075,0.992,0.676,1.728,-0.96,1.893
1180,39.312,0.93,1,0.761512,0.408034,-0.503595,0.7657,0.401391,-0.502583,0.988,0.677,1.736,-0.949,1.905
1181,39.345,0.93,1,0.758508,0.410377,-0.506218,0.761313,0.402882,-0.508024,0.982,0.676,1.738,-0.944,1.91
1182,39.378,0.93,1,0.755969,0.41211,-0.508602,0.757605,0.403567,-0.513,0.977,0.674,1.737,-0.94,1.911
1183,39.412,0.93,1,0.750464,0.417185,-0.512601,0.751968,0.409352,-0.516697,0.97,0.677,1.737,-0.935,1.914
1184,39.445,0.88,1,0.749381,0.419908,-0.511962,0.751546,0.412926,-0.514462,0.971,0.682,1.74,-0.929,1.92
1185,39.478,0.88,1,0.743814,0.421579,-0.518663,0.747289,0.416831,-0.517504,0.964,0.68,1.743,-0.924,1.929
1186,39.512,0.98,1,0.737363,0.425391,-0.524727,0.740567,0.422101,-0.522868,0.954,0.68,1.749,-0.919,1.94
1187,39.545,0.98,1,0.736652,0.427359,-0.524126,0.739881,0.424507,-0.521892,0.954,0.683,1.754,-0.92,1.948
1188,39.579,0.98,1,0.733128,0.430071,-0.526842,0.73696,0.427769,-0.523359,0.95,0.685,1.756,-0.917,1.95
1189,39.612,0.98,1,0.733663,0.429291,-0.526733,0.737936,0.427017,-0.522597,0.951,0.684,1.758,-0.915,1.954
1190,39.645,0.98,1,0.731737,0.428493,-0.530051,0.737355,0.426458,-0.523872,0.948,0.682,1.756,-0.914,1.953
1191,39.679,0.98,1,0.731317,0.42995,-0.529451,0.738582,0.428209,-0.520706,0.95,0.685,1.759,-0.91,1.961
1192,39.712,0.98,1,0.730089,0.432669,-0.528931,0.739077,0.433104,-0.515932,0.953,0.692,1.759,-0.911,1.966
1193,39.745,0.88,1,0.72955,0.435121,-0.527661,0.739342,0.435972,-0.513129,0.954,0.697,1.763,-0.912,1.973
1194,39.779,0.88,1,0.731282,0.436191,-0.52437,0.74137,0.436819,-0.50947,0.959,0.701,1.762,-0.912,1.974
1195,39.812,0.88,1,0.731231,0.434809,-0.525588,0.741536,0.433864,-0.511749,0.957,0.697,1.758,-0.912,1.973
1196,39.845,0.88,1,0.730791,0.43523,-0.525851,0.741625,0.434716,-0.510896,0.957,0.698,1.76,-0.911,1.978
1197,39.879,0.88,1,0.729669,0.436314,-0.526511,0.740253,0.437105,-0.510848,0.956,0.7,1.763,-0.909,1.98
1198,39.912,0.88,1,0.730107,0.435825,-0.526309,0.741389,0.436114,-0.510045,0.957,0.699,1.765,-0.909,1.984
1199,39.945,0.88,1,0.731442,0.435949,-0.524349,0.743194,0.436906,-0.506731,0.961,0.702,1.771,-0.907,1.99
1200,39.979,0.88,1,0.730745,0.436571,-0.524803,0.742484,0.437654,-0.507126,0.96,0.703,1.774,-0.907,1.993
1201,40.012,0.88,1,0.730965,0.437759,-0.523505,0.74311,0.43917,-0.504893,0.962,0.706,1.776,-0.905,2.0
1202,40.045,0.88,1,0.731578,0.437453,-0.522903,0.74384,0.439418,-0.503601,0.963,0.707,1.779,-0.906,2.003
1203,40.079,0.88,1,0.732915,0.437002,-0.521406,0.745632,0.438755,-0.501525,0.966,0.708,1.783,-0.906,2.007
1204,40.112,0.88,1,0.734378,0.436015,-0.520172,0.746658,0.436294,-0.502144,0.967,0.706,1.784,-0.906,2.007
1205,40.145,0.88,1,0.734995,0.43504,-0.520118,0.747639,0.435956,-0.500977,0.968,0.706,1.786,-0.904,2.008
1206,40.179,0.88,1,0.736528,0.433717,-0.519054,0.749475,0.435139,-0.49894,0.97,0.707,1.788,-0.905,2.009
1207,40.212,0.88,1,0.735676,0.434504,-0.519604,0.7486,0.436809,-0.498795,0.969,0.708,1.792,-0.904,2.011
1208,40.245,0.88,1,0.735111,0.43462,-0.520306,0.747895,0.437074,-0.499619,0.968,0.707,1.792,-0.903,2.01
1209,40.279,0.88,1,0.735952,0.43503,-0.518771,0.748402,0.437514,-0.498473,0.97,0.709,1.797,-0.9,2.014
1210,40.312,0.88,1,0.734819,0.437289,-0.518478,0.746665,0.438681,-0.50005,0.969,0.71,1.8,-0.9,2.018
1211,40.345,0.88,1,0.732709,0.439395,-0.519682,0.744365,0.441476,-0.501019,0.966,0.712,1.798,-0.901,2.015
1212,40.379,0.88,1,0.734176,0.439409,-0.517596,0.745442,0.440682,-0.500116,0.968,0.713,1.797,-0.901,2.014
1213,40.412,0.88,1,0.734722,0.439602,-0.516656,0.746741,0.441769,-0.497211,0.971,0.716,1.796,-0.901,2.013
1214,40.445,0.88,1,0.733396,0.44109,-0.517272,0.745192,0.442926,-0.498503,0.969,0.716,1.797,-0.901,2.014
1215,40.479,0.98,1,0.735012,0.440364,-0.515594,0.746701,0.441625,-0.497397,0.971,0.716,1.8,-0.902,2.017
1216,40.512,0.98,1,0.735676,0.439315,-0.515542,0.747109,0.440946,-0.497389,0.971,0.715,1.802,-0.903,2.018
1217,40.545,0.98,1,0.734615,0.441452,-0.515229,0.745564,0.443573,-0.49737,0.971,0.718,1.798,-0.903,2.013
1218,40.579,0.88,1,0.735904,0.438323,-0.51606,0.747975,0.440302,-0.496657,0.972,0.715,1.797,-0.906,2.014
1219,40.612,0.88,1,0.735886,0.437721,-0.516597,0.748594,0.440103,-0.4959,0.972,0.714,1.797,-0.907,2.017
1220,40.646,0.88,1,0.738109,0.435179,-0.515572,0.752497,0.43942,-0.490569,0.977,0.716,1.796,-0.908,2.016
1221,40.679,0.88,1,0.740598,0.43331,-0.513573,0.754174,0.435523,-0.491468,0.979,0.713,1.791,-0.912,2.008
1222,40.712,0.88,1,0.741544,0.433177,-0.512318,0.755787,0.435084,-0.489375,0.981,0.714,1.785,-0.915,2.004
1223,40.746,0.88,1,0.741318,0.433062,-0.512743,0.755728,0.434756,-0.489757,0.981,0.714,1.774,-0.918,1.993
1224,40.779,0.88,1,0.740517,0.432837,-0.514089,0.754294,0.433946,-0.492677,0.978,0.711,1.766,-0.921,1.984
1225,40.812,0.88,1,0.742237,0.429317,-0.51456,0.755877,0.429667,-0.494001,0.978,0.705,1.762,-0.922,1.976
1226,40.846,0.88,1,0.742272,0.42653,-0.516821,0.755024,0.425574,-0.498823,0.975,0.698,1.76,-0.924,1.97
1227,40.879,0.88,1,0.742613,0.427133,-0.515833,0.755133,0.42504,-0.499114,0.975,0.698,1.754,-0.924,1.965
1228,40.912,0.88,1,0.743731,0.425864,-0.51527,0.757554,0.425868,-0.49472,0.979,0.701,1.758,-0.923,1.966
1229,40.946,0.88,1,0.7436,0.426716,-0.514755,0.757832,0.427353,-0.493012,0.98,0.703,1.759,-0.924,1.968
1230,40.979,0.88,1,0.744809,0.426976,-0.512788,0.758642,0.426191,-0.492771,0.981,0.704,1.756,-0.923,1.965
1231,41.012,0.88,1,0.744001,0.425549,-0.515142,0.756595,0.423646,-0.498084,0.977,0.698,1.754,-0.925,1.962
1232,41.046,0.88,1,0.743714,0.426099,-0.515101,0.756532,0.424123,-0.497774,0.977,0.698,1.75,-0.924,1.958
1233,41.079,0.88,1,0.74535,0.424355,-0.514175,0.75728,0.420773,-0.499477,0.977,0.695,1.753,-0.923,1.961
1234,41.112,0.88,1,0.745199,0.425343,-0.513578,0.756138,0.420534,-0.501404,0.976,0.695,1.755,-0.923,1.964
1235,41.146,0.88,1,0.745116,0.424285,-0.514572,0.756879,0.420901,-0.499977,0.977,0.695,1.754,-0.925,1.962
1236,41.179,0.88,1,0.746795,0.423655,-0.512654,0.759231,0.420514,-0.496725,0.98,0.697,1.754,-0.924,1.962
1237,41.212,0.88,1,0.746524,0.423025,-0.513567,0.758413,0.419336,-0.498966,0.979,0.694,1.754,-0.926,1.961
1238,41.246,0.88,1,0.749224,0.420161,-0.511985,0.761954,0.416846,-0.495647,0.983,0.693,1.754,-0.926,1.963
1239,41.279,0.88,1,0.749229,0.418919,-0.512994,0.761698,0.414268,-0.498194,0.981,0.689,1.753,-0.928,1.963
1240,41.312,0.88,1,0.749118,0.41809,-0.513832,0.762631,0.414543,-0.496536,0.982,0.689,1.759,-0.929,1.97
1241,41.346,0.88,1,0.75088,0.417515,-0.511723,0.763472,0.413229,-0.496339,0.983,0.689,1.757,-0.931,1.967
1242,41.379,0.88,1,0.74907,0.41993,-0.512399,0.761362,0.41681,-0.496586,0.982,0.692,1.757,-0.931,1.967
1243,41.412,0.88,1,0.750319,0.417063,-0.512913,0.762414,0.412748,-0.498361,0.982,0.687,1.755,-0.936,1.966
1244,41.446,0.88,1,0.750268,0.415645,-0.514138,0.763044,0.412309,-0.497761,0.981,0.686,1.752,-0.939,1.964
1245,41.479,0.88,1,0.751753,0.416428,-0.511327,0.763694,0.411552,-0.49739,0.984,0.687,1.755,-0.94,1.967
1246,41.512,0.88,1,0.751444,0.417134,-0.511205,0.762093,0.411019,-0.500278,0.982,0.686,1.751,-0.945,1.966
1247,41.546,0.88,1,0.748726,0.417049,-0.515248,0.760319,0.412353,-0.501876,0.978,0.684,1.745,-0.952,1.965
1248,41.579,0.88,1,0.752718,0.413473,-0.512305,0.766004,0.409328,-0.49567,0.985,0.685,1.754,-0.957,1.973
1249,41.612,0.88,1,0.756156,0.412868,-0.507709,0.768598,0.405904,-0.494468,0.989,0.685,1.756,-0.962,1.976
1250,41.646,0.88,1,0.758943,0.410795,-0.505225,0.770742,0.402584,-0.493845,0.992,0.683,1.762,-0.966,1.98
1251,41.679,0.88,1,0.759818,0.410791,-0.503912,0.771138,0.402375,-0.493398,0.993,0.684,1.766,-0.967,1.981
1252,41.712,0.88,1,0.759754,0.411175,-0.503695,0.770361,0.403198,-0.493938,0.993,0.685,1.769,-0.966,1.98
1253,41.746,0.88,1,0.761086,0.404908,-0.506751,0.769996,0.395711,-0.500519,0.989,0.672,1.77,-0.969,1.976
1254,41.779,0.88,1,0.760568,0.401463,-0.510259,0.769483,0.393004,-0.503432,0.986,0.665,1.768,-0.97,1.97
1255,41.813,0.88,1,0.7605,0.402323,-0.509683,0.766379,0.391144,-0.509578,0.982,0.661,1.76,-0.971,1.959
1256,41.846,0.88,1,0.759923,0.401072,-0.511525,0.766168,0.390392,-0.51047,0.981,0.659,1.756,-0.971,1.952
1257,41.879,0.88,1,0.757828,0.401985,-0.513911,0.764119,0.393096,-0.511466,0.978,0.66,1.753,-0.969,1.947
1258,41.913,0.88,1,0.760346,0.403238,-0.509189,0.765998,0.394139,-0.50784,0.983,0.665,1.748,-0.964,1.944
1259,41.946,0.88,1,0.759071,0.40362,-0.510786,0.766269,0.394236,-0.507356,0.982,0.665,1.738,-0.964,1.937
1260,41.979,0.88,1,0.761458,0.402104,-0.508423,0.768995,0.390869,-0.505834,0.986,0.664,1.73,-0.968,1.931
1261,42.013,0.88,1,0.764808,0.40003,-0.50502,0.774872,0.389008,-0.498243,0.993,0.666,1.728,-0.972,1.939
1262,42.046,0.88,1,0.769974,0.397079,-0.499468,0.779537,0.384205,-0.49468,1.0,0.666,1.727,-0.979,1.941
1263,42.079,0.88,1,0.770326,0.396976,-0.499007,0.777773,0.381492,-0.499532,0.998,0.662,1.722,-0.983,1.938
1264,42.113,0.88,1,0.765985,0.399925,-0.503317,0.771428,0.384174,-0.507257,0.989,0.66,1.717,-0.983,1.935
1265,42.146,0.88,1,0.765007,0.40099,-0.503955,0.769141,0.383458,-0.511256,0.986,0.658,1.716,-0.979,1.932
1266,42.179,0.88,1,0.763172,0.404623,-0.503834,0.766849,0.386945,-0.51207,0.985,0.662,1.718,-0.975,1.932
1267,42.213,0.88,1,0.759956,0.409254,-0.504953,0.762673,0.391674,-0.514704,0.981,0.666,1.724,-0.969,1.934
1268,42.246,0.98,1,0.757978,0.413029,-0.504853,0.760651,0.396609,-0.513918,0.98,0.672,1.731,-0.959,1.938
1269,42.279,0.98,1,0.756993,0.416037,-0.50386,0.759678,0.400828,-0.51208,0.981,0.677,1.738,-0.952,1.943
1270,42.313,0.98,1,0.757095,0.418564,-0.501608,0.759379,0.403146,-0.510703,0.982,0.682,1.752,-0.944,1.951
1271,42.346,0.98,1,0.757809,0.42083,-0.498627,0.759498,0.405951,-0.508299,0.985,0.687,1.766,-0.94,1.961
1272,42.379,0.98,1,0.759158,0.422069,-0.495517,0.759136,0.404961,-0.509627,0.986,0.688,1.775,-0.941,1.971
1273,42.413,0.88,1,0.76226,0.422326,-0.490511,0.762575,0.406613,-0.503136,0.993,0.695,1.792,-0.942,1.987
1274,42.446,0.88,1,0.763895,0.422055,-0.488195,0.764453,0.406127,-0.500672,0.997,0.697,1.804,-0.941,1.996
1275,42.479,0.98,1,0.765841,0.421377,-0.485725,0.766531,0.405553,-0.497953,1.0,0.699,1.816,-0.943,2.003
1276,42.513,0.98,1,0.7652,0.422324,-0.485913,0.76718,0.40881,-0.494276,1.002,0.703,1.833,-0.939,2.017
1277,42.546,0.98,1,0.767996,0.421661,-0.482062,0.770484,0.409855,-0.488235,1.008,0.709,1.856,-0.935,2.04
1278,42.579,0.98,1,0.771014,0.42134,-0.477504,0.772546,0.410027,-0.484819,1.013,0.713,1.879,-0.932,2.06
1279,42.613,0.98,1,0.772276,0.423507,-0.47353,0.772672,0.411482,-0.483385,1.016,0.717,1.897,-0.925,2.074
1280,42.646,0.98,1,0.771071,0.422193,-0.476658,0.771121,0.410422,-0.48675,1.012,0.713,1.906,-0.92,2.077
1281,42.679,0.98,1,0.772431,0.422624,-0.474067,0.772105,0.410069,-0.485487,1.015,0.715,1.911,-0.914,2.082
1282,42.713,0.98,1,0.773584,0.42012,-0.474412,0.773359,0.406998,-0.486074,1.015,0.711,1.917,-0.91,2.088
1283,42.746,0.98,1,0.771709,0.423398,-0.474551,0.771562,0.410884,-0.485661,1.014,0.715,1.924,-0.901,2.093
1284,42.779,0.98,1,0.75798,0.444348,-0.477515,0.754478,0.435727,-0.490821,1.001,0.738,1.938,-0.895,2.1
1285,42.813,0.98,1,0.764968,0.440402,-0.469969,0.762918,0.434324,-0.478873,1.015,0.745,1.958,-0.894,2.116
1286,42.846,0.88,1,0.766572,0.436707,-0.470801,0.765881,0.433306,-0.475049,1.018,0.744,1.974,-0.907,2.122
1287,42.88,0.88,1,0.772204,0.431319,-0.466545,0.77241,0.43111,-0.466397,1.027,0.746,1.982,-0.926,2.12
1288,42.913,0.88,1,0.777624,0.425061,-0.463275,0.779723,0.428901,-0.456153,1.037,0.748,1.99,-0.946,2.124
1289,42.946,0.98,1,0.78374,0.418602,-0.458828,0.785285,0.425453,-0.449796,1.046,0.749,2.004,-0.953,2.083
1290,42.98,0.88,1,0.784597,0.406834,-0.46786,0.784601,0.416494,-0.459275,1.037,0.726,1.992,-0.959,2.022
1291,43.013,0.98,1,0.788995,0.403013,-0.463753,0.78809,0.415331,-0.454328,1.044,0.728,2.011,-0.964,2.022
1292,43.046,0.98,1,0.789138,0.402214,-0.464203,0.787262,0.415288,-0.4558,1.043,0.726,2.001,-0.965,1.998
1293,43.08,0.98,1,0.792238,0.399426,-0.461322,0.788832,0.412098,-0.455981,1.045,0.724,1.988,-0.975,1.977
1294,43.113,0.98,1,0.795362,0.39468,-0.46003,0.791632,0.407936,-0.454871,1.048,0.72,1.995,-0.979,1.975
1295,43.146,0.98,1,0.794811,0.39731,-0.458716,0.790969,0.413439,-0.451039,1.05,0.728,2.0,-0.973,1.967
1296,43.18,0.98,1,0.796168,0.394836,-0.458499,0.791809,0.412042,-0.450843,1.051,0.726,2.003,-0.976,1.96
1297,43.213,0.98,1,0.795916,0.393656,-0.459947,0.790473,0.411871,-0.453337,1.048,0.723,2.003,-0.977,1.949
1298,43.246,0.98,1,0.796655,0.393296,-0.458975,0.791279,0.410337,-0.453322,1.049,0.722,2.001,-0.98,1.946
1299,43.28,0.98,1,0.800549,0.388185,-0.456545,0.796626,0.40536,-0.448408,1.055,0.72,2.011,-0.978,1.955
1300,43.313,0.98,1,0.80078,0.387414,-0.456795,0.796418,0.402929,-0.450962,1.054,0.716,1.992,-0.985,1.942
1301,43.346,0.98,1,0.801733,0.386676,-0.455749,0.797545,0.402231,-0.449591,1.056,0.717,1.99,-0.99,1.943
1302,43.38,0.98,1,0.801852,0.386724,-0.455498,0.79793,0.400272,-0.450655,1.055,0.715,1.984,-0.996,1.949
1303,43.413,0.98,1,0.797547,0.39294,-0.45773,0.792155,0.40435,-0.457155,1.049,0.717,1.935,-1.006,1.913
1304,43.446,0.88,1,0.804394,0.391095,-0.447208,0.801363,0.397041,-0.447409,1.062,0.722,1.882,-1.021,1.896
1305,43.48,0.88,1,0.798901,0.407627,-0.442263,0.792368,0.413849,-0.448198,1.061,0.745,1.825,-1.033,1.867
1306,43.513,0.88,1,0.795575,0.422768,-0.433968,0.782995,0.423543,-0.455554,1.058,0.761,1.765,-1.037,1.822
1307,43.546,0.88,1,0.79186,0.429637,-0.434015,0.775247,0.428042,-0.464514,1.05,0.762,1.712,-1.039,1.778
1308,43.58,0.93,1,0.783836,0.439546,-0.438635,0.764439,0.433042,-0.477606,1.036,0.761,1.66,-1.029,1.731
1309,43.613,0.88,1,0.779191,0.441535,-0.444868,0.759456,0.430559,-0.487694,1.026,0.752,1.624,-1.02,1.7
1310,43.646,0.88,1,0.770609,0.450644,-0.450646,0.750512,0.438106,-0.494767,1.015,0.755,1.606,-1.006,1.679
1311,43.68,0.88,1,0.762493,0.45873,-0.456258,0.742239,0.444429,-0.501561,1.004,0.756,1.592,-0.991,1.661
1312,43.713,0.88,1,0.759305,0.46064,-0.459639,0.741197,0.445386,-0.502253,1.001,0.755,1.589,-0.983,1.658
1313,43.746,0.93,1,0.755481,0.465648,-0.460892,0.738202,0.450275,-0.502304,0.998,0.76,1.589,-0.979,1.66
1314,43.78,0.93,1,0.753127,0.469629,-0.460704,0.737962,0.453926,-0.499363,0.999,0.766,1.594,-0.972,1.668
1315,43.813,0.93,1,0.752843,0.469752,-0.461044,0.737098,0.453873,-0.500686,0.998,0.765,1.598,-0.972,1.674
1316,43.846,0.93,1,0.750556,0.471617,-0.462865,0.736324,0.456481,-0.499452,0.996,0.767,1.599,-0.968,1.677
1317,43.88,0.93,1,0.750987,0.474141,-0.459575,0.738224,0.459252,-0.494078,1.001,0.775,1.599,-0.968,1.685
1318,43.913,0.93,1,0.750657,0.474956,-0.459273,0.737992,0.461644,-0.492191,1.002,0.778,1.599,-0.973,1.694
1319,43.946,0.93,1,0.757518,0.465896,-0.457283,0.744843,0.452576,-0.49029,1.008,0.77,1.586,-0.987,1.694
1320,43.98,0.93,1,0.761369,0.461895,-0.454939,0.747872,0.447568,-0.490275,1.011,0.766,1.57,-1.0,1.69
1321,44.013,0.93,1,0.763789,0.454074,-0.458741,0.750414,0.43579,-0.496957,1.008,0.75,1.544,-1.014,1.672
1322,44.047,0.93,1,0.768481,0.446525,-0.458315,0.754209,0.426503,-0.499264,1.009,0.739,1.525,-1.03,1.659
1323,44.08,0.93,1,0.771454,0.440945,-0.458723,0.7558,0.41814,-0.503911,1.008,0.729,1.499,-1.044,1.64
1324,44.113,0.93,1,0.773684,0.436434,-0.459281,0.757469,0.412288,-0.506221,1.008,0.721,1.479,-1.054,1.628
1325,44.147,0.93,1,0.777631,0.429155,-0.459474,0.760961,0.404446,-0.507309,1.01,0.712,1.453,-1.069,1.613
1326,44.18,0.93,1,0.78364,0.422209,-0.455683,0.766706,0.395499,-0.505709,1.016,0.705,1.445,-1.086,1.617
1327,44.213,0.93,1,0.790091,0.41533,-0.450841,0.771514,0.383411,-0.507703,1.02,0.695,1.417,-1.099,1.601
1328,44.247,0.93,1,0.790896,0.411495,-0.45294,0.771566,0.376312,-0.512909,1.017,0.684,1.383,-1.106,1.578
1329,44.28,0.88,1,0.790255,0.406928,-0.458155,0.766643,0.371259,-0.523857,1.008,0.67,1.365,-1.11,1.561
1330,44.313,0.98,1,0.79419,0.388263,-0.467455,0.771312,0.349638,-0.531819,1.003,0.636,1.357,-1.11,1.548
1338,44.58,0.98,1,0.783465,0.404992,-0.471343,0.747714,0.382823,-0.542558,0.986,0.661,1.316,-1.078,1.418
1339,44.613,0.88,1,0.773247,0.421172,-0.474028,0.72933,0.399779,-0.555207,0.97,0.673,1.289,-1.061,1.392
1340,44.647,0.98,1,0.767103,0.420002,-0.484924,0.723886,0.400918,-0.561475,0.959,0.665,1.264,-1.047,1.362
1341,44.68,0.88,1,0.759344,0.424835,-0.492861,0.718877,0.406148,-0.564146,0.95,0.666,1.252,-1.032,1.347
1342,44.713,0.88,1,0.753324,0.433793,-0.494293,0.715539,0.417295,-0.56024,0.948,0.679,1.257,-1.021,1.343
1343,44.747,0.88,1,0.750738,0.434246,-0.497818,0.71819,0.420007,-0.554795,0.949,0.682,1.272,-1.016,1.345
1344,44.78,0.88,1,0.752083,0.437722,-0.492717,0.723656,0.425496,-0.543393,0.959,0.695,1.297,-1.015,1.362
1345,44.813,0.88,1,0.755137,0.436095,-0.489479,0.726379,0.424792,-0.540301,0.963,0.696,1.311,-1.018,1.369
1346,44.847,0.88,1,0.760015,0.434972,-0.482884,0.729862,0.424713,-0.535649,0.971,0.701,1.326,-1.022,1.377
1347,44.88,0.88,1,0.76428,0.429774,-0.480803,0.733826,0.415122,-0.537748,0.974,0.692,1.323,-1.026,1.376
1348,44.913,0.88,1,0.765996,0.42955,-0.478264,0.734181,0.414333,-0.537871,0.975,0.693,1.331,-1.026,1.378
1349,44.947,0.88,1,0.768483,0.4303,-0.473577,0.735719,0.417776,-0.533086,0.981,0.7,1.343,-1.024,1.378
1350,44.98,0.88,1,0.770962,0.428055,-0.471578,0.738516,0.418405,-0.528707,0.986,0.702,1.355,-1.021,1.376
1351,45.013,0.88,1,0.772698,0.42776,-0.468998,0.739892,0.418487,-0.526715,0.989,0.704,1.364,-1.016,1.366
1354,45.114,0.77,1,0.792976,0.391368,-0.466926,0.772994,0.384827,-0.504369,1.016,0.674,1.424,-1.051,1.424
1355,45.147,0.82,1,0.794542,0.391065,-0.464512,0.776644,0.381505,-0.501276,1.02,0.675,1.414,-1.059,1.427
1529,50.949,0.98,1,0.899269,0.222371,-0.376652,0.888109,0.18123,-0.422395,1.15,0.468,2.109,-1.08,2.284
1530,50.982,0.98,1,0.888709,0.225357,-0.399262,0.857181,0.190893,-0.478332,1.105,0.443,2.128,-1.057,2.283
1531,51.015,0.98,1,0.896286,0.215313,-0.3877,0.883597,0.192715,-0.426751,1.142,0.464,2.124,-1.048,2.259
1532,51.049,0.98,1,0.891196,0.227641,-0.392365,0.853696,0.184366,-0.487044,1.104,0.438,2.133,-1.044,2.265
1533,51.082,0.98,1,0.885785,0.220971,-0.408113,0.872528,0.160894,-0.46131,1.112,0.414,2.138,-1.046,2.272
1537,51.215,0.98,1,0.865429,0.202454,-0.458307,0.857344,0.221918,-0.464449,1.079,0.431,2.009,-1.116,2.17
1544,51.449,0.98,1,0.849011,0.266775,-0.456084,0.837388,0.240518,-0.490849,1.059,0.492,1.724,-1.14,1.879
1545,51.482,0.98,1,0.82513,0.214069,-0.522815,0.825829,0.231678,-0.514132,1.01,0.406,1.702,-1.134,1.849
1547,51.549,0.77,1,0.82666,0.288371,-0.483193,0.836209,0.242269,-0.491996,1.04,0.498,1.665,-1.111,1.796
1548,51.582,0.77,1,0.837366,0.267723,-0.476595,0.803047,0.274461,-0.528949,1.021,0.495,1.611,-1.101,1.75
1549,51.615,0.77,1,0.797039,0.28664,-0.53157,0.784527,0.297996,-0.543798,0.974,0.498,1.581,-1.099,1.729
1550,51.649,0.77,1,0.793334,0.256058,-0.552318,0.779697,0.274782,-0.562643,0.954,0.444,1.563,-1.095,1.714
1551,51.682,0.77,1,0.795928,0.306332,-0.522167,0.774458,0.247957,-0.582007,0.958,0.465,1.552,-1.09,1.703
1552,51.715,0.77,1,0.817281,0.27022,-0.508953,0.759282,0.22442,-0.610841,0.953,0.416,1.55,-1.086,1.699
1557,51.882,0.88,1,0.739717,0.308844,-0.597858,0.659384,0.255897,-0.706915,0.82,0.408,0.455,-0.99,0.712
1558,51.916,0.88,1,0.749513,0.347211,-0.563626,0.669173,0.295324,-0.681903,0.85,0.476,0.588,-1.011,0.823
1559,51.949,0.88,1,0.76035,0.36151,-0.53961,0.695035,0.309009,-0.649184,0.886,0.514,0.721,-1.019,0.91
1560,51.982,0.98,1,0.7708,0.368335,-0.519805,0.718734,0.32129,-0.616599,0.919,0.545,0.84,-1.031,1.008
1561,52.016,0.88,1,0.767119,0.380481,-0.516491,0.726155,0.335287,-0.600235,0.929,0.57,0.929,-1.027,1.095
1562,52.049,0.88,1,0.760006,0.395713,-0.51556,0.732,0.352346,-0.58312,0.936,0.598,1.026,-1.02,1.203
1563,52.082,0.88,1,0.753492,0.408235,-0.515358,0.734749,0.368195,-0.569716,0.941,0.621,1.12,-1.012,1.306
1564,52.116,0.88,1,0.753086,0.42653,-0.500933,0.738509,0.387835,-0.551534,0.956,0.659,1.247,-1.009,1.429
1754,58.451,0.88,1,0.777543,0.305951,-0.549382,0.731366,0.237797,-0.639185,0.904,0.429,0.798,-1.098,1.165
1755,58.484,0.88,1,0.772416,0.322261,-0.547285,0.725909,0.253733,-0.639278,0.901,0.452,0.834,-1.082,1.18
1756,58.518,0.88,1,0.768677,0.321785,-0.552802,0.724349,0.252906,-0.641371,0.896,0.449,0.849,-1.074,1.19
1757,58.551,0.88,1,0.76494,0.316802,-0.560806,0.722647,0.247312,-0.64546,0.889,0.437,0.855,-1.072,1.201
1758,58.584,0.88,1,0.763252,0.318141,-0.562345,0.720104,0.247508,-0.648221,0.886,0.437,0.851,-1.065,1.204
1759,58.618,0.88,1,0.762224,0.318959,-0.563277,0.717325,0.249154,-0.650667,0.884,0.438,0.84,-1.062,1.194
1760,58.651,0.88,1,0.757423,0.322961,-0.567457,0.711362,0.254372,-0.655178,0.877,0.441,0.838,-1.056,1.184
1761,58.684,0.93,1,0.753774,0.319916,-0.574002,0.707805,0.254509,-0.658967,0.87,0.436,0.808,-1.058,1.159
1762,58.718,0.98,1,0.754271,0.320343,-0.573111,0.70766,0.253827,-0.659385,0.87,0.436,0.779,-1.054,1.132
1763,58.751,0.98,1,0.748637,0.324369,-0.578211,0.702533,0.258739,-0.662949,0.863,0.439,0.752,-1.045,1.108
1764,58.784,0.93,1,0.741835,0.332442,-0.582377,0.697331,0.27013,-0.663897,0.857,0.45,0.741,-1.038,1.093
1765,58.818,0.98,1,0.736049,0.344131,-0.582928,0.687693,0.283401,-0.668403,0.85,0.465,0.725,-1.026,1.068
1766,58.851,0.98,1,0.728339,0.352893,-0.587358,0.678384,0.295091,-0.672843,0.84,0.475,0.696,-1.009,1.032
1767,58.884,0.98,1,0.708524,0.375023,-0.597789,0.652782,0.322367,-0.685533,0.815,0.498,0.695,-0.962,0.993
1768,58.918,0.98,1,0.704798,0.391493,-0.591601,0.644452,0.342192,-0.683803,0.814,0.522,0.722,-0.937,0.984
1769,58.951,0.98,1,0.702013,0.4036,-0.586758,0.638358,0.35876,-0.681022,0.813,0.541,0.751,-0.923,0.978
1770,58.984,0.98,1,0.702704,0.412028,-0.580034,0.638277,0.369517,-0.675322,0.818,0.557,0.776,-0.921,0.982
1771,59.018,0.98,1,0.699389,0.421695,-0.577086,0.636085,0.381849,-0.670513,0.819,0.572,0.796,-0.921,0.992
1772,59.051,0.88,1,0.70413,0.425293,-0.568619,0.641675,0.388318,-0.661409,0.83,0.584,0.818,-0.933,1.007
1773,59.084,0.88,1,0.704886,0.431198,-0.563208,0.645952,0.39681,-0.652141,0.838,0.598,0.842,-0.935,1.013
1774,59.118,0.88,1,0.713843,0.435281,-0.548597,0.656083,0.406399,-0.63592,0.858,0.618,0.886,-0.944,1.022
1775,59.151,0.88,1,0.717009,0.439345,-0.541179,0.665366,0.414919,-0.620589,0.872,0.634,0.937,-0.946,1.05
1776,59.184,0.93,1,0.72541,0.439628,-0.52963,0.683255,0.416566,-0.599696,0.895,0.649,0.99,-0.963,1.086
1777,59.218,0.93,1,0.738418,0.437898,-0.51282,0.702124,0.417562,-0.576771,0.923,0.666,1.061,-0.981,1.136
1778,59.251,0.93,1,0.750645,0.430245,-0.501419,0.720741,0.408324,-0.560182,0.946,0.669,1.109,-0.998,1.176
1779,59.284,0.98,1,0.760112,0.42887,-0.48816,0.730752,0.407446,-0.547712,0.964,0.679,1.158,-1.014,1.218
1780,59.318,0.98,1,0.765283,0.429066,-0.479838,0.734433,0.40726,-0.542907,0.972,0.685,1.197,-1.025,1.254
1781,59.351,0.98,1,0.76851,0.427465,-0.476095,0.7388,0.407012,-0.537136,0.979,0.689,1.219,-1.034,1.282
1782,59.384,0.98,1,0.76852,0.430018,-0.473773,0.738234,0.409661,-0.535899,0.98,0.694,1.245,-1.036,1.305
1783,59.418,0.98,1,0.769038,0.430378,-0.472605,0.739478,0.410644,-0.533427,0.983,0.696,1.263,-1.037,1.319
1784,59.451,0.98,1,0.771992,0.428698,-0.469305,0.743276,0.410361,-0.528341,0.989,0.699,1.283,-1.042,1.335
1785,59.484,0.98,1,0.773153,0.427579,-0.468414,0.745004,0.410228,-0.526005,0.991,0.7,1.297,-1.042,1.348
1786,59.518,0.98,1,0.774758,0.428398,-0.465001,0.747608,0.411669,-0.521164,0.996,0.706,1.306,-1.042,1.36
1787,59.551,0.98,1,0.77509,0.429764,-0.463184,0.748349,0.411798,-0.519996,0.998,0.708,1.309,-1.046,1.371
1788,59.585,0.98,1,0.775629,0.426608,-0.465193,0.750427,0.407955,-0.52003,0.998,0.703,1.302,-1.053,1.376
1789,59.618,0.93,1,0.777635,0.424622,-0.463661,0.752099,0.405162,-0.519799,0.999,0.701,1.301,-1.065,1.384
1790,59.651,0.98,1,0.786755,0.412521,-0.459176,0.759774,0.393748,-0.517403,1.008,0.69,1.298,-1.085,1.383
1791,59.685,0.98,1,0.795983,0.405706,-0.449237,0.767311,0.386806,-0.511483,1.02,0.69,1.311,-1.101,1.4
1792,59.718,0.98,1,0.805604,0.392765,-0.443551,0.775064,0.372755,-0.510225,1.028,0.676,1.325,-1.116,1.412
1793,59.751,0.98,1,0.813471,0.384023,-0.436797,0.782265,0.363831,-0.505656,1.037,0.671,1.343,-1.132,1.429
1794,59.785,0.98,1,0.819773,0.376122,-0.431861,0.787472,0.359636,-0.50055,1.045,0.668,1.373,-1.154,1.459
1795,59.818,0.98,1,0.827685,0.36317,-0.427838,0.79239,0.347277,-0.501514,1.05,0.653,1.392,-1.178,1.474
1796,59.851,0.98,1,0.832978,0.353495,-0.425664,0.799824,0.337427,-0.496412,1.057,0.643,1.397,-1.194,1.485
1797,59.885,0.93,1,0.83357,0.34698,-0.429843,0.80243,0.330759,-0.496693,1.055,0.632,1.387,-1.2,1.473
1798,59.918,0.98,1,0.829637,0.348884,-0.43587,0.79726,0.334082,-0.502757,1.048,0.629,1.388,-1.192,1.457
1799,59.951,0.93,1,0.826764,0.351308,-0.439369,0.792737,0.337483,-0.507615,1.042,0.629,1.402,-1.176,1.444
1800,59.985,0.98,1,0.822009,0.364946,-0.437168,0.787098,0.351673,-0.506757,1.04,0.649,1.424,-1.149,1.446
1801,60.018,0.98,1,0.812939,0.384383,-0.43747,0.779432,0.372059,-0.504041,1.037,0.677,1.453,-1.109,1.451
1802,60.051,0.88,1,0.799592,0.410798,-0.43806,0.770255,0.397739,-0.498508,1.033,0.712,1.491,-1.062,1.468
1803,60.085,0.88,1,0.791767,0.427162,-0.43662,0.765271,0.415538,-0.491619,1.033,0.737,1.527,-1.035,1.488
1804,60.118,0.93,1,0.784368,0.440326,-0.436898,0.758228,0.429522,-0.490512,1.029,0.753,1.545,-1.012,1.496
1805,60.151,0.88,1,0.780162,0.446596,-0.438064,0.754957,0.436174,-0.489686,1.027,0.761,1.556,-0.999,1.502
1806,60.185,0.88,1,0.776539,0.454752,-0.436104,0.750056,0.446908,-0.487533,1.027,0.773,1.568,-0.988,1.513
1807,60.218,0.88,1,0.76988,0.462308,-0.43995,0.742064,0.453864,-0.493303,1.018,0.776,1.568,-0.973,1.512
1808,60.251,0.88,1,0.760515,0.47175,-0.446173,0.731699,0.465604,-0.497825,1.007,0.782,1.565,-0.955,1.506
1809,60.285,0.88,1,0.746865,0.479278,-0.460961,0.718363,0.474631,-0.508606,0.986,0.777,1.562,-0.933,1.504
1810,60.318,0.93,1,0.736831,0.480301,-0.475806,0.706101,0.476349,-0.523939,0.965,0.763,1.556,-0.918,1.494
1811,60.351,0.88,1,0.728268,0.480781,-0.488339,0.695567,0.479727,-0.534835,0.948,0.754,1.539,-0.907,1.478
1812,60.385,0.88,1,0.730401,0.486915,-0.478987,0.697617,0.483509,-0.528724,0.956,0.767,1.535,-0.91,1.49
1813,60.418,0.93,1,0.730418,0.493372,-0.472306,0.704806,0.488329,-0.514571,0.968,0.783,1.517,-0.912,1.491
1814,60.451,0.93,1,0.734769,0.494431,-0.464384,0.704763,0.488914,-0.514073,0.974,0.788,1.498,-0.925,1.488
1815,60.485,0.88,1,0.740469,0.491108,-0.458824,0.70708,0.483008,-0.516469,0.978,0.785,1.488,-0.939,1.49
1816,60.518,0.88,1,0.743647,0.484723,-0.46047,0.710644,0.476477,-0.517644,0.979,0.777,1.467,-0.952,1.486
1817,60.551,0.93,1,0.743179,0.478701,-0.467473,0.714524,0.467639,-0.520355,0.975,0.764,1.43,-0.964,1.479
1818,60.585,0.88,1,0.74482,0.469136,-0.474505,0.719682,0.454158,-0.525166,0.972,0.746,1.39,-0.983,1.472
1819,60.618,0.93,1,0.752011,0.454679,-0.477227,0.727424,0.437341,-0.52876,0.974,0.725,1.357,-1.012,1.459
1820,60.651,0.93,1,0.761754,0.43802,-0.477357,0.737671,0.418773,-0.529594,0.979,0.705,1.322,-1.044,1.437
1821,60.685,0.88,1,0.780834,0.421725,-0.460919,0.753392,0.4014,-0.520844,1.002,0.698,1.301,-1.084,1.416
1822,60.718,0.88,1,0.788514,0.409849,-0.458551,0.759018,0.389842,-0.521454,1.006,0.684,1.292,-1.105,1.4
1823,60.752,0.88,1,0.790945,0.404303,-0.459287,0.763047,0.385714,-0.518637,1.009,0.68,1.298,-1.108,1.398
1824,60.785,0.88,1,0.789211,0.403738,-0.462754,0.763659,0.385595,-0.517823,1.008,0.678,1.323,-1.102,1.418
1825,60.818,0.88,1,0.786456,0.402339,-0.468626,0.7598,0.383016,-0.525359,0.999,0.669,1.346,-1.099,1.445
1826,60.852,0.93,1,0.78807,0.397589,-0.469966,0.763533,0.377555,-0.523899,1.001,0.662,1.379,-1.098,1.48
1827,60.885,0.93,1,0.79565,0.388805,-0.464513,0.773135,0.367776,-0.516723,1.012,0.657,1.408,-1.113,1.519
1828,60.918,0.98,1,0.80176,0.383335,-0.458514,0.783456,0.36073,-0.506034,1.024,0.657,1.47,-1.13,1.595
1829,60.952,0.98,1,0.816566,0.37194,-0.441452,0.805156,0.347841,-0.480344,1.054,0.663,1.554,-1.151,1.709
1830,60.985,0.98,1,0.822691,0.364578,-0.436192,0.815401,0.33996,-0.46856,1.066,0.662,1.617,-1.169,1.791
1831,61.018,0.98,1,0.81865,0.361997,-0.445837,0.815972,0.340363,-0.467271,1.061,0.656,1.667,-1.149,1.839
1832,61.052,0.98,1,0.826401,0.350318,-0.440838,0.825833,0.324733,-0.46103,1.071,0.643,1.688,-1.161,1.881
1833,61.085,0.98,1,0.830041,0.341686,-0.440775,0.829992,0.31412,-0.460914,1.073,0.629,1.681,-1.175,1.888
1834,61.118,0.98,1,0.832489,0.335035,-0.441263,0.833047,0.305814,-0.460989,1.074,0.618,1.692,-1.184,1.906
1835,61.152,0.98,1,0.831984,0.331325,-0.445001,0.829482,0.299194,-0.471639,1.067,0.603,1.615,-1.192,1.836
1836,61.185,0.98,1,0.828233,0.332323,-0.451211,0.825476,0.298204,-0.479233,1.058,0.596,1.563,-1.189,1.803
1837,61.218,0.98,1,0.824761,0.332299,-0.457544,0.823088,0.296562,-0.484331,1.052,0.589,1.543,-1.182,1.798
1838,61.252,0.98,1,0.822007,0.325653,-0.467177,0.81746,0.290037,-0.497632,1.039,0.568,1.485,-1.188,1.731
1839,61.285,0.98,1,0.82321,0.334658,-0.458617,0.814815,0.301845,-0.49494,1.044,0.589,1.576,-1.177,1.784
1840,61.318,0.98,1,0.816353,0.318827,-0.481578,0.811057,0.284024,-0.511387,1.023,0.546,1.43,-1.189,1.662
1841,61.352,0.98,1,0.818326,0.3292,-0.471138,0.809626,0.295303,-0.507249,1.03,0.568,1.52,-1.179,1.721
1842,61.385,0.98,1,0.818722,0.32081,-0.476208,0.817438,0.288017,-0.498841,1.033,0.558,1.512,-1.186,1.739
1843,61.418,0.98,1,0.828141,0.320109,-0.460122,0.830862,0.288141,-0.476071,1.057,0.576,1.645,-1.191,1.88
1844,61.452,0.98,1,0.837185,0.327127,-0.438303,0.844998,0.292747,-0.447523,1.086,0.611,1.761,-1.177,2.033
1845,61.485,0.98,1,0.84013,0.337939,-0.42424,0.851557,0.307058,-0.42493,1.106,0.65,1.903,-1.141,2.172
1846,61.518,0.98,1,0.839929,0.338243,-0.424395,0.85441,0.308394,-0.418182,1.109,0.655,1.959,-1.127,2.237
1847,61.552,0.98,1,0.837549,0.339532,-0.428054,0.853213,0.309759,-0.419615,1.106,0.654,1.965,-1.118,2.251
1848,61.585,0.98,1,0.832834,0.342433,-0.434887,0.84774,0.313426,-0.427903,1.096,0.65,1.956,-1.107,2.241
1849,61.618,0.98,1,0.832403,0.344481,-0.434093,0.846732,0.313435,-0.429887,1.096,0.651,1.925,-1.102,2.217
1850,61.652,0.98,1,0.830606,0.351045,-0.432275,0.844581,0.320903,-0.428607,1.096,0.663,1.928,-1.083,2.209
1851,61.685,0.98,1,0.825456,0.360997,-0.433939,0.838282,0.332938,-0.431782,1.091,0.676,1.929,-1.06,2.192
1852,61.718,0.98,1,0.824613,0.365369,-0.431878,0.838493,0.338081,-0.427353,1.094,0.686,1.938,-1.047,2.201
1853,61.752,0.98,1,0.82225,0.365373,-0.436357,0.836464,0.337223,-0.431982,1.089,0.68,1.91,-1.059,2.189
1854,61.785,0.98,1,0.821947,0.364205,-0.437902,0.838013,0.336602,-0.429457,1.089,0.68,1.905,-1.064,2.195
1855,61.819,0.98,1,0.816056,0.366377,-0.447013,0.83217,0.33891,-0.4389,1.078,0.672,1.883,-1.06,2.181
1856,61.852,0.98,1,0.808279,0.366015,-0.461213,0.826804,0.339339,-0.448604,1.063,0.659,1.873,-1.05,2.189
1857,61.885,0.98,1,0.798127,0.368867,-0.476371,0.813944,0.342163,-0.469489,1.04,0.645,1.838,-1.047,2.147
1858,61.919,0.98,1,0.796587,0.365848,-0.481252,0.810572,0.336408,-0.479377,1.032,0.631,1.848,-1.038,2.159
1859,61.952,0.93,1,0.794604,0.365677,-0.484649,0.80618,0.334194,-0.48825,1.025,0.624,1.835,-1.042,2.149
1860,61.985,0.93,1,0.787108,0.370442,-0.493187,0.792729,0.344335,-0.503005,1.008,0.622,1.847,-1.035,2.111
1861,62.019,0.98,1,0.785139,0.374559,-0.493216,0.789891,0.352738,-0.501646,1.007,0.631,1.865,-1.031,2.11
1862,62.052,0.98,1,0.793113,0.374454,-0.480371,0.805309,0.349302,-0.479026,1.03,0.646,1.886,-1.029,2.177
1863,62.085,0.98,1,0.795893,0.371769,-0.477851,0.811139,0.345045,-0.472226,1.037,0.646,1.9,-1.026,2.208
1864,62.119,0.98,1,0.79754,0.374783,-0.472723,0.813628,0.346723,-0.466683,1.043,0.655,1.932,-1.01,2.247
1865,62.152,0.98,1,0.79815,0.377694,-0.469365,0.81793,0.353418,-0.453967,1.052,0.67,1.937,-1.005,2.256
1866,62.185,0.98,1,0.803661,0.37845,-0.459244,0.827032,0.356804,-0.434407,1.069,0.688,1.968,-0.995,2.288
1867,62.219,0.98,1,0.801939,0.382091,-0.459238,0.825454,0.360684,-0.434205,1.069,0.694,1.97,-0.993,2.296
1868,62.252,0.98,1,0.799221,0.38254,-0.463582,0.824026,0.361141,-0.43653,1.064,0.691,1.954,-0.993,2.291
1869,62.285,0.98,1,0.789718,0.397058,-0.467643,0.812709,0.376857,-0.44439,1.053,0.704,1.935,-0.989,2.281
1870,62.319,0.98,1,0.785571,0.39034,-0.480118,0.805514,0.375388,-0.45851,1.038,0.684,1.949,-0.975,2.244
1871,62.352,0.98,1,0.778157,0.393714,-0.489348,0.796634,0.38339,-0.467319,1.025,0.682,1.953,-0.964,2.217
1872,62.385,0.98,1,0.781746,0.390885,-0.485884,0.795263,0.380913,-0.471659,1.025,0.678,1.982,-0.951,2.207
1873,62.419,0.98,1,0.779184,0.393805,-0.487636,0.791527,0.385264,-0.474401,1.021,0.681,1.99,-0.941,2.206
1874,62.452,0.98,1,0.775862,0.395814,-0.491295,0.787447,0.387427,-0.479403,1.015,0.679,1.988,-0.937,2.203
1875,62.485,0.98,1,0.774621,0.392449,-0.49593,0.786608,0.383938,-0.48357,1.01,0.67,1.992,-0.937,2.208
1876,62.519,0.98,1,0.77473,0.390591,-0.497225,0.786969,0.381836,-0.484645,1.01,0.667,1.994,-0.937,2.209
1877,62.552,0.98,1,0.777393,0.386864,-0.49598,0.789792,0.37813,-0.482956,1.012,0.663,2.001,-0.94,2.216
1878,62.585,0.98,1,0.781221,0.382887,-0.493043,0.79304,0.372811,-0.481768,1.016,0.659,2.01,-0.944,2.223
1879,62.619,0.98,1,0.781445,0.382329,-0.493121,0.793476,0.372429,-0.481345,1.017,0.659,2.018,-0.947,2.229
1880,62.652,0.98,1,0.776865,0.385315,-0.498009,0.791636,0.377338,-0.48055,1.013,0.662,1.922,-0.969,2.148
1881,62.685,0.98,1,0.780423,0.380526,-0.496125,0.79375,0.371384,-0.4817,1.015,0.656,1.942,-0.97,2.153
1882,62.719,0.98,1,0.780653,0.380407,-0.495854,0.792436,0.370841,-0.484274,1.014,0.654,1.948,-0.971,2.158
1883,62.752,0.98,1,0.780483,0.388427,-0.489868,0.788212,0.37812,-0.485537,1.015,0.666,1.936,-0.973,2.143
1884,62.785,0.98,1,0.777441,0.391731,-0.49207,0.784719,0.383376,-0.487071,1.011,0.67,1.933,-0.971,2.141
1885,62.819,0.98,1,0.77644,0.395552,-0.490591,0.782543,0.386151,-0.488378,1.01,0.674,1.931,-0.973,2.141
1886,62.852,0.98,1,0.776784,0.395473,-0.490111,0.783231,0.38651,-0.48699,1.011,0.675,1.929,-0.974,2.14
1887,62.886,0.98,1,0.777136,0.39268,-0.491794,0.784148,0.384083,-0.487434,1.011,0.671,1.927,-0.976,2.137
1888,62.919,0.98,1,0.778658,0.393986,-0.488331,0.785715,0.384016,-0.484957,1.014,0.674,1.926,-0.977,2.139
1889,62.952,0.98,1,0.78048,0.392763,-0.486404,0.787372,0.382346,-0.483587,1.017,0.674,1.925,-0.981,2.138
1890,62.986,0.98,1,0.782901,0.390317,-0.484478,0.789697,0.378372,-0.482922,1.019,0.671,1.92,-0.987,2.135
1891,63.019,0.98,1,0.786465,0.387068,-0.481302,0.79378,0.375802,-0.478211,1.025,0.672,1.918,-0.994,2.129
1892,63.052,0.98,1,0.788118,0.387397,-0.478324,0.794786,0.375134,-0.477064,1.028,0.674,1.916,-0.999,2.127
1893,63.086,0.98,1,0.790434,0.383037,-0.478013,0.797592,0.370341,-0.476124,1.03,0.668,1.917,-1.006,2.126
1894,63.119,0.98,1,0.784701,0.380458,-0.489384,0.794786,0.368333,-0.482334,1.019,0.657,1.855,-1.024,2.069
1895,63.152,0.98,1,0.790572,0.378636,-0.481281,0.797684,0.365034,-0.480053,1.027,0.658,1.864,-1.032,2.067
1896,63.186,0.98,1,0.790289,0.371585,-0.487203,0.798555,0.357429,-0.484309,1.022,0.644,1.877,-1.036,2.082
1897,63.219,0.98,1,0.804355,0.361585,-0.471454,0.815314,0.338681,-0.469636,1.044,0.64,1.904,-1.052,2.165
1898,63.252,0.98,1,0.809524,0.355911,-0.466903,0.819682,0.330631,-0.467766,1.05,0.634,1.926,-1.059,2.19
1899,63.286,0.98,1,0.811866,0.350934,-0.466603,0.821132,0.328446,-0.466761,1.052,0.629,1.946,-1.069,2.186
1900,63.319,0.98,1,0.817518,0.348456,-0.458522,0.823893,0.32653,-0.463226,1.059,0.632,1.959,-1.079,2.177
1901,63.352,0.98,1,0.829514,0.343075,-0.440687,0.834819,0.321127,-0.447162,1.081,0.642,1.986,-1.097,2.188
1902,63.386,0.98,1,0.840884,0.343651,-0.418112,0.849359,0.323377,-0.417152,1.112,0.674,2.044,-1.1,2.245
1903,63.419,0.98,1,0.847507,0.329594,-0.416052,0.854968,0.306441,-0.418477,1.115,0.651,2.013,-1.129,2.216
1904,63.452,0.98,1,0.851891,0.318327,-0.415873,0.858822,0.291903,-0.420971,1.116,0.63,2.009,-1.153,2.225
1905,63.486,0.98,1,0.851673,0.313989,-0.4196,0.859276,0.286846,-0.423513,1.113,0.619,2.029,-1.16,2.251
1906,63.519,0.98,1,0.84958,0.313259,-0.424362,0.855623,0.28363,-0.432971,1.105,0.608,1.992,-1.173,2.228
1907,63.552,0.98,1,0.84708,0.315569,-0.427635,0.853898,0.2842,-0.435991,1.101,0.607,1.975,-1.167,2.222
1908,63.586,0.98,1,0.841893,0.322733,-0.432504,0.85068,0.291429,-0.437507,1.096,0.615,1.951,-1.159,2.213
1909,63.619,0.98,1,0.831906,0.327289,-0.448123,0.842717,0.294959,-0.450363,1.078,0.606,1.889,-1.153,2.168
1910,63.652,0.98,1,0.824848,0.333257,-0.456689,0.838833,0.303371,-0.452024,1.071,0.611,1.885,-1.14,2.18
1911,63.686,0.98,1,0.826267,0.34511,-0.445177,0.841108,0.316928,-0.438286,1.084,0.643,1.943,-1.112,2.231
1912,63.719,0.98,1,0.827145,0.347277,-0.441848,0.843298,0.322316,-0.430071,1.09,0.655,2.001,-1.09,2.277
1913,63.752,0.98,1,0.826709,0.351578,-0.439254,0.841392,0.328211,-0.429345,1.091,0.664,2.01,-1.078,2.273
1914,63.786,0.98,1,0.824684,0.356313,-0.439246,0.838133,0.334107,-0.431168,1.089,0.671,1.992,-1.071,2.245
1915,63.819,0.98,1,0.824016,0.355291,-0.441323,0.835852,0.332619,-0.43671,1.084,0.665,1.964,-1.068,2.207
1916,63.852,0.98,1,0.818114,0.356316,-0.451362,0.826837,0.335275,-0.451586,1.069,0.654,1.906,-1.072,2.127
1917,63.886,0.98,1,0.812298,0.354915,-0.462826,0.817605,0.335467,-0.467957,1.052,0.638,1.893,-1.063,2.089
1918,63.919,0.98,1,0.804932,0.355662,-0.474962,0.808147,0.340155,-0.480825,1.036,0.629,1.864,-1.057,2.033
1919,63.952,0.98,1,0.803628,0.353653,-0.478656,0.803671,0.342096,-0.486911,1.03,0.624,1.855,-1.051,1.982
1920,63.986,0.98,1,0.805594,0.348542,-0.4791,0.805973,0.344311,-0.481515,1.033,0.625,1.866,-1.045,1.954
1921,64.019,0.93,1,0.805927,0.353519,-0.474874,0.804228,0.35557,-0.476222,1.037,0.641,1.872,-1.034,1.936
1922,64.053,0.93,1,0.808254,0.352449,-0.471704,0.805936,0.356451,-0.472663,1.041,0.644,1.868,-1.038,1.922
1923,64.086,0.93,1,0.810707,0.345412,-0.4727,0.812122,0.352023,-0.465336,1.047,0.639,1.856,-1.044,1.927
1924,64.119,0.98,1,0.809019,0.343718,-0.476809,0.810395,0.34932,-0.470357,1.042,0.632,1.85,-1.055,1.929
1925,64.153,0.93,1,0.810257,0.35266,-0.468097,0.808857,0.357495,-0.466848,1.047,0.65,1.862,-1.033,1.901
1926,64.186,0.93,1,0.80988,0.34667,-0.473195,0.812666,0.355004,-0.46211,1.048,0.644,1.835,-1.041,1.896
1927,64.219,0.93,1,0.810611,0.344327,-0.473655,0.813798,0.350376,-0.463649,1.047,0.638,1.822,-1.053,1.898
1928,64.253,0.93,1,0.810966,0.341526,-0.475073,0.813934,0.343935,-0.46821,1.045,0.628,1.811,-1.062,1.899
1929,64.286,0.93,1,0.813657,0.336069,-0.474363,0.818323,0.336861,-0.465696,1.048,0.621,1.8,-1.074,1.897
1930,64.319,0.98,1,0.816527,0.330635,-0.473249,0.822434,0.329399,-0.463787,1.051,0.614,1.795,-1.083,1.898
1931,64.353,0.93,1,0.814631,0.364792,-0.450892,0.817659,0.370968,-0.440245,1.071,0.69,1.896,-1.023,1.944
1932,64.386,0.93,1,0.81424,0.36025,-0.455229,0.825618,0.368354,-0.427399,1.077,0.69,1.874,-1.036,1.972
1933,64.419,0.98,1,0.821054,0.361614,-0.441708,0.826348,0.366031,-0.427983,1.085,0.697,1.946,-1.024,2.013
1934,64.453,0.98,1,0.821905,0.362146,-0.439685,0.826504,0.368138,-0.42587,1.087,0.701,1.958,-1.017,2.008
1935,64.486,0.98,1,0.825529,0.358415,-0.435937,0.831179,0.365191,-0.419259,1.094,0.702,1.987,-1.015,2.029
1936,64.519,0.98,1,0.82613,0.358166,-0.435001,0.831477,0.364684,-0.419107,1.095,0.702,1.997,-1.018,2.038
1937,64.553,0.98,1,0.826103,0.356344,-0.436547,0.83127,0.35987,-0.423656,1.092,0.694,1.982,-1.031,2.031
1938,64.586,0.98,1,0.824848,0.356306,-0.438944,0.830113,0.356438,-0.428794,1.088,0.688,1.942,-1.05,2.007
1939,64.619,0.98,1,0.822035,0.35796,-0.442857,0.826248,0.355862,-0.436665,1.081,0.682,1.948,-1.057,2.018
1940,64.653,0.98,1,0.817342,0.363205,-0.447253,0.816347,0.353614,-0.456657,1.065,0.67,1.821,-1.097,1.917
1941,64.686,0.93,1,0.810477,0.362023,-0.460507,0.806227,0.345367,-0.480333,1.044,0.645,1.657,-1.129,1.789
1942,64.719,0.93,1,0.814857,0.34271,-0.467501,0.806938,0.321772,-0.495291,1.035,0.604,1.575,-1.161,1.719
1943,64.753,0.98,1,0.825558,0.32907,-0.458439,0.81477,0.303222,-0.494172,1.045,0.586,1.612,-1.18,1.762
1944,64.786,0.98,1,0.832705,0.316059,-0.454653,0.821934,0.279414,-0.49634,1.049,0.559,1.572,-1.201,1.783
1945,64.819,0.93,1,0.83094,0.315935,-0.457957,0.821158,0.277455,-0.498717,1.046,0.555,1.526,-1.2,1.747
1946,64.853,0.98,1,0.825368,0.314889,-0.468628,0.819641,0.283076,-0.498053,1.04,0.554,1.487,-1.203,1.691
1947,64.886,0.98,1,0.827848,0.320211,-0.460579,0.820424,0.288798,-0.493457,1.046,0.568,1.575,-1.196,1.751
1948,64.919,0.98,1,0.826338,0.310575,-0.469796,0.823689,0.278047,-0.494192,1.042,0.548,1.523,-1.209,1.734
1949,64.953,0.98,1,0.827863,0.307169,-0.469351,0.823983,0.272301,-0.496895,1.042,0.54,1.507,-1.217,1.725
1950,64.986,0.98,1,0.83062,0.299033,-0.469734,0.827611,0.262952,-0.4959,1.043,0.527,1.47,-1.227,1.696
1951,65.019,0.98,1,0.835888,0.300082,-0.459611,0.834395,0.265377,-0.483074,1.057,0.54,1.562,-1.229,1.79
1952,65.053,0.98,1,0.833701,0.318135,-0.451367,0.833574,0.286513,-0.472298,1.065,0.58,1.634,-1.194,1.856
1953,65.086,0.98,1,0.832958,0.32885,-0.445016,0.831256,0.298932,-0.468671,1.069,0.602,1.671,-1.172,1.876
1954,65.12,0.98,1,0.830813,0.328385,-0.449347,0.828094,0.297414,-0.475189,1.062,0.595,1.655,-1.171,1.857
1955,65.153,0.93,1,0.831196,0.32986,-0.447556,0.826048,0.299451,-0.477466,1.062,0.597,1.643,-1.167,1.834
1956,65.186,0.98,1,0.833051,0.328857,-0.444836,0.830317,0.304369,-0.466833,1.069,0.607,1.681,-1.173,1.849
1957,65.22,0.93,1,0.827688,0.326634,-0.456336,0.823925,0.298618,-0.481637,1.054,0.588,1.578,-1.179,1.77
1958,65.253,0.98,1,0.829755,0.324401,-0.45417,0.82496,0.297327,-0.480664,1.057,0.587,1.582,-1.186,1.756
1959,65.286,0.98,1,0.823408,0.329078,-0.462284,0.817034,0.301626,-0.491402,1.044,0.584,1.505,-1.182,1.675
1960,65.32,0.98,1,0.827392,0.338279,-0.448319,0.819437,0.311435,-0.481177,1.057,0.61,1.614,-1.171,1.766
1961,65.353,0.98,1,0.816015,0.341921,-0.466057,0.810772,0.316881,-0.492174,1.038,0.602,1.544,-1.158,1.707
1962,65.386,0.93,1,0.822395,0.344705,-0.452597,0.818913,0.318849,-0.477196,1.055,0.62,1.654,-1.146,1.806
1963,65.42,0.93,1,0.822436,0.349776,-0.448615,0.821512,0.325911,-0.467868,1.062,0.635,1.709,-1.126,1.856
1964,65.453,0.93,1,0.817791,0.353162,-0.454418,0.818819,0.330406,-0.469433,1.057,0.637,1.716,-1.106,1.863
1965,65.486,0.93,1,0.813713,0.36385,-0.453303,0.812169,0.340003,-0.474109,1.052,0.649,1.702,-1.089,1.844
1966,65.52,0.98,1,0.807211,0.368673,-0.460967,0.805229,0.343786,-0.483133,1.041,0.646,1.664,-1.077,1.809
1967,65.553,0.98,1,0.805741,0.371712,-0.461098,0.803638,0.34474,-0.485098,1.039,0.648,1.623,-1.071,1.777
1968,65.586,0.98,1,0.805456,0.372971,-0.460579,0.800079,0.342903,-0.49223,1.035,0.644,1.569,-1.07,1.736
1969,65.62,0.98,1,0.801146,0.374447,-0.466856,0.794623,0.342286,-0.501413,1.025,0.637,1.524,-1.067,1.696
1970,65.653,0.93,1,0.795491,0.383129,-0.469474,0.785473,0.349415,-0.510824,1.016,0.642,1.469,-1.06,1.647
1971,65.686,0.93,1,0.794085,0.382602,-0.472276,0.782458,0.347616,-0.516645,1.011,0.636,1.433,-1.061,1.611
1972,65.72,0.93,1,0.793307,0.384719,-0.471864,0.778624,0.350293,-0.520614,1.008,0.637,1.404,-1.06,1.576
1973,65.753,0.98,1,0.794068,0.384378,-0.47086,0.776586,0.349924,-0.523897,1.006,0.636,1.375,-1.061,1.537
1974,65.786,0.98,1,0.790834,0.396354,-0.466352,0.770406,0.364434,-0.523128,1.006,0.655,1.372,-1.058,1.529
1975,65.82,0.98,1,0.779088,0.401304,-0.48164,0.757394,0.373313,-0.535716,0.986,0.651,1.33,-1.045,1.488
1976,65.853,0.98,1,0.773966,0.401578,-0.489603,0.748117,0.373659,-0.54836,0.972,0.642,1.276,-1.04,1.44
1977,65.886,0.98,1,0.765635,0.40054,-0.50336,0.734963,0.368534,-0.56922,0.95,0.622,1.18,-1.023,1.349
1978,65.92,0.98,1,0.757365,0.398089,-0.517613,0.722496,0.363398,-0.588167,0.929,0.603,1.083,-1.004,1.266
1979,65.953,0.98,1,0.746251,0.397865,-0.533678,0.706759,0.360462,-0.608735,0.905,0.586,1.018,-0.991,1.22
1980,65.986,0.98,1,0.742582,0.391783,-0.543211,0.701365,0.352693,-0.619431,0.893,0.57,0.97,-0.987,1.185
1981,66.02,0.98,1,0.733275,0.394486,-0.553794,0.690708,0.355932,-0.629471,0.877,0.565,0.95,-0.978,1.168
1982,66.053,0.98,1,0.730878,0.395873,-0.55597,0.6887,0.357441,-0.630815,0.874,0.566,0.943,-0.975,1.164
1983,66.086,0.98,1,0.733801,0.394341,-0.553201,0.692537,0.353623,-0.628763,0.879,0.564,0.942,-0.978,1.172
1984,66.12,0.98,1,0.734598,0.392546,-0.553419,0.69429,0.351665,-0.627928,0.88,0.562,0.941,-0.98,1.175
1985,66.153,0.98,1,0.734624,0.391562,-0.554082,0.695493,0.350858,-0.627048,0.88,0.561,0.944,-0.981,1.177
1986,66.186,0.98,1,0.734564,0.394514,-0.552064,0.697261,0.355207,-0.622619,0.884,0.568,0.96,-0.979,1.189
1987,66.22,0.98,1,0.734116,0.400009,-0.548695,0.697591,0.362069,-0.618283,0.887,0.579,0.993,-0.98,1.213
1988,66.253,0.98,1,0.736243,0.402872,-0.543729,0.700334,0.367082,-0.612195,0.893,0.588,1.029,-0.981,1.235
1989,66.287,0.98,1,0.741525,0.401169,-0.537777,0.707994,0.365302,-0.6044,0.903,0.591,1.064,-0.985,1.258
1990,66.32,0.98,1,0.746122,0.401315,-0.53127,0.713005,0.366658,-0.597651,0.912,0.597,1.098,-0.993,1.286
1991,66.353,0.98,1,0.750015,0.404619,-0.523221,0.718343,0.371826,-0.587988,0.923,0.61,1.143,-0.992,1.313
1992,66.387,0.98,1,0.752334,0.406115,-0.518714,0.722187,0.376196,-0.58045,0.93,0.619,1.176,-0.993,1.337
1993,66.42,0.98,1,0.755335,0.40698,-0.51365,0.726662,0.378995,-0.572996,0.938,0.626,1.208,-1.003,1.367
1994,66.453,0.93,1,0.761152,0.400965,-0.509779,0.732328,0.372538,-0.57001,0.945,0.622,1.212,-1.016,1.374
1995,66.487,0.93,1,0.766544,0.394112,-0.507037,0.740374,0.366358,-0.563585,0.953,0.618,1.225,-1.027,1.393
1996,66.52,0.93,1,0.769261,0.387911,-0.507703,0.74221,0.359209,-0.565768,0.953,0.608,1.208,-1.041,1.386
1997,66.553,0.93,1,0.773939,0.380013,-0.506565,0.744525,0.347752,-0.56987,0.954,0.594,1.178,-1.054,1.37
1998,66.587,0.98,1,0.776245,0.373307,-0.508022,0.741077,0.339525,-0.579248,0.949,0.58,1.113,-1.07,1.322
1999,66.62,0.98,1,0.776295,0.372485,-0.508548,0.732674,0.335742,-0.592002,0.941,0.572,1.052,-1.083,1.273
2000,66.653,0.93,1,0.775971,0.364038,-0.515117,0.727723,0.325356,-0.60379,0.931,0.552,0.976,-1.085,1.206
2001,66.687,0.93,1,0.77709,0.353798,-0.520536,0.725975,0.312856,-0.612439,0.925,0.532,0.924,-1.087,1.158
2002,66.72,0.93,1,0.773063,0.352359,-0.527462,0.720372,0.311059,-0.619924,0.916,0.524,0.89,-1.083,1.124
2003,66.753,0.88,1,0.773386,0.350962,-0.52792,0.723093,0.308842,-0.617862,0.917,0.522,0.877,-1.084,1.112
2004,66.787,0.88,1,0.76849,0.353234,-0.533525,0.720096,0.30891,-0.621318,0.911,0.521,0.87,-1.071,1.105
2005,66.82,0.88,1,0.763204,0.365408,-0.532914,0.716269,0.319012,-0.620637,0.909,0.535,0.89,-1.052,1.119
2006,66.853,0.93,1,0.759974,0.375924,-0.530208,0.715822,0.329518,-0.615644,0.911,0.552,0.92,-1.042,1.144
2007,66.887,0.93,1,0.764177,0.375073,-0.524741,0.72445,0.330009,-0.605199,0.922,0.558,0.941,-1.055,1.17
2008,66.92,0.93,1,0.767387,0.379741,-0.516638,0.735554,0.340579,-0.585633,0.938,0.579,0.999,-1.068,1.219
2009,66.953,0.93,1,0.771907,0.390666,-0.501538,0.745182,0.358321,-0.562414,0.959,0.613,1.091,-1.077,1.284
2010,66.987,0.93,1,0.781319,0.407863,-0.472428,0.758246,0.381755,-0.528513,0.994,0.668,1.238,-1.088,1.4
2011,67.02,0.93,1,0.792075,0.41455,-0.448069,0.771997,0.392078,-0.500295,1.026,0.705,1.364,-1.093,1.501
2012,67.053,0.93,1,0.801931,0.417623,-0.427198,0.786261,0.397106,-0.473392,1.055,0.735,1.49,-1.089,1.593
2013,67.087,0.93,1,0.815421,0.417609,-0.400863,0.798127,0.4007,-0.449926,1.086,0.766,1.621,-1.077,1.688
2014,67.12,0.93,1,0.821074,0.421587,-0.38484,0.804976,0.406979,-0.431719,1.105,0.793,1.735,-1.055,1.777
2015,67.153,0.88,1,0.816204,0.427062,-0.389139,0.801421,0.415842,-0.429883,1.102,0.8,1.826,-1.017,1.847
2016,67.187,0.88,1,0.800961,0.433554,-0.412908,0.78937,0.425365,-0.442674,1.077,0.787,1.879,-0.971,1.885
2017,67.22,0.93,1,0.786845,0.435703,-0.43708,0.772832,0.424399,-0.471822,1.043,0.758,1.888,-0.924,1.886
2018,67.253,0.93,1,0.766354,0.444626,-0.463691,0.75224,0.433654,-0.496064,1.007,0.741,1.858,-0.875,1.85
2019,67.287,0.93,1,0.746408,0.456735,-0.484012,0.73411,0.443398,-0.514277,0.978,0.734,1.815,-0.834,1.798
2020,67.32,0.88,1,0.72724,0.472805,-0.497571,0.71534,0.459781,-0.526204,0.954,0.739,1.794,-0.8,1.785
2021,67.354,0.88,1,0.718733,0.481273,-0.501796,0.707985,0.471264,-0.525992,0.947,0.747,1.796,-0.779,1.79
2022,67.387,0.88,1,0.715839,0.487625,-0.499796,0.704541,0.481762,-0.521083,0.948,0.76,1.811,-0.77,1.798
2023,67.42,0.88,1,0.715456,0.494769,-0.493281,0.704523,0.495622,-0.507942,0.957,0.78,1.846,-0.761,1.82
2024,67.454,0.88,1,0.718572,0.494923,-0.488574,0.707666,0.503029,-0.496157,0.967,0.792,1.902,-0.753,1.851
2025,67.487,0.88,1,0.723453,0.487391,-0.488943,0.712211,0.498675,-0.494044,0.97,0.787,1.965,-0.744,1.881
2026,67.52,0.88,1,0.730582,0.471213,-0.494175,0.719275,0.484908,-0.497502,0.971,0.767,2.034,-0.734,1.906
2027,67.554,0.88,1,0.742026,0.451843,-0.495213,0.729901,0.467892,-0.498318,0.977,0.747,2.1,-0.727,1.925
2028,67.587,0.88,1,0.735119,0.446166,-0.510427,0.742848,0.442622,-0.502258,0.97,0.72,2.155,-0.719,1.933
2029,67.62,0.88,1,0.73498,0.453285,-0.504319,0.756033,0.393101,-0.523342,0.967,0.689,2.198,-0.72,1.928
2030,67.654,0.88,1,0.801797,0.321194,-0.50394,0.7586,0.432057,-0.487701,1.005,0.65,2.231,-0.73,1.918
2031,67.687,0.77,1,0.818388,0.312855,-0.482041,0.766233,0.332617,-0.549776,0.994,0.559,2.254,-0.734,1.911
2469,82.291,0.98,1,0.803886,0.330176,-0.494723,0.7974,0.282488,-0.533248,1.0,0.537,1.256,-1.168,1.576
2470,82.325,0.98,1,0.806884,0.337161,-0.485037,0.805533,0.293597,-0.514702,1.016,0.563,1.327,-1.165,1.628
2471,82.358,0.98,1,0.808452,0.344475,-0.477223,0.807422,0.303774,-0.505759,1.024,0.583,1.388,-1.162,1.673
2472,82.391,0.98,1,0.811159,0.35393,-0.465568,0.807222,0.314581,-0.499432,1.033,0.606,1.455,-1.158,1.72
2473,82.425,0.98,1,0.811255,0.362152,-0.459033,0.804862,0.326799,-0.495378,1.037,0.625,1.509,-1.152,1.748
2474,82.458,0.98,1,0.812086,0.370411,-0.450902,0.804228,0.338586,-0.488443,1.044,0.647,1.554,-1.143,1.775
2475,82.491,0.98,1,0.814249,0.369662,-0.447603,0.807665,0.341524,-0.480664,1.051,0.654,1.586,-1.142,1.795
2476,82.525,0.98,1,0.816582,0.365102,-0.447095,0.812191,0.338003,-0.475499,1.055,0.651,1.605,-1.143,1.807
2477,82.558,0.98,1,0.818422,0.363494,-0.445036,0.813746,0.336814,-0.473681,1.058,0.651,1.614,-1.144,1.811
2478,82.591,0.98,1,0.821472,0.36241,-0.440275,0.815087,0.337084,-0.471176,1.063,0.655,1.612,-1.146,1.798
2479,82.625,0.98,1,0.824603,0.361349,-0.435266,0.815717,0.337943,-0.469468,1.067,0.658,1.614,-1.148,1.785
2480,82.658,0.98,1,0.826974,0.360513,-0.431444,0.816425,0.338867,-0.467567,1.07,0.661,1.618,-1.145,1.764
2481,82.691,0.98,1,0.831054,0.356307,-0.427077,0.817717,0.335186,-0.467963,1.073,0.658,1.59,-1.141,1.711
2482,82.725,0.98,1,0.831112,0.357709,-0.425791,0.817262,0.340364,-0.465011,1.075,0.665,1.594,-1.132,1.694
2483,82.758,0.98,1,0.832592,0.355642,-0.424629,0.818109,0.339609,-0.464072,1.077,0.664,1.602,-1.13,1.688
2484,82.791,0.98,1,0.832175,0.355725,-0.425376,0.817138,0.34118,-0.464631,1.076,0.664,1.599,-1.128,1.678
2485,82.825,0.98,1,0.831171,0.357643,-0.425729,0.817451,0.343728,-0.462197,1.077,0.669,1.606,-1.126,1.688
2486,82.858,0.98,1,0.829555,0.359917,-0.426963,0.816968,0.345239,-0.461924,1.076,0.671,1.619,-1.123,1.703
2487,82.891,0.98,1,0.828404,0.363063,-0.426536,0.816468,0.348736,-0.460178,1.076,0.676,1.625,-1.122,1.713
2488,82.925,0.98,1,0.827401,0.366599,-0.425456,0.814542,0.34981,-0.462769,1.075,0.679,1.625,-1.118,1.719
2489,82.958,0.98,1,0.827599,0.365404,-0.426098,0.815481,0.348892,-0.461807,1.075,0.677,1.622,-1.117,1.719
2490,82.992,0.98,1,0.827847,0.365861,-0.425224,0.815387,0.348985,-0.461901,1.076,0.678,1.622,-1.116,1.722
2491,83.025,0.98,1,0.82579,0.369763,-0.425848,0.814051,0.353158,-0.461087,1.075,0.684,1.628,-1.112,1.729
2492,83.058,0.98,1,0.824371,0.37167,-0.426937,0.813526,0.355116,-0.460508,1.074,0.686,1.625,-1.108,1.726
2493,83.092,0.93,1,0.813707,0.390483,-0.430585,0.798795,0.375243,-0.470233,1.061,0.705,1.617,-1.096,1.709
2494,83.125,0.93,1,0.80306,0.412247,-0.430288,0.784142,0.396252,-0.477604,1.051,0.728,1.606,-1.068,1.684
2495,83.158,0.88,1,0.791583,0.429878,-0.434283,0.772762,0.413912,-0.481161,1.041,0.745,1.58,-1.037,1.65
2496,83.192,0.93,1,0.773854,0.444746,-0.450945,0.755257,0.425897,-0.498194,1.015,0.742,1.559,-0.996,1.621
2497,83.225,0.93,1,0.757652,0.457575,-0.465391,0.734683,0.434432,-0.521066,0.987,0.735,1.528,-0.964,1.584
2498,83.258,0.93,1,0.737143,0.47387,-0.481734,0.712955,0.445093,-0.541838,0.956,0.732,1.498,-0.918,1.536
2499,83.292,0.93,1,0.716718,0.490571,-0.495636,0.694132,0.461808,-0.552191,0.932,0.738,1.481,-0.876,1.512
2500,83.325,0.88,1,0.691397,0.513124,-0.508599,0.671387,0.491096,-0.555036,0.908,0.757,1.47,-0.839,1.504
2501,83.358,0.88,1,0.672257,0.527876,-0.519053,0.655041,0.510033,-0.557483,0.889,0.767,1.472,-0.806,1.505
2502,83.392,0.88,1,0.659215,0.541108,-0.522147,0.645183,0.525045,-0.555038,0.881,0.78,1.473,-0.784,1.512
2503,83.425,0.98,1,0.65201,0.547544,-0.524479,0.641993,0.531037,-0.553033,0.876,0.786,1.478,-0.766,1.52
2504,83.458,0.93,1,0.647343,0.549505,-0.528197,0.638148,0.532728,-0.555849,0.87,0.785,1.487,-0.758,1.526
2505,83.492,0.88,1,0.647457,0.547367,-0.530272,0.637287,0.533189,-0.556395,0.869,0.783,1.499,-0.755,1.532
2506,83.525,0.98,1,0.647377,0.55275,-0.524757,0.634848,0.539547,-0.553043,0.872,0.792,1.507,-0.755,1.538
2507,83.558,0.98,1,0.646373,0.551749,-0.527044,0.633744,0.541228,-0.552667,0.87,0.792,1.518,-0.751,1.534
2508,83.592,0.93,1,0.64549,0.55754,-0.522007,0.629361,0.550623,-0.548379,0.872,0.803,1.533,-0.744,1.533
2509,83.625,0.88,1,0.647624,0.564364,-0.511934,0.628244,0.559914,-0.540192,0.881,0.819,1.558,-0.736,1.534
2510,83.658,0.93,1,0.64645,0.570453,-0.506642,0.623232,0.572826,-0.532403,0.885,0.833,1.585,-0.723,1.53
2511,83.692,0.88,1,0.647455,0.579499,-0.494958,0.620076,0.587404,-0.520059,0.896,0.855,1.617,-0.709,1.53
2512,83.725,0.88,1,0.669605,0.558813,-0.489241,0.642444,0.570864,-0.511253,0.919,0.846,1.651,-0.702,1.51
2513,83.758,0.88,1,0.690054,0.534078,-0.488453,0.661041,0.549343,-0.511123,0.934,0.826,1.682,-0.708,1.482
2514,83.792,0.77,1,0.701434,0.513345,-0.494437,0.670775,0.530994,-0.51779,0.935,0.801,1.702,-0.712,1.447
2515,83.825,0.77,1,0.729771,0.443484,-0.520343,0.67172,0.501944,-0.544835,0.921,0.726,1.72,-0.711,1.424
2516,83.858,0.77,1,0.745315,0.401399,-0.532339,0.632269,0.554376,-0.541206,0.909,0.727,1.736,-0.712,1.414
2517,83.892,0.77,1,0.746344,0.378849,-0.547214,0.619466,0.5292,-0.579836,0.881,0.678,1.75,-0.708,1.397
2518,83.925,0.77,1,0.758102,0.400611,-0.514579,0.631841,0.556516,-0.539506,0.922,0.737,1.753,-0.706,1.39
2519,83.958,0.77,1,0.7463,0.404864,-0.52832,0.651464,0.535055,-0.537876,0.919,0.723,1.757,-0.705,1.394
2520,83.992,0.77,1,0.726508,0.446184,-0.522596,0.634922,0.540595,-0.551934,0.903,0.743,1.755,-0.707,1.393
2521,84.025,0.82,1,0.749071,0.404805,-0.524429,0.601584,0.581024,-0.548185,0.9,0.743,1.757,-0.712,1.399
2522,84.059,0.82,1,0.755196,0.382314,-0.532461,0.623002,0.541662,-0.564332,0.899,0.7,1.757,-0.717,1.404
2977,99.23,0.98,1,0.88168,0.198028,-0.428281,0.873839,0.20105,-0.442702,1.11,0.43,2.501,-1.069,2.475
2978,99.263,0.98,1,0.875725,0.223966,-0.42772,0.868487,0.220018,-0.44421,1.107,0.471,2.386,-1.095,2.398
2979,99.296,0.98,1,0.86762,0.255102,-0.4268,0.859449,0.246218,-0.448023,1.102,0.52,2.257,-1.111,2.311
2980,99.33,0.98,1,0.864061,0.269699,-0.425043,0.856473,0.256693,-0.447842,1.101,0.543,2.188,-1.116,2.278
2981,99.363,0.98,1,0.859514,0.280072,-0.427545,0.852924,0.262925,-0.450989,1.097,0.554,2.143,-1.118,2.267
2982,99.396,0.98,1,0.857401,0.285664,-0.428088,0.85044,0.266022,-0.453855,1.094,0.559,2.116,-1.121,2.261
2983,99.43,0.98,1,0.858177,0.288366,-0.424708,0.85195,0.267848,-0.449931,1.098,0.566,2.114,-1.117,2.267
2984,99.463,0.98,1,0.860216,0.283393,-0.423931,0.854484,0.262512,-0.448269,1.1,0.559,2.146,-1.109,2.303
2985,99.496,0.98,1,0.85972,0.284031,-0.424509,0.855596,0.263236,-0.445715,1.101,0.561,2.156,-1.102,2.323
2986,99.53,0.98,1,0.855331,0.288606,-0.43025,0.852155,0.264926,-0.451272,1.094,0.561,2.11,-1.115,2.298
2987,99.563,0.98,1,0.852278,0.291136,-0.434583,0.849446,0.262046,-0.45801,1.088,0.555,2.067,-1.128,2.289
2988,99.596,0.98,1,0.851365,0.293462,-0.434808,0.850082,0.263682,-0.455887,1.089,0.559,2.075,-1.118,2.307
2989,99.63,0.98,1,0.849607,0.298037,-0.435134,0.848404,0.267506,-0.456784,1.087,0.565,2.072,-1.115,2.312
2990,99.663,0.98,1,0.848545,0.300737,-0.43535,0.848216,0.268477,-0.456563,1.087,0.568,2.055,-1.116,2.308
2991,99.697,0.98,1,0.845936,0.302578,-0.439133,0.845659,0.270441,-0.460134,1.082,0.567,2.023,-1.119,2.276
2992,99.73,0.98,1,0.846744,0.303193,-0.437148,0.847182,0.270376,-0.457361,1.085,0.57,2.028,-1.116,2.287
2993,99.763,0.98,1,0.848638,0.302528,-0.433924,0.848553,0.26973,-0.455196,1.088,0.572,2.049,-1.109,2.301
2994,99.797,0.98,1,0.848017,0.303915,-0.43417,0.847623,0.271283,-0.456006,1.087,0.574,2.043,-1.11,2.296
2995,99.83,0.98,1,0.846048,0.306666,-0.436072,0.846132,0.273693,-0.457332,1.085,0.576,2.029,-1.111,2.288
2996,99.863,0.98,1,0.845235,0.306485,-0.437772,0.84664,0.273365,-0.456588,1.085,0.575,2.02,-1.113,2.286
2997,99.897,0.98,1,0.844909,0.308946,-0.436671,0.845717,0.275113,-0.457247,1.084,0.579,2.015,-1.114,2.288
2998,99.93,0.98,1,0.845769,0.306302,-0.436867,0.846906,0.271835,-0.457008,1.085,0.574,2.004,-1.118,2.278
2999,99.963,0.98,1,0.844817,0.30567,-0.439147,0.845999,0.270986,-0.459186,1.082,0.571,1.988,-1.123,2.264
3000,99.997,0.98,1,0.844027,0.309342,-0.438094,0.84539,0.27356,-0.458782,1.083,0.576,1.978,-1.121,2.263
3001,100.03,0.98,1,0.836183,0.320909,-0.444763,0.836334,0.285137,-0.468233,1.071,0.586,1.953,-1.112,2.238
3002,100.063,0.98,1,0.824775,0.340831,-0.451199,0.823939,0.303244,-0.478715,1.057,0.606,1.877,-1.096,2.179
3003,100.097,0.98,1,0.809228,0.366835,-0.458891,0.809413,0.328334,-0.486876,1.042,0.634,1.804,-1.068,2.121
3004,100.13,0.98,1,0.807932,0.375892,-0.453817,0.809581,0.338485,-0.47959,1.047,0.653,1.852,-1.027,2.118
3005,100.163,0.98,1,0.797869,0.390468,-0.459282,0.801803,0.35985,-0.477095,1.041,0.676,1.865,-0.998,2.108
3006,100.197,0.98,1,0.796115,0.389236,-0.463354,0.804427,0.364311,-0.469228,1.043,0.68,1.875,-0.984,2.102
3007,100.23,0.98,1,0.787855,0.406384,-0.462749,0.794821,0.386005,-0.468252,1.039,0.705,1.85,-0.99,2.059
3008,100.263,0.98,1,0.783736,0.407273,-0.468921,0.791548,0.39414,-0.467018,1.035,0.708,1.884,-0.994,2.07
3009,100.297,0.98,1,0.782682,0.407572,-0.470419,0.788645,0.398663,-0.468089,1.032,0.71,1.871,-1.0,2.036
3010,100.33,0.98,1,0.78974,0.397303,-0.467398,0.795988,0.388944,-0.463816,1.04,0.701,1.89,-1.013,2.046
3011,100.363,0.98,1,0.791164,0.392938,-0.468678,0.797713,0.385318,-0.463879,1.04,0.695,1.876,-1.019,2.03
3012,100.397,0.98,1,0.785066,0.401641,-0.471546,0.791261,0.396127,-0.46582,1.034,0.705,1.874,-1.012,2.033
3013,100.43,0.98,1,0.777621,0.406768,-0.479421,0.784687,0.402854,-0.471142,1.024,0.705,1.855,-0.998,2.017
3014,100.463,0.98,1,0.767718,0.414027,-0.489071,0.775538,0.410901,-0.479271,1.01,0.706,1.822,-0.983,1.99
3015,100.497,0.98,1,0.763433,0.418444,-0.492011,0.770184,0.414232,-0.485003,1.004,0.706,1.806,-0.978,1.979
3016,100.53,0.93,1,0.764176,0.419624,-0.489848,0.771083,0.413696,-0.484032,1.006,0.708,1.801,-0.981,1.979
3017,100.563,0.93,1,0.766664,0.416965,-0.488227,0.77384,0.410467,-0.482379,1.009,0.706,1.794,-0.991,1.978
3018,100.597,0.93,1,0.770757,0.412026,-0.485972,0.777465,0.403917,-0.482078,1.012,0.7,1.785,-1.001,1.97
3019,100.63,0.93,1,0.772331,0.408705,-0.486277,0.779344,0.399351,-0.482848,1.013,0.695,1.772,-1.007,1.96
3020,100.663,0.93,1,0.770895,0.409522,-0.487866,0.777878,0.40054,-0.484224,1.01,0.695,1.758,-1.01,1.948
3021,100.697,0.93,1,0.771016,0.40775,-0.489157,0.778375,0.397935,-0.485572,1.009,0.691,1.753,-1.012,1.944
3022,100.73,0.98,1,0.767326,0.412435,-0.491028,0.772202,0.4016,-0.492363,1.002,0.691,1.739,-1.015,1.928
3023,100.764,0.98,1,0.759572,0.423501,-0.493657,0.762151,0.412756,-0.498757,0.993,0.7,1.725,-1.01,1.91
3024,100.797,0.98,1,0.762429,0.427917,-0.485376,0.760623,0.414557,-0.499595,0.997,0.708,1.706,-1.003,1.888
3025,100.83,0.98,1,0.753505,0.441578,-0.487072,0.750318,0.427611,-0.504154,0.988,0.72,1.665,-0.988,1.847
3026,100.864,0.98,1,0.746186,0.452644,-0.488181,0.74235,0.43678,-0.508075,0.981,0.729,1.629,-0.973,1.813
3027,100.897,0.98,1,0.74016,0.460468,-0.490034,0.734413,0.441961,-0.51508,0.973,0.732,1.588,-0.957,1.775
3028,100.93,0.98,1,0.731687,0.470283,-0.493424,0.722894,0.447251,-0.526679,0.959,0.733,1.553,-0.938,1.743
3029,100.964,0.98,1,0.721781,0.479015,-0.499577,0.714964,0.455442,-0.530471,0.949,0.737,1.538,-0.921,1.735
3030,100.997,0.98,1,0.714021,0.485953,-0.504008,0.708438,0.461424,-0.534044,0.94,0.74,1.537,-0.91,1.741
3031,101.03,0.98,1,0.709115,0.491057,-0.505983,0.703015,0.465499,-0.537662,0.934,0.742,1.533,-0.902,1.747
3032,101.064,0.98,1,0.707717,0.494738,-0.504351,0.700336,0.467401,-0.539505,0.933,0.745,1.529,-0.901,1.756
3033,101.097,0.98,1,0.706114,0.494958,-0.506379,0.697999,0.466614,-0.543203,0.929,0.742,1.525,-0.903,1.764
3034,101.13,0.98,1,0.703439,0.49815,-0.506971,0.696445,0.469862,-0.542397,0.928,0.745,1.528,-0.9,1.777
3035,101.164,0.98,1,0.699898,0.501016,-0.509044,0.69348,0.472301,-0.544074,0.924,0.746,1.528,-0.897,1.786
3036,101.197,0.98,1,0.699349,0.501586,-0.509238,0.693207,0.472948,-0.54386,0.923,0.747,1.533,-0.898,1.797
3037,101.23,0.98,1,0.700335,0.501815,-0.507654,0.694528,0.47251,-0.542554,0.925,0.748,1.537,-0.899,1.808
3038,101.264,0.98,1,0.703019,0.501126,-0.504616,0.698416,0.472086,-0.537912,0.931,0.751,1.547,-0.901,1.822
3039,101.297,0.98,1,0.70554,0.500407,-0.501802,0.701503,0.471845,-0.534094,0.936,0.754,1.558,-0.904,1.835
3040,101.33,0.98,1,0.708277,0.498974,-0.499368,0.705206,0.470119,-0.530729,0.941,0.755,1.57,-0.906,1.851
3041,101.364,0.98,1,0.710981,0.498956,-0.49553,0.708234,0.468313,-0.528287,0.946,0.757,1.576,-0.907,1.861
3042,101.397,0.98,1,0.712034,0.499018,-0.493952,0.709156,0.467805,-0.5275,0.948,0.758,1.575,-0.909,1.865
3043,101.43,0.98,1,0.711757,0.500848,-0.492497,0.708381,0.469365,-0.527155,0.948,0.761,1.58,-0.908,1.87
3044,101.464,0.98,1,0.710581,0.501136,-0.4939,0.706939,0.470262,-0.52829,0.946,0.76,1.58,-0.907,1.872
3045,101.497,0.98,1,0.712152,0.499201,-0.493597,0.708903,0.46827,-0.527428,0.948,0.758,1.579,-0.909,1.872
3046,101.53,0.98,1,0.712534,0.498607,-0.493646,0.709516,0.466264,-0.528379,0.948,0.757,1.579,-0.909,1.874
3047,101.564,0.98,1,0.713548,0.498067,-0.492725,0.710525,0.465959,-0.527292,0.949,0.757,1.579,-0.91,1.875
3048,101.597,0.98,1,0.712834,0.498139,-0.493685,0.710012,0.466514,-0.527492,0.948,0.757,1.579,-0.911,1.875
3049,101.63,0.98,1,0.713865,0.497307,-0.493034,0.710745,0.464668,-0.528134,0.949,0.756,1.583,-0.912,1.878
3050,101.664,0.98,1,0.715358,0.496943,-0.491233,0.712599,0.464558,-0.525726,0.952,0.757,1.59,-0.911,1.883
3051,101.697,0.98,1,0.713698,0.49899,-0.491573,0.710732,0.467764,-0.525411,0.951,0.76,1.601,-0.907,1.892
3052,101.73,0.98,1,0.714371,0.499017,-0.490567,0.711617,0.467817,-0.524164,0.952,0.761,1.606,-0.905,1.894
3053,101.764,0.98,1,0.71463,0.499356,-0.489845,0.711793,0.468038,-0.523728,0.953,0.762,1.61,-0.904,1.898
3054,101.797,0.98,1,0.714786,0.499286,-0.489689,0.712393,0.468158,-0.522804,0.954,0.763,1.616,-0.904,1.903
3055,101.83,0.98,1,0.716463,0.497121,-0.489441,0.714425,0.466319,-0.521674,0.956,0.761,1.621,-0.905,1.908
3056,101.864,0.98,1,0.716891,0.498515,-0.487391,0.715361,0.467394,-0.519424,0.958,0.765,1.627,-0.903,1.915
3057,101.897,0.98,1,0.716617,0.4991,-0.487196,0.715601,0.470243,-0.516514,0.96,0.768,1.637,-0.899,1.922
3058,101.931,0.98,1,0.716065,0.497681,-0.489452,0.713772,0.466785,-0.52215,0.955,0.762,1.631,-0.905,1.919
3059,101.964,0.98,1,0.717851,0.497265,-0.487255,0.716002,0.466811,-0.519066,0.959,0.764,1.635,-0.905,1.923
3060,101.997,0.98,1,0.716867,0.499075,-0.486853,0.715384,0.469095,-0.517856,0.959,0.767,1.637,-0.903,1.925
3061,102.031,0.98,1,0.716032,0.499356,-0.487792,0.715156,0.470824,-0.516602,0.959,0.768,1.647,-0.903,1.933
3062,102.064,0.98,1,0.714116,0.501201,-0.488708,0.713751,0.474514,-0.515166,0.958,0.771,1.654,-0.898,1.937
3063,102.097,0.98,1,0.717337,0.50074,-0.484445,0.715873,0.471276,-0.515194,0.962,0.771,1.658,-0.901,1.943
3064,102.131,0.98,1,0.714789,0.501985,-0.486917,0.713724,0.474491,-0.515224,0.959,0.772,1.655,-0.9,1.939
3065,102.164,0.98,1,0.717386,0.501126,-0.483974,0.715962,0.471087,-0.515243,0.962,0.772,1.65,-0.904,1.937
3066,102.197,0.98,1,0.720371,0.499874,-0.480824,0.719032,0.470038,-0.511915,0.967,0.774,1.651,-0.907,1.935
3067,102.231,0.98,1,0.720764,0.50163,-0.4784,0.717759,0.4719,-0.511988,0.968,0.777,1.656,-0.912,1.939
3068,102.264,0.98,1,0.721198,0.502333,-0.477006,0.718419,0.476017,-0.50723,0.971,0.782,1.669,-0.912,1.942
3069,102.297,0.98,1,0.724256,0.50306,-0.471575,0.72168,0.477643,-0.501034,0.979,0.79,1.685,-0.912,1.948
3070,102.331,0.98,1,0.726994,0.501842,-0.468652,0.724655,0.477908,-0.496467,0.984,0.793,1.693,-0.91,1.945
3071,102.364,0.88,1,0.728775,0.501388,-0.466366,0.725414,0.479171,-0.494136,0.987,0.796,1.701,-0.909,1.942
3072,102.397,0.98,1,0.728253,0.5054,-0.462837,0.724676,0.486116,-0.488401,0.991,0.806,1.715,-0.902,1.945
3073,102.431,0.98,1,0.730905,0.506589,-0.457325,0.725669,0.48778,-0.485258,0.996,0.812,1.726,-0.9,1.941
3074,102.464,0.98,1,0.733867,0.503966,-0.455475,0.727896,0.486388,-0.483316,1.0,0.812,1.733,-0.898,1.938
3075,102.497,0.98,1,0.736002,0.503325,-0.452732,0.730145,0.487778,-0.478499,1.005,0.817,1.741,-0.894,1.934
3076,102.531,0.98,1,0.737785,0.502463,-0.450781,0.731507,0.489056,-0.475101,1.008,0.82,1.752,-0.887,1.928
3077,102.564,0.98,1,0.734221,0.503667,-0.455236,0.72768,0.494357,-0.475492,1.004,0.82,1.758,-0.881,1.918
3078,102.597,0.98,1,0.736647,0.503264,-0.451749,0.728215,0.494136,-0.474903,1.007,0.822,1.756,-0.881,1.901
3079,102.631,0.88,1,0.738673,0.502697,-0.449063,0.729463,0.494348,-0.472762,1.01,0.825,1.752,-0.883,1.888
3080,102.664,0.88,1,0.737645,0.502384,-0.451099,0.728296,0.495173,-0.473697,1.008,0.823,1.74,-0.884,1.872
3081,102.697,0.88,1,0.7364,0.502711,-0.452766,0.726034,0.497765,-0.474452,1.006,0.823,1.725,-0.886,1.852
3082,102.731,0.88,1,0.736288,0.500965,-0.454878,0.725605,0.496746,-0.476174,1.004,0.82,1.715,-0.885,1.834
3083,102.764,0.88,1,0.735154,0.50127,-0.456373,0.722596,0.497525,-0.47992,1.0,0.818,1.706,-0.881,1.81
3084,102.797,0.88,1,0.730672,0.502569,-0.462107,0.716726,0.497313,-0.48886,0.99,0.81,1.702,-0.872,1.78
3085,102.831,0.88,1,0.728566,0.501963,-0.466075,0.71625,0.497923,-0.488936,0.987,0.808,1.712,-0.854,1.761
3086,102.864,0.88,1,0.7277,0.506923,-0.462041,0.714116,0.50399,-0.485831,0.989,0.818,1.734,-0.853,1.771
3087,102.897,0.88,1,0.731971,0.502754,-0.459844,0.718873,0.503496,-0.479284,0.996,0.82,1.764,-0.857,1.79
3088,102.931,0.88,1,0.738188,0.497089,-0.45605,0.724248,0.500457,-0.474349,1.004,0.82,1.785,-0.871,1.805
3089,102.964,0.88,1,0.746096,0.486953,-0.454111,0.732983,0.491467,-0.470315,1.012,0.814,1.8,-0.889,1.816
3090,102.998,0.88,1,0.746817,0.484913,-0.455109,0.73255,0.488133,-0.474444,1.01,0.808,1.789,-0.898,1.805
3091,103.031,0.88,1,0.746881,0.484058,-0.455914,0.732115,0.487866,-0.475389,1.009,0.807,1.78,-0.888,1.787
3092,103.064,0.88,1,0.745259,0.483189,-0.459475,0.729667,0.485766,-0.481267,1.003,0.8,1.759,-0.877,1.754
3093,103.098,0.88,1,0.732949,0.495786,-0.465813,0.714277,0.500258,-0.489439,0.987,0.806,1.743,-0.856,1.721
3094,103.131,0.88,1,0.721827,0.505424,-0.472771,0.701606,0.512701,-0.494861,0.974,0.811,1.743,-0.838,1.706
3095,103.164,0.88,1,0.714201,0.511526,-0.477764,0.692554,0.51966,-0.500322,0.963,0.812,1.74,-0.826,1.696
3096,103.198,0.88,1,0.707468,0.516621,-0.482278,0.684534,0.52584,-0.504882,0.954,0.813,1.737,-0.819,1.687
3097,103.231,0.88,1,0.706227,0.518146,-0.482461,0.681516,0.53075,-0.503825,0.953,0.816,1.746,-0.815,1.69
3098,103.264,0.98,1,0.708451,0.518017,-0.479327,0.680085,0.531087,-0.505402,0.954,0.817,1.751,-0.816,1.687
3099,103.298,0.98,1,0.71118,0.516353,-0.477077,0.679801,0.530487,-0.506414,0.955,0.817,1.748,-0.816,1.673
3100,103.331,0.93,1,0.706458,0.519457,-0.480709,0.674252,0.534812,-0.509274,0.949,0.817,1.745,-0.809,1.663
3101,103.364,0.93,1,0.69896,0.518608,-0.492443,0.667928,0.53693,-0.515342,0.935,0.809,1.736,-0.794,1.648
3102,103.398,0.98,1,0.68549,0.519779,-0.509836,0.65754,0.5379,-0.527546,0.913,0.795,1.725,-0.775,1.637
3103,103.431,0.98,1,0.671567,0.522097,-0.52575,0.643912,0.540169,-0.541844,0.889,0.783,1.709,-0.758,1.627
3104,103.464,0.88,1,0.662366,0.523872,-0.535565,0.635725,0.544104,-0.547545,0.875,0.778,1.694,-0.746,1.621
3105,103.498,0.88,1,0.652431,0.533849,-0.537902,0.625672,0.552626,-0.550581,0.865,0.784,1.679,-0.732,1.617
3106,103.531,0.88,1,0.642009,0.546214,-0.538028,0.614661,0.564119,-0.551327,0.857,0.795,1.672,-0.721,1.622
3107,103.564,0.88,1,0.638403,0.554074,-0.53427,0.60985,0.571942,-0.548602,0.856,0.805,1.668,-0.719,1.629
3108,103.598,0.88,1,0.635655,0.557663,-0.533812,0.606654,0.574326,-0.549655,0.854,0.807,1.668,-0.717,1.633
3109,103.631,0.88,1,0.63623,0.560672,-0.529961,0.605205,0.576854,-0.548604,0.855,0.812,1.67,-0.719,1.635
3110,103.664,0.88,1,0.637024,0.559968,-0.529752,0.605731,0.577332,-0.54752,0.857,0.812,1.675,-0.719,1.636
3111,103.698,0.88,1,0.63769,0.560045,-0.528868,0.605982,0.576904,-0.547694,0.857,0.813,1.675,-0.72,1.636
3112,103.731,0.88,1,0.638358,0.559917,-0.528197,0.606406,0.575499,-0.5487,0.858,0.812,1.673,-0.72,1.637
3113,103.764,0.88,1,0.638534,0.560417,-0.527453,0.606091,0.576658,-0.547832,0.858,0.813,1.67,-0.721,1.633
3114,103.798,0.88,1,0.637974,0.559517,-0.529084,0.605404,0.575509,-0.549796,0.856,0.811,1.664,-0.719,1.627
3115,103.831,0.88,1,0.638924,0.558714,-0.528786,0.606157,0.573647,-0.550911,0.856,0.809,1.659,-0.722,1.624
3116,103.864,0.88,1,0.640467,0.558754,-0.526874,0.608152,0.57257,-0.549832,0.859,0.81,1.654,-0.723,1.622
3117,103.898,0.88,1,0.641281,0.557729,-0.52697,0.609394,0.570455,-0.550653,0.86,0.808,1.65,-0.724,1.623
3118,103.931,0.88,1,0.64203,0.556642,-0.527206,0.610761,0.570084,-0.549523,0.861,0.808,1.644,-0.726,1.621
3119,103.964,0.88,1,0.644647,0.554626,-0.526137,0.614116,0.566896,-0.549081,0.864,0.806,1.638,-0.73,1.618
3120,103.998,0.88,1,0.645052,0.556037,-0.524148,0.613739,0.567383,-0.549,0.865,0.808,1.632,-0.733,1.613
3121,104.031,0.88,1,0.64591,0.555029,-0.524159,0.614918,0.565407,-0.549718,0.865,0.807,1.623,-0.738,1.607
3122,104.065,0.88,1,0.64592,0.554922,-0.524261,0.615187,0.564977,-0.549861,0.865,0.806,1.614,-0.742,1.602
3123,104.098,0.88,1,0.647316,0.554198,-0.523303,0.617049,0.563667,-0.549118,0.867,0.806,1.602,-0.748,1.595
3124,104.131,0.88,1,0.650273,0.551863,-0.522104,0.619847,0.560851,-0.54885,0.87,0.805,1.591,-0.755,1.585
3125,104.165,0.88,1,0.655801,0.549847,-0.517295,0.624013,0.557843,-0.547192,0.877,0.805,1.585,-0.762,1.575
3126,104.198,0.88,1,0.655903,0.549686,-0.517336,0.622805,0.562888,-0.543388,0.878,0.809,1.591,-0.764,1.56
3127,104.231,0.88,1,0.662217,0.546149,-0.51302,0.627323,0.561044,-0.540089,0.886,0.81,1.605,-0.765,1.548
3128,104.265,0.98,1,0.666437,0.544746,-0.509032,0.629267,0.560247,-0.538653,0.891,0.812,1.625,-0.762,1.543
3129,104.298,0.98,1,0.670812,0.539698,-0.508662,0.634459,0.557873,-0.535013,0.896,0.811,1.646,-0.757,1.54
3130,104.331,0.98,1,0.674118,0.53581,-0.508402,0.638688,0.554826,-0.533148,0.9,0.808,1.659,-0.751,1.532
3131,104.365,0.98,1,0.674171,0.532599,-0.511695,0.63943,0.551943,-0.535246,0.898,0.803,1.673,-0.744,1.525
3132,104.398,0.88,1,0.677653,0.524461,-0.515487,0.644549,0.544586,-0.536639,0.899,0.793,1.685,-0.739,1.515
3133,104.431,0.88,1,0.681407,0.517354,-0.517715,0.649675,0.537766,-0.537337,0.901,0.785,1.697,-0.736,1.508
3134,104.465,0.88,1,0.683641,0.513555,-0.518552,0.653134,0.533636,-0.53726,0.902,0.781,1.704,-0.729,1.504
3135,104.498,0.88,1,0.683076,0.513864,-0.51899,0.651786,0.534009,-0.538526,0.901,0.781,1.717,-0.724,1.508
3136,104.531,0.88,1,0.681618,0.515937,-0.518851,0.650007,0.534123,-0.540559,0.899,0.781,1.721,-0.718,1.508
3137,104.565,0.88,1,0.680019,0.513724,-0.523127,0.648949,0.533534,-0.542408,0.895,0.777,1.721,-0.716,1.505
3138,104.598,0.88,1,0.678649,0.513294,-0.525323,0.647182,0.531777,-0.546231,0.891,0.773,1.716,-0.713,1.498
3139,104.631,0.88,1,0.676532,0.51337,-0.527974,0.644346,0.531255,-0.550078,0.886,0.77,1.712,-0.71,1.491
3140,104.665,0.88,1,0.673351,0.517141,-0.528359,0.639152,0.53583,-0.551698,0.882,0.773,1.705,-0.704,1.484
3141,104.698,0.88,1,0.670694,0.516685,-0.53217,0.635831,0.536278,-0.55509,0.877,0.769,1.702,-0.698,1.475
3142,104.731,0.88,1,0.66922,0.519312,-0.53147,0.632939,0.538916,-0.55584,0.875,0.772,1.695,-0.693,1.467
3143,104.765,0.88,1,0.667229,0.520464,-0.532844,0.629903,0.538306,-0.559865,0.871,0.77,1.683,-0.69,1.455
3144,104.798,0.88,1,0.662584,0.523131,-0.536019,0.624294,0.539449,-0.565024,0.863,0.768,1.673,-0.686,1.447
3145,104.831,0.88,1,0.658076,0.524718,-0.540007,0.618908,0.539818,-0.57057,0.855,0.764,1.663,-0.682,1.44
3146,104.865,0.88,1,0.652931,0.526079,-0.544906,0.613068,0.542114,-0.574683,0.847,0.762,1.649,-0.677,1.434
3147,104.898,0.88,1,0.648295,0.523835,-0.552549,0.608184,0.541797,-0.580145,0.837,0.755,1.633,-0.674,1.424
3148,104.931,0.88,1,0.641744,0.527228,-0.556951,0.600564,0.545241,-0.584837,0.828,0.754,1.617,-0.67,1.419
3149,104.965,0.88,1,0.6363,0.529357,-0.561162,0.593481,0.549009,-0.588531,0.819,0.753,1.601,-0.67,1.416
3150,104.998,0.88,1,0.632724,0.53165,-0.563035,0.588755,0.550953,-0.591454,0.814,0.753,1.583,-0.668,1.409
3151,105.031,0.88,1,0.629561,0.534445,-0.563934,0.585725,0.554533,-0.591117,0.811,0.756,1.565,-0.667,1.402
3152,105.065,0.88,1,0.628131,0.534992,-0.565009,0.583693,0.553708,-0.593895,0.808,0.754,1.547,-0.668,1.392
3153,105.098,0.88,1,0.626345,0.536064,-0.565975,0.581444,0.55367,-0.596131,0.805,0.753,1.531,-0.667,1.382
3154,105.131,0.88,1,0.622663,0.538437,-0.567782,0.577133,0.555729,-0.598401,0.8,0.754,1.519,-0.665,1.374
3155,105.165,0.98,1,0.619536,0.539379,-0.570303,0.57344,0.55678,-0.600967,0.795,0.752,1.506,-0.661,1.364
3156,105.198,0.88,1,0.616263,0.541718,-0.57163,0.569132,0.559428,-0.602602,0.79,0.753,1.495,-0.657,1.355
3157,105.232,0.88,1,0.614607,0.541618,-0.573506,0.567375,0.55865,-0.604976,0.787,0.751,1.484,-0.653,1.344
3158,105.265,0.77,1,0.612191,0.542574,-0.575183,0.564086,0.559464,-0.607295,0.783,0.75,1.472,-0.65,1.335
3159,105.298,0.77,1,0.61273,0.5424,-0.574773,0.567548,0.561955,-0.601743,0.787,0.754,1.467,-0.65,1.332
3160,105.332,0.82,1,0.613564,0.543801,-0.572555,0.571019,0.56844,-0.592296,0.794,0.762,1.447,-0.649,1.326
3161,105.365,0.82,1,0.612226,0.54546,-0.572409,0.570104,0.570825,-0.590881,0.794,0.765,1.434,-0.649,1.327
3162,105.398,0.77,1,0.60986,0.546131,-0.574292,0.568241,0.570244,-0.593232,0.79,0.763,1.42,-0.645,1.322
3163,105.432,0.82,1,0.608423,0.546414,-0.575546,0.566725,0.570273,-0.594653,0.788,0.762,1.413,-0.644,1.325
3164,105.465,0.82,1,0.60726,0.548023,-0.575244,0.565808,0.569362,-0.596396,0.786,0.762,1.402,-0.644,1.324
3165,105.498,0.82,1,0.604571,0.551133,-0.575105,0.562672,0.571899,-0.596935,0.783,0.764,1.393,-0.647,1.33
3166,105.532,0.82,1,0.602688,0.551794,-0.576447,0.560659,0.571736,-0.598981,0.78,0.763,1.388,-0.647,1.336
3167,105.565,0.82,1,0.600574,0.554226,-0.57632,0.559795,0.572027,-0.599512,0.779,0.764,1.385,-0.649,1.352
3170,105.665,0.88,1,0.624923,0.541271,-0.562581,0.594666,0.53725,-0.598109,0.81,0.749,1.342,-0.711,1.444
3172,105.732,0.88,1,0.639362,0.530918,-0.556186,0.620241,0.516479,-0.590381,0.832,0.74,1.316,-0.754,1.508
3173,105.765,0.88,1,0.634242,0.535914,-0.557255,0.61663,0.515871,-0.59468,0.827,0.74,1.294,-0.771,1.527
3174,105.798,0.88,1,0.638377,0.537213,-0.55125,0.619104,0.50622,-0.600377,0.829,0.736,1.275,-0.786,1.542
3175,105.832,0.88,1,0.643379,0.531895,-0.550592,0.625967,0.497174,-0.600818,0.834,0.729,1.263,-0.798,1.554
3176,105.865,0.88,1,0.647969,0.530854,-0.546196,0.630752,0.495277,-0.597371,0.841,0.731,1.26,-0.809,1.564
3177,105.898,0.88,1,0.652742,0.534526,-0.536852,0.635501,0.499653,-0.58863,0.853,0.743,1.287,-0.814,1.579
3178,105.932,0.88,1,0.658196,0.531872,-0.532814,0.642787,0.504387,-0.576558,0.865,0.751,1.326,-0.815,1.59
3179,105.965,0.88,1,0.66155,0.531908,-0.528607,0.64818,0.514464,-0.561417,0.877,0.765,1.374,-0.814,1.611
3180,105.998,0.88,1,0.663327,0.537487,-0.520678,0.650593,0.529181,-0.544699,0.889,0.786,1.422,-0.808,1.639
3181,106.032,0.88,1,0.665366,0.538698,-0.51681,0.654005,0.536849,-0.532982,0.899,0.798,1.458,-0.804,1.654
3182,106.065,0.88,1,0.668219,0.539843,-0.511911,0.65517,0.540643,-0.527691,0.905,0.805,1.495,-0.796,1.661
3183,106.098,0.88,1,0.673221,0.542558,-0.5024,0.657594,0.543765,-0.52143,0.915,0.815,1.535,-0.79,1.676
3184,106.132,0.88,1,0.673952,0.543091,-0.500841,0.656601,0.542899,-0.52358,0.915,0.815,1.575,-0.779,1.683
3185,106.165,0.88,1,0.673283,0.542925,-0.501918,0.654175,0.542269,-0.527256,0.911,0.812,1.604,-0.761,1.672
3186,106.198,0.88,1,0.670074,0.542997,-0.506118,0.648862,0.546568,-0.529379,0.905,0.811,1.634,-0.744,1.66
3187,106.232,0.88,1,0.668258,0.541544,-0.510061,0.64506,0.546392,-0.534185,0.899,0.806,1.656,-0.731,1.651
3188,106.265,0.88,1,0.665605,0.541024,-0.514066,0.640714,0.546452,-0.53933,0.892,0.801,1.671,-0.718,1.637
3189,106.299,0.88,1,0.661889,0.540897,-0.518974,0.636214,0.545395,-0.545688,0.884,0.795,1.683,-0.702,1.629
3190,106.332,0.88,1,0.662508,0.53926,-0.519886,0.635589,0.544588,-0.547221,0.883,0.793,1.686,-0.692,1.61
3191,106.365,0.88,1,0.658944,0.538412,-0.525267,0.631529,0.542459,-0.553994,0.874,0.786,1.679,-0.681,1.586
3192,106.399,0.88,1,0.653772,0.540049,-0.530028,0.625977,0.545303,-0.557492,0.866,0.784,1.669,-0.671,1.568
3193,106.432,0.98,1,0.648162,0.542804,-0.534087,0.618565,0.549122,-0.561999,0.857,0.783,1.655,-0.666,1.557
3194,106.465,0.98,1,0.642987,0.546106,-0.536969,0.611278,0.554059,-0.565118,0.85,0.785,1.638,-0.665,1.547
3195,106.499,0.98,1,0.637321,0.54895,-0.54081,0.604282,0.55739,-0.569351,0.841,0.784,1.617,-0.665,1.537
3196,106.532,0.98,1,0.632374,0.551729,-0.543781,0.598073,0.560589,-0.572755,0.834,0.784,1.599,-0.664,1.529
3197,106.565,0.98,1,0.62843,0.55184,-0.548223,0.59327,0.561909,-0.576445,0.827,0.781,1.583,-0.665,1.524
3198,106.599,0.98,1,0.625682,0.552057,-0.55114,0.590244,0.561811,-0.579639,0.822,0.778,1.568,-0.667,1.517
3199,106.632,0.98,1,0.624508,0.553084,-0.551442,0.588142,0.562998,-0.580622,0.82,0.778,1.558,-0.669,1.514
3200,106.665,0.98,1,0.621552,0.553445,-0.554411,0.585043,0.563391,-0.583366,0.815,0.776,1.546,-0.672,1.51
3201,106.699,0.98,1,0.616752,0.555475,-0.557732,0.580351,0.565829,-0.585688,0.808,0.776,1.536,-0.672,1.515
3202,106.732,0.98,1,0.615711,0.556748,-0.557613,0.580646,0.564958,-0.586236,0.808,0.776,1.529,-0.671,1.523
3203,106.765,0.98,1,0.616446,0.557749,-0.555797,0.58267,0.566415,-0.582812,0.811,0.779,1.525,-0.679,1.538
3204,106.799,0.98,1,0.622004,0.556803,-0.550528,0.590847,0.563587,-0.577295,0.822,0.782,1.527,-0.69,1.563
3205,106.832,0.98,1,0.627362,0.55348,-0.547793,0.599284,0.559098,-0.572947,0.83,0.782,1.53,-0.697,1.587
3206,106.865,0.88,1,0.632474,0.551583,-0.543813,0.607326,0.552099,-0.571263,0.838,0.78,1.529,-0.699,1.613
3208,106.932,0.98,1,0.649168,0.536973,-0.53874,0.630126,0.531991,-0.56562,0.859,0.769,1.528,-0.726,1.657
3210,106.999,0.88,1,0.652438,0.531231,-0.540479,0.635603,0.522412,-0.568415,0.86,0.76,1.522,-0.738,1.676
3496,116.535,0.77,1,0.851911,0.254373,-0.457757,0.84441,0.27231,-0.461323,1.074,0.52,2.222,-1.089,2.11
3497,116.568,0.98,1,0.846476,0.287326,-0.448244,0.837321,0.30498,-0.453741,1.079,0.581,2.177,-1.077,2.1
3498,116.602,0.98,1,0.845317,0.293039,-0.446729,0.837964,0.312346,-0.4475,1.082,0.595,2.155,-1.061,2.075
3499,116.635,0.98,1,0.83029,0.314623,-0.460033,0.821089,0.334683,-0.462385,1.061,0.613,2.034,-1.068,1.952
3500,116.668,0.98,1,0.819779,0.3287,-0.468954,0.811962,0.349733,-0.467338,1.05,0.627,1.994,-1.053,1.925
3501,116.702,0.98,1,0.812165,0.33893,-0.474883,0.803996,0.360497,-0.472899,1.04,0.636,1.977,-1.039,1.921
3502,116.735,0.98,1,0.807901,0.344906,-0.477844,0.798283,0.362639,-0.480872,1.033,0.636,1.967,-1.031,1.925
3503,116.768,0.98,1,0.806144,0.348497,-0.478206,0.796402,0.365133,-0.482102,1.031,0.639,1.938,-1.033,1.903
3504,116.802,0.98,1,0.804603,0.352658,-0.477751,0.797656,0.369254,-0.476861,1.033,0.647,1.945,-1.03,1.918
3505,116.835,0.98,1,0.807615,0.349237,-0.475176,0.802867,0.364145,-0.472021,1.039,0.646,1.947,-1.038,1.93
3506,116.868,0.98,1,0.805831,0.350528,-0.477248,0.801077,0.365168,-0.474266,1.036,0.645,1.926,-1.045,1.911
3507,116.902,0.98,1,0.80742,0.35286,-0.472825,0.801854,0.367681,-0.471,1.04,0.652,1.93,-1.043,1.912
3508,116.935,0.98,1,0.806385,0.360077,-0.469136,0.798244,0.373372,-0.472651,1.04,0.662,1.897,-1.044,1.88
3509,116.968,0.98,1,0.80686,0.359584,-0.468695,0.798268,0.371664,-0.473956,1.04,0.66,1.896,-1.045,1.881
3510,117.002,0.98,1,0.807656,0.358991,-0.467779,0.797395,0.37155,-0.475512,1.039,0.659,1.881,-1.046,1.857
3511,117.035,0.98,1,0.807008,0.357259,-0.470217,0.797528,0.369598,-0.476808,1.038,0.655,1.878,-1.047,1.853
3512,117.068,0.98,1,0.808206,0.359053,-0.466781,0.798207,0.370987,-0.474589,1.041,0.66,1.883,-1.046,1.858
3513,117.102,0.98,1,0.805602,0.361001,-0.46977,0.795029,0.373508,-0.477933,1.036,0.659,1.864,-1.044,1.839
3514,117.135,0.98,1,0.803639,0.365385,-0.469742,0.791115,0.377162,-0.481546,1.033,0.663,1.837,-1.046,1.814
3515,117.168,0.98,1,0.808503,0.359378,-0.466016,0.798157,0.369559,-0.475785,1.041,0.659,1.838,-1.039,1.808
3516,117.202,0.93,1,0.808581,0.359591,-0.465716,0.797677,0.369866,-0.476351,1.04,0.659,1.833,-1.036,1.799
3517,117.235,0.93,1,0.800749,0.37087,-0.47038,0.787299,0.385441,-0.481244,1.031,0.672,1.818,-1.042,1.79
3518,117.268,0.93,1,0.799635,0.371874,-0.471481,0.784452,0.386064,-0.485376,1.027,0.67,1.786,-1.047,1.76
3519,117.302,0.93,1,0.808936,0.358688,-0.465795,0.798778,0.372722,-0.472263,1.043,0.662,1.783,-1.058,1.783
3520,117.335,0.93,1,0.801718,0.369236,-0.470013,0.785834,0.379858,-0.488029,1.028,0.664,1.766,-1.056,1.752
3521,117.368,0.93,1,0.810722,0.352293,-0.467568,0.802204,0.364595,-0.4728,1.043,0.651,1.761,-1.069,1.777
3522,117.402,0.93,1,0.79932,0.368151,-0.474924,0.783449,0.378933,-0.492563,1.022,0.658,1.734,-1.065,1.727
3523,117.435,0.93,1,0.811442,0.35027,-0.467838,0.800936,0.360165,-0.478313,1.04,0.644,1.73,-1.081,1.753
3524,117.469,0.98,1,0.811601,0.347334,-0.469748,0.804192,0.356166,-0.475836,1.041,0.64,1.728,-1.09,1.769
3525,117.502,0.93,1,0.80581,0.361825,-0.468778,0.79545,0.370301,-0.479726,1.036,0.657,1.789,-1.049,1.783
3526,117.535,0.93,1,0.806191,0.360775,-0.468932,0.799086,0.3738,-0.470887,1.041,0.663,1.773,-1.061,1.798
3527,117.569,0.93,1,0.806422,0.359266,-0.469693,0.800152,0.36954,-0.472436,1.04,0.658,1.763,-1.07,1.805
3528,117.602,0.93,1,0.806203,0.357893,-0.471114,0.801332,0.365581,-0.473517,1.04,0.654,1.758,-1.075,1.813
3529,117.635,0.93,1,0.797732,0.367725,-0.477914,0.785085,0.371411,-0.495677,1.019,0.649,1.723,-1.067,1.754
3530,117.669,0.93,1,0.80624,0.349887,-0.477029,0.799161,0.352259,-0.487089,1.03,0.629,1.715,-1.083,1.775
3531,117.702,0.93,1,0.807303,0.345398,-0.478501,0.801087,0.34438,-0.489553,1.029,0.619,1.713,-1.095,1.789
3532,117.735,0.93,1,0.797674,0.363185,-0.48147,0.785564,0.361124,-0.502472,1.015,0.635,1.696,-1.081,1.752
3533,117.769,0.93,1,0.807526,0.343644,-0.479385,0.798875,0.337994,-0.497553,1.024,0.609,1.682,-1.099,1.764
3534,117.802,0.93,1,0.808748,0.336135,-0.482638,0.80312,0.328669,-0.496966,1.025,0.596,1.69,-1.108,1.785
3535,117.835,0.98,1,0.800915,0.354326,-0.482688,0.789301,0.347401,-0.506278,1.014,0.617,1.66,-1.097,1.737
3536,117.869,0.98,1,0.80996,0.339723,-0.478073,0.799281,0.329108,-0.502829,1.023,0.598,1.64,-1.112,1.735
3537,117.902,0.98,1,0.812887,0.333582,-0.477427,0.802799,0.321071,-0.502422,1.026,0.589,1.646,-1.121,1.746
3538,117.935,0.98,1,0.813213,0.332749,-0.477455,0.80326,0.319956,-0.502396,1.026,0.588,1.649,-1.126,1.755
3539,117.969,0.93,1,0.81207,0.33149,-0.480267,0.803389,0.317654,-0.503648,1.024,0.583,1.646,-1.128,1.754
3540,118.002,0.98,1,0.801734,0.350651,-0.48401,0.791047,0.343168,-0.506439,1.014,0.611,1.641,-1.107,1.721
3541,118.035,0.98,1,0.813554,0.333937,-0.476042,0.80455,0.322774,-0.498514,1.029,0.593,1.63,-1.121,1.731
3542,118.069,0.98,1,0.816296,0.331292,-0.473187,0.807166,0.318998,-0.496712,1.032,0.591,1.638,-1.131,1.747
3543,118.102,0.98,1,0.801616,0.35077,-0.48412,0.790304,0.342517,-0.508037,1.013,0.61,1.607,-1.111,1.687
3544,118.135,0.98,1,0.816394,0.33362,-0.471379,0.805437,0.32089,-0.498297,1.032,0.594,1.611,-1.129,1.709
3545,118.169,0.98,1,0.818914,0.328475,-0.470621,0.809168,0.314998,-0.496008,1.035,0.587,1.63,-1.139,1.736
3546,118.202,0.98,1,0.806996,0.345705,-0.478795,0.796929,0.338366,-0.500413,1.023,0.61,1.642,-1.118,1.718
3547,118.235,0.98,1,0.81888,0.331957,-0.468231,0.808773,0.320226,-0.493296,1.037,0.596,1.642,-1.131,1.737
3548,118.269,0.98,1,0.807693,0.3446,-0.478416,0.797179,0.337492,-0.500604,1.023,0.609,1.641,-1.118,1.715
3549,118.302,0.98,1,0.820261,0.329929,-0.467245,0.810241,0.318156,-0.492226,1.039,0.594,1.644,-1.135,1.739
3550,118.335,0.98,1,0.811202,0.355819,-0.464052,0.806483,0.35315,-0.474205,1.045,0.647,1.826,-1.085,1.892
3551,118.369,0.98,1,0.810639,0.363348,-0.459176,0.807497,0.363067,-0.464898,1.052,0.666,1.871,-1.065,1.934
3552,118.402,0.98,1,0.805225,0.374965,-0.459362,0.800201,0.376121,-0.467131,1.047,0.681,1.88,-1.05,1.936
3553,118.435,0.93,1,0.791743,0.396946,-0.464304,0.783158,0.396674,-0.478868,1.031,0.7,1.821,-1.038,1.882
3554,118.469,0.93,1,0.797896,0.395167,-0.455198,0.780266,0.386445,-0.491777,1.03,0.69,1.718,-1.053,1.796
3555,118.502,0.98,1,0.789609,0.405781,-0.460282,0.76422,0.389232,-0.514263,1.011,0.684,1.611,-1.037,1.692
3556,118.536,0.98,1,0.770688,0.424729,-0.475021,0.740793,0.401765,-0.538341,0.98,0.684,1.51,-0.997,1.582
3557,118.569,0.98,1,0.738809,0.455093,-0.497043,0.704818,0.429006,-0.564966,0.937,0.694,1.453,-0.935,1.498
3558,118.602,0.88,1,0.708502,0.485314,-0.512343,0.670869,0.460922,-0.580935,0.901,0.713,1.422,-0.882,1.446
3559,118.636,0.88,1,0.686177,0.509623,-0.519081,0.645193,0.485581,-0.589862,0.876,0.731,1.412,-0.845,1.422
3560,118.669,0.88,1,0.676554,0.513856,-0.527472,0.639471,0.491906,-0.590851,0.866,0.732,1.407,-0.835,1.415
3561,118.702,0.88,1,0.674942,0.514043,-0.529351,0.638391,0.492734,-0.591329,0.864,0.732,1.395,-0.834,1.41
3562,118.736,0.88,1,0.6742,0.511285,-0.532956,0.639023,0.491483,-0.591687,0.863,0.728,1.377,-0.839,1.407
3563,118.769,0.93,1,0.678081,0.508318,-0.530866,0.642423,0.488677,-0.590328,0.867,0.727,1.344,-0.848,1.395
3564,118.802,0.93,1,0.679363,0.503539,-0.533773,0.642689,0.481995,-0.595509,0.864,0.718,1.307,-0.859,1.378
3565,118.836,0.88,1,0.68116,0.500273,-0.534554,0.640192,0.476357,-0.602693,0.86,0.71,1.264,-0.867,1.351
3566,118.869,0.88,1,0.683081,0.492827,-0.539,0.637929,0.463027,-0.615348,0.853,0.692,1.206,-0.87,1.303
3567,118.902,0.88,1,0.675849,0.494206,-0.546799,0.625816,0.460308,-0.62966,0.836,0.682,1.133,-0.863,1.242
3568,118.936,0.88,1,0.664911,0.498203,-0.556495,0.60949,0.461009,-0.644975,0.815,0.674,1.06,-0.844,1.192
3569,118.969,0.88,1,0.653035,0.504662,-0.564679,0.591079,0.461866,-0.661291,0.793,0.668,1.023,-0.822,1.17
3570,119.002,0.88,1,0.641467,0.514341,-0.569187,0.578686,0.472189,-0.664951,0.78,0.674,1.039,-0.805,1.172
3571,119.036,0.88,1,0.630773,0.521195,-0.574875,0.564678,0.48128,-0.670454,0.765,0.678,1.036,-0.793,1.18
3572,119.069,0.88,1,0.62633,0.523211,-0.577894,0.559023,0.484378,-0.672957,0.759,0.678,1.03,-0.79,1.185
3573,119.102,0.88,1,0.622518,0.52664,-0.578897,0.551242,0.488714,-0.676233,0.752,0.68,1.032,-0.788,1.192
3574,119.136,0.88,1,0.621842,0.521115,-0.584595,0.550257,0.485557,-0.679302,0.748,0.673,1.025,-0.791,1.189
3575,119.169,0.88,1,0.617,0.524542,-0.586657,0.539307,0.491693,-0.683657,0.738,0.675,1.02,-0.789,1.186
3576,119.202,0.88,1,0.614183,0.521219,-0.592546,0.532008,0.489447,-0.690948,0.729,0.667,1.005,-0.787,1.176
3577,119.236,0.88,1,0.613112,0.519336,-0.595301,0.527522,0.489143,-0.694594,0.724,0.664,0.995,-0.786,1.17
3578,119.269,0.88,1,0.612919,0.517055,-0.597482,0.529073,0.488677,-0.693741,0.724,0.662,0.99,-0.786,1.168
3579,119.302,0.88,1,0.610311,0.522144,-0.595723,0.52376,0.494905,-0.693358,0.722,0.668,0.994,-0.785,1.167
3580,119.336,0.88,1,0.611298,0.517316,-0.598914,0.526926,0.491014,-0.693725,0.722,0.662,0.986,-0.781,1.158
3581,119.369,0.88,1,0.615514,0.517253,-0.594636,0.533499,0.489072,-0.690063,0.73,0.664,0.995,-0.779,1.163
3582,119.402,0.88,1,0.617462,0.519092,-0.591003,0.540381,0.490531,-0.683643,0.737,0.67,1.012,-0.786,1.182
3583,119.436,0.88,1,0.628379,0.517738,-0.580593,0.560081,0.492584,-0.666086,0.761,0.681,1.049,-0.802,1.217
3584,119.469,0.88,1,0.639891,0.512567,-0.572551,0.584525,0.487679,-0.64846,0.787,0.686,1.092,-0.824,1.256
3585,119.502,0.88,1,0.658054,0.505239,-0.558299,0.609663,0.486318,-0.625945,0.819,0.697,1.134,-0.854,1.293
3586,119.536,0.88,1,0.673806,0.496669,-0.547088,0.629088,0.479557,-0.611779,0.844,0.7,1.178,-0.881,1.324
3587,119.569,0.88,1,0.683302,0.490752,-0.540612,0.644588,0.475999,-0.598274,0.862,0.704,1.216,-0.896,1.356
3588,119.602,0.88,1,0.689982,0.488439,-0.534183,0.654365,0.474752,-0.588573,0.875,0.709,1.249,-0.905,1.384
3589,119.636,0.88,1,0.698278,0.484122,-0.52729,0.665292,0.46988,-0.580172,0.889,0.711,1.286,-0.916,1.413
3590,119.669,0.93,1,0.711314,0.476335,-0.516853,0.680359,0.458997,-0.571343,0.907,0.71,1.317,-0.931,1.439
3591,119.703,0.93,1,0.715144,0.475496,-0.512321,0.686466,0.459036,-0.56396,0.916,0.715,1.346,-0.936,1.461
3592,119.736,0.93,1,0.715474,0.476849,-0.5106,0.68765,0.462852,-0.559379,0.919,0.721,1.375,-0.935,1.487
3593,119.769,0.93,1,0.71848,0.477733,-0.505527,0.692335,0.465094,-0.551688,0.928,0.728,1.404,-0.934,1.517
3594,119.803,0.93,1,0.719568,0.47841,-0.503335,0.694891,0.4667,-0.547099,0.932,0.733,1.419,-0.933,1.535
3595,119.836,0.93,1,0.725248,0.479096,-0.494451,0.703396,0.465793,-0.53691,0.946,0.742,1.438,-0.938,1.551
3596,119.869,0.88,1,0.729064,0.478777,-0.48912,0.710492,0.463937,-0.529116,0.955,0.747,1.444,-0.946,1.555
3597,119.903,0.88,1,0.729993,0.486473,-0.480057,0.711939,0.469174,-0.522512,0.963,0.761,1.441,-0.948,1.554
3598,119.936,0.98,1,0.737778,0.473417,-0.481207,0.719477,0.456729,-0.523213,0.967,0.747,1.418,-0.952,1.529
3599,119.969,0.98,1,0.732401,0.480882,-0.482018,0.711206,0.464793,-0.527403,0.961,0.753,1.395,-0.947,1.508
3600,120.003,0.98,1,0.723543,0.486957,-0.489243,0.700532,0.470961,-0.536144,0.947,0.751,1.357,-0.935,1.473
3601,120.036,0.98,1,0.719998,0.485953,-0.495431,0.69524,0.468625,-0.545006,0.937,0.742,1.323,-0.937,1.444
3602,120.069,0.98,1,0.714109,0.485248,-0.504561,0.689447,0.466376,-0.554217,0.925,0.732,1.293,-0.935,1.421
3603,120.103,0.93,1,0.707335,0.488198,-0.511214,0.683445,0.467243,-0.560881,0.914,0.728,1.284,-0.929,1.417
3604,120.136,0.93,1,0.706843,0.486884,-0.513144,0.685886,0.463403,-0.561087,0.914,0.724,1.28,-0.928,1.416
3605,120.169,0.93,1,0.707618,0.489468,-0.509606,0.687556,0.464636,-0.558014,0.918,0.729,1.289,-0.926,1.425
3606,120.203,0.93,1,0.707081,0.491389,-0.508501,0.688186,0.467217,-0.555075,0.919,0.734,1.309,-0.926,1.446
3607,120.236,0.93,1,0.711936,0.487526,-0.505436,0.696015,0.467645,-0.54486,0.93,0.738,1.339,-0.933,1.476
3608,120.269,0.93,1,0.723254,0.480636,-0.495875,0.709034,0.461875,-0.532862,0.948,0.742,1.359,-0.949,1.5
3609,120.303,0.88,1,0.726567,0.477877,-0.493694,0.710348,0.463601,-0.529603,0.952,0.744,1.379,-0.949,1.514
3610,120.336,0.88,1,0.728863,0.478401,-0.489787,0.711951,0.464805,-0.526386,0.957,0.748,1.411,-0.942,1.518
3611,120.369,0.88,1,0.732369,0.479999,-0.482946,0.71473,0.466144,-0.521413,0.964,0.756,1.453,-0.929,1.521
3612,120.403,0.93,1,0.725501,0.488726,-0.484557,0.709293,0.4805,-0.515775,0.962,0.77,1.503,-0.898,1.53
3613,120.436,0.88,1,0.714213,0.502489,-0.487241,0.69404,0.49873,-0.519209,0.95,0.783,1.546,-0.864,1.531
3614,120.469,0.88,1,0.702752,0.514261,-0.491605,0.677342,0.515057,-0.525285,0.936,0.791,1.576,-0.833,1.523
3615,120.503,0.88,1,0.697469,0.516206,-0.497059,0.671849,0.520192,-0.527275,0.929,0.791,1.601,-0.81,1.517
3616,120.536,0.88,1,0.694351,0.516726,-0.500871,0.668824,0.522886,-0.528455,0.924,0.79,1.62,-0.794,1.514
3617,120.569,0.88,1,0.691882,0.520634,-0.500239,0.665998,0.526406,-0.528529,0.922,0.794,1.637,-0.783,1.519
3618,120.603,0.88,1,0.686199,0.521421,-0.5072,0.661625,0.527447,-0.532965,0.914,0.79,1.637,-0.773,1.515
3619,120.636,0.88,1,0.684153,0.524202,-0.507096,0.659791,0.531206,-0.531504,0.913,0.793,1.634,-0.766,1.516
3620,120.669,0.88,1,0.680806,0.528048,-0.50761,0.65527,0.534916,-0.533371,0.909,0.796,1.63,-0.759,1.518
3621,120.703,0.88,1,0.676959,0.530377,-0.51032,0.650751,0.540495,-0.53328,0.905,0.798,1.622,-0.757,1.521
3622,120.736,0.88,1,0.677348,0.528444,-0.511806,0.650976,0.53956,-0.533953,0.904,0.796,1.617,-0.762,1.529
3623,120.77,0.93,1,0.675386,0.530841,-0.51192,0.648667,0.54156,-0.534738,0.902,0.798,1.608,-0.765,1.534
3624,120.803,0.93,1,0.671542,0.53021,-0.517599,0.645375,0.540295,-0.539975,0.894,0.791,1.592,-0.77,1.527
3625,120.836,0.88,1,0.670161,0.528369,-0.521258,0.644672,0.538508,-0.542594,0.891,0.787,1.577,-0.773,1.52
3626,120.87,0.88,1,0.668763,0.52862,-0.522797,0.643063,0.537239,-0.545751,0.887,0.784,1.562,-0.774,1.518
3627,120.903,0.88,1,0.666256,0.532133,-0.522434,0.639943,0.538878,-0.547798,0.884,0.786,1.548,-0.774,1.518
3628,120.936,0.88,1,0.663145,0.535103,-0.523358,0.636261,0.540923,-0.550068,0.88,0.787,1.532,-0.775,1.514
3629,120.97,0.88,1,0.661643,0.534622,-0.525744,0.634407,0.540454,-0.552664,0.877,0.784,1.52,-0.776,1.511
3630,121.003,0.88,1,0.662498,0.532575,-0.526745,0.635166,0.537645,-0.55453,0.876,0.78,1.503,-0.776,1.502
3631,121.036,0.88,1,0.661524,0.532,-0.528546,0.634712,0.537555,-0.555135,0.874,0.779,1.481,-0.778,1.497
3632,121.07,0.88,1,0.662896,0.525657,-0.533154,0.638401,0.531011,-0.5572,0.873,0.77,1.461,-0.78,1.494
3633,121.103,0.88,1,0.663384,0.527874,-0.53035,0.638801,0.529277,-0.55839,0.874,0.771,1.447,-0.781,1.493
3634,121.136,0.88,1,0.666525,0.526849,-0.527422,0.642118,0.524184,-0.559389,0.878,0.769,1.436,-0.783,1.493
3635,121.17,0.88,1,0.670458,0.523503,-0.525767,0.647386,0.518961,-0.558185,0.882,0.766,1.428,-0.791,1.499
3636,121.203,0.88,1,0.673674,0.521665,-0.523477,0.65095,0.515663,-0.557096,0.887,0.765,1.42,-0.8,1.509
3637,121.236,0.88,1,0.679422,0.513009,-0.524602,0.659696,0.504625,-0.556915,0.891,0.755,1.413,-0.81,1.519
3638,121.27,0.88,1,0.68592,0.506963,-0.522018,0.669053,0.496739,-0.552827,0.9,0.751,1.412,-0.824,1.54
3639,121.303,0.88,1,0.690936,0.506069,-0.516239,0.673794,0.491681,-0.551589,0.907,0.751,1.405,-0.837,1.554
3640,121.336,0.88,1,0.695163,0.505385,-0.511209,0.677417,0.488734,-0.549769,0.913,0.753,1.399,-0.851,1.567
3641,121.37,0.88,1,0.703094,0.500854,-0.504781,0.685796,0.480144,-0.546942,0.923,0.751,1.398,-0.867,1.584
3642,121.403,0.88,1,0.709763,0.499272,-0.496954,0.692329,0.474196,-0.543892,0.932,0.752,1.403,-0.879,1.606
3643,121.436,0.88,1,0.716099,0.495849,-0.49126,0.698804,0.466682,-0.542108,0.94,0.75,1.406,-0.896,1.627
3644,121.47,0.88,1,0.723969,0.488994,-0.486574,0.707091,0.456384,-0.540126,0.948,0.744,1.401,-0.919,1.648
3645,121.503,0.88,1,0.729786,0.478077,-0.488728,0.71404,0.442784,-0.5423,0.951,0.729,1.378,-0.944,1.66
3646,121.536,0.98,1,0.734762,0.468642,-0.490408,0.718702,0.425723,-0.549752,0.95,0.71,1.337,-0.966,1.667
4151,138.375,0.88,1,0.857363,0.261065,-0.443592,0.809499,0.20005,-0.551988,1.032,0.434,0.859,-1.262,1.207
4152,138.408,0.93,1,0.84685,0.304393,-0.436107,0.796575,0.250246,-0.550313,1.03,0.512,1.003,-1.232,1.312
4153,138.441,0.93,1,0.835563,0.342167,-0.429833,0.783115,0.292423,-0.548835,1.027,0.575,1.083,-1.203,1.369
4154,138.475,0.93,1,0.8255,0.355687,-0.438219,0.769584,0.310682,-0.557869,1.013,0.59,1.082,-1.189,1.363
4155,138.508,0.93,1,0.816741,0.362495,-0.448922,0.756463,0.318873,-0.571037,0.996,0.589,1.061,-1.174,1.341
4156,138.541,0.93,1,0.81032,0.366932,-0.456883,0.743237,0.32198,-0.586453,0.979,0.584,1.028,-1.164,1.306
4157,138.575,0.93,1,0.808353,0.355593,-0.469169,0.737688,0.307278,-0.601162,0.965,0.554,0.952,-1.164,1.239
4158,138.608,0.93,1,0.808679,0.342839,-0.478016,0.735894,0.293427,-0.610213,0.957,0.529,0.894,-1.163,1.184
4159,138.642,0.93,1,0.808239,0.327988,-0.489054,0.733629,0.278005,-0.620082,0.947,0.5,0.825,-1.163,1.117
4160,138.675,0.98,1,0.806868,0.31079,-0.502368,0.731385,0.261065,-0.630017,0.936,0.468,0.752,-1.156,1.04
4161,138.708,0.98,1,0.802758,0.294216,-0.518668,0.725169,0.245263,-0.643409,0.921,0.435,0.664,-1.142,0.945
4188,139.608,0.98,1,0.798736,0.276505,-0.534383,0.75224,0.214515,-0.622992,0.93,0.401,0.596,-1.099,0.943
4189,139.642,0.98,1,0.785956,0.335876,-0.519096,0.740281,0.281067,-0.610725,0.934,0.5,0.738,-1.091,1.032
4190,139.675,0.98,1,0.788392,0.34947,-0.506269,0.745231,0.294959,-0.598022,0.947,0.528,0.805,-1.1,1.088
4191,139.709,0.88,1,0.786683,0.348946,-0.509281,0.745554,0.294702,-0.597746,0.945,0.527,0.794,-1.097,1.085
4192,139.742,0.93,1,0.790712,0.364994,-0.491481,0.748358,0.309685,-0.586562,0.96,0.559,0.841,-1.117,1.134
4193,139.775,0.93,1,0.792667,0.361141,-0.491178,0.753883,0.30518,-0.58183,0.964,0.556,0.778,-1.128,1.085
4194,139.809,0.93,1,0.790008,0.368769,-0.489793,0.751799,0.309071,-0.582472,0.963,0.564,0.764,-1.12,1.073
4195,139.842,0.93,1,0.803152,0.375283,-0.462721,0.769125,0.310957,-0.558348,0.995,0.592,0.838,-1.143,1.15
4196,139.875,0.93,1,0.823244,0.371276,-0.429445,0.802746,0.30679,-0.511349,1.046,0.625,0.991,-1.18,1.314
4198,139.942,0.98,1,0.836257,0.418883,-0.353853,0.842029,0.31011,-0.441384,1.128,0.742,1.46,-1.201,1.861
4199,139.975,0.88,1,0.837366,0.351671,-0.418505,0.80686,0.323602,-0.494226,1.064,0.637,0.709,-1.197,0.722
4200,140.009,0.77,1,0.851409,0.317717,-0.417324,0.821596,0.240125,-0.517029,1.061,0.538,0.658,-1.232,0.735
4249,141.642,0.88,1,-0.537626,0.632877,-0.557158,-0.655187,0.575777,-0.489093,-0.851,0.857,1.358,0.371,-0.439
4251,141.709,0.88,1,-0.592943,0.636232,-0.493586,-0.670964,0.590093,-0.448996,-0.93,0.915,1.417,0.369,-0.407
4262,142.076,0.98,1,-0.598661,0.416561,-0.684165,-0.630237,0.382861,-0.67544,-0.735,0.532,0.258,0.714,-0.127
4263,142.109,0.98,1,-0.626556,0.356676,-0.692972,-0.638525,0.349772,-0.685526,-0.743,0.474,0.197,0.737,-0.049
4264,142.143,0.98,1,-0.641334,0.319663,-0.6975,-0.633235,0.330071,-0.700047,-0.739,0.435,0.162,0.735,0.001
4265,142.176,0.98,1,-0.652876,0.297402,-0.696638,-0.602832,0.320907,-0.730487,-0.722,0.409,0.151,0.741,0.026
4268,142.276,0.98,1,-0.674709,0.266783,-0.688182,-0.736951,0.298726,-0.606354,-0.829,0.412,0.12,0.734,0.049
4269,142.309,0.98,1,-0.70222,0.235723,-0.671805,-0.648189,0.381373,-0.659095,-0.793,0.434,0.127,0.744,0.012
4272,142.409,0.98,1,-0.68503,0.301353,-0.663265,-0.614454,0.310845,-0.725136,-0.752,0.415,0.202,0.756,-0.087
4273,142.443,0.98,1,-0.677656,0.309178,-0.667226,-0.648262,0.325876,-0.688158,-0.774,0.438,0.253,0.77,-0.128
4274,142.476,0.98,1,-0.67196,0.326157,-0.6649,-0.693596,0.349615,-0.629836,-0.812,0.481,0.31,0.795,-0.165
4275,142.509,0.98,1,-0.585342,0.336329,-0.737738,-0.723233,0.351403,-0.594517,-0.776,0.477,0.342,0.805,-0.178
4276,142.543,0.98,1,-0.521628,0.323979,-0.789267,-0.73323,0.361187,-0.576123,-0.743,0.465,0.348,0.78,-0.168
4277,142.576,0.98,1,-0.534941,0.315621,-0.783723,-0.600544,0.497214,-0.626199,-0.678,0.523,0.339,0.722,-0.14
4278,142.609,0.98,1,-0.467871,0.342613,-0.814686,-0.598151,0.49026,-0.633924,-0.634,0.522,0.342,0.693,-0.13
4279,142.643,0.98,1,-0.492638,0.367832,-0.788674,-0.754949,0.355812,-0.550863,-0.75,0.495,0.328,0.736,-0.116
4280,142.676,0.88,1,-0.586443,0.280185,-0.759987,-0.730063,0.366183,-0.57699,-0.778,0.45,0.307,0.808,-0.116
4283,142.776,0.98,1,-0.251864,0.291014,-0.922971,-0.413775,0.411029,-0.812309,-0.366,0.384,0.238,0.387,-0.008
4289,142.976,0.77,1,-0.107416,0.311393,-0.944191,-0.227546,0.45529,-0.860775,-0.183,0.402,0.18,0.222,-0.04
4340,144.677,0.98,1,-0.118998,0.508751,-0.85265,-0.368484,0.554504,-0.746153,-0.296,0.587,0.223,0.2,-0.034
4341,144.71,0.98,1,-0.150481,0.541367,-0.827211,-0.331959,0.654628,-0.679166,-0.31,0.671,0.214,0.223,-0.038
4364,145.477,0.98,1,-0.237185,0.195897,-0.951508,-0.292544,0.420052,-0.859055,-0.285,0.328,0.205,0.304,-0.051
4365,145.51,0.98,1,-0.246588,0.203481,-0.947518,-0.333805,0.40774,-0.849895,-0.312,0.328,0.21,0.357,-0.04
4366,145.544,0.98,1,-0.269054,0.227496,-0.935871,-0.374159,0.40086,-0.836251,-0.348,0.341,0.204,0.384,-0.031
4374,145.81,0.98,1,-0.291451,0.291104,-0.911216,-0.345019,0.405429,-0.846516,-0.347,0.377,0.248,0.427,-0.056
4375,145.844,0.98,1,-0.288957,0.346219,-0.892545,-0.344363,0.420707,-0.839297,-0.351,0.417,0.25,0.414,-0.055
4376,145.877,0.98,1,-0.276846,0.383737,-0.880967,-0.337062,0.414942,-0.845111,-0.342,0.433,0.251,0.398,-0.052
4377,145.91,0.98,1,-0.243363,0.401806,-0.882795,-0.345886,0.416194,-0.840919,-0.329,0.443,0.251,0.388,-0.049
4378,145.944,0.98,1,-0.239911,0.41277,-0.878672,-0.337425,0.426738,-0.83907,-0.324,0.455,0.255,0.386,-0.05
4379,145.977,0.98,1,-0.237616,0.425887,-0.873017,-0.343634,0.40305,-0.848214,-0.326,0.449,0.258,0.385,-0.051
4380,146.01,0.98,1,-0.229552,0.439,-0.868669,-0.359016,0.440237,-0.822981,-0.335,0.479,0.263,0.383,-0.053
4381,146.044,0.98,1,-0.186612,0.441032,-0.877876,-0.36495,0.414272,-0.833781,-0.312,0.463,0.274,0.377,-0.056
4382,146.077,0.98,1,-0.171071,0.445642,-0.878714,-0.36397,0.423752,-0.829434,-0.304,0.471,0.285,0.375,-0.06
4383,146.11,0.98,1,-0.180457,0.439185,-0.880086,-0.360811,0.423702,-0.830838,-0.306,0.467,0.289,0.374,-0.06
4384,146.144,0.98,1,-0.180897,0.4517,-0.873638,-0.364398,0.433788,-0.82404,-0.311,0.481,0.298,0.375,-0.061
4385,146.177,0.98,1,-0.18788,0.457714,-0.869022,-0.371347,0.435089,-0.820243,-0.32,0.486,0.301,0.378,-0.059
4386,146.21,0.98,1,-0.193962,0.465685,-0.863433,-0.353903,0.48076,-0.802261,-0.318,0.517,0.307,0.38,-0.053
4387,146.244,0.98,1,-0.185776,0.471975,-0.861816,-0.343999,0.499198,-0.795277,-0.309,0.53,0.311,0.377,-0.045
4388,146.277,0.98,1,-0.173707,0.478696,-0.860625,-0.361637,0.470001,-0.805182,-0.311,0.518,0.312,0.376,-0.04
4389,146.31,0.98,1,-0.179746,0.482925,-0.857015,-0.376506,0.464985,-0.801269,-0.324,0.519,0.313,0.38,-0.034
4390,146.344,0.98,1,-0.194449,0.482699,-0.853927,-0.378615,0.498845,-0.779618,-0.337,0.541,0.315,0.386,-0.028
4391,146.377,0.98,1,-0.213666,0.485494,-0.847727,-0.382571,0.513276,-0.768236,-0.353,0.554,0.317,0.39,-0.02
4392,146.411,0.98,1,-0.263143,0.487427,-0.832569,-0.39252,0.475307,-0.787408,-0.385,0.536,0.32,0.395,-0.014
4393,146.444,0.98,1,-0.269777,0.459614,-0.846153,-0.421472,0.441843,-0.791919,-0.399,0.503,0.319,0.4,-0.004
4394,146.477,0.98,1,-0.409065,0.341796,-0.846074,-0.428523,0.436222,-0.791251,-0.473,0.444,0.32,0.407,0.003
4395,146.511,0.98,1,-0.426497,0.310844,-0.849398,-0.423756,0.4426,-0.790276,-0.478,0.431,0.331,0.406,0.008
4396,146.544,0.98,1,-0.433442,0.29891,-0.850165,-0.411369,0.449644,-0.79284,-0.475,0.428,0.341,0.404,0.012
4397,146.577,0.98,1,-0.430012,0.297776,-0.852302,-0.433269,0.456234,-0.777257,-0.487,0.433,0.347,0.41,0.013
4398,146.611,0.98,1,-0.401425,0.343176,-0.849169,-0.455907,0.449593,-0.768124,-0.487,0.456,0.339,0.423,0.021
4399,146.644,0.98,1,-0.39974,0.353411,-0.845759,-0.432765,0.472126,-0.767992,-0.476,0.473,0.328,0.435,0.032
4400,146.677,0.98,1,-0.417243,0.280105,-0.864552,-0.424221,0.513147,-0.746134,-0.481,0.458,0.314,0.451,0.043
4401,146.711,0.98,1,-0.370672,0.288355,-0.882867,-0.464471,0.510139,-0.723895,-0.479,0.461,0.296,0.438,0.051
4402,146.744,0.98,1,-0.470226,0.273272,-0.839172,-0.488398,0.457824,-0.742876,-0.545,0.433,0.258,0.457,0.052
4426,147.544,0.98,1,-0.518158,0.334589,-0.787122,-0.732593,0.266781,-0.626207,-0.724,0.402,0.346,0.816,-0.123
4427,147.578,0.98,1,-0.546798,0.349382,-0.760884,-0.744858,0.244604,-0.62077,-0.752,0.406,0.349,0.819,-0.125
4428,147.611,0.98,1,-0.501504,0.41992,-0.756413,-0.670223,0.33848,-0.660478,-0.691,0.491,0.34,0.801,-0.118
4429,147.644,0.98,1,-0.485518,0.382031,-0.786336,-0.60293,0.525046,-0.600668,-0.665,0.579,0.279,0.757,-0.083
4519,150.645,0.98,1,-0.082096,0.190418,-0.978265,-0.353527,0.480558,-0.802548,-0.24,0.36,0.138,0.357,-0.084
4585,152.846,0.82,1,-0.460857,0.205015,-0.863469,-0.538709,0.442635,-0.716845,-0.564,0.389,0.246,0.577,-0.06
4646,154.88,0.98,1,-0.137266,0.41099,-0.901246,-0.294608,0.397251,-0.869136,-0.239,0.428,0.085,0.276,-0.061
4695,156.514,0.98,1,-0.376042,0.444528,-0.813011,-0.399401,0.453389,-0.796817,-0.449,0.509,0.19,0.595,-0.11
4696,156.547,0.98,1,-0.248928,0.40426,-0.880119,-0.454861,0.412903,-0.789058,-0.399,0.455,0.182,0.583,-0.116
4697,156.58,0.98,1,-0.338853,0.425453,-0.839148,-0.536848,0.436186,-0.722175,-0.511,0.504,0.21,0.628,-0.125
4698,156.614,0.98,1,-0.3772,0.426923,-0.821862,-0.487005,0.462429,-0.740935,-0.505,0.517,0.209,0.676,-0.124
4699,156.647,0.98,1,-0.442139,0.315884,-0.839482,-0.5592,0.443668,-0.700324,-0.577,0.458,0.215,0.694,-0.123
4705,156.847,0.98,1,-0.42309,0.325082,-0.845764,-0.527135,0.360139,-0.769694,-0.532,0.401,0.251,0.672,-0.113
4946,164.883,0.98,1,-0.430639,0.338915,-0.836473,-0.50848,0.413262,-0.755422,-0.533,0.441,0.194,0.639,-0.025
4947,164.916,0.98,1,-0.389303,0.352839,-0.850851,-0.426718,0.384498,-0.81858,-0.455,0.416,0.246,0.641,-0.041
4948,164.949,0.98,1,-0.367099,0.312559,-0.876097,-0.402603,0.416544,-0.815108,-0.427,0.407,0.226,0.583,-0.045
4980,166.016,0.98,1,-0.473693,0.272337,-0.837524,-0.616195,0.410924,-0.671897,-0.625,0.425,0.068,0.674,-0.002
4981,166.05,0.98,1,-0.558262,0.308147,-0.770317,-0.646809,0.433121,-0.627729,-0.711,0.488,0.109,0.756,-0.005
4982,166.083,0.98,1,-0.577529,0.324681,-0.749027,-0.655989,0.426128,-0.622972,-0.732,0.501,0.149,0.786,-0.019
4983,166.116,0.98,1,-0.550353,0.316416,-0.772652,-0.678564,0.396256,-0.618492,-0.724,0.473,0.197,0.8,-0.047
4984,166.15,0.98,1,-0.541284,0.299053,-0.785862,-0.651028,0.415038,-0.635536,-0.698,0.466,0.221,0.807,-0.059
4985,166.183,0.98,1,-0.501096,0.311039,-0.807563,-0.628484,0.411703,-0.659931,-0.656,0.458,0.239,0.811,-0.074
4986,166.216,0.98,1,-0.505037,0.321517,-0.800977,-0.595562,0.418877,-0.685455,-0.637,0.462,0.255,0.815,-0.084
4987,166.25,0.98,1,-0.508612,0.321219,-0.798832,-0.581932,0.415064,-0.69934,-0.629,0.457,0.267,0.818,-0.089
4988,166.283,0.98,1,-0.509736,0.316023,-0.800187,-0.582858,0.395697,-0.709719,-0.626,0.44,0.275,0.817,-0.094
4989,166.316,0.98,1,-0.505122,0.312799,-0.804368,-0.66105,0.381574,-0.646076,-0.677,0.446,0.277,0.83,-0.098
4990,166.35,0.98,1,-0.511752,0.32747,-0.794275,-0.697566,0.32623,-0.637946,-0.701,0.428,0.276,0.832,-0.095
5602,186.756,0.98,1,-0.210547,0.365139,-0.906832,-0.344376,0.386431,-0.855615,-0.305,0.403,0.042,0.398,-0.077
5605,186.856,0.98,1,-0.385971,0.228231,-0.893833,-0.41362,0.406455,-0.814686,-0.438,0.356,0.106,0.496,-0.105
5606,186.889,0.98,1,-0.373132,0.232351,-0.898212,-0.434132,0.405656,-0.804346,-0.443,0.359,0.126,0.522,-0.113
5607,186.923,0.98,1,-0.38013,0.315899,-0.869316,-0.504523,0.429317,-0.749095,-0.5,0.432,0.14,0.548,-0.121
5608,186.956,0.98,1,-0.291725,0.40821,-0.865021,-0.493786,0.451144,-0.743401,-0.454,0.491,0.139,0.577,-0.129
5609,186.989,0.98,1,-0.336039,0.367081,-0.867369,-0.569495,0.36374,-0.737135,-0.514,0.427,0.145,0.622,-0.131
5654,188.49,0.98,1,-0.499771,0.273949,-0.821694,-0.627913,0.3979,-0.66888,-0.648,0.423,0.213,0.749,-0.072
5655,188.523,0.98,1,-0.455042,0.273377,-0.847468,-0.532162,0.428007,-0.730488,-0.559,0.418,0.219,0.7,-0.07
5656,188.556,0.98,1,-0.460384,0.281155,-0.84202,-0.477204,0.415771,-0.774216,-0.526,0.407,0.24,0.664,-0.069
5657,188.59,0.98,1,-0.388179,0.261247,-0.88378,-0.440622,0.453536,-0.774698,-0.463,0.407,0.235,0.604,-0.07
5658,188.623,0.98,1,-0.367893,0.281409,-0.886264,-0.408838,0.450803,-0.793491,-0.433,0.411,0.229,0.579,-0.078
5659,188.657,0.98,1,-0.328195,0.318855,-0.889168,-0.397097,0.402707,-0.824706,-0.4,0.398,0.215,0.556,-0.069
5660,188.69,0.98,1,-0.309929,0.355783,-0.881682,-0.386669,0.380958,-0.839856,-0.384,0.404,0.208,0.523,-0.056
5661,188.723,0.98,1,-0.258512,0.377803,-0.889065,-0.394925,0.376455,-0.838043,-0.362,0.412,0.209,0.495,-0.046
5662,188.757,0.98,1,-0.213359,0.403755,-0.88964,-0.418834,0.366328,-0.830892,-0.352,0.421,0.216,0.475,-0.043
5663,188.79,0.98,1,-0.2493,0.411574,-0.876616,-0.435101,0.371913,-0.81998,-0.383,0.433,0.218,0.463,-0.037
5664,188.823,0.98,1,-0.256986,0.412408,-0.874001,-0.437186,0.372978,-0.818386,-0.389,0.434,0.223,0.464,-0.034
5665,188.857,0.98,1,-0.252599,0.415891,-0.87363,-0.42533,0.383356,-0.819837,-0.381,0.441,0.223,0.46,-0.029
5666,188.89,0.98,1,-0.256411,0.449446,-0.855717,-0.422402,0.395723,-0.815463,-0.386,0.468,0.23,0.453,-0.025
5667,188.923,0.98,1,-0.244789,0.409309,-0.878945,-0.415522,0.397649,-0.818057,-0.371,0.444,0.225,0.456,-0.024
5668,188.957,0.98,1,-0.255216,0.469634,-0.845168,-0.412626,0.412478,-0.812158,-0.383,0.489,0.232,0.447,-0.021
5669,188.99,0.98,1,-0.216509,0.470523,-0.855413,-0.404954,0.3989,-0.822734,-0.355,0.478,0.24,0.451,-0.021
5670,189.023,0.98,1,-0.259312,0.461734,-0.848268,-0.391704,0.43111,-0.812842,-0.374,0.493,0.249,0.443,-0.022
5671,189.057,0.98,1,-0.187725,0.492844,-0.849626,-0.383027,0.426956,-0.819146,-0.33,0.504,0.251,0.436,-0.018
5672,189.09,0.98,1,-0.170106,0.505731,-0.845754,-0.381881,0.433777,-0.816091,-0.321,0.515,0.254,0.429,-0.015
5673,189.123,0.98,1,-0.193153,0.503697,-0.84201,-0.392967,0.427864,-0.813947,-0.34,0.512,0.252,0.423,-0.009
5674,189.157,0.98,1,-0.21218,0.505541,-0.836306,-0.4043,0.42307,-0.810896,-0.358,0.513,0.258,0.422,-0.006
5675,189.19,0.98,1,-0.225534,0.509995,-0.830084,-0.421729,0.423151,-0.801928,-0.378,0.519,0.265,0.426,-0.004
5676,189.223,0.98,1,-0.215079,0.508362,-0.833852,-0.433215,0.409676,-0.802801,-0.377,0.511,0.272,0.429,-0.001
5677,189.257,0.98,1,-0.213151,0.507784,-0.834699,-0.442919,0.406377,-0.799175,-0.382,0.51,0.28,0.432,0.001
5678,189.29,0.98,1,-0.237968,0.497445,-0.834218,-0.451876,0.389117,-0.802743,-0.399,0.496,0.284,0.432,0.002
5679,189.323,0.98,1,-0.225736,0.504294,-0.833505,-0.456856,0.383571,-0.802593,-0.395,0.497,0.291,0.436,0.002
5680,189.357,0.98,1,-0.232117,0.504652,-0.831533,-0.445664,0.395256,-0.803216,-0.393,0.503,0.297,0.439,0.001
5681,189.39,0.98,1,-0.245475,0.501073,-0.82986,-0.449305,0.398889,-0.799383,-0.403,0.505,0.3,0.442,0.001
5682,189.423,0.98,1,-0.240449,0.506431,-0.828077,-0.452217,0.382002,-0.805961,-0.401,0.498,0.304,0.445,0.003
5683,189.457,0.98,1,-0.245574,0.509143,-0.824904,-0.469419,0.393839,-0.790276,-0.417,0.51,0.305,0.445,0.004
5684,189.49,0.98,1,-0.251913,0.505525,-0.825218,-0.459849,0.39783,-0.793896,-0.414,0.509,0.313,0.451,0.003
5685,189.523,0.98,1,-0.255728,0.497868,-0.828692,-0.463241,0.392407,-0.794622,-0.417,0.502,0.311,0.452,0.007
5686,189.557,0.98,1,-0.255996,0.504312,-0.824703,-0.464493,0.397101,-0.791554,-0.419,0.509,0.313,0.454,0.007
5687,189.59,0.98,1,-0.275178,0.495491,-0.823872,-0.523763,0.331097,-0.784887,-0.461,0.475,0.33,0.469,0.001
5688,189.623,0.98,1,-0.27616,0.491599,-0.825873,-0.523343,0.32773,-0.786578,-0.46,0.47,0.332,0.471,0.003
5689,189.657,0.98,1,-0.2748,0.498404,-0.82224,-0.526675,0.321993,-0.786724,-0.462,0.472,0.334,0.468,0.004
5690,189.69,0.98,1,-0.268487,0.489847,-0.829436,-0.530976,0.306049,-0.790189,-0.459,0.457,0.342,0.475,0.002
5691,189.723,0.98,1,-0.278196,0.485493,-0.828796,-0.517259,0.324652,-0.791862,-0.456,0.464,0.339,0.473,0.007
5692,189.757,0.98,1,-0.26326,0.496628,-0.827076,-0.520548,0.327084,-0.788699,-0.452,0.471,0.339,0.475,0.008
5693,189.79,0.98,1,-0.276365,0.500546,-0.820412,-0.524953,0.327382,-0.78565,-0.463,0.476,0.339,0.475,0.01
5694,189.824,0.98,1,-0.267496,0.50611,-0.819938,-0.531628,0.336116,-0.77743,-0.464,0.485,0.348,0.482,0.009
5695,189.857,0.98,1,-0.281386,0.50065,-0.81864,-0.523112,0.321237,-0.789405,-0.464,0.472,0.349,0.481,0.01
5696,189.89,0.98,1,-0.28309,0.491789,-0.82341,-0.524479,0.321353,-0.78845,-0.464,0.467,0.349,0.478,0.01
5697,189.924,0.98,1,-0.279835,0.494404,-0.822956,-0.526675,0.303174,-0.794166,-0.463,0.458,0.36,0.483,0.006
5698,189.957,0.98,1,-0.291507,0.504214,-0.812891,-0.520621,0.330357,-0.787286,-0.47,0.481,0.358,0.479,0.005
5699,189.99,0.98,1,-0.291681,0.503318,-0.813384,-0.515076,0.317367,-0.796225,-0.465,0.472,0.36,0.48,0.005
5700,190.024,0.98,1,-0.286428,0.50037,-0.817061,-0.516599,0.312278,-0.79725,-0.462,0.466,0.361,0.48,0.004
5701,190.057,0.98,1,-0.287492,0.490529,-0.822636,-0.533121,0.289698,-0.794894,-0.469,0.449,0.362,0.479,0.002
5702,190.09,0.98,1,-0.269833,0.505727,-0.819409,-0.517352,0.310631,-0.797405,-0.453,0.468,0.36,0.474,0.001
5703,190.124,0.98,1,-0.275814,0.502923,-0.819143,-0.51251,0.320829,-0.796494,-0.454,0.472,0.363,0.473,-0.003
5704,190.157,0.98,1,-0.289388,0.504824,-0.813269,-0.500194,0.405574,-0.765059,-0.464,0.523,0.346,0.452,-0.001
5705,190.19,0.98,1,-0.286475,0.483135,-0.827353,-0.500511,0.401324,-0.76709,-0.458,0.506,0.343,0.456,-0.007
5706,190.224,0.98,1,-0.288503,0.4813,-0.827718,-0.492867,0.412689,-0.766009,-0.456,0.511,0.339,0.451,-0.01
5707,190.257,0.98,1,-0.296814,0.477092,-0.827215,-0.483919,0.412104,-0.772006,-0.454,0.507,0.335,0.452,-0.013
5708,190.29,0.98,1,-0.296988,0.473036,-0.829479,-0.486196,0.405025,-0.774318,-0.454,0.501,0.332,0.453,-0.014
5709,190.324,0.98,1,-0.303041,0.471161,-0.828356,-0.481886,0.41688,-0.770712,-0.456,0.507,0.336,0.456,-0.018
5710,190.357,0.98,1,-0.294389,0.469643,-0.832328,-0.482936,0.412798,-0.772251,-0.451,0.503,0.335,0.454,-0.018
5711,190.39,0.98,1,-0.277483,0.472888,-0.83629,-0.464644,0.450483,-0.762345,-0.435,0.524,0.335,0.452,-0.019
5712,190.424,0.98,1,-0.253372,0.454073,-0.854178,-0.446481,0.449284,-0.773821,-0.406,0.507,0.334,0.448,-0.02
5713,190.457,0.98,1,-0.267676,0.462853,-0.845054,-0.439903,0.456853,-0.773156,-0.412,0.517,0.338,0.439,-0.019
5714,190.49,0.98,1,-0.229637,0.473429,-0.850372,-0.432514,0.450993,-0.780729,-0.386,0.516,0.338,0.425,-0.016
5715,190.524,0.98,1,-0.222729,0.483707,-0.846415,-0.428329,0.454477,-0.781015,-0.381,0.523,0.34,0.413,-0.016
5716,190.557,0.98,1,-0.202171,0.495506,-0.844749,-0.43372,0.459071,-0.775333,-0.374,0.532,0.338,0.403,-0.017
5717,190.59,0.98,1,-0.203358,0.50647,-0.837934,-0.432415,0.456973,-0.777299,-0.375,0.538,0.337,0.398,-0.015
5718,190.624,0.98,1,-0.195107,0.498996,-0.844356,-0.416582,0.453752,-0.787762,-0.359,0.528,0.337,0.393,-0.015
5719,190.657,0.98,1,-0.203858,0.501177,-0.84099,-0.42226,0.44914,-0.787382,-0.367,0.528,0.336,0.389,-0.011
5720,190.69,0.98,1,-0.199692,0.5109,-0.836125,-0.426009,0.427417,-0.79739,-0.366,0.521,0.34,0.385,-0.007
5721,190.724,0.98,1,-0.201565,0.516381,-0.832299,-0.419897,0.43627,-0.795836,-0.365,0.529,0.341,0.382,-0.007
5722,190.757,0.98,1,-0.201066,0.517992,-0.831418,-0.421095,0.438959,-0.793722,-0.366,0.532,0.343,0.38,-0.007
5723,190.79,0.98,1,-0.190676,0.519268,-0.833069,-0.416496,0.448016,-0.791083,-0.358,0.537,0.345,0.38,-0.007
5724,190.824,0.98,1,-0.219493,0.519453,-0.825828,-0.405783,0.474775,-0.780979,-0.371,0.554,0.351,0.381,-0.009
5725,190.857,0.98,1,-0.253941,0.51749,-0.81714,-0.430512,0.47051,-0.770246,-0.407,0.557,0.356,0.381,-0.011
5726,190.891,0.98,1,-0.255778,0.477903,-0.840349,-0.435235,0.463881,-0.771612,-0.405,0.529,0.359,0.385,-0.016
5727,190.924,0.98,1,-0.351531,0.37161,-0.859263,-0.449852,0.470188,-0.759313,-0.46,0.48,0.359,0.389,-0.02
5728,190.957,0.98,1,-0.2832,0.407921,-0.867985,-0.445475,0.431644,-0.784369,-0.415,0.47,0.358,0.391,-0.025
5729,190.991,0.98,1,-0.300734,0.391433,-0.869677,-0.442414,0.431187,-0.786351,-0.422,0.461,0.36,0.393,-0.027
5730,191.024,0.98,1,-0.290476,0.392473,-0.87269,-0.451468,0.372584,-0.810776,-0.415,0.427,0.362,0.392,-0.029
5731,191.057,0.98,1,-0.279502,0.383583,-0.880195,-0.453861,0.387382,-0.802462,-0.411,0.43,0.359,0.389,-0.029
5732,191.091,0.98,1,-0.278164,0.371584,-0.885748,-0.443713,0.401534,-0.80118,-0.404,0.43,0.361,0.389,-0.03
5733,191.124,0.98,1,-0.274328,0.364337,-0.889945,-0.447031,0.400857,-0.799673,-0.404,0.425,0.359,0.387,-0.031
5734,191.157,0.98,1,-0.268852,0.375989,-0.886764,-0.429792,0.400269,-0.80936,-0.391,0.429,0.359,0.384,-0.032
5735,191.191,0.98,1,-0.28814,0.359013,-0.887742,-0.430597,0.409412,-0.804344,-0.402,0.426,0.358,0.378,-0.03
5736,191.224,0.98,1,-0.305417,0.238454,-0.921879,-0.402147,0.401776,-0.822711,-0.385,0.352,0.354,0.359,-0.023
5737,191.257,0.98,1,-0.223796,0.231274,-0.946799,-0.322678,0.455447,-0.829727,-0.298,0.369,0.353,0.309,-0.019
5738,191.291,0.98,1,-0.181246,0.190937,-0.964724,-0.277157,0.463941,-0.841393,-0.249,0.348,0.309,0.255,-0.008
5739,191.324,0.98,1,-0.183778,0.192885,-0.963857,-0.248993,0.463968,-0.850139,-0.234,0.347,0.298,0.218,-0.005
5740,191.357,0.98,1,-0.184435,0.231118,-0.955284,-0.214502,0.446395,-0.868746,-0.215,0.356,0.301,0.187,-0.002
5745,191.524,0.98,1,-0.008138,0.385479,-0.922681,-0.144101,0.39101,-0.909036,-0.083,0.401,0.318,0.15,0.018
5751,191.724,0.98,1,0.134651,0.413011,-0.900717,-0.063387,0.405801,-0.911761,0.039,0.424,0.334,0.05,0.018
5752,191.757,0.98,1,0.103952,0.392204,-0.913986,-0.067569,0.410583,-0.909316,0.02,0.415,0.336,0.05,0.008
5753,191.791,0.98,1,0.13163,0.397196,-0.908245,-0.069195,0.398767,-0.914438,0.034,0.412,0.326,0.05,0.008
5759,191.991,0.98,1,0.094203,0.387657,-0.916978,-0.100621,0.397055,-0.912262,-0.004,0.405,0.325,0.057,0.006
5760,192.024,0.98,1,-0.003121,0.39855,-0.917141,-0.124122,0.41752,-0.90015,-0.07,0.422,0.326,0.067,0.001
5761,192.058,0.98,1,-0.0512,0.319244,-0.946288,-0.12523,0.403011,-0.906587,-0.095,0.372,0.32,0.097,0.02
5762,192.091,0.98,1,-0.06949,0.294464,-0.953133,-0.142285,0.413583,-0.89928,-0.114,0.365,0.32,0.118,0.028
5763,192.124,0.98,1,-0.110032,0.271279,-0.956191,-0.199996,0.437215,-0.876838,-0.168,0.369,0.317,0.139,0.029
5764,192.158,0.93,1,-0.091616,0.52129,-0.848448,-0.274423,0.462008,-0.843351,-0.213,0.526,0.309,0.161,0.033
5765,192.191,0.98,1,-0.098446,0.51122,-0.853793,-0.315746,0.351986,-0.881142,-0.234,0.462,0.305,0.189,0.03
5766,192.224,0.98,1,-0.130684,0.507438,-0.851721,-0.324964,0.3414,-0.881955,-0.257,0.455,0.306,0.23,0.024
5767,192.258,0.98,1,-0.154387,0.509831,-0.846308,-0.340606,0.344301,-0.874897,-0.28,0.461,0.308,0.274,0.018
5768,192.291,0.98,1,-0.181921,0.510108,-0.840651,-0.370481,0.346929,-0.861617,-0.314,0.466,0.313,0.313,0.012
5769,192.324,0.93,1,-0.135968,0.489792,-0.861172,-0.411337,0.327588,-0.850581,-0.309,0.445,0.338,0.362,0.003
5770,192.358,0.93,1,-0.148626,0.483839,-0.862444,-0.449189,0.326071,-0.831809,-0.339,0.446,0.36,0.386,-0.002
5771,192.391,0.93,1,-0.142005,0.478419,-0.866573,-0.466592,0.331618,-0.819952,-0.346,0.448,0.369,0.402,-0.007
5772,192.424,0.93,1,-0.156408,0.460216,-0.873921,-0.489137,0.323632,-0.809943,-0.366,0.436,0.371,0.418,-0.008
5773,192.458,0.93,1,-0.179633,0.460645,-0.869217,-0.459274,0.314727,-0.830671,-0.36,0.428,0.371,0.429,-0.009
5774,192.491,0.93,1,-0.20783,0.466929,-0.859526,-0.48102,0.347171,-0.805042,-0.392,0.455,0.362,0.427,-0.006
5775,192.524,0.93,1,-0.185442,0.498213,-0.846991,-0.431415,0.467731,-0.771433,-0.364,0.538,0.341,0.403,-0.002
5776,192.558,0.93,1,-0.195704,0.459562,-0.866315,-0.430833,0.443792,-0.785768,-0.362,0.5,0.332,0.413,-0.002
5777,192.591,0.93,1,-0.220856,0.458493,-0.860817,-0.409004,0.418819,-0.810744,-0.36,0.483,0.326,0.414,-0.002
5778,192.624,0.93,1,-0.227929,0.462621,-0.856756,-0.412743,0.467087,-0.781967,-0.373,0.516,0.329,0.415,-0.002
5779,192.658,0.93,1,-0.241626,0.478769,-0.844036,-0.421243,0.463141,-0.779779,-0.388,0.526,0.329,0.422,-0.0
5780,192.691,0.98,1,-0.320737,0.424871,-0.84653,-0.473901,0.434917,-0.765679,-0.458,0.49,0.337,0.432,-0.0
5781,192.724,0.98,1,-0.32354,0.394762,-0.859933,-0.486395,0.370191,-0.791441,-0.456,0.434,0.331,0.447,0.002
5789,192.991,0.98,1,-0.439575,0.335817,-0.833067,-0.477476,0.365338,-0.79909,-0.512,0.406,0.307,0.472,0.015
5790,193.024,0.98,1,-0.444096,0.335755,-0.830691,-0.496959,0.359441,-0.789832,-0.526,0.405,0.298,0.478,0.02
5854,195.158,0.98,1,-0.388071,0.290939,-0.874503,-0.491665,0.416778,-0.764566,-0.493,0.408,0.265,0.567,-0.037
5855,195.192,0.98,1,-0.419812,0.295875,-0.85803,-0.53266,0.413514,-0.73843,-0.538,0.418,0.269,0.565,-0.044
5856,195.225,0.98,1,-0.42857,0.293459,-0.854523,-0.544505,0.391551,-0.741756,-0.547,0.405,0.267,0.57,-0.045
5862,195.425,0.98,1,-0.478895,0.367723,-0.797145,-0.571565,0.494129,-0.655096,-0.626,0.536,0.29,0.617,-0.048
5863,195.459,0.98,1,-0.47693,0.338044,-0.811335,-0.554314,0.473902,-0.684217,-0.604,0.497,0.278,0.624,-0.045
5864,195.492,0.98,1,-0.484376,0.358565,-0.798005,-0.551253,0.484491,-0.679256,-0.611,0.519,0.276,0.636,-0.049
5865,195.525,0.98,1,-0.488726,0.376972,-0.786791,-0.54709,0.464513,-0.696362,-0.61,0.516,0.272,0.645,-0.051
5866,195.559,0.98,1,-0.393517,0.435977,-0.809363,-0.510299,0.34764,-0.786601,-0.515,0.456,0.283,0.671,-0.049
5867,195.592,0.98,1,-0.38031,0.380212,-0.843092,-0.564905,0.459098,-0.685647,-0.554,0.502,0.238,0.634,-0.023
5868,195.625,0.98,1,-0.353063,0.308799,-0.88317,-0.583702,0.433603,-0.686499,-0.538,0.442,0.205,0.627,-0.002
5869,195.659,0.98,1,-0.262713,0.258343,-0.929645,-0.55999,0.416008,-0.716484,-0.463,0.389,0.171,0.608,0.037
5871,195.725,0.88,1,-0.041011,0.423708,-0.90487,-0.377748,0.255051,-0.890087,-0.229,0.362,0.181,0.502,0.059
5872,195.759,0.98,1,-0.029939,0.413857,-0.90985,-0.332566,0.219344,-0.917218,-0.196,0.334,0.186,0.445,0.067
5873,195.792,0.98,1,-0.033232,0.40586,-0.913331,-0.282905,0.227181,-0.931855,-0.17,0.33,0.184,0.369,0.075
5874,195.825,0.98,1,-0.036887,0.476755,-0.878262,-0.230775,0.424026,-0.875754,-0.151,0.474,0.165,0.202,0.066
5875,195.859,0.98,1,-0.034363,0.463537,-0.885411,-0.237308,0.448348,-0.861783,-0.154,0.481,0.177,0.173,0.037
5876,195.892,0.98,1,-0.052666,0.460157,-0.886274,-0.230911,0.439568,-0.868021,-0.16,0.474,0.205,0.192,0.012
5877,195.925,0.98,1,-0.067251,0.447574,-0.891714,-0.222049,0.414251,-0.882661,-0.162,0.452,0.226,0.199,0.001
5878,195.959,0.98,1,-0.082361,0.47896,-0.873965,-0.226647,0.46221,-0.857318,-0.177,0.498,0.236,0.203,-0.003
5879,195.992,0.98,1,-0.137036,0.500446,-0.854854,-0.280293,0.428754,-0.85884,-0.239,0.497,0.236,0.208,-0.003
5880,196.025,0.98,1,-0.144925,0.492733,-0.858027,-0.266336,0.435312,-0.859982,-0.235,0.495,0.24,0.218,-0.002
5881,196.059,0.98,1,-0.139779,0.518355,-0.843665,-0.280045,0.450591,-0.847669,-0.243,0.52,0.243,0.23,-0.002
5882,196.092,0.93,1,-0.152424,0.515376,-0.8433,-0.300389,0.454199,-0.838731,-0.263,0.523,0.247,0.248,-0.003
5883,196.125,0.93,1,-0.163884,0.505893,-0.846885,-0.31255,0.433462,-0.845236,-0.274,0.507,0.255,0.268,-0.004
5884,196.159,0.98,1,-0.158365,0.475127,-0.865549,-0.374825,0.311744,-0.87311,-0.298,0.425,0.276,0.307,0.001
5885,196.192,0.98,1,-0.159562,0.487576,-0.858376,-0.401094,0.314277,-0.860438,-0.315,0.437,0.293,0.326,0.006
5886,196.225,0.98,1,-0.156421,0.493893,-0.855337,-0.410327,0.30111,-0.860793,-0.319,0.434,0.301,0.334,0.01
5887,196.259,0.98,1,-0.154273,0.489493,-0.858252,-0.41085,0.291378,-0.863887,-0.317,0.426,0.304,0.339,0.013
5888,196.292,0.98,1,-0.143824,0.497716,-0.855332,-0.402461,0.343281,-0.848636,-0.31,0.458,0.309,0.348,0.013
5889,196.325,0.98,1,-0.157141,0.492907,-0.855774,-0.403096,0.322251,-0.856544,-0.316,0.444,0.317,0.35,0.011
5890,196.359,0.98,1,-0.171602,0.501326,-0.848071,-0.42258,0.348611,-0.836598,-0.339,0.467,0.322,0.354,0.011
5891,196.392,0.98,1,-0.156596,0.459802,-0.874105,-0.421469,0.323837,-0.84705,-0.324,0.427,0.339,0.37,-0.0
5892,196.425,0.98,1,-0.173235,0.494937,-0.851485,-0.418467,0.323647,-0.84861,-0.335,0.449,0.343,0.369,0.0
5893,196.459,0.98,1,-0.156958,0.449988,-0.879133,-0.424652,0.304315,-0.85268,-0.324,0.411,0.35,0.372,-0.006
5894,196.492,0.98,1,-0.172567,0.486423,-0.856512,-0.426119,0.33377,-0.840845,-0.339,0.45,0.351,0.375,-0.006
5895,196.526,0.98,1,-0.146213,0.457732,-0.876985,-0.414976,0.350499,-0.83961,-0.316,0.44,0.36,0.384,-0.014
5896,196.559,0.98,1,-0.179581,0.500835,-0.846708,-0.415188,0.388661,-0.822533,-0.342,0.49,0.36,0.372,-0.012
5897,196.592,0.98,1,-0.198427,0.503615,-0.840832,-0.373081,0.472468,-0.798489,-0.335,0.537,0.338,0.352,-0.012
5898,196.626,0.98,1,-0.186199,0.476828,-0.859049,-0.36331,0.457217,-0.811763,-0.318,0.51,0.341,0.352,-0.019
5899,196.659,0.98,1,-0.214476,0.444679,-0.869633,-0.382992,0.441091,-0.811638,-0.341,0.485,0.342,0.355,-0.024
5900,196.692,0.98,1,-0.218682,0.415244,-0.883035,-0.38491,0.431989,-0.815616,-0.341,0.463,0.342,0.351,-0.026
5901,196.726,0.98,1,-0.235758,0.403783,-0.883956,-0.386974,0.410669,-0.825592,-0.349,0.445,0.346,0.351,-0.03
5902,196.759,0.98,1,-0.233121,0.392754,-0.889606,-0.39089,0.377901,-0.839283,-0.346,0.419,0.349,0.351,-0.033
5903,196.792,0.98,1,-0.233131,0.384032,-0.893403,-0.397054,0.385358,-0.832975,-0.35,0.419,0.346,0.351,-0.032
5904,196.826,0.98,1,-0.229186,0.392649,-0.890674,-0.395348,0.378968,-0.83671,-0.347,0.42,0.35,0.351,-0.035
5905,196.859,0.98,1,-0.231651,0.383479,-0.894025,-0.401182,0.387672,-0.829918,-0.352,0.421,0.35,0.352,-0.035
5906,196.892,0.98,1,-0.233551,0.378696,-0.895569,-0.385466,0.387499,-0.837413,-0.343,0.416,0.349,0.35,-0.034
5907,196.926,0.98,1,-0.230676,0.377593,-0.896779,-0.388996,0.382708,-0.837983,-0.343,0.413,0.349,0.348,-0.033
5908,196.959,0.98,1,-0.232328,0.377321,-0.896467,-0.400289,0.387198,-0.83057,-0.351,0.417,0.352,0.347,-0.03
5909,196.992,0.98,1,-0.235341,0.375951,-0.896256,-0.402742,0.384074,-0.830834,-0.354,0.415,0.353,0.347,-0.029
5910,197.026,0.98,1,-0.230908,0.394152,-0.889565,-0.409793,0.388455,-0.825332,-0.358,0.428,0.355,0.35,-0.029
5911,197.059,0.93,1,-0.184853,0.516334,-0.836199,-0.350819,0.499561,-0.792064,-0.318,0.558,0.35,0.337,-0.028
5912,197.092,0.93,1,-0.157598,0.510661,-0.845215,-0.396312,0.368601,-0.840875,-0.317,0.481,0.384,0.368,-0.036
5913,197.126,0.98,1,-0.159634,0.45885,-0.874056,-0.380075,0.317409,-0.868789,-0.3,0.419,0.387,0.377,-0.034
5914,197.159,0.93,1,-0.155484,0.463034,-0.872596,-0.376887,0.324985,-0.867376,-0.297,0.425,0.397,0.382,-0.034
5915,197.192,0.93,1,-0.151537,0.484897,-0.861343,-0.378398,0.368511,-0.849126,-0.3,0.463,0.399,0.375,-0.035
5916,197.226,0.93,1,-0.159736,0.451384,-0.877916,-0.370178,0.330473,-0.868191,-0.295,0.421,0.4,0.376,-0.037
5917,197.259,0.93,1,-0.199752,0.463816,-0.863119,-0.374695,0.323755,-0.868784,-0.32,0.427,0.402,0.38,-0.037
5918,197.292,0.93,1,-0.20825,0.503757,-0.838368,-0.378031,0.377523,-0.845322,-0.335,0.482,0.405,0.378,-0.036
5919,197.326,0.93,1,-0.190895,0.507747,-0.840091,-0.377654,0.374375,-0.846889,-0.325,0.482,0.408,0.382,-0.039
5920,197.359,0.93,1,-0.186586,0.504315,-0.84312,-0.375158,0.376496,-0.847058,-0.321,0.48,0.412,0.382,-0.04
5921,197.392,0.93,1,-0.180876,0.510402,-0.840698,-0.375807,0.377426,-0.846356,-0.319,0.484,0.419,0.385,-0.042
5922,197.426,0.93,1,-0.201646,0.518397,-0.831026,-0.361482,0.39577,-0.844214,-0.324,0.5,0.421,0.391,-0.042
5923,197.459,0.93,1,-0.202907,0.523852,-0.827289,-0.361946,0.41277,-0.835832,-0.327,0.513,0.416,0.391,-0.039
5924,197.492,0.93,1,-0.189577,0.506775,-0.840976,-0.353734,0.381397,-0.854054,-0.31,0.483,0.411,0.389,-0.039
5925,197.526,0.93,1,-0.216478,0.515658,-0.828996,-0.365837,0.398684,-0.840961,-0.336,0.501,0.418,0.397,-0.042
5926,197.559,0.93,1,-0.200006,0.510475,-0.836309,-0.405705,0.398642,-0.822489,-0.35,0.501,0.417,0.399,-0.045
5927,197.593,0.93,1,-0.191542,0.516255,-0.834741,-0.402599,0.391952,-0.827216,-0.343,0.5,0.417,0.402,-0.048
5928,197.626,0.93,1,-0.156024,0.558932,-0.814403,-0.36586,0.411988,-0.834513,-0.307,0.532,0.426,0.402,-0.052
5929,197.659,0.93,1,-0.161297,0.601831,-0.782166,-0.327032,0.542634,-0.773692,-0.304,0.634,0.401,0.377,-0.048
5930,197.693,0.93,1,-0.22154,0.507758,-0.832527,-0.356864,0.506914,-0.784657,-0.343,0.56,0.406,0.379,-0.054
5931,197.726,0.93,1,-0.252147,0.423174,-0.870256,-0.387847,0.471766,-0.791841,-0.368,0.494,0.411,0.379,-0.058
5937,197.926,0.93,1,-0.331643,0.28871,-0.898142,-0.438912,0.405832,-0.801658,-0.426,0.388,0.446,0.373,-0.083
5938,197.959,0.93,1,-0.306477,0.316521,-0.897712,-0.433467,0.402186,-0.806445,-0.41,0.399,0.438,0.358,-0.08
5939,197.993,0.93,1,-0.300039,0.324133,-0.89717,-0.424623,0.40241,-0.811025,-0.401,0.402,0.44,0.356,-0.082
5940,198.026,0.93,1,-0.318907,0.295448,-0.90056,-0.426142,0.401831,-0.810515,-0.411,0.387,0.443,0.36,-0.084
5941,198.059,0.98,1,-0.303902,0.31802,-0.898057,-0.418481,0.400669,-0.815069,-0.399,0.397,0.438,0.354,-0.08
5942,198.093,0.98,1,-0.296947,0.328783,-0.896506,-0.43484,0.407732,-0.802913,-0.407,0.409,0.443,0.353,-0.083
5943,198.126,0.98,1,-0.280073,0.336086,-0.899225,-0.436558,0.413521,-0.799011,-0.399,0.416,0.455,0.356,-0.087
5944,198.159,0.98,1,-0.275447,0.33918,-0.899492,-0.440422,0.413894,-0.796693,-0.399,0.418,0.456,0.353,-0.087
5945,198.193,0.98,1,-0.273762,0.341032,-0.899306,-0.436991,0.419001,-0.795913,-0.397,0.421,0.452,0.351,-0.083
5946,198.226,0.93,1,-0.268638,0.346761,-0.89866,-0.431932,0.420428,-0.797919,-0.392,0.425,0.446,0.348,-0.081
5947,198.259,0.93,1,-0.270855,0.34643,-0.898122,-0.436337,0.419784,-0.795859,-0.395,0.425,0.45,0.347,-0.082
5948,198.293,0.93,1,-0.281985,0.342455,-0.896219,-0.432895,0.42682,-0.793994,-0.4,0.427,0.457,0.353,-0.088
5949,198.326,0.93,1,-0.295717,0.340193,-0.892648,-0.432993,0.437248,-0.788246,-0.409,0.433,0.457,0.354,-0.09
5950,198.359,0.98,1,-0.294485,0.349621,-0.889406,-0.42475,0.447296,-0.787092,-0.405,0.444,0.465,0.358,-0.096
5951,198.393,0.98,1,-0.279554,0.359705,-0.890203,-0.432381,0.449612,-0.781598,-0.403,0.451,0.469,0.361,-0.099
5952,198.426,0.98,1,-0.271304,0.369896,-0.888578,-0.429359,0.457254,-0.778826,-0.398,0.46,0.471,0.361,-0.101
5953,198.459,0.98,1,-0.283029,0.361759,-0.888271,-0.434656,0.459537,-0.774532,-0.407,0.459,0.471,0.361,-0.101
5954,198.493,0.93,1,-0.288053,0.311305,-0.905602,-0.40416,0.503793,-0.763445,-0.393,0.454,0.477,0.369,-0.106
5955,198.526,0.93,1,-0.247798,0.355919,-0.901065,-0.329462,0.552515,-0.765625,-0.333,0.499,0.462,0.358,-0.101
5956,198.559,0.93,1,-0.302646,0.383708,-0.872453,-0.308084,0.565448,-0.765084,-0.357,0.525,0.457,0.353,-0.099
5957,198.593,0.93,1,-0.311541,0.406316,-0.858982,-0.30614,0.572629,-0.760509,-0.364,0.544,0.451,0.343,-0.093
5958,198.626,0.93,1,-0.276406,0.444181,-0.852234,-0.307177,0.569448,-0.762477,-0.347,0.561,0.443,0.333,-0.087
5959,198.66,0.93,1,-0.258171,0.464645,-0.847026,-0.308643,0.565717,-0.764659,-0.338,0.569,0.437,0.326,-0.08
5960,198.693,0.93,1,-0.239171,0.473238,-0.847846,-0.313657,0.559723,-0.767026,-0.33,0.569,0.434,0.325,-0.075
5961,198.726,0.93,1,-0.245333,0.445696,-0.86091,-0.304051,0.560439,-0.770364,-0.325,0.553,0.428,0.325,-0.068
5962,198.76,0.93,1,-0.258499,0.430283,-0.86489,-0.308379,0.559617,-0.769241,-0.334,0.545,0.427,0.323,-0.062
5963,198.793,0.93,1,-0.246152,0.438808,-0.864209,-0.309815,0.549511,-0.77592,-0.327,0.542,0.418,0.314,-0.054
5964,198.826,0.93,1,-0.217949,0.47808,-0.850845,-0.309623,0.548001,-0.777064,-0.313,0.562,0.412,0.306,-0.049
5965,198.86,0.93,1,-0.118145,0.519225,-0.846432,-0.307171,0.5539,-0.773848,-0.257,0.585,0.408,0.299,-0.043
5966,198.893,0.93,1,-0.124686,0.517058,-0.846821,-0.311187,0.551202,-0.77417,-0.263,0.583,0.41,0.301,-0.042
5967,198.926,0.93,1,-0.132867,0.526434,-0.83977,-0.319935,0.55464,-0.768125,-0.275,0.592,0.41,0.301,-0.039
5968,198.96,0.93,1,-0.121218,0.511047,-0.850962,-0.316215,0.547321,-0.774886,-0.263,0.577,0.419,0.307,-0.04
5969,198.993,0.93,1,-0.15502,0.50153,-0.851138,-0.329937,0.55148,-0.766166,-0.291,0.577,0.416,0.307,-0.037
5970,199.026,0.93,1,-0.217717,0.478269,-0.850799,-0.329687,0.55007,-0.767287,-0.326,0.566,0.411,0.302,-0.032
5971,199.06,0.93,1,-0.125139,0.507163,-0.852717,-0.335124,0.529412,-0.779368,-0.275,0.566,0.415,0.305,-0.032
5972,199.093,0.93,1,-0.144725,0.561544,-0.814692,-0.368828,0.568761,-0.735171,-0.32,0.63,0.412,0.307,-0.031
5973,199.126,0.93,1,-0.166179,0.560059,-0.811615,-0.396612,0.522191,-0.754994,-0.345,0.605,0.424,0.318,-0.036
5974,199.16,0.93,1,-0.164743,0.561687,-0.810782,-0.402402,0.543755,-0.73648,-0.351,0.62,0.412,0.321,-0.035
5975,199.193,0.93,1,-0.172327,0.541357,-0.822944,-0.416988,0.523411,-0.743076,-0.36,0.597,0.413,0.334,-0.037
5976,199.226,0.93,1,-0.177823,0.511714,-0.840552,-0.403777,0.519638,-0.752954,-0.35,0.574,0.403,0.344,-0.038
5977,199.26,0.93,1,-0.160833,0.487851,-0.857982,-0.409191,0.491027,-0.769061,-0.337,0.542,0.394,0.349,-0.039
5978,199.293,0.93,1,-0.146773,0.442783,-0.884534,-0.389911,0.499888,-0.773357,-0.313,0.517,0.385,0.348,-0.046
5979,199.326,0.93,1,-0.151019,0.431816,-0.889229,-0.389355,0.481518,-0.785203,-0.312,0.499,0.375,0.353,-0.051
5980,199.36,0.93,1,-0.142396,0.454311,-0.879389,-0.35792,0.497956,-0.789894,-0.291,0.518,0.355,0.339,-0.055
5981,199.393,0.93,1,-0.14433,0.456783,-0.877792,-0.356315,0.48744,-0.797146,-0.29,0.513,0.349,0.335,-0.064
5982,199.426,0.93,1,-0.140854,0.469758,-0.871486,-0.341744,0.490911,-0.801384,-0.281,0.521,0.348,0.331,-0.076
5983,199.46,0.93,1,-0.142239,0.476581,-0.867547,-0.317499,0.498591,-0.806598,-0.268,0.527,0.352,0.322,-0.088
5984,199.493,0.93,1,-0.191236,0.49557,-0.847254,-0.303955,0.49773,-0.812328,-0.29,0.539,0.361,0.314,-0.104
5985,199.526,0.93,1,-0.162692,0.503171,-0.848735,-0.280327,0.506372,-0.815478,-0.26,0.545,0.376,0.304,-0.122
5986,199.56,0.93,1,-0.280284,0.444147,-0.850985,-0.271121,0.505926,-0.81886,-0.319,0.517,0.389,0.295,-0.138
5987,199.593,0.93,1,-0.319595,0.383664,-0.866407,-0.25967,0.513832,-0.817648,-0.331,0.49,0.406,0.29,-0.158
5988,199.626,0.93,1,-0.316873,0.368883,-0.873794,-0.258491,0.521528,-0.813137,-0.329,0.486,0.43,0.283,-0.178
5989,199.66,0.98,1,-0.304827,0.367167,-0.878788,-0.248552,0.541932,-0.802828,-0.318,0.496,0.459,0.271,-0.2
5990,199.693,0.98,1,-0.299539,0.373397,-0.877981,-0.248974,0.535158,-0.807228,-0.315,0.494,0.469,0.263,-0.214
5991,199.726,0.98,1,-0.281822,0.382882,-0.87976,-0.277634,0.52652,-0.803552,-0.321,0.495,0.473,0.256,-0.22
5992,199.76,0.98,1,-0.22538,0.443588,-0.867429,-0.284779,0.510362,-0.811438,-0.295,0.517,0.469,0.252,-0.222
5993,199.793,0.98,1,-0.093307,0.45721,-0.884451,-0.254175,0.490673,-0.833448,-0.2,0.504,0.451,0.231,-0.229
5994,199.827,0.98,1,-0.200233,0.415885,-0.8871,-0.272086,0.490059,-0.828137,-0.269,0.486,0.44,0.23,-0.23
5995,199.86,0.98,1,-0.174006,0.423817,-0.888876,-0.266135,0.490144,-0.830019,-0.251,0.489,0.436,0.226,-0.228
5996,199.893,0.98,1,-0.109326,0.413795,-0.903782,-0.258115,0.462825,-0.848039,-0.207,0.464,0.412,0.211,-0.215
5997,199.927,0.98,1,-0.060831,0.415386,-0.907609,-0.243468,0.450477,-0.858949,-0.171,0.456,0.401,0.203,-0.205
5998,199.96,0.98,1,-0.060709,0.383931,-0.921364,-0.227479,0.420114,-0.878497,-0.159,0.42,0.391,0.197,-0.196
5999,199.993,0.98,1,-0.059703,0.376171,-0.924625,-0.222992,0.395561,-0.890958,-0.154,0.402,0.38,0.191,-0.182
6026,200.894,0.93,1,-0.105246,0.401482,-0.909799,-0.200527,0.35785,-0.911994,-0.166,0.395,0.335,0.236,-0.069
6027,200.927,0.93,1,-0.096798,0.415208,-0.904562,-0.198609,0.363472,-0.910188,-0.161,0.405,0.334,0.238,-0.067
6028,200.96,0.98,1,-0.106328,0.42268,-0.90002,-0.1975,0.379837,-0.903724,-0.167,0.419,0.337,0.241,-0.065
6029,200.994,0.98,1,-0.105246,0.420214,-0.901301,-0.205983,0.390634,-0.897205,-0.171,0.424,0.333,0.243,-0.063
6030,201.027,0.98,1,-0.107764,0.420314,-0.900957,-0.197632,0.380879,-0.903257,-0.168,0.418,0.322,0.241,-0.058
6031,201.06,0.93,1,-0.104182,0.421656,-0.900751,-0.206988,0.384013,-0.899828,-0.171,0.421,0.321,0.243,-0.057
6032,201.094,0.93,1,-0.092273,0.431818,-0.897228,-0.205844,0.383399,-0.900352,-0.164,0.426,0.32,0.245,-0.056
6033,201.127,0.93,1,-0.097959,0.436655,-0.89428,-0.218545,0.382048,-0.89793,-0.175,0.429,0.308,0.244,-0.053
6034,201.16,0.93,1,-0.138586,0.439388,-0.887542,-0.303149,0.426115,-0.852365,-0.249,0.462,0.319,0.262,-0.047
6035,201.194,0.93,1,-0.111709,0.459902,-0.880915,-0.291106,0.439494,-0.849766,-0.229,0.479,0.337,0.271,-0.043
6036,201.227,0.93,1,-0.111241,0.465761,-0.877891,-0.300194,0.433266,-0.849802,-0.234,0.48,0.349,0.272,-0.041
6037,201.26,0.93,1,-0.103518,0.475729,-0.873479,-0.310949,0.446283,-0.839132,-0.237,0.494,0.353,0.276,-0.039
6038,201.294,0.93,1,-0.126366,0.463287,-0.877153,-0.313249,0.43631,-0.84351,-0.25,0.482,0.359,0.282,-0.036
6039,201.327,0.98,1,-0.122958,0.461815,-0.878412,-0.318071,0.432563,-0.843635,-0.251,0.479,0.364,0.283,-0.031
6040,201.36,0.98,1,-0.12504,0.456667,-0.880807,-0.32087,0.427861,-0.844972,-0.253,0.474,0.361,0.282,-0.027
6041,201.394,0.98,1,-0.12428,0.458209,-0.880113,-0.331463,0.436117,-0.836621,-0.259,0.48,0.351,0.283,-0.021
6042,201.427,0.98,1,-0.128423,0.457649,-0.879809,-0.328841,0.429046,-0.841298,-0.26,0.476,0.343,0.281,-0.016
6043,201.46,0.98,1,-0.129887,0.456972,-0.879946,-0.324546,0.422579,-0.846225,-0.257,0.471,0.335,0.279,-0.012
6044,201.494,0.98,1,-0.130311,0.461776,-0.877372,-0.321884,0.418127,-0.849447,-0.256,0.471,0.329,0.278,-0.008
6045,201.527,0.98,1,-0.070924,0.493282,-0.866973,-0.308251,0.433072,-0.847012,-0.218,0.495,0.33,0.276,-0.007
6046,201.56,0.98,1,-0.054161,0.475011,-0.878311,-0.351222,0.407137,-0.843138,-0.231,0.474,0.345,0.289,-0.008
6047,201.594,0.98,1,-0.052303,0.448134,-0.892435,-0.349325,0.36737,-0.861981,-0.225,0.435,0.357,0.3,-0.009
6048,201.627,0.93,1,-0.055846,0.44857,-0.892001,-0.350533,0.370015,-0.860358,-0.228,0.437,0.36,0.3,-0.004
6049,201.66,0.93,1,-0.054562,0.449923,-0.891399,-0.360982,0.371144,-0.855537,-0.234,0.439,0.362,0.307,-0.001
6050,201.694,0.93,1,-0.064814,0.441965,-0.894688,-0.367652,0.363823,-0.855842,-0.242,0.431,0.365,0.318,0.002
6051,201.727,0.93,1,-0.103975,0.4508,-0.886549,-0.370385,0.330625,-0.868045,-0.264,0.419,0.378,0.331,0.002
6052,201.76,0.93,1,-0.109414,0.452697,-0.884926,-0.36673,0.318635,-0.87406,-0.264,0.413,0.383,0.338,0.001
6053,201.794,0.93,1,-0.206116,0.506481,-0.837253,-0.370113,0.337836,-0.86538,-0.326,0.46,0.394,0.35,-0.003
6054,201.827,0.93,1,-0.191627,0.506046,-0.84095,-0.359289,0.352769,-0.863982,-0.313,0.467,0.399,0.35,-0.005
6055,201.86,0.93,1,-0.173075,0.514316,-0.839955,-0.35275,0.361282,-0.863158,-0.299,0.475,0.414,0.353,-0.01
6056,201.894,0.93,1,-0.123798,0.51466,-0.84841,-0.339346,0.370969,-0.864422,-0.264,0.477,0.42,0.346,-0.011
6057,201.927,0.93,1,-0.097719,0.510797,-0.85413,-0.326051,0.370468,-0.869738,-0.241,0.473,0.42,0.334,-0.006
6058,201.96,0.93,1,-0.087772,0.512235,-0.854349,-0.340286,0.395976,-0.852882,-0.246,0.489,0.429,0.328,-0.006
6059,201.994,0.93,1,-0.104194,0.513168,-0.85194,-0.32745,0.400361,-0.855855,-0.248,0.491,0.437,0.325,-0.009
6060,202.027,0.93,1,-0.107425,0.51509,-0.850378,-0.325412,0.419949,-0.847201,-0.25,0.503,0.45,0.322,-0.015
6061,202.061,0.93,1,-0.099503,0.512559,-0.852867,-0.326564,0.422554,-0.845461,-0.246,0.503,0.457,0.316,-0.017
6062,202.094,0.93,1,-0.105051,0.50663,-0.855739,-0.323806,0.408203,-0.853534,-0.246,0.491,0.466,0.312,-0.019
6063,202.127,0.93,1,-0.122079,0.500287,-0.85721,-0.31641,0.414195,-0.853421,-0.251,0.491,0.468,0.298,-0.018
6064,202.161,0.93,1,-0.099108,0.515039,-0.851418,-0.305732,0.419991,-0.85448,-0.233,0.501,0.469,0.279,-0.021
6065,202.194,0.93,1,-0.111113,0.508761,-0.853707,-0.22639,0.378109,-0.897653,-0.19,0.469,0.474,0.269,-0.026
6066,202.227,0.93,1,-0.104987,0.51537,-0.850512,-0.208024,0.382675,-0.900159,-0.177,0.474,0.482,0.261,-0.033
6067,202.261,0.93,1,-0.09205,0.520098,-0.849132,-0.193762,0.389453,-0.900435,-0.162,0.479,0.482,0.256,-0.04
6068,202.294,0.93,1,-0.092111,0.529728,-0.843151,-0.270595,0.462486,-0.844325,-0.212,0.532,0.495,0.259,-0.051
6069,202.327,0.93,1,-0.088089,0.531155,-0.842683,-0.264134,0.456103,-0.849825,-0.205,0.528,0.509,0.259,-0.059
6070,202.361,0.93,1,-0.091546,0.537831,-0.838068,-0.274746,0.483405,-0.831164,-0.216,0.549,0.523,0.262,-0.069
6071,202.394,0.93,1,-0.089958,0.543686,-0.834454,-0.281859,0.499419,-0.819229,-0.221,0.563,0.529,0.261,-0.077
6072,202.427,0.93,1,-0.079352,0.543777,-0.83547,-0.286316,0.494327,-0.82077,-0.217,0.56,0.54,0.268,-0.087
6073,202.461,0.93,1,-0.083402,0.537687,-0.839009,-0.277368,0.481682,-0.831294,-0.213,0.548,0.531,0.264,-0.087
6074,202.494,0.93,1,-0.089856,0.537588,-0.838407,-0.253565,0.488707,-0.834788,-0.202,0.55,0.527,0.26,-0.089
6075,202.527,0.93,1,-0.071828,0.54219,-0.83718,-0.30156,0.509772,-0.805726,-0.223,0.57,0.521,0.257,-0.088
6076,202.561,0.93,1,-0.100482,0.534379,-0.839251,-0.283497,0.494967,-0.821363,-0.227,0.555,0.523,0.255,-0.087
6077,202.594,0.93,1,-0.04972,0.543828,-0.837723,-0.261244,0.504031,-0.823228,-0.185,0.563,0.532,0.257,-0.092
6078,202.627,0.93,1,-0.068708,0.549312,-0.832787,-0.280368,0.505223,-0.816176,-0.209,0.569,0.545,0.26,-0.096
6079,202.661,0.93,1,-0.048997,0.554786,-0.830549,-0.309312,0.516753,-0.798306,-0.217,0.582,0.555,0.268,-0.099
6080,202.694,0.93,1,-0.038889,0.550948,-0.833633,-0.324927,0.526798,-0.785434,-0.221,0.587,0.554,0.273,-0.097
6081,202.727,0.93,1,-0.034227,0.557588,-0.829412,-0.325953,0.530883,-0.782252,-0.22,0.594,0.564,0.278,-0.099
6082,202.761,0.93,1,-0.028521,0.553511,-0.832354,-0.33057,0.534755,-0.777664,-0.219,0.594,0.564,0.288,-0.102
6083,202.794,0.93,1,-0.05417,0.553534,-0.831063,-0.307594,0.550301,-0.776244,-0.221,0.602,0.56,0.288,-0.099
6084,202.827,0.93,1,-0.05307,0.549081,-0.834082,-0.348069,0.538496,-0.767379,-0.245,0.597,0.56,0.29,-0.098
6085,202.861,0.93,1,-0.101676,0.556035,-0.824917,-0.330547,0.531052,-0.780207,-0.263,0.595,0.565,0.287,-0.098
6086,202.894,0.93,1,-0.107913,0.624167,-0.773803,-0.323513,0.604264,-0.728151,-0.28,0.686,0.569,0.286,-0.1
6087,202.927,0.93,1,-0.228772,0.58375,-0.779037,-0.325483,0.59564,-0.734353,-0.351,0.662,0.575,0.286,-0.098
6088,202.961,0.88,1,-0.24147,0.59322,-0.767972,-0.319853,0.613932,-0.721652,-0.36,0.681,0.546,0.267,-0.09
6089,202.994,0.93,1,-0.230586,0.596385,-0.768866,-0.32825,0.595875,-0.732929,-0.356,0.671,0.555,0.268,-0.089
6090,203.027,0.88,1,-0.246322,0.59413,-0.765725,-0.321092,0.604524,-0.729007,-0.363,0.676,0.549,0.265,-0.085
6091,203.061,0.93,1,-0.252383,0.599749,-0.759344,-0.330712,0.618827,-0.712518,-0.377,0.692,0.544,0.265,-0.082
6092,203.094,0.88,1,-0.244213,0.597574,-0.763718,-0.322718,0.607614,-0.725712,-0.364,0.68,0.548,0.268,-0.081
6093,203.128,0.88,1,-0.246166,0.607983,-0.754824,-0.324053,0.619265,-0.715193,-0.37,0.696,0.538,0.267,-0.078
6094,203.161,0.88,1,-0.230388,0.599726,-0.766322,-0.314726,0.616993,-0.721295,-0.351,0.686,0.53,0.268,-0.076
6095,203.194,0.88,1,-0.231464,0.586073,-0.776494,-0.320089,0.625386,-0.711643,-0.355,0.683,0.532,0.276,-0.076
6096,203.228,0.93,1,-0.233425,0.58147,-0.779362,-0.341922,0.625271,-0.701517,-0.371,0.684,0.524,0.281,-0.07
6097,203.261,0.93,1,-0.223308,0.608338,-0.761616,-0.352955,0.627489,-0.694032,-0.377,0.704,0.526,0.291,-0.063
6098,203.294,0.93,1,-0.318111,0.484847,-0.814695,-0.370868,0.590833,-0.716501,-0.423,0.612,0.521,0.302,-0.054
6099,203.328,0.93,1,-0.342454,0.438192,-0.831091,-0.383974,0.57318,-0.723898,-0.437,0.577,0.524,0.317,-0.048
6100,203.361,0.93,1,-0.372599,0.379068,-0.84704,-0.386742,0.56378,-0.729783,-0.449,0.539,0.524,0.335,-0.044
6101,203.394,0.93,1,-0.379895,0.348838,-0.856733,-0.389633,0.552041,-0.737182,-0.45,0.514,0.519,0.344,-0.04
6102,203.428,0.98,1,-0.341526,0.350345,-0.872134,-0.410768,0.519656,-0.749151,-0.434,0.493,0.522,0.356,-0.039
6103,203.461,0.98,1,-0.309356,0.392164,-0.866318,-0.440722,0.471265,-0.763985,-0.431,0.487,0.528,0.372,-0.039
6104,203.494,0.98,1,-0.3194,0.316508,-0.8932,-0.461636,0.441248,-0.769541,-0.439,0.428,0.524,0.383,-0.035
6105,203.528,0.98,1,-0.32099,0.295663,-0.899749,-0.485264,0.433113,-0.75956,-0.452,0.414,0.514,0.393,-0.029
6106,203.561,0.98,1,-0.314302,0.297894,-0.901373,-0.487885,0.428109,-0.760717,-0.45,0.412,0.508,0.403,-0.023
6107,203.594,0.98,1,-0.321111,0.295405,-0.899791,-0.505286,0.422833,-0.752262,-0.464,0.41,0.499,0.41,-0.018
6108,203.628,0.98,1,-0.325718,0.297516,-0.897436,-0.518865,0.419043,-0.745106,-0.475,0.411,0.49,0.416,-0.013
6109,203.661,0.98,1,-0.332552,0.324379,-0.885543,-0.545278,0.408662,-0.731893,-0.497,0.426,0.488,0.432,-0.012
6110,203.694,0.98,1,-0.415575,0.387172,-0.82304,-0.604303,0.394333,-0.692329,-0.592,0.476,0.482,0.463,-0.016
6111,203.728,0.98,1,-0.429975,0.380173,-0.818896,-0.622605,0.378824,-0.68473,-0.611,0.467,0.471,0.486,-0.015
6112,203.761,0.93,1,-0.438216,0.381637,-0.81383,-0.643196,0.377817,-0.665998,-0.631,0.474,0.462,0.516,-0.018
6113,203.794,0.93,1,-0.443547,0.371441,-0.815658,-0.663466,0.385343,-0.641345,-0.65,0.479,0.453,0.539,-0.019
6114,203.828,0.93,1,-0.45335,0.342816,-0.82277,-0.668446,0.374438,-0.642632,-0.653,0.455,0.445,0.563,-0.022
6115,203.861,0.93,1,-0.457429,0.347477,-0.818547,-0.648525,0.373411,-0.663309,-0.641,0.453,0.443,0.587,-0.026
6116,203.894,0.93,1,-0.464034,0.338774,-0.818477,-0.670568,0.356957,-0.650323,-0.658,0.442,0.441,0.602,-0.03
6117,203.928,0.98,1,-0.468752,0.343284,-0.813897,-0.654037,0.339038,-0.676231,-0.646,0.429,0.437,0.613,-0.028
6118,203.961,0.98,1,-0.479452,0.335693,-0.810824,-0.659918,0.330196,-0.674891,-0.654,0.421,0.431,0.619,-0.027
6119,203.994,0.93,1,-0.475378,0.339901,-0.81147,-0.658988,0.32997,-0.67591,-0.652,0.423,0.42,0.618,-0.019
6120,204.028,0.93,1,-0.477372,0.327925,-0.815218,-0.644974,0.31948,-0.69422,-0.639,0.405,0.406,0.618,-0.01
6129,204.328,0.93,1,-0.485329,0.340783,-0.805185,-0.613411,0.30916,-0.726737,-0.622,0.401,0.367,0.619,0.01
6130,204.361,0.93,1,-0.478934,0.247322,-0.842291,-0.601587,0.425069,-0.676321,-0.618,0.417,0.353,0.61,0.014
6131,204.395,0.93,1,-0.528093,0.312469,-0.789608,-0.519942,0.535588,-0.665437,-0.624,0.528,0.369,0.638,0.003
6132,204.428,0.93,1,-0.493946,0.346101,-0.797641,-0.535301,0.477238,-0.696919,-0.603,0.504,0.364,0.615,0.011
6133,204.461,0.93,1,-0.506625,0.338679,-0.792861,-0.534538,0.488942,-0.689351,-0.612,0.509,0.35,0.595,0.023
6134,204.495,0.93,1,-0.513027,0.34089,-0.78778,-0.527654,0.469812,-0.707713,-0.608,0.497,0.338,0.572,0.033
6135,204.528,0.93,1,-0.506156,0.362037,-0.782774,-0.522041,0.473925,-0.709132,-0.603,0.511,0.333,0.562,0.038
6136,204.561,0.93,1,-0.508632,0.364399,-0.780068,-0.551977,0.476131,-0.684559,-0.627,0.521,0.33,0.56,0.04
6137,204.595,0.93,1,-0.499349,0.370369,-0.783248,-0.558095,0.478988,-0.67757,-0.627,0.527,0.328,0.558,0.045
6138,204.628,0.93,1,-0.489901,0.393481,-0.777926,-0.534873,0.511307,-0.672663,-0.615,0.558,0.327,0.559,0.049
6139,204.661,0.93,1,-0.48695,0.365798,-0.79314,-0.54635,0.502161,-0.670326,-0.615,0.535,0.326,0.559,0.054
6140,204.695,0.93,1,-0.497552,0.352549,-0.79256,-0.517537,0.496881,-0.69661,-0.598,0.518,0.323,0.547,0.057
6141,204.728,0.93,1,-0.491509,0.347551,-0.798515,-0.512988,0.483349,-0.709378,-0.588,0.504,0.324,0.539,0.056
6142,204.761,0.98,1,-0.49494,0.351925,-0.79447,-0.512567,0.508254,-0.692065,-0.596,0.525,0.327,0.532,0.054
6143,204.795,0.98,1,-0.479538,0.370585,-0.795431,-0.512385,0.435712,-0.740011,-0.574,0.484,0.322,0.522,0.057
6144,204.828,0.98,1,-0.364327,0.446875,-0.817049,-0.506785,0.505138,-0.698573,-0.522,0.561,0.329,0.519,0.056
6145,204.861,0.98,1,-0.41709,0.414849,-0.808663,-0.512259,0.498751,-0.699169,-0.552,0.545,0.333,0.526,0.056
6146,204.895,0.98,1,-0.37597,0.435191,-0.81808,-0.521118,0.470342,-0.71219,-0.53,0.534,0.334,0.528,0.06
6147,204.928,0.98,1,-0.486504,0.331956,-0.808158,-0.522718,0.5057,-0.686318,-0.594,0.511,0.334,0.535,0.063
6148,204.961,0.98,1,-0.385103,0.468195,-0.795292,-0.546732,0.439708,-0.71256,-0.554,0.542,0.335,0.539,0.066
6149,204.995,0.98,1,-0.397212,0.46831,-0.789246,-0.563154,0.509647,-0.650475,-0.588,0.597,0.336,0.553,0.068
6150,205.028,0.98,1,-0.406825,0.466343,-0.785505,-0.563887,0.441009,-0.698243,-0.579,0.549,0.335,0.562,0.074
6151,205.061,0.98,1,-0.426835,0.449386,-0.78477,-0.578728,0.461987,-0.672044,-0.604,0.559,0.333,0.573,0.079
6152,205.095,0.93,1,-0.441415,0.43828,-0.782984,-0.580478,0.472462,-0.663193,-0.615,0.562,0.333,0.577,0.086
6153,205.128,0.98,1,-0.44537,0.433661,-0.783316,-0.585761,0.43842,-0.681668,-0.613,0.537,0.337,0.581,0.09
6154,205.161,0.98,1,-0.464607,0.433892,-0.771931,-0.572279,0.452255,-0.684077,-0.619,0.547,0.337,0.584,0.093
6155,205.195,0.98,1,-0.529905,0.385378,-0.755437,-0.586545,0.50687,-0.631703,-0.678,0.572,0.337,0.582,0.097
6156,205.228,0.93,1,-0.5262,0.338144,-0.780239,-0.59116,0.500662,-0.63235,-0.669,0.536,0.336,0.577,0.1
6157,205.261,0.98,1,-0.523658,0.335952,-0.782891,-0.571798,0.512242,-0.640824,-0.656,0.537,0.34,0.573,0.098
6158,205.295,0.93,1,-0.523826,0.346118,-0.778337,-0.571369,0.502526,-0.648849,-0.655,0.536,0.342,0.569,0.099
6159,205.328,0.93,1,-0.520423,0.357068,-0.775669,-0.565192,0.43786,-0.699169,-0.635,0.494,0.344,0.57,0.099
6160,205.362,0.93,1,-0.517677,0.353989,-0.778911,-0.576597,0.503864,-0.643161,-0.656,0.543,0.343,0.564,0.102
6161,205.395,0.93,1,-0.514577,0.361188,-0.777659,-0.571765,0.504153,-0.647236,-0.651,0.546,0.341,0.56,0.105
6162,205.428,0.98,1,-0.509615,0.374247,-0.774746,-0.57414,0.504443,-0.644904,-0.652,0.554,0.345,0.558,0.104
6163,205.462,0.93,1,-0.409154,0.452225,-0.792519,-0.583529,0.502393,-0.63804,-0.607,0.588,0.347,0.555,0.106
6164,205.495,0.93,1,-0.496028,0.401923,-0.769684,-0.578935,0.50479,-0.64033,-0.651,0.571,0.349,0.553,0.108
6165,205.528,0.93,1,-0.403532,0.467066,-0.786773,-0.585185,0.504832,-0.634588,-0.608,0.6,0.349,0.551,0.112
6166,205.562,0.93,1,-0.402472,0.466532,-0.787632,-0.575219,0.508773,-0.640526,-0.6,0.599,0.352,0.548,0.115
6167,205.595,0.93,1,-0.398731,0.461401,-0.792542,-0.573542,0.51343,-0.638309,-0.597,0.598,0.355,0.55,0.117
6168,205.628,0.93,1,-0.389091,0.467429,-0.7938,-0.56833,0.515396,-0.64138,-0.588,0.6,0.358,0.553,0.122
6169,205.662,0.93,1,-0.388771,0.477609,-0.787875,-0.575164,0.512604,-0.637513,-0.595,0.607,0.363,0.554,0.126
6170,205.695,0.93,1,-0.37912,0.475155,-0.794037,-0.574545,0.517246,-0.634314,-0.589,0.607,0.366,0.556,0.129
6171,205.728,0.93,1,-0.36996,0.480525,-0.795126,-0.577406,0.510602,-0.637093,-0.584,0.605,0.367,0.552,0.132
6172,205.762,0.93,1,-0.378154,0.514651,-0.769502,-0.59102,0.512326,-0.62307,-0.608,0.635,0.379,0.558,0.131
6173,205.795,0.93,1,-0.367659,0.516501,-0.773339,-0.585799,0.513152,-0.627308,-0.598,0.634,0.377,0.555,0.137
6174,205.828,0.93,1,-0.368475,0.493961,-0.787546,-0.597547,0.498906,-0.627718,-0.599,0.612,0.375,0.558,0.141
6175,205.862,0.93,1,-0.37634,0.481284,-0.791665,-0.58776,0.510566,-0.627583,-0.597,0.61,0.374,0.56,0.143
6176,205.895,0.93,1,-0.378759,0.506368,-0.774683,-0.598043,0.503226,-0.623785,-0.61,0.625,0.382,0.563,0.144
6177,205.928,0.93,1,-0.380654,0.50028,-0.777703,-0.585227,0.485206,-0.64968,-0.595,0.604,0.387,0.573,0.143
6178,205.962,0.93,1,-0.368477,0.524058,-0.767846,-0.607315,0.504559,-0.613669,-0.615,0.64,0.382,0.564,0.149
6179,205.995,0.93,1,-0.376834,0.531919,-0.758326,-0.603218,0.495248,-0.625186,-0.616,0.639,0.391,0.571,0.145
6180,206.028,0.93,1,-0.35812,0.528123,-0.769958,-0.598449,0.497567,-0.627922,-0.6,0.633,0.384,0.561,0.151
6181,206.062,0.93,1,-0.378215,0.534384,-0.755902,-0.588509,0.483846,-0.647727,-0.603,0.628,0.383,0.56,0.153
6182,206.095,0.93,1,-0.36492,0.543116,-0.756213,-0.600832,0.495397,-0.627362,-0.609,0.644,0.385,0.561,0.153
6183,206.128,0.93,1,-0.367595,0.540455,-0.756823,-0.613222,0.493263,-0.616969,-0.62,0.645,0.387,0.567,0.154
6184,206.162,0.93,1,-0.357296,0.552107,-0.753338,-0.607967,0.496161,-0.619839,-0.613,0.652,0.388,0.57,0.153
6185,206.195,0.93,1,-0.362211,0.549323,-0.753026,-0.608074,0.490461,-0.624255,-0.614,0.647,0.386,0.568,0.155
6186,206.228,0.93,1,-0.333138,0.551074,-0.765073,-0.613758,0.49861,-0.612119,-0.602,0.651,0.388,0.563,0.152
6187,206.262,0.93,1,-0.368672,0.536828,-0.758879,-0.58338,0.458431,-0.670454,-0.588,0.608,0.39,0.574,0.147
6188,206.295,0.93,1,-0.37466,0.502986,-0.778868,-0.610016,0.486102,-0.625768,-0.611,0.614,0.374,0.564,0.153
6189,206.328,0.93,1,-0.365044,0.53545,-0.761601,-0.605744,0.500554,-0.618482,-0.613,0.644,0.376,0.561,0.151
6190,206.362,0.93,1,-0.370605,0.542229,-0.754082,-0.584655,0.465867,-0.664188,-0.593,0.618,0.377,0.564,0.147
6191,206.395,0.93,1,-0.357018,0.536402,-0.764729,-0.600072,0.510426,-0.615938,-0.606,0.649,0.375,0.555,0.144
6192,206.428,0.98,1,-0.502538,0.421231,-0.754997,-0.573011,0.493969,-0.653952,-0.652,0.576,0.38,0.564,0.138
6193,206.462,0.98,1,-0.397892,0.456748,-0.795652,-0.55871,0.473116,-0.681179,-0.575,0.562,0.375,0.559,0.135
6194,206.495,0.98,1,-0.480107,0.37629,-0.792403,-0.565598,0.449885,-0.69116,-0.614,0.508,0.369,0.552,0.132
6195,206.529,0.98,1,-0.419165,0.433743,-0.797601,-0.57629,0.440865,-0.688134,-0.59,0.532,0.366,0.54,0.13
6196,206.562,0.98,1,-0.399327,0.447515,-0.800168,-0.55804,0.446336,-0.699554,-0.568,0.537,0.364,0.528,0.127
6197,206.595,0.98,1,-0.380614,0.448411,-0.80874,-0.559325,0.438445,-0.703507,-0.556,0.53,0.359,0.522,0.124
6198,206.629,0.98,1,-0.375341,0.446464,-0.812274,-0.561439,0.437405,-0.70247,-0.554,0.528,0.358,0.515,0.118
6199,206.662,0.98,1,-0.340676,0.453992,-0.823305,-0.550152,0.407223,-0.729042,-0.521,0.507,0.357,0.506,0.113
6200,206.695,0.98,1,-0.42517,0.257569,-0.867692,-0.48899,0.40106,-0.774622,-0.508,0.381,0.361,0.481,0.105
6201,206.729,0.98,1,-0.224686,0.259083,-0.939357,-0.425598,0.423958,-0.799453,-0.358,0.374,0.361,0.422,0.104
6202,206.762,0.98,1,-0.114641,0.218399,-0.969102,-0.330794,0.466987,-0.82006,-0.244,0.366,0.359,0.328,0.102
6203,206.795,0.98,1,-0.051096,0.220176,-0.974121,-0.294435,0.450751,-0.842693,-0.188,0.354,0.332,0.247,0.1
6204,206.829,0.98,1,0.023976,0.347453,-0.937391,-0.237127,0.404355,-0.883328,-0.117,0.392,0.315,0.19,0.097
6205,206.862,0.98,1,0.038822,0.38582,-0.921757,-0.175598,0.393417,-0.902435,-0.075,0.404,0.317,0.144,0.088
6206,206.895,0.98,1,0.100519,0.472183,-0.87575,-0.14266,0.415529,-0.898323,-0.024,0.464,0.324,0.106,0.07
6207,206.929,0.98,1,0.120859,0.488069,-0.864397,-0.124094,0.420392,-0.898816,-0.002,0.476,0.324,0.088,0.05
6208,206.962,0.98,1,0.113779,0.477515,-0.871226,-0.099988,0.398333,-0.911775,0.008,0.457,0.311,0.073,0.042
6209,206.995,0.98,1,0.13026,0.475854,-0.869825,-0.095367,0.387765,-0.916812,0.02,0.45,0.296,0.064,0.037
6210,207.029,0.98,1,0.145733,0.467101,-0.872111,-0.09126,0.384432,-0.918631,0.03,0.444,0.284,0.056,0.031
6211,207.062,0.98,1,0.134283,0.463508,-0.875859,-0.082725,0.399741,-0.912888,0.029,0.45,0.28,0.048,0.023
6212,207.095,0.98,1,0.15171,0.456953,-0.876458,-0.066222,0.389482,-0.91865,0.048,0.441,0.274,0.039,0.018
6213,207.129,0.98,1,0.177799,0.405071,-0.89683,-0.0349,0.36877,-0.928865,0.078,0.401,0.264,0.03,0.014
6257,208.596,0.98,1,0.271445,0.400623,-0.875111,0.077909,0.329488,-0.94094,0.19,0.382,0.186,-0.105,-0.037
6261,208.729,0.98,1,0.26283,0.412883,-0.872037,0.066422,0.366641,-0.927988,0.181,0.409,0.196,-0.093,-0.032
6262,208.763,0.98,1,0.263093,0.41844,-0.869304,0.065881,0.362268,-0.929743,0.181,0.409,0.198,-0.093,-0.029
6263,208.796,0.98,1,0.256275,0.420634,-0.870282,0.062774,0.365191,-0.928814,0.176,0.412,0.202,-0.095,-0.024
6264,208.829,0.98,1,0.261378,0.415462,-0.871248,0.055538,0.362915,-0.930166,0.174,0.408,0.205,-0.096,-0.022
6265,208.863,0.98,1,0.258418,0.432072,-0.864022,0.048366,0.366003,-0.929356,0.169,0.419,0.208,-0.097,-0.022
6266,208.896,0.98,1,0.246245,0.414036,-0.876321,0.029405,0.377588,-0.925507,0.152,0.414,0.211,-0.096,-0.023
6267,208.929,0.98,1,0.240698,0.404329,-0.882373,0.0334,0.37757,-0.925379,0.15,0.408,0.211,-0.094,-0.025
6268,208.963,0.98,1,0.241845,0.418154,-0.87559,0.02143,0.385553,-0.922437,0.145,0.42,0.213,-0.092,-0.025
6269,208.996,0.98,1,0.229924,0.41603,-0.879803,0.021229,0.377875,-0.925613,0.138,0.414,0.212,-0.088,-0.026
6270,209.029,0.98,1,0.227965,0.420361,-0.878253,0.017054,0.384708,-0.922881,0.135,0.42,0.213,-0.083,-0.025
6271,209.063,0.98,1,0.239297,0.439883,-0.865586,0.017258,0.383218,-0.923497,0.142,0.431,0.212,-0.083,-0.023
6272,209.096,0.98,1,0.243242,0.446648,-0.861011,0.017998,0.379138,-0.925165,0.145,0.433,0.214,-0.08,-0.022
6273,209.129,0.98,1,0.241037,0.447082,-0.861405,0.016617,0.381506,-0.924217,0.143,0.434,0.219,-0.075,-0.018
6274,209.163,0.98,1,0.236731,0.456011,-0.857912,0.010238,0.379465,-0.925149,0.138,0.438,0.224,-0.075,-0.014
6275,209.196,0.98,1,0.275545,0.452972,-0.847874,0.013797,0.363304,-0.931569,0.161,0.43,0.228,-0.073,-0.009
6276,209.229,0.98,1,0.28621,0.422529,-0.859973,0.038366,0.313256,-0.948893,0.178,0.386,0.233,-0.074,-0.006
6288,209.629,0.98,1,0.290748,0.408212,-0.865349,0.041208,0.373544,-0.926697,0.183,0.411,0.236,-0.142,0.036
6289,209.663,0.98,1,0.296915,0.433415,-0.850878,0.045888,0.372389,-0.926941,0.19,0.426,0.241,-0.14,0.025
6290,209.696,0.98,1,0.290131,0.432427,-0.853716,0.047789,0.346471,-0.936843,0.187,0.41,0.243,-0.135,0.016
6291,209.729,0.98,1,0.296448,0.451884,-0.841379,0.043891,0.348994,-0.936096,0.189,0.423,0.242,-0.127,0.018
6292,209.763,0.98,1,0.283248,0.46285,-0.839965,0.041025,0.344743,-0.9378,0.18,0.426,0.234,-0.117,0.027
6293,209.796,0.98,1,0.250153,0.498317,-0.830123,-0.026149,0.384216,-0.922873,0.127,0.466,0.229,-0.1,0.041
6294,209.83,0.98,1,0.235786,0.512381,-0.825755,-0.054285,0.409241,-0.91081,0.104,0.488,0.223,-0.089,0.056
6295,209.863,0.98,1,0.227593,0.512457,-0.828003,-0.041129,0.401328,-0.915011,0.107,0.483,0.223,-0.08,0.072
6296,209.896,0.98,1,0.219002,0.503701,-0.835658,-0.060021,0.418904,-0.906045,0.091,0.487,0.224,-0.067,0.089
6297,209.93,0.98,1,0.211734,0.504889,-0.836813,-0.06871,0.420489,-0.904692,0.082,0.488,0.228,-0.055,0.103
6298,209.963,0.98,1,0.185705,0.528619,-0.828297,-0.071627,0.45358,-0.888332,0.066,0.52,0.238,-0.054,0.111
6299,209.996,0.98,1,0.149883,0.510991,-0.846418,-0.086077,0.457427,-0.885071,0.037,0.51,0.245,-0.043,0.114
6300,210.03,0.98,1,0.14058,0.503147,-0.85269,-0.105714,0.455038,-0.884175,0.02,0.504,0.25,-0.036,0.117
6301,210.063,0.98,1,0.148608,0.491502,-0.858104,-0.080701,0.453223,-0.887736,0.039,0.496,0.253,-0.032,0.12
6302,210.096,0.98,1,0.146522,0.488789,-0.86001,-0.07755,0.454569,-0.887329,0.039,0.495,0.256,-0.027,0.124
6303,210.13,0.98,1,0.190725,0.518061,-0.833808,-0.109672,0.455246,-0.883586,0.047,0.516,0.255,-0.019,0.125
6304,210.163,0.98,1,0.183858,0.527804,-0.829228,-0.116778,0.486635,-0.865765,0.04,0.539,0.259,-0.019,0.126
6305,210.196,0.98,1,0.183696,0.529401,-0.828246,-0.106302,0.485559,-0.867717,0.046,0.539,0.262,-0.019,0.126
6306,210.23,0.98,1,0.183156,0.52961,-0.828231,-0.102361,0.483439,-0.869373,0.048,0.538,0.264,-0.018,0.125
6307,210.263,0.98,1,0.174504,0.527679,-0.831326,-0.106443,0.504714,-0.856699,0.04,0.549,0.268,-0.018,0.124
6308,210.296,0.98,1,0.156386,0.536253,-0.829443,-0.115646,0.494437,-0.861486,0.024,0.547,0.27,-0.026,0.124
6309,210.33,0.98,1,0.175607,0.549201,-0.817031,-0.129871,0.494707,-0.859301,0.027,0.557,0.275,-0.028,0.124
6310,210.363,0.98,1,0.170992,0.556761,-0.812883,-0.131668,0.498844,-0.856632,0.024,0.564,0.278,-0.024,0.124
6311,210.396,0.98,1,0.178009,0.562538,-0.807381,-0.124632,0.498088,-0.858123,0.032,0.567,0.281,-0.028,0.125
6312,210.43,0.98,1,0.205653,0.564208,-0.79961,-0.121137,0.491056,-0.862664,0.051,0.566,0.283,-0.033,0.122
6313,210.463,0.98,1,0.195224,0.570491,-0.797764,-0.11668,0.504685,-0.855382,0.047,0.577,0.283,-0.037,0.118
6314,210.496,0.98,1,0.206401,0.568532,-0.796348,-0.108205,0.491837,-0.863938,0.059,0.568,0.288,-0.047,0.113
6315,210.53,0.98,1,0.218426,0.562606,-0.797349,-0.118744,0.49979,-0.857968,0.06,0.571,0.291,-0.04,0.106
6316,210.563,0.98,1,0.216922,0.554938,-0.803112,-0.109854,0.479751,-0.8705,0.064,0.554,0.292,-0.048,0.102
6317,210.596,0.98,1,0.221527,0.542603,-0.810252,-0.089828,0.478218,-0.873635,0.078,0.545,0.291,-0.053,0.099
6318,210.63,0.98,1,0.232347,0.543595,-0.806548,-0.087334,0.480849,-0.872443,0.086,0.548,0.294,-0.056,0.096
6319,210.663,0.98,1,0.251674,0.544357,-0.80021,-0.078874,0.483144,-0.871981,0.103,0.551,0.298,-0.059,0.094
6320,210.696,0.98,1,0.239021,0.55418,-0.797341,-0.089938,0.480284,-0.87249,0.089,0.555,0.294,-0.062,0.093
6321,210.73,0.98,1,0.182123,0.550689,-0.8146,-0.094038,0.476768,-0.873985,0.052,0.547,0.3,-0.055,0.087
6322,210.763,0.98,1,0.156075,0.547812,-0.821914,-0.066532,0.46861,-0.880896,0.053,0.538,0.304,-0.048,0.082
6323,210.796,0.98,1,0.160156,0.537405,-0.827977,-0.048919,0.415431,-0.908308,0.064,0.502,0.305,-0.039,0.081
6324,210.83,0.98,1,0.171346,0.530019,-0.830494,-0.060234,0.407784,-0.911089,0.064,0.494,0.308,-0.03,0.081
6325,210.863,0.98,1,0.181885,0.518823,-0.835308,-0.062774,0.404063,-0.912574,0.068,0.486,0.31,-0.025,0.079
6326,210.897,0.98,1,0.172027,0.501042,-0.848153,-0.06456,0.40813,-0.910638,0.061,0.477,0.309,-0.018,0.073
6327,210.93,0.98,1,0.177508,0.499,-0.848227,-0.055858,0.412304,-0.909332,0.069,0.478,0.309,-0.011,0.071
6328,210.963,0.98,1,0.173734,0.498477,-0.849315,-0.054883,0.410709,-0.910113,0.067,0.477,0.31,-0.007,0.067
6329,210.997,0.98,1,0.149659,0.456469,-0.877062,-0.053643,0.395063,-0.917087,0.053,0.443,0.309,-0.005,0.066
6330,211.03,0.98,1,0.152467,0.455121,-0.877279,-0.046741,0.392369,-0.91862,0.059,0.441,0.312,-0.001,0.067
6331,211.063,0.98,1,0.155857,0.477432,-0.864736,-0.038638,0.39606,-0.917412,0.066,0.456,0.309,0.001,0.073
6332,211.097,0.98,1,0.137833,0.470565,-0.871534,-0.04413,0.387924,-0.920634,0.052,0.447,0.307,0.0,0.085
6333,211.13,0.98,1,0.137232,0.473568,-0.87,-0.041172,0.390179,-0.919818,0.054,0.45,0.303,-0.0,0.094
6334,211.163,0.98,1,0.146302,0.485701,-0.861795,-0.044732,0.392739,-0.918562,0.057,0.458,0.302,0.003,0.103
6335,211.197,0.98,1,0.122829,0.465986,-0.876225,-0.034988,0.384849,-0.922316,0.049,0.442,0.302,0.0,0.109
6336,211.23,0.98,1,0.139825,0.474891,-0.868865,-0.033018,0.387145,-0.921427,0.06,0.449,0.297,-0.0,0.112
6337,211.263,0.98,1,0.154904,0.477396,-0.864927,-0.031359,0.385829,-0.922037,0.069,0.45,0.289,0.003,0.111
6338,211.297,0.98,1,0.14175,0.471126,-0.870602,-0.023836,0.385974,-0.922202,0.066,0.446,0.288,-0.003,0.11
6339,211.33,0.98,1,0.139817,0.458776,-0.877483,-0.025884,0.384872,-0.922607,0.063,0.438,0.285,-0.004,0.108
6340,211.363,0.98,1,0.128195,0.462207,-0.877457,-0.027886,0.38369,-0.923041,0.056,0.439,0.287,-0.002,0.103
6341,211.397,0.98,1,0.138462,0.460569,-0.876758,-0.029665,0.380587,-0.924269,0.06,0.437,0.283,0.0,0.101
6342,211.43,0.98,1,0.135847,0.455814,-0.879647,-0.025498,0.373828,-0.927147,0.061,0.43,0.282,0.0,0.099
6343,211.463,0.98,1,0.135223,0.447444,-0.88403,-0.02071,0.374071,-0.927169,0.063,0.426,0.277,0.001,0.099
6344,211.497,0.98,1,0.134987,0.451473,-0.882015,-0.021099,0.372621,-0.927744,0.063,0.427,0.273,-0.0,0.097
6345,211.53,0.98,1,0.1544,0.457677,-0.87561,-0.031582,0.379406,-0.924691,0.068,0.435,0.269,0.001,0.096
6346,211.563,0.98,1,0.151528,0.453713,-0.87817,-0.029101,0.380181,-0.924454,0.068,0.433,0.266,0.0,0.095
6347,211.597,0.98,1,0.155075,0.461499,-0.873482,-0.033155,0.384116,-0.922689,0.068,0.44,0.266,0.001,0.093
6348,211.63,0.98,1,0.148283,0.466195,-0.872166,-0.030631,0.388403,-0.92098,0.066,0.445,0.266,0.001,0.089
6349,211.663,0.98,1,0.137938,0.467938,-0.87293,-0.031051,0.390507,-0.920076,0.06,0.447,0.274,-0.0,0.084
6350,211.697,0.98,1,0.132891,0.487755,-0.862807,-0.07192,0.401249,-0.913141,0.034,0.464,0.28,0.002,0.08
6351,211.73,0.98,1,0.130784,0.494496,-0.859284,-0.069971,0.39767,-0.914857,0.034,0.466,0.285,0.002,0.076
6352,211.763,0.98,1,0.091556,0.515489,-0.851991,-0.098714,0.450289,-0.887409,-0.004,0.507,0.294,0.008,0.07
6353,211.797,0.98,1,0.043323,0.524483,-0.850318,-0.122591,0.472271,-0.872887,-0.046,0.524,0.303,0.019,0.066
6354,211.83,0.98,1,0.034547,0.520949,-0.852888,-0.131375,0.467677,-0.874082,-0.056,0.52,0.303,0.032,0.064
6355,211.863,0.98,1,0.04217,0.521743,-0.85206,-0.133908,0.462623,-0.876384,-0.053,0.518,0.3,0.049,0.065
6356,211.897,0.98,1,0.049087,0.52455,-0.849963,-0.140041,0.455075,-0.879372,-0.053,0.515,0.295,0.07,0.065
6357,211.93,0.98,1,0.024073,0.498452,-0.866583,-0.154762,0.440714,-0.884206,-0.075,0.492,0.292,0.091,0.085
6358,211.963,0.98,1,0.032023,0.492398,-0.869781,-0.166791,0.438192,-0.883271,-0.077,0.488,0.298,0.103,0.089
6359,211.997,0.98,1,0.033343,0.501574,-0.864472,-0.182095,0.442128,-0.878273,-0.085,0.496,0.299,0.114,0.091
6360,212.03,0.98,1,0.027402,0.486179,-0.87343,-0.193934,0.442045,-0.875777,-0.095,0.488,0.301,0.126,0.092
6361,212.064,0.98,1,-0.014092,0.481712,-0.876216,-0.203683,0.460737,-0.863849,-0.125,0.496,0.301,0.14,0.091
6362,212.097,0.98,1,-0.033268,0.50776,-0.860856,-0.237106,0.480135,-0.844542,-0.157,0.525,0.302,0.148,0.087
6363,212.13,0.98,1,-0.034852,0.514401,-0.856841,-0.242861,0.479515,-0.843258,-0.162,0.529,0.305,0.158,0.083
6364,212.164,0.98,1,-0.030162,0.519403,-0.853997,-0.254995,0.46641,-0.847018,-0.166,0.525,0.304,0.169,0.082
6365,212.197,0.98,1,-0.060849,0.535485,-0.84235,-0.246691,0.48295,-0.840181,-0.181,0.544,0.315,0.184,0.074
6366,212.23,0.98,1,-0.073012,0.566689,-0.82069,-0.244488,0.528599,-0.812901,-0.192,0.591,0.32,0.194,0.068
6367,212.264,0.98,1,-0.070224,0.514692,-0.854494,-0.323787,0.347806,-0.879882,-0.223,0.461,0.333,0.212,0.064
6368,212.297,0.98,1,-0.07226,0.480488,-0.874019,-0.326657,0.289912,-0.899581,-0.221,0.41,0.356,0.234,0.056
6369,212.33,0.98,1,-0.071342,0.480998,-0.873814,-0.327589,0.294241,-0.897835,-0.221,0.412,0.366,0.252,0.053
6370,212.364,0.98,1,-0.067359,0.460439,-0.885132,-0.330239,0.282237,-0.900713,-0.219,0.394,0.368,0.264,0.055
6371,212.397,0.98,1,-0.045637,0.461431,-0.886001,-0.36024,0.28966,-0.886749,-0.225,0.401,0.381,0.276,0.054
6372,212.43,0.98,1,-0.035817,0.466813,-0.88363,-0.352976,0.285371,-0.891051,-0.216,0.401,0.386,0.282,0.055
6373,212.464,0.98,1,-0.042658,0.471317,-0.880932,-0.358189,0.296667,-0.885262,-0.223,0.41,0.4,0.291,0.055
6374,212.497,0.98,1,-0.054925,0.479402,-0.875875,-0.352691,0.314541,-0.88129,-0.228,0.424,0.414,0.304,0.052
6375,212.53,0.98,1,-0.072297,0.487336,-0.870217,-0.359321,0.324016,-0.875158,-0.242,0.435,0.425,0.315,0.049
6376,212.564,0.98,1,-0.043481,0.519711,-0.853235,-0.388461,0.361273,-0.847691,-0.249,0.478,0.452,0.34,0.048
6377,212.597,0.98,1,-0.041986,0.559728,-0.827612,-0.391956,0.385865,-0.835152,-0.255,0.517,0.476,0.352,0.041
6378,212.63,0.98,1,-0.086039,0.55599,-0.826724,-0.411852,0.377532,-0.829366,-0.292,0.513,0.489,0.361,0.034
6379,212.664,0.98,1,-0.089459,0.557147,-0.825581,-0.413053,0.398396,-0.818943,-0.297,0.526,0.493,0.373,0.026
6380,212.697,0.98,1,-0.08024,0.544608,-0.834844,-0.419019,0.373712,-0.827504,-0.292,0.505,0.5,0.386,0.022
6381,212.73,0.98,1,-0.095546,0.536695,-0.838349,-0.443316,0.391945,-0.806133,-0.317,0.514,0.496,0.393,0.02
6382,212.764,0.93,1,-0.100917,0.553508,-0.826707,-0.42937,0.401849,-0.808801,-0.314,0.529,0.484,0.394,0.026
6383,212.797,0.98,1,-0.175118,0.534598,-0.826764,-0.444666,0.404229,-0.799294,-0.364,0.524,0.483,0.398,0.025
6384,212.83,0.98,1,-0.132488,0.534774,-0.834544,-0.424118,0.393453,-0.815671,-0.325,0.512,0.496,0.412,0.019
6385,212.864,0.98,1,-0.194685,0.510355,-0.837637,-0.446349,0.386502,-0.807087,-0.372,0.499,0.483,0.409,0.025
6386,212.897,0.98,1,-0.130443,0.517897,-0.845439,-0.431101,0.359391,-0.827641,-0.324,0.483,0.489,0.411,0.022
6387,212.93,0.98,1,-0.170951,0.518832,-0.837609,-0.438581,0.366066,-0.820757,-0.352,0.49,0.484,0.415,0.025
6388,212.964,0.98,1,-0.144635,0.512569,-0.846377,-0.440321,0.348521,-0.827436,-0.336,0.475,0.474,0.414,0.028
6389,212.997,0.98,1,-0.143144,0.514649,-0.845367,-0.44829,0.355522,-0.820146,-0.341,0.481,0.475,0.415,0.028
6390,213.03,0.98,1,-0.128252,0.518507,-0.8454,-0.450455,0.356333,-0.818607,-0.335,0.484,0.475,0.416,0.029
6391,213.064,0.98,1,-0.120084,0.508,-0.852946,-0.441448,0.358266,-0.82266,-0.323,0.477,0.472,0.417,0.028
6392,213.097,0.98,1,-0.119739,0.510542,-0.851475,-0.453331,0.361535,-0.814729,-0.331,0.482,0.469,0.417,0.029
6393,213.131,0.98,1,-0.114888,0.510606,-0.852105,-0.449244,0.363476,-0.816128,-0.326,0.483,0.458,0.409,0.034
6394,213.164,0.98,1,-0.107961,0.517598,-0.848785,-0.452717,0.373873,-0.809485,-0.326,0.493,0.454,0.403,0.036
6395,213.197,0.98,1,-0.116057,0.505422,-0.855032,-0.448573,0.376247,-0.810691,-0.327,0.487,0.442,0.391,0.038
6396,213.231,0.98,1,-0.108221,0.493573,-0.862945,-0.457608,0.374431,-0.806472,-0.327,0.479,0.434,0.382,0.041
6397,213.264,0.98,1,-0.103671,0.49265,-0.86403,-0.459609,0.368438,-0.808092,-0.325,0.476,0.432,0.378,0.043
6398,213.297,0.98,1,-0.123805,0.488376,-0.863806,-0.459297,0.36088,-0.811672,-0.335,0.469,0.426,0.376,0.045
6399,213.331,0.98,1,-0.158944,0.506698,-0.847345,-0.449899,0.366193,-0.814551,-0.351,0.484,0.431,0.38,0.047
6400,213.364,0.98,1,-0.170797,0.522169,-0.835564,-0.455856,0.374396,-0.807479,-0.364,0.5,0.435,0.389,0.045
6401,213.397,0.98,1,-0.181268,0.478312,-0.859279,-0.48307,0.366267,-0.795293,-0.382,0.472,0.409,0.374,0.054
6402,213.431,0.93,1,-0.21898,0.549192,-0.806496,-0.474565,0.374232,-0.796705,-0.408,0.523,0.411,0.385,0.053
6403,213.464,0.98,1,-0.223229,0.542696,-0.809722,-0.485403,0.3583,-0.797499,-0.415,0.511,0.406,0.391,0.056
6404,213.497,0.93,1,-0.214623,0.545498,-0.810166,-0.503771,0.381717,-0.774924,-0.426,0.529,0.4,0.391,0.058
6405,213.531,0.98,1,-0.182813,0.510937,-0.839954,-0.521043,0.430195,-0.737188,-0.42,0.538,0.412,0.411,0.05
6406,213.564,0.93,1,-0.23074,0.550318,-0.80244,-0.481222,0.381941,-0.789016,-0.421,0.53,0.412,0.426,0.05
6407,213.597,0.98,1,-0.189278,0.498946,-0.845711,-0.528326,0.384622,-0.756927,-0.421,0.504,0.413,0.439,0.05
6408,213.631,0.93,1,-0.21421,0.53138,-0.819603,-0.504171,0.387095,-0.771991,-0.424,0.523,0.397,0.442,0.055
6409,213.664,0.98,1,-0.187412,0.495246,-0.848297,-0.534576,0.414932,-0.736247,-0.428,0.521,0.398,0.458,0.052
6410,213.697,0.98,1,-0.210693,0.506127,-0.836328,-0.524994,0.359454,-0.771475,-0.429,0.494,0.397,0.468,0.053
6411,213.731,0.98,1,-0.189434,0.445613,-0.874954,-0.535474,0.333562,-0.775889,-0.414,0.441,0.384,0.466,0.057
6412,213.764,0.98,1,-0.241284,0.494252,-0.835163,-0.516555,0.340201,-0.78577,-0.437,0.475,0.389,0.481,0.055
6413,213.797,0.98,1,-0.246596,0.480065,-0.84186,-0.53634,0.348064,-0.76889,-0.452,0.475,0.381,0.481,0.057
6414,213.831,0.93,1,-0.237985,0.47048,-0.849713,-0.5051,0.336534,-0.794744,-0.424,0.456,0.37,0.471,0.06
6415,213.864,0.98,1,-0.180836,0.53909,-0.822606,-0.449471,0.409304,-0.794007,-0.372,0.531,0.363,0.435,0.066
6416,213.897,0.98,1,-0.167481,0.492279,-0.854173,-0.383297,0.434435,-0.815076,-0.319,0.507,0.344,0.344,0.078
6417,213.931,0.82,1,-0.222026,0.531175,-0.817654,-0.495464,0.439211,-0.749405,-0.429,0.554,0.293,0.331,0.109
6418,213.964,0.93,1,0.050037,0.585962,-0.808792,-0.220322,0.324073,-0.920019,-0.098,0.485,0.276,0.078,0.078
6419,213.997,0.82,1,0.089609,0.654075,-0.751103,-0.444955,0.493336,-0.747419,-0.233,0.653,0.223,0.091,0.124
6420,214.031,0.98,1,0.294623,0.488543,-0.821293,-0.007214,0.36574,-0.930689,0.163,0.454,0.292,-0.007,0.021
6421,214.064,0.98,1,0.317642,0.527298,-0.788074,-0.039321,0.292603,-0.955425,0.158,0.44,0.294,-0.07,0.033
6422,214.097,0.98,1,0.328552,0.531085,-0.781026,-0.054217,0.284661,-0.957094,0.157,0.439,0.286,-0.101,0.049
6423,214.131,0.98,1,0.345517,0.496642,-0.796219,-0.030439,0.317432,-0.947792,0.179,0.437,0.287,-0.108,0.061
6424,214.164,0.98,1,0.364373,0.483392,-0.795968,-0.033222,0.321355,-0.946376,0.188,0.433,0.285,-0.108,0.066
6425,214.197,0.98,1,0.342045,0.404178,-0.848319,-0.040783,0.295611,-0.954437,0.166,0.37,0.287,-0.104,0.067
6426,214.231,0.98,1,0.329594,0.409622,-0.850634,-0.02098,0.316966,-0.948205,0.17,0.384,0.284,-0.108,0.071
6427,214.264,0.98,1,0.320215,0.412522,-0.852812,-0.012125,0.317624,-0.948139,0.169,0.385,0.289,-0.117,0.071
6428,214.298,0.98,1,0.312716,0.414911,-0.854434,-0.012097,0.325719,-0.945389,0.165,0.39,0.296,-0.116,0.073
6429,214.331,0.98,1,0.305185,0.420867,-0.854244,-0.005134,0.342145,-0.939633,0.166,0.402,0.299,-0.117,0.075
6430,214.364,0.98,1,0.304196,0.423915,-0.853089,-0.005106,0.359464,-0.933145,0.166,0.413,0.299,-0.117,0.074
6431,214.398,0.98,1,0.309106,0.421398,-0.852571,-0.00118,0.356502,-0.934294,0.171,0.411,0.301,-0.12,0.072
6432,214.431,0.98,1,0.323707,0.419242,-0.848204,0.005216,0.346591,-0.938002,0.182,0.405,0.299,-0.121,0.07
6433,214.464,0.98,1,0.321221,0.41189,-0.852739,-0.006217,0.345299,-0.938472,0.174,0.4,0.301,-0.122,0.067
6434,214.498,0.98,1,0.323721,0.406611,-0.854326,0.002048,0.348185,-0.937424,0.18,0.399,0.302,-0.124,0.062
6435,214.531,0.98,1,0.33118,0.413218,-0.848275,0.007713,0.339293,-0.940649,0.187,0.398,0.301,-0.13,0.056
6436,214.564,0.98,1,0.333394,0.406078,-0.850852,0.014479,0.340467,-0.940145,0.192,0.395,0.301,-0.132,0.051
6437,214.598,0.98,1,0.33522,0.403635,-0.851297,0.014963,0.336318,-0.94163,0.193,0.391,0.303,-0.133,0.05
6438,214.631,0.98,1,0.330008,0.421471,-0.844664,-0.002957,0.343159,-0.939273,0.181,0.405,0.305,-0.128,0.048
6439,214.664,0.98,1,0.352907,0.45711,-0.816399,-0.008256,0.34363,-0.939069,0.194,0.428,0.307,-0.133,0.045
6440,214.698,0.98,1,0.342964,0.519493,-0.782626,-0.002106,0.338861,-0.940834,0.195,0.462,0.307,-0.13,0.044
6441,214.731,0.98,1,0.18116,0.497727,-0.848203,-0.006586,0.324526,-0.945854,0.097,0.43,0.315,-0.117,0.04
6443,214.798,0.98,1,0.128349,0.377318,-0.917147,-0.156442,0.490237,-0.857434,-0.016,0.455,0.335,-0.054,0.04
6444,214.831,0.98,1,0.135161,0.439295,-0.888117,-0.250162,0.490158,-0.834964,-0.067,0.495,0.352,-0.006,0.039
6445,214.864,0.88,1,-0.114103,0.352421,-0.928859,-0.337629,0.45601,-0.823445,-0.252,0.432,0.334,0.049,0.041
6446,214.898,0.88,1,-0.162929,0.509652,-0.844813,-0.329529,0.483778,-0.810783,-0.289,0.54,0.301,0.126,0.041
6447,214.931,0.88,1,-0.184385,0.484096,-0.855367,-0.324282,0.501941,-0.801808,-0.298,0.537,0.295,0.194,0.064
6448,214.964,0.98,1,-0.265851,0.447267,-0.853976,-0.365645,0.483629,-0.79524,-0.366,0.514,0.293,0.288,0.102
6449,214.998,0.98,1,-0.274748,0.449201,-0.850136,-0.39652,0.464276,-0.791972,-0.388,0.508,0.283,0.326,0.132
6450,215.031,0.98,1,-0.328235,0.411091,-0.85045,-0.400163,0.46556,-0.789382,-0.418,0.491,0.281,0.336,0.146
6451,215.064,0.93,1,-0.293197,0.450686,-0.84316,-0.453802,0.421744,-0.784981,-0.43,0.492,0.276,0.348,0.158
6452,215.098,0.93,1,-0.287947,0.448944,-0.845894,-0.464709,0.418348,-0.780404,-0.433,0.49,0.271,0.352,0.16
6453,215.131,0.98,1,-0.290037,0.453519,-0.842733,-0.461789,0.419943,-0.78128,-0.434,0.493,0.274,0.356,0.157
6454,215.164,0.98,1,-0.278524,0.457857,-0.84427,-0.483626,0.403585,-0.776676,-0.44,0.488,0.281,0.362,0.158
6455,215.198,0.98,1,-0.277006,0.470461,-0.837815,-0.465782,0.428517,-0.774222,-0.432,0.509,0.289,0.361,0.152
6456,215.231,0.98,1,-0.210181,0.508491,-0.835021,-0.454441,0.385203,-0.803182,-0.385,0.499,0.3,0.362,0.146
6457,215.264,0.98,1,-0.271139,0.514306,-0.813618,-0.456574,0.373847,-0.807328,-0.422,0.501,0.323,0.373,0.136
6458,215.298,0.98,1,-0.140195,0.524806,-0.839598,-0.452664,0.375282,-0.808863,-0.345,0.5,0.34,0.343,0.126
6459,215.331,0.98,1,-0.184289,0.518227,-0.835152,-0.43187,0.339219,-0.835715,-0.353,0.474,0.318,0.321,0.119
6460,215.365,0.93,1,-0.196005,0.526006,-0.827587,-0.39568,0.347865,-0.849957,-0.339,0.48,0.315,0.308,0.109
6461,215.398,0.98,1,-0.179161,0.506458,-0.843446,-0.400298,0.346942,-0.84817,-0.33,0.467,0.323,0.31,0.099
6462,215.431,0.98,1,-0.144152,0.504604,-0.851231,-0.415141,0.333225,-0.846534,-0.318,0.458,0.327,0.315,0.093
6463,215.465,0.98,1,-0.252597,0.556021,-0.791856,-0.400042,0.366245,-0.840137,-0.38,0.514,0.336,0.318,0.087
6464,215.498,0.93,1,-0.302579,0.540367,-0.785143,-0.393823,0.460588,-0.795463,-0.415,0.565,0.33,0.323,0.078
6465,215.531,0.98,1,-0.302966,0.555188,-0.774582,-0.415597,0.508878,-0.753872,-0.439,0.608,0.327,0.342,0.075
6466,215.565,0.98,1,-0.345433,0.534334,-0.771468,-0.468708,0.542624,-0.697046,-0.506,0.633,0.329,0.371,0.076
6467,215.598,0.98,1,-0.335701,0.508767,-0.792756,-0.46281,0.518931,-0.718692,-0.486,0.597,0.335,0.389,0.071
6468,215.631,0.93,1,-0.323922,0.509501,-0.797172,-0.478126,0.48589,-0.731646,-0.483,0.577,0.347,0.405,0.064
6469,215.665,0.93,1,-0.306517,0.544426,-0.7808,-0.466367,0.464992,-0.752518,-0.467,0.582,0.351,0.402,0.062
6470,215.698,0.98,1,-0.218745,0.506494,-0.834035,-0.444834,0.343575,-0.827091,-0.38,0.473,0.363,0.415,0.059
6471,215.731,0.98,1,-0.188043,0.47905,-0.857409,-0.456727,0.351461,-0.817237,-0.368,0.46,0.371,0.411,0.055
6472,215.765,0.93,1,-0.208968,0.515176,-0.831219,-0.475715,0.366039,-0.799819,-0.397,0.495,0.357,0.376,0.06
6473,215.798,0.93,1,-0.169982,0.512867,-0.841471,-0.469681,0.366292,-0.803262,-0.371,0.491,0.357,0.359,0.06
6474,215.831,0.93,1,-0.116929,0.500125,-0.858023,-0.395657,0.41419,-0.819696,-0.297,0.499,0.376,0.341,0.052
6475,215.865,0.93,1,-0.062732,0.519898,-0.851922,-0.285004,0.406233,-0.868186,-0.199,0.494,0.354,0.248,0.058
6476,215.898,0.88,1,0.02959,0.54493,-0.837959,-0.359936,0.39389,-0.845752,-0.194,0.509,0.295,0.167,0.081
6477,215.931,0.88,1,0.000954,0.678262,-0.73482,-0.476012,0.58222,-0.659115,-0.328,0.735,0.274,0.161,0.11
6479,215.998,0.77,1,-0.175731,0.45364,-0.873687,-0.29117,0.267152,-0.918613,-0.255,0.382,0.246,0.138,0.199
6480,216.031,0.77,1,-0.139914,0.531987,-0.835113,-0.254353,0.293817,-0.921399,-0.221,0.439,0.26,0.094,0.238
6481,216.065,0.98,1,0.326055,0.444466,-0.834349,0.047726,0.395589,-0.917187,0.21,0.447,0.326,-0.078,0.01
6482,216.098,0.98,1,0.348009,0.466651,-0.813097,0.072694,0.359828,-0.930182,0.237,0.443,0.326,-0.126,0.025
6483,216.131,0.98,1,0.341073,0.428828,-0.836526,0.075217,0.361648,-0.929276,0.232,0.421,0.322,-0.142,0.031
6484,216.165,0.98,1,0.346822,0.422615,-0.837324,0.075218,0.355861,-0.931507,0.234,0.415,0.322,-0.146,0.032
6485,216.198,0.98,1,0.357368,0.439752,-0.823958,0.064399,0.361597,-0.930108,0.236,0.429,0.328,-0.144,0.033
6486,216.231,0.98,1,0.349052,0.430666,-0.83228,0.020493,0.380085,-0.924724,0.207,0.432,0.328,-0.131,0.033
6487,216.265,0.98,1,0.359885,0.433862,-0.825982,0.01614,0.384452,-0.923004,0.212,0.438,0.333,-0.133,0.032
6488,216.298,0.98,1,0.354501,0.419077,-0.835885,0.036171,0.380605,-0.92403,0.218,0.426,0.335,-0.137,0.033
6489,216.331,0.98,1,0.361397,0.419219,-0.832855,0.030599,0.359895,-0.932491,0.219,0.416,0.337,-0.151,0.033
6490,216.365,0.98,1,0.371543,0.423076,-0.826415,0.055969,0.309842,-0.949139,0.236,0.391,0.337,-0.165,0.034
6491,216.398,0.98,1,0.376872,0.437205,-0.81659,0.057119,0.311767,-0.94844,0.241,0.401,0.339,-0.178,0.035
6492,216.431,0.98,1,0.386208,0.454906,-0.802436,0.060834,0.309751,-0.94887,0.25,0.412,0.338,-0.184,0.034
6493,216.465,0.98,1,0.391055,0.463255,-0.79528,0.059864,0.313403,-0.947731,0.253,0.419,0.338,-0.189,0.034
6494,216.498,0.98,1,0.391041,0.458442,-0.798071,0.067227,0.318393,-0.945572,0.257,0.419,0.341,-0.195,0.034
6495,216.532,0.98,1,0.393304,0.452132,-0.800555,0.067801,0.313585,-0.947136,0.258,0.413,0.342,-0.197,0.033
6496,216.565,0.98,1,0.400172,0.475164,-0.783634,0.053631,0.361654,-0.930768,0.259,0.454,0.343,-0.199,0.033
6497,216.598,0.98,1,0.398413,0.47735,-0.783201,0.056048,0.382371,-0.922307,0.26,0.467,0.346,-0.199,0.034
6498,216.632,0.98,1,0.409192,0.527888,-0.744242,0.029954,0.377959,-0.925338,0.257,0.497,0.349,-0.193,0.032
6499,216.665,0.98,1,0.245348,0.474892,-0.845152,0.068238,0.318318,-0.945525,0.173,0.417,0.358,-0.173,0.028
6501,216.732,0.98,1,0.027335,0.38782,-0.92133,-0.109614,0.48092,-0.869886,-0.046,0.452,0.383,-0.11,0.037
6502,216.765,0.98,1,0.007744,0.529545,-0.848246,-0.19764,0.491926,-0.847908,-0.111,0.542,0.405,-0.03,0.032
6503,216.798,0.98,1,-0.013857,0.606998,-0.794582,-0.214369,0.509628,-0.833262,-0.139,0.601,0.408,0.048,0.027
6504,216.832,0.98,1,-0.018831,0.574422,-0.818343,-0.211231,0.56174,-0.799893,-0.141,0.612,0.393,0.119,0.03
6505,216.865,0.98,1,-0.021324,0.551231,-0.83408,-0.239719,0.558646,-0.794008,-0.159,0.598,0.381,0.14,0.042
6506,216.898,0.93,1,-0.007166,0.541165,-0.840886,-0.25621,0.539525,-0.802041,-0.159,0.582,0.37,0.15,0.052
6507,216.932,0.93,1,0.014402,0.522764,-0.852356,-0.223105,0.513357,-0.828667,-0.124,0.552,0.366,0.153,0.055
6508,216.965,0.93,1,0.041812,0.494881,-0.867954,-0.204629,0.512431,-0.833992,-0.095,0.534,0.37,0.151,0.053
6509,216.998,0.93,1,0.042741,0.496281,-0.867109,-0.193748,0.512071,-0.836806,-0.088,0.534,0.37,0.144,0.051
6510,217.032,0.93,1,0.06171,0.496986,-0.865562,-0.197531,0.501678,-0.8422,-0.079,0.529,0.371,0.135,0.045
6511,217.065,0.93,1,0.061473,0.50663,-0.859969,-0.194265,0.487517,-0.851228,-0.077,0.526,0.376,0.127,0.039
6512,217.098,0.93,1,0.071597,0.507359,-0.858755,-0.188934,0.490418,-0.850761,-0.069,0.528,0.379,0.121,0.035
6513,217.132,0.93,1,0.068012,0.506367,-0.859632,-0.195222,0.510452,-0.837453,-0.075,0.54,0.384,0.121,0.029
6514,217.165,0.93,1,0.084927,0.508603,-0.856803,-0.190423,0.506592,-0.840894,-0.062,0.539,0.386,0.118,0.026
6515,217.198,0.98,1,0.08163,0.510169,-0.856192,-0.194777,0.522835,-0.829883,-0.067,0.55,0.387,0.117,0.023
6516,217.232,0.98,1,0.087289,0.522872,-0.84793,-0.188849,0.53217,-0.825307,-0.061,0.563,0.39,0.114,0.021
6517,217.265,0.98,1,0.081941,0.510822,-0.855772,-0.229495,0.489,-0.841553,-0.087,0.532,0.391,0.111,0.021
6518,217.298,0.98,1,0.074694,0.507766,-0.858251,-0.235048,0.469319,-0.851171,-0.094,0.519,0.398,0.11,0.016
6519,217.332,0.98,1,0.075001,0.497774,-0.864058,-0.237651,0.465114,-0.852755,-0.094,0.511,0.399,0.109,0.012
6520,217.365,0.98,1,0.073681,0.493061,-0.866869,-0.254346,0.434113,-0.864207,-0.104,0.492,0.402,0.111,0.009
6521,217.398,0.98,1,0.068933,0.49421,-0.866605,-0.246638,0.453915,-0.856231,-0.103,0.503,0.407,0.111,0.005
6522,217.432,0.98,1,0.067624,0.490585,-0.868765,-0.269748,0.427275,-0.862944,-0.116,0.487,0.409,0.114,0.003
6523,217.465,0.98,1,0.059428,0.517405,-0.853675,-0.262152,0.437018,-0.860402,-0.118,0.508,0.415,0.115,0.001
6524,217.498,0.98,1,0.070803,0.554829,-0.828946,-0.264157,0.43393,-0.861351,-0.114,0.529,0.412,0.115,-0.001
6525,217.532,0.98,1,0.0743,0.528149,-0.845895,-0.252609,0.424427,-0.869511,-0.104,0.507,0.427,0.116,-0.007
6526,217.565,0.98,1,0.071453,0.551988,-0.830785,-0.268834,0.425835,-0.863941,-0.116,0.523,0.427,0.117,-0.006
6527,217.599,0.98,1,0.078281,0.542818,-0.836194,-0.260464,0.418066,-0.870275,-0.106,0.513,0.434,0.115,-0.007
6528,217.632,0.98,1,0.083777,0.55178,-0.829771,-0.271825,0.401928,-0.874394,-0.11,0.51,0.436,0.117,-0.006
6529,217.665,0.98,1,0.079862,0.547297,-0.833119,-0.257993,0.409279,-0.875175,-0.104,0.51,0.445,0.115,-0.008
6530,217.699,0.98,1,0.072503,0.559528,-0.825634,-0.263694,0.40433,-0.875775,-0.112,0.515,0.449,0.115,-0.008
6531,217.732,0.98,1,0.087509,0.567764,-0.818527,-0.246904,0.425746,-0.870505,-0.094,0.532,0.452,0.114,-0.01
6532,217.765,0.98,1,0.096395,0.576607,-0.811315,-0.254309,0.450825,-0.855619,-0.094,0.552,0.457,0.112,-0.012
6533,217.799,0.98,1,0.098592,0.577319,-0.810544,-0.255793,0.443,-0.859256,-0.094,0.548,0.461,0.111,-0.013
6534,217.832,0.98,1,0.095762,0.582158,-0.807417,-0.249897,0.451064,-0.856792,-0.092,0.556,0.461,0.111,-0.014
6535,217.865,0.98,1,0.090926,0.572649,-0.814743,-0.260226,0.427352,-0.865825,-0.1,0.537,0.47,0.112,-0.018
6536,217.899,0.98,1,0.090869,0.578202,-0.810818,-0.253869,0.437712,-0.86253,-0.097,0.546,0.472,0.112,-0.02
6537,217.932,0.98,1,0.092191,0.581132,-0.80857,-0.256913,0.425427,-0.86776,-0.098,0.541,0.467,0.11,-0.021
6538,217.965,0.98,1,0.089999,0.545158,-0.833488,-0.213843,0.450088,-0.867002,-0.073,0.53,0.469,0.107,-0.024
6539,217.999,0.98,1,0.074747,0.532598,-0.843061,-0.218985,0.446292,-0.86768,-0.084,0.52,0.469,0.108,-0.028
6540,218.032,0.98,1,0.078507,0.542457,-0.836407,-0.219554,0.448384,-0.866457,-0.083,0.527,0.473,0.109,-0.03
6541,218.065,0.98,1,0.078673,0.581434,-0.809781,-0.254075,0.44816,-0.857087,-0.105,0.553,0.483,0.112,-0.035
6542,218.099,0.98,1,0.081034,0.590078,-0.803269,-0.255928,0.45454,-0.853167,-0.105,0.563,0.482,0.114,-0.038
6543,218.132,0.98,1,0.071928,0.565285,-0.821754,-0.267355,0.43516,-0.859742,-0.116,0.537,0.483,0.116,-0.04
6544,218.165,0.98,1,0.066587,0.600187,-0.797084,-0.254421,0.46709,-0.846816,-0.114,0.576,0.482,0.119,-0.041
6545,218.199,0.98,1,0.063494,0.593794,-0.802108,-0.259036,0.461255,-0.848613,-0.118,0.569,0.473,0.12,-0.04
6546,218.232,0.98,1,0.062107,0.600382,-0.797298,-0.255582,0.445188,-0.858187,-0.116,0.563,0.468,0.122,-0.04
6547,218.265,0.98,1,0.062402,0.6035,-0.794917,-0.250945,0.458791,-0.852372,-0.114,0.573,0.464,0.123,-0.041
6548,218.299,0.98,1,0.052863,0.591729,-0.804402,-0.24546,0.465753,-0.85019,-0.116,0.569,0.471,0.127,-0.046
6549,218.332,0.98,1,0.052826,0.587445,-0.807538,-0.250896,0.449079,-0.857542,-0.118,0.557,0.466,0.128,-0.045
6550,218.365,0.98,1,0.027513,0.582439,-0.812409,-0.270176,0.439798,-0.856494,-0.144,0.55,0.45,0.129,-0.042
6551,218.399,0.98,1,0.031024,0.54107,-0.840405,-0.276783,0.430735,-0.858987,-0.144,0.519,0.458,0.13,-0.046
6552,218.432,0.98,1,0.030479,0.526777,-0.849457,-0.264012,0.440581,-0.858013,-0.136,0.515,0.458,0.133,-0.049
6553,218.465,0.98,1,0.015988,0.518466,-0.854949,-0.271734,0.428877,-0.861525,-0.148,0.504,0.454,0.136,-0.051
6554,218.499,0.98,1,0.00704,0.48113,-0.876621,-0.29178,0.42611,-0.856326,-0.163,0.482,0.439,0.139,-0.049
6555,218.532,0.98,1,-0.014539,0.593629,-0.804608,-0.251378,0.537563,-0.804882,-0.164,0.613,0.432,0.143,-0.05
6556,218.565,0.98,1,-0.091182,0.533545,-0.840842,-0.262157,0.520848,-0.812398,-0.211,0.568,0.43,0.159,-0.056
6557,218.599,0.98,1,-0.197152,0.447224,-0.872423,-0.244099,0.536971,-0.807513,-0.257,0.53,0.41,0.183,-0.059
6558,218.632,0.98,1,-0.219702,0.387467,-0.895322,-0.284,0.510731,-0.811479,-0.287,0.484,0.387,0.208,-0.056
6559,218.665,0.98,1,-0.231926,0.404396,-0.884689,-0.305657,0.506896,-0.805996,-0.308,0.494,0.379,0.236,-0.054
6560,218.699,0.98,1,-0.236077,0.405749,-0.88297,-0.327974,0.485006,-0.81068,-0.321,0.484,0.379,0.262,-0.052
6561,218.732,0.93,1,-0.301982,0.422659,-0.854498,-0.394501,0.484854,-0.780567,-0.403,0.507,0.384,0.301,-0.045
6562,218.766,0.93,1,-0.292778,0.432568,-0.852741,-0.441065,0.471122,-0.763876,-0.426,0.51,0.395,0.339,-0.05
6563,218.799,0.93,1,-0.281714,0.420573,-0.862413,-0.465168,0.426456,-0.775728,-0.428,0.477,0.396,0.363,-0.049
6564,218.832,0.93,1,-0.29506,0.41386,-0.861197,-0.459057,0.412891,-0.786631,-0.429,0.465,0.39,0.391,-0.042
6565,218.866,0.98,1,-0.307518,0.386344,-0.869581,-0.444343,0.404407,-0.799384,-0.423,0.442,0.378,0.407,-0.032
6570,219.032,0.98,1,-0.403556,0.303858,-0.863026,-0.474625,0.401881,-0.783085,-0.49,0.405,0.342,0.438,0.013
6571,219.066,0.98,1,-0.419666,0.343334,-0.840239,-0.491587,0.407796,-0.769444,-0.515,0.437,0.34,0.444,0.016
6572,219.099,0.98,1,-0.415498,0.356665,-0.836751,-0.497688,0.415644,-0.761279,-0.519,0.45,0.343,0.454,0.019
6573,219.132,0.98,1,-0.407678,0.353323,-0.841999,-0.500405,0.411515,-0.761742,-0.515,0.445,0.346,0.462,0.021
6574,219.166,0.98,1,-0.350514,0.406339,-0.843818,-0.530475,0.422524,-0.734894,-0.509,0.483,0.344,0.462,0.024
6575,219.199,0.98,1,-0.349919,0.423108,-0.835785,-0.565716,0.43044,-0.70334,-0.537,0.506,0.353,0.482,0.025
6576,219.232,0.98,1,-0.329833,0.462972,-0.822719,-0.562725,0.433501,-0.703859,-0.529,0.531,0.35,0.484,0.033
6577,219.266,0.93,1,-0.335862,0.453397,-0.825608,-0.556323,0.419745,-0.71716,-0.524,0.515,0.354,0.496,0.038
6578,219.299,0.93,1,-0.373216,0.430392,-0.821871,-0.562164,0.439778,-0.700405,-0.551,0.519,0.364,0.522,0.038
6579,219.332,0.93,1,-0.378096,0.426647,-0.821593,-0.553385,0.43551,-0.709997,-0.546,0.513,0.37,0.528,0.042
6580,219.366,0.93,1,-0.453697,0.387411,-0.802541,-0.553052,0.448795,-0.701937,-0.59,0.507,0.388,0.558,0.037
6581,219.399,0.93,1,-0.469621,0.396835,-0.788656,-0.547538,0.473833,-0.689699,-0.603,0.532,0.403,0.569,0.031
6582,219.432,0.93,1,-0.471031,0.379413,-0.796351,-0.57498,0.469638,-0.669953,-0.62,0.525,0.409,0.574,0.029
6583,219.466,0.93,1,-0.470539,0.383321,-0.794769,-0.577473,0.484055,-0.657431,-0.625,0.538,0.413,0.578,0.024
6584,219.499,0.93,1,-0.476686,0.364708,-0.799849,-0.586365,0.472519,-0.657953,-0.63,0.521,0.412,0.577,0.025
6585,219.532,0.93,1,-0.458725,0.359897,-0.812432,-0.57229,0.479404,-0.665324,-0.609,0.517,0.415,0.577,0.025
6586,219.566,0.93,1,-0.464794,0.376101,-0.80157,-0.574509,0.480761,-0.662426,-0.617,0.53,0.419,0.585,0.024
6587,219.599,0.93,1,-0.463311,0.366617,-0.806805,-0.560686,0.482741,-0.672749,-0.605,0.521,0.422,0.591,0.022
6588,219.632,0.93,1,-0.465835,0.359541,-0.808535,-0.578079,0.468622,-0.667996,-0.615,0.511,0.422,0.585,0.025
6589,219.666,0.93,1,-0.475756,0.355783,-0.80441,-0.593009,0.488026,-0.640447,-0.637,0.529,0.422,0.587,0.026
6590,219.699,0.93,1,-0.480144,0.359129,-0.800305,-0.583523,0.486551,-0.650207,-0.633,0.528,0.43,0.591,0.023
6591,219.732,0.93,1,-0.480613,0.351807,-0.80327,-0.595221,0.4717,-0.650547,-0.637,0.515,0.427,0.59,0.026
6592,219.766,0.98,1,-0.482706,0.354202,-0.80096,-0.606072,0.47473,-0.638207,-0.648,0.523,0.425,0.592,0.029
6593,219.799,0.98,1,-0.48056,0.346296,-0.805693,-0.615508,0.455407,-0.643237,-0.648,0.505,0.425,0.594,0.03
6594,219.833,0.93,1,-0.479217,0.33099,-0.812894,-0.602645,0.455516,-0.655229,-0.635,0.492,0.423,0.589,0.033
6595,219.866,0.93,1,-0.481331,0.341925,-0.807098,-0.599082,0.472115,-0.64669,-0.639,0.51,0.427,0.59,0.031
6596,219.899,0.93,1,-0.489369,0.332754,-0.806098,-0.602664,0.459083,-0.652716,-0.643,0.497,0.423,0.586,0.037
6597,219.933,0.93,1,-0.48364,0.330269,-0.810564,-0.599072,0.454494,-0.659203,-0.635,0.49,0.421,0.584,0.039
6598,219.966,0.93,1,-0.468353,0.327255,-0.820701,-0.603034,0.430715,-0.671442,-0.623,0.47,0.417,0.567,0.044
6599,219.999,0.93,1,-0.461267,0.318844,-0.827992,-0.594745,0.428976,-0.679896,-0.611,0.46,0.417,0.57,0.044
6600,220.033,0.93,1,-0.478589,0.314725,-0.819695,-0.592906,0.42745,-0.682458,-0.62,0.459,0.416,0.564,0.046
6601,220.066,0.93,1,-0.427773,0.318057,-0.846079,-0.586516,0.430462,-0.686077,-0.585,0.454,0.415,0.551,0.047
6602,220.099,0.98,1,-0.449419,0.32876,-0.830626,-0.602237,0.439792,-0.666253,-0.612,0.474,0.429,0.563,0.037
6603,220.133,0.93,1,-0.443603,0.328586,-0.833815,-0.596876,0.446298,-0.666751,-0.606,0.477,0.429,0.565,0.037
6604,220.166,0.98,1,-0.452114,0.323855,-0.83109,-0.598209,0.446449,-0.665454,-0.612,0.475,0.432,0.566,0.035
6605,220.199,0.93,1,-0.448691,0.329773,-0.830618,-0.607632,0.43863,-0.662108,-0.616,0.475,0.429,0.566,0.038
6606,220.233,0.98,1,-0.456382,0.323275,-0.82898,-0.604053,0.437106,-0.666377,-0.617,0.47,0.429,0.569,0.037
6607,220.266,0.98,1,-0.464182,0.318437,-0.826518,-0.614468,0.425294,-0.664495,-0.626,0.463,0.428,0.571,0.039
6608,220.299,0.98,1,-0.464572,0.326155,-0.823283,-0.615348,0.430486,-0.660325,-0.629,0.472,0.429,0.574,0.04
6609,220.333,0.98,1,-0.44946,0.346562,-0.823335,-0.613194,0.432105,-0.661271,-0.621,0.483,0.425,0.568,0.045
6610,220.366,0.98,1,-0.476591,0.332549,-0.813801,-0.619109,0.433585,-0.654758,-0.641,0.481,0.427,0.578,0.044
6611,220.399,0.93,1,-0.453242,0.347133,-0.821018,-0.609531,0.427309,-0.667742,-0.62,0.48,0.425,0.572,0.047
6612,220.433,0.98,1,-0.426253,0.358354,-0.830597,-0.591286,0.439695,-0.676054,-0.594,0.487,0.423,0.56,0.047
6613,220.466,0.93,1,-0.423236,0.365755,-0.828911,-0.602006,0.428387,-0.67385,-0.599,0.486,0.418,0.55,0.053
6614,220.499,0.93,1,-0.434699,0.334172,-0.836281,-0.601474,0.439418,-0.667189,-0.603,0.475,0.419,0.549,0.054
6615,220.533,0.93,1,-0.416553,0.356825,-0.836157,-0.604499,0.44065,-0.663633,-0.598,0.489,0.412,0.538,0.059
6616,220.566,0.93,1,-0.415957,0.348333,-0.840026,-0.576648,0.463718,-0.672638,-0.581,0.493,0.405,0.528,0.066
6617,220.599,0.93,1,-0.394217,0.51749,-0.759472,-0.499434,0.521607,-0.691731,-0.552,0.621,0.409,0.514,0.069
6618,220.633,0.93,1,-0.242552,0.560406,-0.791905,-0.477619,0.476747,-0.737965,-0.44,0.596,0.405,0.48,0.068
6619,220.666,0.88,1,-0.219791,0.575169,-0.787954,-0.412877,0.475059,-0.777079,-0.384,0.591,0.381,0.402,0.087
6620,220.699,0.88,1,-0.263266,0.561248,-0.78466,-0.448953,0.479818,-0.753801,-0.434,0.595,0.357,0.403,0.097
6621,220.733,0.98,1,0.093791,0.628096,-0.772463,-0.180594,0.499598,-0.847224,-0.054,0.608,0.441,0.14,0.064
6622,220.766,0.82,1,-0.109148,0.595348,-0.79602,-0.123415,0.445881,-0.886543,-0.137,0.554,0.379,0.096,0.098
6623,220.799,0.82,1,-0.245158,0.505423,-0.827312,-0.073282,0.515432,-0.853791,-0.187,0.546,0.354,0.079,0.116
6624,220.833,0.82,1,-0.193934,0.534893,-0.822362,-0.054557,0.57304,-0.81771,-0.15,0.594,0.342,0.004,0.113
6625,220.866,0.98,1,-0.067621,0.57273,-0.81695,-0.113265,0.551643,-0.826354,-0.11,0.6,0.352,-0.03,0.126
6626,220.899,0.98,1,0.231029,0.660502,-0.714397,-0.123463,0.56918,-0.812891,0.07,0.678,0.387,-0.054,0.149
6627,220.933,0.98,1,0.176958,0.676075,-0.715268,-0.166308,0.57661,-0.799914,0.007,0.691,0.402,-0.054,0.163
6628,220.966,0.98,1,0.154687,0.697454,-0.699736,-0.189209,0.591729,-0.783618,-0.023,0.715,0.417,-0.047,0.173
6629,221.0,0.98,1,0.144918,0.699909,-0.699376,-0.196138,0.592999,-0.78095,-0.035,0.718,0.42,-0.049,0.181
6630,221.033,0.98,1,0.14219,0.69513,-0.704682,-0.208065,0.576078,-0.79047,-0.044,0.705,0.409,-0.056,0.187
6631,221.066,0.98,1,0.195233,0.676762,-0.709844,-0.172587,0.574505,-0.800098,0.015,0.692,0.401,-0.06,0.19
6632,221.1,0.98,1,0.240751,0.671066,-0.701219,-0.178369,0.551927,-0.814593,0.041,0.679,0.397,-0.065,0.194
6633,221.133,0.98,1,0.231123,0.666837,-0.708457,-0.212626,0.516706,-0.82934,0.012,0.656,0.397,-0.069,0.197
6634,221.166,0.98,1,0.211923,0.67669,-0.705109,-0.203765,0.526712,-0.82526,0.005,0.666,0.409,-0.09,0.191
6635,221.2,0.98,1,0.194116,0.674954,-0.711868,-0.225786,0.50516,-0.832967,-0.02,0.652,0.412,-0.099,0.186
6636,221.233,0.98,1,0.183387,0.661053,-0.727584,-0.263527,0.451851,-0.852282,-0.051,0.614,0.41,-0.102,0.184
6637,221.266,0.98,1,0.185242,0.663923,-0.724494,-0.216341,0.491402,-0.843635,-0.02,0.635,0.411,-0.099,0.172
6638,221.3,0.98,1,0.185067,0.666044,-0.722589,-0.219997,0.495362,-0.840368,-0.022,0.639,0.407,-0.093,0.161
6639,221.333,0.98,1,0.200873,0.654844,-0.728581,-0.200378,0.494748,-0.84562,0.0,0.631,0.401,-0.093,0.151
6640,221.366,0.98,1,0.205648,0.644134,-0.73675,-0.186091,0.483895,-0.855112,0.012,0.616,0.397,-0.093,0.141
6641,221.4,0.98,1,0.174728,0.640191,-0.748081,-0.219368,0.475099,-0.852149,-0.028,0.609,0.396,-0.088,0.134
6642,221.433,0.98,1,0.174331,0.635048,-0.752544,-0.188265,0.463811,-0.865699,-0.009,0.597,0.404,-0.081,0.125
6643,221.466,0.98,1,0.188979,0.642863,-0.742303,-0.126679,0.528566,-0.839387,0.039,0.637,0.41,-0.088,0.116
6644,221.5,0.98,1,0.191427,0.634502,-0.748841,-0.102234,0.542806,-0.833612,0.056,0.64,0.408,-0.075,0.106
6645,221.533,0.98,1,0.200697,0.630858,-0.749492,-0.098867,0.544709,-0.832777,0.064,0.639,0.406,-0.064,0.097
6646,221.566,0.98,1,0.19255,0.62714,-0.754732,-0.098875,0.556703,-0.824806,0.059,0.643,0.405,-0.05,0.084
6647,221.6,0.98,1,0.187542,0.628546,-0.754823,-0.087199,0.554933,-0.827313,0.063,0.642,0.401,-0.04,0.073
6648,221.633,0.98,1,0.185899,0.625173,-0.758024,-0.106931,0.55064,-0.827865,0.05,0.638,0.392,-0.034,0.067
6649,221.666,0.98,1,0.181172,0.625045,-0.759273,-0.093821,0.556717,-0.825387,0.055,0.641,0.394,-0.035,0.064
6650,221.7,0.98,1,0.167979,0.603597,-0.779393,-0.077215,0.546546,-0.833862,0.056,0.619,0.387,-0.035,0.059
6651,221.733,0.98,1,0.175857,0.612165,-0.770927,-0.08553,0.541829,-0.836125,0.056,0.623,0.387,-0.035,0.05
6652,221.766,0.98,1,0.16704,0.607569,-0.776503,-0.08037,0.540435,-0.837539,0.054,0.618,0.384,-0.035,0.043
6653,221.8,0.98,1,0.174378,0.584752,-0.792248,-0.078509,0.527961,-0.845632,0.058,0.597,0.37,-0.031,0.037
6654,221.833,0.98,1,0.17239,0.561738,-0.809155,-0.07423,0.52828,-0.845819,0.059,0.582,0.362,-0.037,0.035
6655,221.866,0.98,1,0.207002,0.534813,-0.819223,-0.062815,0.504422,-0.861169,0.086,0.554,0.342,-0.04,0.036
6656,221.9,0.98,1,0.202233,0.542035,-0.81566,-0.032894,0.489912,-0.871151,0.1,0.549,0.33,-0.06,0.039
6657,221.933,0.98,1,0.216521,0.52462,-0.823342,-0.043064,0.494114,-0.86833,0.102,0.542,0.344,-0.069,0.044
6658,221.966,0.98,1,0.259793,0.535045,-0.803887,-0.041916,0.484861,-0.873586,0.129,0.546,0.352,-0.054,0.046
6659,222.0,0.98,1,0.256505,0.552553,-0.793026,-0.053126,0.503289,-0.862484,0.122,0.568,0.347,-0.08,0.055
6660,222.033,0.98,1,0.240588,0.558774,-0.793656,-0.047228,0.470867,-0.880939,0.115,0.551,0.352,-0.081,0.063
6661,222.067,0.98,1,0.222155,0.575288,-0.787204,-0.062471,0.474526,-0.878022,0.096,0.562,0.354,-0.087,0.072
6662,222.1,0.98,1,0.201297,0.576089,-0.792212,-0.072316,0.491651,-0.867785,0.078,0.572,0.357,-0.093,0.079
6663,222.133,0.98,1,0.218908,0.585638,-0.780454,-0.07641,0.484617,-0.871383,0.086,0.575,0.359,-0.082,0.081
6664,222.167,0.98,1,0.20615,0.594596,-0.777147,-0.080158,0.487792,-0.869272,0.076,0.582,0.363,-0.078,0.086
6665,222.2,0.98,1,0.210675,0.600709,-0.77121,-0.092902,0.492601,-0.865282,0.072,0.589,0.37,-0.074,0.09
6666,222.233,0.98,1,0.211266,0.605392,-0.767377,-0.122633,0.493249,-0.861201,0.054,0.593,0.373,-0.069,0.093
6667,222.267,0.98,1,0.219834,0.609704,-0.761534,-0.131412,0.477007,-0.86902,0.054,0.588,0.376,-0.07,0.097
6668,222.3,0.98,1,0.238076,0.615996,-0.750912,-0.145645,0.483395,-0.863202,0.057,0.598,0.381,-0.076,0.104
6669,222.333,0.98,1,0.246069,0.618528,-0.746239,-0.168771,0.482526,-0.859468,0.048,0.601,0.384,-0.09,0.11
6670,222.367,0.98,1,0.228492,0.608864,-0.759655,-0.167352,0.454753,-0.874753,0.037,0.577,0.385,-0.107,0.114
6671,222.4,0.98,1,0.244635,0.613976,-0.750458,-0.169804,0.44961,-0.876936,0.046,0.579,0.386,-0.104,0.116
6672,222.433,0.98,1,0.230546,0.618073,-0.751554,-0.187501,0.441119,-0.877643,0.026,0.576,0.388,-0.115,0.121
6673,222.467,0.98,1,0.245728,0.620665,-0.744576,-0.21645,0.438187,-0.872434,0.018,0.58,0.388,-0.122,0.129
6674,222.5,0.98,1,0.210788,0.621217,-0.754757,-0.165819,0.462175,-0.871148,0.028,0.588,0.39,-0.116,0.128
6675,222.533,0.98,1,0.209392,0.624925,-0.75208,-0.141443,0.459183,-0.877009,0.042,0.587,0.394,-0.114,0.131
6676,222.567,0.98,1,0.21319,0.625888,-0.75021,-0.164571,0.46449,-0.870152,0.03,0.592,0.393,-0.114,0.134
6677,222.6,0.98,1,0.195053,0.622572,-0.757865,-0.172028,0.464385,-0.868765,0.014,0.589,0.394,-0.117,0.137
6678,222.633,0.98,1,0.181655,0.621562,-0.762012,-0.185153,0.481505,-0.856663,-0.002,0.598,0.394,-0.113,0.141
6679,222.667,0.98,1,0.172676,0.619448,-0.765811,-0.17559,0.471071,-0.864442,-0.002,0.59,0.394,-0.112,0.142
6680,222.7,0.98,1,0.183457,0.61694,-0.765329,-0.174728,0.465255,-0.86776,0.005,0.585,0.396,-0.111,0.146
6681,222.733,0.98,1,0.184225,0.618859,-0.763594,-0.177552,0.459996,-0.869988,0.004,0.584,0.398,-0.106,0.149
6682,222.767,0.98,1,0.176322,0.618899,-0.765424,-0.182898,0.468978,-0.864065,-0.004,0.589,0.4,-0.107,0.154
6683,222.8,0.98,1,0.172469,0.625708,-0.760753,-0.179951,0.466718,-0.865906,-0.005,0.591,0.404,-0.101,0.158
6684,222.833,0.98,1,0.169294,0.615349,-0.76986,-0.176536,0.464486,-0.867806,-0.004,0.583,0.403,-0.103,0.162
6685,222.867,0.98,1,0.172139,0.622995,-0.76305,-0.179269,0.473851,-0.862164,-0.004,0.594,0.407,-0.103,0.163
6686,222.9,0.98,1,0.176121,0.629408,-0.756853,-0.17772,0.467027,-0.8662,-0.001,0.594,0.409,-0.103,0.163
6687,222.933,0.98,1,0.173322,0.625755,-0.76052,-0.177876,0.469463,-0.864849,-0.003,0.593,0.412,-0.103,0.165
6688,222.967,0.98,1,0.167469,0.635056,-0.754094,-0.177266,0.480314,-0.858997,-0.006,0.605,0.414,-0.104,0.17
6689,223.0,0.98,1,0.177725,0.635504,-0.751364,-0.179809,0.476754,-0.86045,-0.001,0.604,0.421,-0.102,0.176
6690,223.033,0.98,1,0.159662,0.634923,-0.755898,-0.183788,0.486573,-0.854089,-0.015,0.608,0.427,-0.096,0.177
6691,223.067,0.98,1,0.198779,0.634574,-0.746862,-0.167815,0.479529,-0.86133,0.019,0.606,0.439,-0.095,0.171
6692,223.1,0.98,1,0.210457,0.648873,-0.731213,-0.172734,0.487534,-0.855847,0.024,0.621,0.448,-0.103,0.173
6693,223.133,0.98,1,0.169247,0.645925,-0.744403,-0.189212,0.494329,-0.848433,-0.013,0.621,0.471,-0.071,0.172
6694,223.167,0.98,1,0.130604,0.62229,-0.771814,-0.186195,0.474284,-0.860457,-0.034,0.592,0.462,-0.062,0.173
6695,223.2,0.98,1,0.130747,0.612741,-0.779393,-0.190246,0.485879,-0.85307,-0.036,0.592,0.448,-0.071,0.174
6696,223.234,0.98,1,0.142577,0.606098,-0.782507,-0.21014,0.489605,-0.846243,-0.041,0.592,0.42,-0.077,0.158
6697,223.267,0.98,1,0.029901,0.610412,-0.791519,-0.293724,0.425955,-0.855739,-0.159,0.562,0.409,-0.045,0.136
6698,223.3,0.98,1,-0.140111,0.582465,-0.800689,-0.19941,0.519269,-0.831021,-0.205,0.594,0.438,-0.003,0.105
6699,223.334,0.98,1,-0.160214,0.523933,-0.836556,-0.216352,0.537308,-0.815164,-0.224,0.571,0.464,0.03,0.093
6700,223.367,0.98,1,-0.217487,0.510565,-0.831879,-0.317677,0.532123,-0.78481,-0.32,0.573,0.483,0.098,0.068
6701,223.4,0.88,1,-0.341292,0.426809,-0.837469,-0.372849,0.460698,-0.805445,-0.41,0.495,0.509,0.173,0.037
6702,223.434,0.88,1,-0.282637,0.54889,-0.786661,-0.383034,0.494843,-0.78001,-0.402,0.588,0.477,0.251,0.025
6703,223.467,0.98,1,-0.345899,0.558418,-0.754005,-0.397222,0.541989,-0.740583,-0.461,0.635,0.436,0.291,0.023
6704,223.5,0.88,1,-0.338889,0.530671,-0.77688,-0.429749,0.513052,-0.74303,-0.468,0.602,0.381,0.328,0.028
6705,223.534,0.98,1,-0.315422,0.498049,-0.807747,-0.437656,0.489447,-0.754254,-0.449,0.564,0.351,0.363,0.044
6706,223.567,0.98,1,-0.278579,0.48122,-0.831156,-0.462041,0.460744,-0.757782,-0.436,0.535,0.334,0.387,0.067
6707,223.6,0.98,1,-0.25416,0.479325,-0.84003,-0.455547,0.453481,-0.76605,-0.416,0.526,0.328,0.378,0.082
6708,223.634,0.98,1,-0.247277,0.473622,-0.845303,-0.442712,0.45621,-0.771931,-0.403,0.522,0.326,0.367,0.097
6709,223.667,0.98,1,-0.288719,0.478448,-0.829294,-0.454512,0.413154,-0.789128,-0.431,0.504,0.312,0.361,0.103
6710,223.7,0.93,1,-0.371361,0.41045,-0.83284,-0.527111,0.326045,-0.78476,-0.507,0.427,0.278,0.366,0.102
6711,223.734,0.98,1,-0.357728,0.39236,-0.847399,-0.536609,0.325052,-0.778712,-0.503,0.415,0.245,0.391,0.095
6712,223.767,0.98,1,-0.315475,0.378042,-0.870379,-0.57337,0.348378,-0.741539,-0.504,0.423,0.199,0.406,0.093
6713,223.8,0.98,1,-0.337526,0.389838,-0.856798,-0.491314,0.340047,-0.80186,-0.463,0.415,0.15,0.438,0.102
6714,223.834,0.98,1,-0.351712,0.348009,-0.869016,-0.456461,0.376303,-0.80625,-0.449,0.408,0.113,0.435,0.104
6715,223.867,0.98,1,-0.376841,0.315972,-0.87072,-0.468933,0.443315,-0.76392,-0.477,0.435,0.108,0.445,0.09
6716,223.9,0.98,1,-0.389434,0.24538,-0.887767,-0.469234,0.448845,-0.760499,-0.48,0.399,0.118,0.467,0.077
6717,223.934,0.98,1,-0.389692,0.237817,-0.88971,-0.451996,0.442971,-0.774258,-0.468,0.388,0.118,0.468,0.068
6718,223.967,0.98,1,-0.384494,0.236611,-0.892289,-0.431581,0.431913,-0.791952,-0.451,0.378,0.117,0.464,0.064
6719,224.0,0.98,1,-0.375746,0.240925,-0.894857,-0.434028,0.429954,-0.791681,-0.448,0.379,0.112,0.46,0.069
6720,224.034,0.98,1,-0.376219,0.25519,-0.890695,-0.429639,0.432533,-0.79267,-0.446,0.388,0.109,0.454,0.072
6721,224.067,0.98,1,-0.382205,0.322512,-0.865971,-0.422769,0.436539,-0.794166,-0.451,0.429,0.096,0.442,0.073
6722,224.1,0.98,1,-0.370193,0.339255,-0.864791,-0.42618,0.42235,-0.799994,-0.446,0.429,0.098,0.45,0.07
6723,224.134,0.98,1,-0.262859,0.398434,-0.878724,-0.424777,0.417722,-0.803164,-0.388,0.452,0.102,0.455,0.066
6724,224.167,0.98,1,-0.361858,0.338372,-0.868656,-0.43588,0.401397,-0.805536,-0.445,0.416,0.113,0.463,0.062
6725,224.2,0.98,1,-0.262473,0.390991,-0.882176,-0.434162,0.396965,-0.808655,-0.391,0.436,0.128,0.469,0.056
6726,224.234,0.98,1,-0.298665,0.402184,-0.865475,-0.440113,0.422754,-0.792199,-0.419,0.462,0.139,0.464,0.053
6727,224.267,0.98,1,-0.279818,0.416554,-0.864977,-0.445626,0.41314,-0.794187,-0.412,0.464,0.157,0.461,0.049
6728,224.301,0.98,1,-0.268158,0.426674,-0.863737,-0.431181,0.426645,-0.79502,-0.399,0.475,0.176,0.457,0.042
6729,224.334,0.98,1,-0.28025,0.43479,-0.855814,-0.430318,0.425767,-0.795958,-0.406,0.48,0.204,0.464,0.033
6730,224.367,0.98,1,-0.411606,0.396167,-0.820751,-0.423114,0.42905,-0.798054,-0.476,0.471,0.233,0.466,0.024
6731,224.401,0.98,1,-0.322838,0.487765,-0.811086,-0.434051,0.429866,-0.791717,-0.441,0.52,0.266,0.475,0.017
6732,224.434,0.98,1,-0.32617,0.492469,-0.8069,-0.493672,0.369492,-0.787251,-0.475,0.496,0.339,0.516,-0.006
6733,224.467,0.98,1,-0.365854,0.500915,-0.784369,-0.507702,0.379687,-0.773354,-0.511,0.515,0.379,0.51,-0.018
6734,224.501,0.98,1,-0.374913,0.514133,-0.771432,-0.506293,0.450804,-0.735149,-0.529,0.57,0.393,0.497,-0.02
6735,224.534,0.93,1,-0.326586,0.541305,-0.77481,-0.45695,0.534166,-0.711241,-0.485,0.626,0.399,0.467,-0.018
6736,224.567,0.93,1,-0.344335,0.566943,-0.748337,-0.453987,0.553618,-0.698142,-0.504,0.659,0.426,0.456,-0.02
6737,224.601,0.93,1,-0.320805,0.584472,-0.745303,-0.461824,0.570896,-0.67882,-0.502,0.682,0.444,0.44,-0.022
6738,224.634,0.98,1,-0.258195,0.614803,-0.74522,-0.473837,0.583182,-0.659831,-0.48,0.706,0.476,0.435,-0.031
6739,224.667,0.98,1,-0.266123,0.621392,-0.73692,-0.468847,0.59564,-0.652223,-0.487,0.719,0.498,0.419,-0.034
6740,224.701,0.98,1,-0.262093,0.636417,-0.725452,-0.449575,0.608098,-0.654293,-0.476,0.734,0.514,0.406,-0.034
6741,224.734,0.98,1,-0.231899,0.649874,-0.7238,-0.446436,0.621116,-0.644135,-0.46,0.749,0.529,0.404,-0.032
6742,224.767,0.98,1,-0.216321,0.666366,-0.713556,-0.459084,0.630832,-0.625534,-0.467,0.77,0.539,0.402,-0.029
6743,224.801,0.98,1,-0.278708,0.634558,-0.720874,-0.46213,0.623614,-0.630508,-0.501,0.75,0.546,0.402,-0.031
6744,224.834,0.98,1,-0.244239,0.642882,-0.725983,-0.465979,0.622666,-0.62861,-0.483,0.751,0.549,0.402,-0.031
6745,224.867,0.93,1,-0.244084,0.636422,-0.731704,-0.452568,0.624035,-0.636995,-0.471,0.744,0.539,0.399,-0.025
6746,224.901,0.93,1,-0.299299,0.592747,-0.74771,-0.442824,0.623759,-0.644073,-0.49,0.718,0.545,0.404,-0.025
6747,224.934,0.93,1,-0.30866,0.588761,-0.747054,-0.459488,0.608379,-0.647106,-0.504,0.71,0.551,0.41,-0.025
6748,224.967,0.93,1,-0.303226,0.572117,-0.762061,-0.460536,0.616175,-0.638932,-0.499,0.703,0.558,0.413,-0.026
6749,225.001,0.93,1,-0.31096,0.587592,-0.747021,-0.466007,0.602508,-0.647937,-0.508,0.706,0.57,0.419,-0.027
6750,225.034,0.93,1,-0.250921,0.626339,-0.738064,-0.458138,0.593983,-0.661282,-0.469,0.717,0.569,0.416,-0.023
6751,225.067,0.93,1,-0.218564,0.62365,-0.750527,-0.453614,0.579653,-0.676932,-0.44,0.7,0.57,0.41,-0.019
6752,225.101,0.88,1,-0.249187,0.612141,-0.750459,-0.453769,0.572637,-0.682775,-0.456,0.691,0.564,0.409,-0.016
6753,225.134,0.88,1,-0.246353,0.610942,-0.752369,-0.447397,0.578317,-0.682192,-0.45,0.692,0.568,0.407,-0.015
6754,225.167,0.88,1,-0.259415,0.617901,-0.742228,-0.466237,0.596663,-0.653158,-0.48,0.716,0.591,0.418,-0.024
6755,225.201,0.88,1,-0.361034,0.536855,-0.762523,-0.472386,0.598755,-0.646795,-0.534,0.678,0.601,0.419,-0.029
6756,225.234,0.88,1,-0.340472,0.541795,-0.768464,-0.476433,0.599542,-0.643087,-0.525,0.68,0.6,0.417,-0.031
6757,225.267,0.88,1,-0.346549,0.533838,-0.771311,-0.478963,0.605067,-0.635994,-0.531,0.68,0.6,0.417,-0.031
6758,225.301,0.88,1,-0.345184,0.519903,-0.781376,-0.490422,0.606095,-0.626207,-0.536,0.675,0.604,0.415,-0.029
6759,225.334,0.88,1,-0.35324,0.511179,-0.783529,-0.503194,0.59641,-0.625372,-0.546,0.666,0.612,0.423,-0.032
6760,225.368,0.88,1,-0.364549,0.511233,-0.778296,-0.488672,0.606068,-0.627599,-0.545,0.672,0.615,0.419,-0.028
6761,225.401,0.88,1,-0.363282,0.525832,-0.769108,-0.51217,0.596597,-0.617862,-0.563,0.68,0.616,0.414,-0.026
6762,225.434,0.88,1,-0.362793,0.518878,-0.774046,-0.519233,0.585754,-0.622325,-0.563,0.669,0.608,0.413,-0.019
6763,225.468,0.88,1,-0.359123,0.535879,-0.76411,-0.495643,0.591808,-0.635689,-0.548,0.678,0.613,0.422,-0.023
6764,225.501,0.93,1,-0.367885,0.538411,-0.758138,-0.493202,0.593554,-0.63596,-0.553,0.682,0.604,0.426,-0.019
6765,225.534,0.88,1,-0.372275,0.541328,-0.753906,-0.485595,0.594767,-0.640664,-0.551,0.684,0.59,0.417,-0.009
6766,225.568,0.93,1,-0.361882,0.550931,-0.752008,-0.474859,0.590945,-0.652145,-0.537,0.683,0.577,0.416,0.0
6767,225.601,0.93,1,-0.349922,0.577673,-0.737461,-0.473429,0.592841,-0.651463,-0.535,0.7,0.568,0.414,0.006
6768,225.634,0.93,1,-0.23377,0.640248,-0.731733,-0.430012,0.597691,-0.676649,-0.44,0.721,0.544,0.409,0.023
6769,225.668,0.98,1,-0.164293,0.648218,-0.74352,-0.383174,0.616406,-0.687911,-0.365,0.724,0.522,0.376,0.04
6770,225.701,0.88,1,-0.153621,0.647765,-0.746191,-0.349861,0.582941,-0.733333,-0.328,0.694,0.506,0.334,0.046
6771,225.734,0.88,1,-0.36249,0.525686,-0.769581,-0.420291,0.565723,-0.709445,-0.487,0.636,0.537,0.368,0.031
6772,225.768,0.98,1,0.126323,0.700952,-0.701932,-0.11509,0.627648,-0.769943,0.008,0.734,0.503,0.143,0.015
6773,225.801,0.98,1,-0.016981,0.301378,-0.953353,-0.069147,0.566157,-0.821392,-0.048,0.455,0.455,0.066,0.043
6774,225.834,0.88,1,-0.123407,0.297851,-0.946602,0.033634,0.4758,-0.87891,-0.049,0.401,0.452,0.06,0.065
6775,225.868,0.82,1,-0.16649,0.405089,-0.89899,0.005991,0.53197,-0.846742,-0.092,0.493,0.42,0.025,0.074
6776,225.901,0.98,1,0.010221,0.413936,-0.910249,-0.012016,0.502401,-0.864551,-0.001,0.477,0.407,-0.023,0.084
6777,225.934,0.98,1,0.302131,0.594174,-0.745435,0.006662,0.447084,-0.894467,0.186,0.566,0.42,-0.079,0.116
6778,225.968,0.98,1,0.36506,0.628232,-0.687063,0.000463,0.361981,-0.932186,0.222,0.549,0.418,-0.075,0.133
6779,226.001,0.98,1,0.352379,0.624841,-0.696709,-0.007585,0.29087,-0.956732,0.206,0.506,0.416,-0.073,0.145
6780,226.034,0.98,1,0.348103,0.609464,-0.712304,0.017273,0.241763,-0.970182,0.214,0.468,0.41,-0.073,0.149
6781,226.068,0.98,1,0.346842,0.619791,-0.70396,0.016075,0.30895,-0.950942,0.216,0.511,0.395,-0.082,0.143
6782,226.101,0.98,1,0.293547,0.587335,-0.754233,-0.020472,0.397045,-0.917571,0.162,0.532,0.411,-0.075,0.143
6783,226.134,0.98,1,0.283817,0.606435,-0.742755,-0.000454,0.298376,-0.954448,0.165,0.49,0.405,-0.094,0.161
6784,226.168,0.98,1,0.28812,0.634131,-0.717541,-0.043816,0.413779,-0.909322,0.149,0.572,0.398,-0.114,0.174
6785,226.201,0.98,1,0.283087,0.64071,-0.713689,-0.0904,0.449037,-0.888928,0.12,0.597,0.404,-0.124,0.18
6786,226.234,0.98,1,0.257129,0.630987,-0.731943,-0.110634,0.447312,-0.887509,0.09,0.587,0.406,-0.108,0.183
6787,226.268,0.98,1,0.248894,0.624254,-0.740512,-0.135295,0.452074,-0.88166,0.07,0.586,0.407,-0.081,0.181
6788,226.301,0.98,1,0.24029,0.626951,-0.741075,-0.137859,0.437575,-0.888551,0.063,0.579,0.406,-0.067,0.183
6789,226.334,0.98,1,0.237032,0.623671,-0.744882,-0.150412,0.43965,-0.885485,0.053,0.578,0.405,-0.055,0.189
6790,226.368,0.98,1,0.213513,0.617111,-0.757354,-0.165236,0.436673,-0.884316,0.029,0.571,0.403,-0.055,0.198
6791,226.401,0.98,1,0.21321,0.631964,-0.745092,-0.16118,0.455687,-0.875426,0.032,0.591,0.401,-0.059,0.204
6792,226.434,0.98,1,0.180073,0.626576,-0.758272,-0.15096,0.496631,-0.854733,0.018,0.608,0.401,-0.067,0.212
6793,226.468,0.98,1,0.185098,0.62409,-0.759112,-0.176514,0.476918,-0.861041,0.005,0.597,0.401,-0.067,0.219
6794,226.501,0.98,1,0.191374,0.629212,-0.753305,-0.19699,0.477219,-0.856421,-0.003,0.602,0.405,-0.059,0.221
6795,226.535,0.98,1,0.212006,0.635596,-0.742342,-0.184163,0.470673,-0.862874,0.017,0.603,0.411,-0.053,0.225
6796,226.568,0.98,1,0.223092,0.61734,-0.754401,-0.187755,0.465362,-0.864978,0.022,0.589,0.412,-0.055,0.229
6797,226.601,0.98,1,0.217197,0.61344,-0.759287,-0.201916,0.471378,-0.858506,0.009,0.591,0.417,-0.054,0.233
6798,226.635,0.98,1,0.210573,0.616609,-0.758585,-0.169653,0.447151,-0.878222,0.025,0.576,0.422,-0.05,0.239
6799,226.668,0.98,1,0.207371,0.616382,-0.759652,-0.187838,0.452481,-0.871767,0.012,0.58,0.421,-0.05,0.241
6800,226.701,0.98,1,0.203832,0.602048,-0.772005,-0.200175,0.471271,-0.858972,0.002,0.582,0.42,-0.054,0.243
6801,226.735,0.98,1,0.208801,0.60696,-0.766813,-0.171567,0.456907,-0.872812,0.023,0.576,0.422,-0.048,0.239
6802,226.768,0.98,1,0.213113,0.613177,-0.760656,-0.194449,0.478161,-0.856476,0.012,0.594,0.421,-0.055,0.237
6803,226.801,0.98,1,0.212767,0.608871,-0.764203,-0.200761,0.473296,-0.857722,0.007,0.588,0.42,-0.063,0.237
6804,226.835,0.98,1,0.20618,0.614152,-0.761779,-0.199253,0.480154,-0.854254,0.004,0.595,0.418,-0.068,0.237
6805,226.868,0.98,1,0.208086,0.614827,-0.760716,-0.19522,0.489063,-0.850121,0.008,0.601,0.417,-0.069,0.236
6806,226.901,0.98,1,0.213468,0.618043,-0.756607,-0.190615,0.48771,-0.851942,0.014,0.602,0.421,-0.075,0.235
6807,226.935,0.98,1,0.225978,0.618703,-0.752423,-0.187047,0.48937,-0.851781,0.024,0.604,0.424,-0.076,0.232
6808,226.968,0.98,1,0.229028,0.617349,-0.752613,-0.179506,0.486409,-0.855093,0.031,0.602,0.421,-0.079,0.23
6809,227.001,0.98,1,0.216098,0.615929,-0.757584,-0.19528,0.487867,-0.850795,0.013,0.601,0.421,-0.076,0.225
6810,227.035,0.98,1,0.222213,0.609868,-0.760711,-0.190841,0.486834,-0.852392,0.019,0.597,0.418,-0.074,0.217
6811,227.068,0.98,1,0.231366,0.626922,-0.743935,-0.171609,0.48678,-0.856502,0.037,0.608,0.415,-0.075,0.208
6812,227.101,0.98,1,0.227775,0.624188,-0.747334,-0.176668,0.484777,-0.856609,0.032,0.605,0.412,-0.073,0.2
6813,227.135,0.98,1,0.222275,0.652589,-0.724377,-0.16628,0.48395,-0.859153,0.035,0.623,0.414,-0.071,0.192
6814,227.168,0.98,1,0.062564,0.650644,-0.756802,-0.186779,0.490382,-0.851257,-0.077,0.617,0.416,-0.058,0.185
6815,227.201,0.98,1,-0.095073,0.607999,-0.788225,-0.253168,0.47567,-0.842404,-0.21,0.587,0.41,-0.028,0.179
6816,227.235,0.98,1,-0.152317,0.493157,-0.856502,-0.289355,0.518401,-0.804695,-0.26,0.547,0.425,0.009,0.165
6817,227.268,0.98,1,-0.164915,0.489787,-0.856103,-0.331948,0.448094,-0.830073,-0.287,0.508,0.441,0.076,0.152
6818,227.301,0.98,1,-0.163846,0.625236,-0.763043,-0.386946,0.503208,-0.772693,-0.344,0.634,0.448,0.163,0.145
6819,227.335,0.98,1,-0.17582,0.607724,-0.774441,-0.372183,0.519517,-0.769143,-0.341,0.631,0.424,0.224,0.14
6820,227.368,0.98,1,-0.175583,0.58176,-0.794183,-0.376335,0.51846,-0.767836,-0.34,0.614,0.407,0.253,0.133
6821,227.401,0.98,1,-0.187337,0.555253,-0.810308,-0.377248,0.500212,-0.779404,-0.341,0.586,0.392,0.266,0.131
6822,227.435,0.98,1,-0.194806,0.536151,-0.821336,-0.380652,0.491218,-0.78346,-0.344,0.569,0.374,0.278,0.135
6823,227.468,0.93,1,-0.197557,0.524882,-0.827931,-0.391993,0.485448,-0.781461,-0.351,0.561,0.354,0.286,0.143
6824,227.501,0.93,1,-0.256825,0.541167,-0.800737,-0.434205,0.481522,-0.761316,-0.417,0.58,0.338,0.298,0.153
6825,227.535,0.93,1,-0.267318,0.511637,-0.816559,-0.4564,0.481495,-0.748239,-0.433,0.566,0.333,0.32,0.154
6826,227.568,0.98,1,-0.282525,0.496666,-0.820672,-0.476705,0.461129,-0.748406,-0.451,0.548,0.324,0.346,0.155
6827,227.602,0.98,1,-0.314269,0.471193,-0.824143,-0.485989,0.461351,-0.742273,-0.472,0.537,0.322,0.372,0.152
6828,227.635,0.98,1,-0.339804,0.474326,-0.812126,-0.472095,0.458903,-0.752685,-0.479,0.538,0.328,0.405,0.152
6829,227.668,0.98,1,-0.311872,0.494169,-0.811501,-0.503782,0.459337,-0.731582,-0.486,0.553,0.342,0.418,0.151
6830,227.702,0.98,1,-0.282279,0.46596,-0.83857,-0.497162,0.402247,-0.768783,-0.452,0.495,0.337,0.427,0.157
6836,227.902,0.98,1,-0.298048,0.346763,-0.889338,-0.384433,0.397127,-0.833367,-0.377,0.408,0.258,0.308,0.201
6837,227.935,0.98,1,-0.306816,0.340115,-0.888924,-0.384557,0.415398,-0.824355,-0.384,0.415,0.254,0.312,0.194
6847,228.268,0.98,1,-0.368697,0.255005,-0.893888,-0.39952,0.429792,-0.80973,-0.424,0.382,0.231,0.312,0.142
6848,228.302,0.98,1,-0.431636,0.298649,-0.851175,-0.468259,0.46541,-0.751084,-0.512,0.445,0.243,0.348,0.134
6849,228.335,0.98,1,-0.460782,0.297589,-0.836134,-0.530309,0.428618,-0.731477,-0.564,0.434,0.241,0.4,0.134
6850,228.368,0.98,1,-0.443701,0.338103,-0.829949,-0.537973,0.420147,-0.730795,-0.561,0.452,0.248,0.442,0.125
6851,228.402,0.98,1,-0.449087,0.296383,-0.842898,-0.573075,0.416587,-0.70572,-0.583,0.431,0.263,0.487,0.111
6852,228.435,0.98,1,-0.433125,0.310503,-0.846162,-0.574897,0.441653,-0.688793,-0.581,0.456,0.266,0.524,0.1
6853,228.468,0.98,1,-0.455011,0.263563,-0.850588,-0.575082,0.440583,-0.689323,-0.59,0.429,0.272,0.563,0.091
6854,228.502,0.98,1,-0.456671,0.238817,-0.856982,-0.572425,0.451094,-0.684722,-0.589,0.421,0.294,0.607,0.079
6855,228.535,0.98,1,-0.456551,0.270994,-0.847422,-0.596781,0.465587,-0.653514,-0.612,0.456,0.309,0.628,0.065
6856,228.568,0.98,1,-0.499617,0.361464,-0.787227,-0.609703,0.486321,-0.625902,-0.666,0.54,0.323,0.658,0.056
6857,228.602,0.98,1,-0.513686,0.341141,-0.787242,-0.615303,0.483601,-0.622521,-0.675,0.529,0.334,0.681,0.049
6858,228.635,0.98,1,-0.489053,0.323889,-0.809891,-0.604765,0.478742,-0.636448,-0.647,0.507,0.347,0.685,0.037
6859,228.668,0.98,1,-0.453893,0.35458,-0.817468,-0.608855,0.470711,-0.638534,-0.631,0.516,0.335,0.658,0.042
6860,228.702,0.98,1,-0.435172,0.367644,-0.821865,-0.62375,0.457664,-0.633624,-0.629,0.516,0.334,0.666,0.042
6861,228.735,0.88,1,-0.485918,0.346426,-0.802417,-0.642586,0.443149,-0.625062,-0.669,0.505,0.332,0.681,0.039
6862,228.769,0.88,1,-0.462217,0.336927,-0.820266,-0.668672,0.422918,-0.61157,-0.669,0.488,0.331,0.673,0.045
6863,228.802,0.88,1,-0.469368,0.330469,-0.818831,-0.670783,0.434006,-0.601406,-0.676,0.494,0.34,0.663,0.045
6864,228.835,0.88,1,-0.471925,0.323229,-0.82025,-0.682151,0.413175,-0.603288,-0.681,0.477,0.352,0.668,0.036
6865,228.869,0.98,1,-0.474798,0.313674,-0.822299,-0.744015,0.386095,-0.545318,-0.728,0.473,0.365,0.663,0.026
6866,228.902,0.98,1,-0.479006,0.342876,-0.808078,-0.706308,0.38673,-0.592932,-0.702,0.48,0.378,0.67,0.015
6867,228.935,0.98,1,-0.519892,0.334404,-0.786058,-0.705987,0.379839,-0.59775,-0.725,0.476,0.372,0.659,0.016
6868,228.969,0.98,1,-0.508401,0.347808,-0.787755,-0.704494,0.391342,-0.592064,-0.721,0.492,0.382,0.672,0.003
6869,229.002,0.98,1,-0.504248,0.35757,-0.786052,-0.740591,0.390759,-0.546655,-0.751,0.512,0.378,0.673,-0.002
6870,229.035,0.98,1,-0.513176,0.349575,-0.783868,-0.728449,0.399796,-0.556351,-0.747,0.51,0.389,0.7,-0.013
6871,229.069,0.98,1,-0.514328,0.356061,-0.780184,-0.733247,0.406027,-0.545427,-0.755,0.522,0.396,0.703,-0.018
6872,229.102,0.98,1,-0.508166,0.380749,-0.772527,-0.708524,0.415446,-0.570437,-0.736,0.535,0.408,0.719,-0.029
6873,229.135,0.98,1,-0.484808,0.396736,-0.779462,-0.70695,0.432133,-0.559896,-0.727,0.554,0.411,0.687,-0.025
6874,229.169,0.98,1,-0.473352,0.396943,-0.786368,-0.713524,0.420917,-0.5601,-0.722,0.546,0.406,0.689,-0.026
6875,229.202,0.98,1,-0.475825,0.395924,-0.785388,-0.708979,0.421286,-0.565568,-0.72,0.544,0.409,0.689,-0.031
6876,229.235,0.98,1,-0.492901,0.389082,-0.778244,-0.703058,0.416528,-0.576381,-0.723,0.537,0.412,0.703,-0.033
6877,229.269,0.98,1,-0.483986,0.397709,-0.779478,-0.691731,0.425365,-0.583587,-0.712,0.543,0.417,0.701,-0.034
6878,229.302,0.98,1,-0.487082,0.380809,-0.785962,-0.671592,0.426222,-0.606052,-0.694,0.525,0.417,0.706,-0.037
6879,229.335,0.98,1,-0.482563,0.384748,-0.78683,-0.698613,0.423197,-0.576926,-0.714,0.535,0.414,0.696,-0.032
6880,229.369,0.98,1,-0.48669,0.387594,-0.782882,-0.691716,0.421905,-0.58611,-0.711,0.534,0.417,0.7,-0.031
6881,229.402,0.98,1,-0.477344,0.382241,-0.791223,-0.689782,0.41799,-0.591173,-0.701,0.525,0.412,0.697,-0.027
6882,229.435,0.98,1,-0.48717,0.395234,-0.778753,-0.672204,0.423526,-0.607262,-0.697,0.534,0.417,0.704,-0.033
6883,229.469,0.98,1,-0.474424,0.392198,-0.7881,-0.680213,0.432356,-0.591928,-0.697,0.539,0.414,0.699,-0.032
6884,229.502,0.98,1,-0.508637,0.379866,-0.772651,-0.694369,0.417718,-0.585972,-0.725,0.531,0.412,0.697,-0.032
6885,229.535,0.88,1,-0.477516,0.386439,-0.789078,-0.665523,0.435267,-0.606319,-0.686,0.532,0.419,0.7,-0.036
6886,229.569,0.98,1,-0.477435,0.395437,-0.784657,-0.66405,0.438498,-0.605605,-0.687,0.54,0.421,0.704,-0.038
6887,229.602,0.98,1,-0.473669,0.389507,-0.789888,-0.670139,0.431696,-0.603782,-0.687,0.532,0.424,0.705,-0.039
6888,229.635,0.98,1,-0.510838,0.412539,-0.754225,-0.657161,0.444539,-0.608707,-0.709,0.561,0.427,0.712,-0.036
6889,229.669,0.98,1,-0.4738,0.392678,-0.788237,-0.696046,0.431471,-0.573892,-0.71,0.544,0.415,0.694,-0.029
6890,229.702,0.98,1,-0.508634,0.375267,-0.774898,-0.655375,0.438993,-0.614628,-0.697,0.53,0.415,0.718,-0.035
6891,229.735,0.98,1,-0.483765,0.395139,-0.780921,-0.668667,0.435881,-0.602406,-0.695,0.541,0.407,0.704,-0.028
6892,229.769,0.98,1,-0.52904,0.360874,-0.768041,-0.662668,0.440128,-0.605936,-0.714,0.528,0.41,0.728,-0.034
6893,229.802,0.98,1,-0.487253,0.373885,-0.789173,-0.688549,0.438717,-0.577432,-0.71,0.536,0.405,0.707,-0.026
6894,229.836,0.98,1,-0.514624,0.375083,-0.771022,-0.660872,0.434904,-0.611643,-0.705,0.53,0.411,0.73,-0.032
6895,229.869,0.98,1,-0.508202,0.368569,-0.778388,-0.678696,0.436422,-0.590683,-0.714,0.532,0.411,0.731,-0.033
6896,229.902,0.98,1,-0.53081,0.376758,-0.759141,-0.714683,0.427767,-0.553394,-0.759,0.55,0.403,0.715,-0.024
6897,229.936,0.98,1,-0.516175,0.370062,-0.77241,-0.65046,0.439022,-0.619807,-0.697,0.526,0.417,0.733,-0.034
6898,229.969,0.98,1,-0.49609,0.385073,-0.778212,-0.673056,0.44079,-0.593886,-0.706,0.542,0.417,0.74,-0.034
6899,230.002,0.98,1,-0.500733,0.374958,-0.780175,-0.70938,0.42193,-0.564583,-0.733,0.535,0.413,0.726,-0.029
6900,230.036,0.98,1,-0.500399,0.379503,-0.778189,-0.675367,0.436252,-0.594612,-0.708,0.536,0.416,0.741,-0.033
6901,230.069,0.98,1,-0.508913,0.368916,-0.777759,-0.712901,0.428877,-0.554831,-0.742,0.539,0.407,0.719,-0.022
6902,230.102,0.98,1,-0.54509,0.345142,-0.764038,-0.710015,0.424512,-0.561844,-0.758,0.526,0.401,0.723,-0.021
6903,230.136,0.98,1,-0.553715,0.350197,-0.755487,-0.716308,0.423642,-0.554464,-0.77,0.534,0.4,0.713,-0.014
6904,230.169,0.98,1,-0.562335,0.352961,-0.747795,-0.714571,0.423251,-0.556998,-0.775,0.537,0.396,0.711,-0.009
6905,230.202,0.98,1,-0.517893,0.375671,-0.768543,-0.701044,0.432945,-0.566653,-0.74,0.545,0.396,0.697,-0.005
6906,230.236,0.98,1,-0.571114,0.350268,-0.742389,-0.668318,0.435494,-0.603072,-0.744,0.529,0.382,0.723,0.001
6907,230.269,0.88,1,-0.535601,0.351128,-0.768011,-0.65665,0.431771,-0.618373,-0.71,0.514,0.38,0.723,0.008
6908,230.302,0.88,1,-0.547228,0.325812,-0.770966,-0.667643,0.426172,-0.610434,-0.721,0.499,0.359,0.721,0.021
6909,230.336,0.88,1,-0.552586,0.309863,-0.773714,-0.675917,0.412981,-0.610396,-0.726,0.481,0.337,0.721,0.037
6910,230.369,0.88,1,-0.561133,0.265439,-0.78401,-0.676914,0.397587,-0.619445,-0.723,0.441,0.31,0.726,0.05
6911,230.402,0.88,1,-0.565037,0.251442,-0.785818,-0.670955,0.402725,-0.622601,-0.72,0.435,0.301,0.736,0.061
6912,230.436,0.88,1,-0.55938,0.229409,-0.796533,-0.672171,0.381723,-0.634408,-0.711,0.404,0.273,0.728,0.079
6932,231.103,0.93,1,-0.467369,0.337866,-0.816953,-0.611537,0.388786,-0.689106,-0.622,0.45,0.186,0.699,0.167
6934,231.169,0.88,1,-0.385163,0.420624,-0.821416,-0.624251,0.379031,-0.683115,-0.591,0.489,0.199,0.704,0.198
6935,231.203,0.98,1,-0.198479,0.499014,-0.843559,-0.441225,0.433787,-0.785588,-0.374,0.52,0.273,0.388,0.068
6936,231.236,0.77,1,-0.295334,0.479861,-0.826143,-0.468614,0.405034,-0.785078,-0.443,0.502,0.29,0.363,0.078
6937,231.269,0.98,1,0.044149,0.555807,-0.830138,-0.271756,0.363565,-0.891049,-0.131,0.491,0.279,0.162,0.12
6938,231.303,0.93,1,0.062413,0.583854,-0.809456,-0.122033,0.459614,-0.879695,-0.035,0.553,0.279,0.109,0.141
6939,231.336,0.98,1,0.134756,0.616095,-0.776059,-0.188012,0.494667,-0.848502,-0.033,0.6,0.299,0.05,0.163
6940,231.369,0.98,1,0.084624,0.605379,-0.791426,-0.198468,0.5299,-0.82451,-0.07,0.612,0.32,0.02,0.173
6941,231.403,0.98,1,0.078051,0.616428,-0.783534,-0.190665,0.54912,-0.813704,-0.07,0.63,0.334,0.006,0.177
6942,231.436,0.98,1,0.041755,0.630404,-0.775144,-0.196595,0.541879,-0.81714,-0.097,0.635,0.344,0.001,0.182
6943,231.469,0.98,1,0.031173,0.641122,-0.766805,-0.199209,0.538351,-0.818837,-0.106,0.64,0.36,0.006,0.181
6944,231.503,0.98,1,0.050829,0.642593,-0.76452,-0.165539,0.546852,-0.820701,-0.072,0.644,0.359,0.005,0.183
6945,231.536,0.98,1,0.056641,0.63676,-0.768979,-0.16774,0.537776,-0.826233,-0.07,0.635,0.352,0.009,0.18
6946,231.569,0.98,1,0.080546,0.624106,-0.777177,-0.156779,0.526976,-0.835295,-0.047,0.62,0.339,-0.0,0.178
6947,231.603,0.98,1,0.082619,0.615526,-0.783774,-0.149795,0.528773,-0.83544,-0.041,0.615,0.335,-0.001,0.173
6948,231.636,0.98,1,0.067013,0.616483,-0.784511,-0.158469,0.520231,-0.839194,-0.056,0.611,0.333,0.002,0.172
6949,231.669,0.98,1,0.052881,0.610274,-0.790423,-0.165533,0.519028,-0.838576,-0.069,0.606,0.335,-0.001,0.172
6950,231.703,0.98,1,0.048645,0.612193,-0.789211,-0.163315,0.511504,-0.843618,-0.07,0.603,0.338,0.008,0.163
6951,231.736,0.98,1,0.051451,0.611272,-0.789746,-0.16543,0.512879,-0.842371,-0.07,0.603,0.339,0.013,0.159
6952,231.769,0.98,1,0.069787,0.61504,-0.785401,-0.174208,0.51574,-0.838847,-0.064,0.608,0.34,0.014,0.157
6953,231.803,0.98,1,0.050429,0.615712,-0.786356,-0.171995,0.518409,-0.837657,-0.075,0.61,0.343,0.013,0.152
6954,231.836,0.98,1,0.051187,0.619457,-0.78336,-0.184531,0.520861,-0.833458,-0.082,0.614,0.343,0.015,0.15
6955,231.869,0.98,1,0.042423,0.619462,-0.78388,-0.180508,0.523547,-0.832655,-0.085,0.615,0.342,0.016,0.15
6956,231.903,0.98,1,0.053302,0.618725,-0.783797,-0.159773,0.528037,-0.834056,-0.066,0.617,0.346,0.019,0.145
6957,231.936,0.98,1,0.045829,0.60905,-0.791807,-0.136482,0.529989,-0.83695,-0.056,0.61,0.35,0.022,0.141
6958,231.969,0.98,1,0.091386,0.587031,-0.80439,-0.123711,0.517392,-0.846759,-0.02,0.59,0.351,0.019,0.14
6959,232.003,0.98,1,0.10141,0.584522,-0.805016,-0.127213,0.518023,-0.845854,-0.016,0.589,0.349,0.02,0.137
6960,232.036,0.98,1,0.094172,0.571107,-0.815456,-0.126146,0.517046,-0.846611,-0.019,0.58,0.35,0.019,0.135
6961,232.07,0.98,1,0.079433,0.567113,-0.819801,-0.12435,0.506145,-0.853437,-0.027,0.57,0.351,0.015,0.134
6962,232.103,0.98,1,0.074688,0.56405,-0.822356,-0.129978,0.502531,-0.854733,-0.033,0.566,0.348,0.014,0.131
6963,232.136,0.98,1,0.103604,0.600543,-0.792852,-0.136087,0.521732,-0.842185,-0.02,0.602,0.346,0.011,0.127
6964,232.17,0.98,1,0.091175,0.628884,-0.772135,-0.131726,0.539894,-0.831362,-0.025,0.63,0.344,0.003,0.126
6965,232.203,0.98,1,0.099879,0.619653,-0.778495,-0.133238,0.543198,-0.828965,-0.021,0.626,0.345,-0.011,0.126
6966,232.236,0.98,1,0.103275,0.6238,-0.77473,-0.131735,0.553295,-0.822503,-0.018,0.635,0.349,-0.026,0.124
6967,232.27,0.98,1,0.114518,0.619562,-0.776549,-0.12864,0.538518,-0.832736,-0.009,0.624,0.353,-0.041,0.124
6968,232.303,0.98,1,0.126905,0.620899,-0.77355,-0.140669,0.539855,-0.829921,-0.009,0.627,0.354,-0.037,0.12
6969,232.336,0.98,1,0.129019,0.609459,-0.782249,-0.173403,0.528767,-0.830865,-0.028,0.614,0.357,-0.02,0.115
6970,232.37,0.98,1,0.116829,0.608512,-0.784898,-0.17203,0.523072,-0.834746,-0.034,0.61,0.36,-0.023,0.113
6971,232.403,0.98,1,0.126358,0.603673,-0.787155,-0.13825,0.520212,-0.842773,-0.007,0.604,0.363,-0.028,0.106
6972,232.436,0.98,1,0.13383,0.602965,-0.786462,-0.133141,0.506562,-0.851862,0.0,0.595,0.366,-0.018,0.097
6973,232.47,0.98,1,0.134011,0.604079,-0.785576,-0.138838,0.505416,-0.851633,-0.003,0.596,0.366,-0.01,0.094
6974,232.503,0.98,1,0.134474,0.602894,-0.786407,-0.133866,0.514246,-0.847131,0.0,0.6,0.367,-0.0,0.091
6975,232.536,0.98,1,0.109387,0.591658,-0.798734,-0.126819,0.51482,-0.847866,-0.011,0.592,0.37,0.001,0.088
6976,232.57,0.98,1,0.107,0.593291,-0.797845,-0.128169,0.515946,-0.846978,-0.013,0.593,0.365,0.011,0.083
6977,232.603,0.98,1,0.107478,0.589045,-0.800921,-0.141881,0.512502,-0.846883,-0.021,0.589,0.365,0.016,0.078
6978,232.636,0.98,1,0.11155,0.589207,-0.800245,-0.133311,0.517327,-0.84534,-0.013,0.592,0.367,0.018,0.072
6979,232.67,0.98,1,0.102526,0.586189,-0.803661,-0.132718,0.526884,-0.839511,-0.018,0.595,0.369,0.018,0.067
6980,232.703,0.98,1,0.118094,0.578782,-0.806886,-0.127368,0.529177,-0.838897,-0.006,0.593,0.369,0.02,0.062
6981,232.736,0.98,1,0.128415,0.58301,-0.802253,-0.128395,0.527662,-0.839695,0.0,0.595,0.368,0.019,0.058
6982,232.77,0.98,1,0.133876,0.58232,-0.801861,-0.121652,0.525125,-0.842286,0.007,0.593,0.366,0.017,0.055
6983,232.803,0.98,1,0.121764,0.579734,-0.805656,-0.122712,0.52708,-0.84091,-0.001,0.592,0.368,0.016,0.053
6984,232.836,0.98,1,0.131838,0.594342,-0.793333,-0.121724,0.527992,-0.840481,0.006,0.602,0.366,0.019,0.051
6985,232.87,0.98,1,0.135765,0.596443,-0.79109,-0.123446,0.529916,-0.839018,0.008,0.605,0.364,0.02,0.048
6986,232.903,0.98,1,0.135963,0.601907,-0.786907,-0.1189,0.532503,-0.838035,0.011,0.609,0.369,0.015,0.043
6987,232.936,0.98,1,0.147917,0.604931,-0.782419,-0.110685,0.532248,-0.839322,0.023,0.612,0.37,0.018,0.039
6988,232.97,0.98,1,0.13743,0.60133,-0.787093,-0.107411,0.532868,-0.839354,0.018,0.609,0.366,0.017,0.035
6989,233.003,0.98,1,0.092322,0.613974,-0.783908,-0.141152,0.526222,-0.83855,-0.03,0.613,0.361,0.019,0.031
6990,233.036,0.98,1,0.080341,0.602108,-0.794362,-0.128342,0.4895,-0.862507,-0.029,0.583,0.358,0.021,0.025
6991,233.07,0.98,1,0.052922,0.592196,-0.804055,-0.169074,0.503083,-0.847539,-0.07,0.586,0.355,0.04,0.024
6992,233.103,0.98,1,0.039144,0.585073,-0.810035,-0.161146,0.510039,-0.844921,-0.074,0.585,0.351,0.069,0.029
6993,233.136,0.98,1,0.051335,0.575976,-0.815853,-0.164846,0.499325,-0.850588,-0.068,0.573,0.334,0.086,0.042
6994,233.17,0.98,1,0.050509,0.543258,-0.838045,-0.178833,0.500073,-0.847317,-0.076,0.554,0.326,0.093,0.053
6995,233.203,0.98,1,-0.039893,0.585494,-0.809694,-0.241847,0.505401,-0.828299,-0.17,0.588,0.32,0.121,0.056
6996,233.237,0.98,1,-0.211981,0.544916,-0.811252,-0.331616,0.482592,-0.810639,-0.323,0.565,0.308,0.167,0.071
6997,233.27,0.98,1,-0.318833,0.443567,-0.837612,-0.442583,0.406997,-0.799046,-0.435,0.479,0.284,0.216,0.097
6998,233.303,0.93,1,-0.315966,0.321648,-0.892585,-0.485184,0.428776,-0.762068,-0.451,0.426,0.279,0.263,0.097
6999,233.337,0.88,1,-0.323601,0.370775,-0.870522,-0.505389,0.392317,-0.76855,-0.468,0.436,0.256,0.233,0.083
7000,233.37,0.88,1,-0.294885,0.4112,-0.86253,-0.49817,0.202199,-0.843174,-0.435,0.345,0.216,0.191,0.055
7002,233.437,0.88,1,-0.388933,0.375119,-0.841438,-0.603756,0.423618,-0.675297,-0.58,0.485,0.254,0.463,-0.029
7003,233.47,0.88,1,-0.388424,0.393433,-0.833269,-0.592114,0.453265,-0.666298,-0.579,0.514,0.266,0.476,-0.032
7004,233.503,0.88,1,-0.368007,0.412925,-0.833105,-0.607631,0.439413,-0.66159,-0.578,0.518,0.285,0.484,-0.039
7005,233.537,0.88,1,-0.302012,0.298718,-0.905293,-0.600285,0.429974,-0.674374,-0.519,0.432,0.286,0.473,-0.051
7006,233.57,0.88,1,-0.29401,0.299298,-0.907733,-0.582303,0.405593,-0.704569,-0.498,0.412,0.278,0.486,-0.062
7007,233.603,0.88,1,-0.315791,0.314852,-0.895067,-0.554136,0.454288,-0.697536,-0.5,0.45,0.263,0.488,-0.066
7008,233.637,0.88,1,-0.33672,0.307399,-0.890014,-0.569087,0.427949,-0.702139,-0.517,0.433,0.247,0.494,-0.062
7009,233.67,0.88,1,-0.375167,0.288129,-0.88104,-0.587748,0.396807,-0.705051,-0.546,0.408,0.225,0.517,-0.054
7010,233.703,0.88,1,-0.423732,0.292597,-0.857227,-0.620008,0.407292,-0.670599,-0.599,0.43,0.24,0.558,-0.051
7011,233.737,0.88,1,-0.457903,0.317298,-0.83045,-0.64271,0.43032,-0.633837,-0.645,0.472,0.274,0.615,-0.054
7012,233.77,0.88,1,-0.538868,0.373985,-0.754822,-0.692502,0.452451,-0.561898,-0.752,0.561,0.334,0.873,0.004
7013,233.803,0.98,1,-0.5132,0.38484,-0.767153,-0.706798,0.378767,-0.597471,-0.729,0.51,0.384,0.875,-0.006
7014,233.837,0.98,1,-0.489316,0.404055,-0.772858,-0.706267,0.398983,-0.584807,-0.722,0.534,0.372,0.857,0.003
7015,233.87,0.98,1,-0.511854,0.40339,-0.758474,-0.696364,0.39641,-0.598278,-0.728,0.533,0.391,0.86,-0.003
7016,233.903,0.98,1,-0.548621,0.387249,-0.740981,-0.719674,0.371543,-0.586537,-0.763,0.519,0.387,0.853,-0.007
7017,233.937,0.88,1,-0.519226,0.346063,-0.781438,-0.711968,0.358094,-0.604045,-0.727,0.47,0.392,0.86,-0.016
7018,233.97,0.88,1,-0.493858,0.403432,-0.77029,-0.678503,0.42712,-0.597664,-0.709,0.546,0.375,0.811,0.002
7019,234.003,0.88,1,-0.490128,0.333577,-0.805295,-0.652904,0.442547,-0.61471,-0.678,0.5,0.361,0.769,0.018
7020,234.037,0.88,1,-0.516265,0.27544,-0.810928,-0.64794,0.43929,-0.622253,-0.682,0.463,0.316,0.737,0.035
7021,234.07,0.88,1,-0.518299,0.22778,-0.824307,-0.621933,0.449928,-0.640909,-0.661,0.433,0.305,0.695,0.039
7022,234.103,0.98,1,-0.494078,0.266742,-0.827487,-0.603981,0.407719,-0.684816,-0.628,0.42,0.293,0.634,0.052
7034,234.504,0.98,1,-0.373554,0.354277,-0.857289,-0.490643,0.357694,-0.794559,-0.482,0.407,0.274,0.507,0.069
7036,234.57,0.98,1,-0.384512,0.355603,-0.851879,-0.511106,0.34271,-0.788239,-0.5,0.403,0.273,0.51,0.076
7037,234.604,0.98,1,-0.3873,0.355587,-0.850621,-0.518934,0.338971,-0.784734,-0.506,0.402,0.272,0.506,0.082
7038,234.637,0.98,1,-0.380864,0.363813,-0.850049,-0.504578,0.344268,-0.791758,-0.495,0.407,0.272,0.506,0.087
7039,234.67,0.98,1,-0.383132,0.359834,-0.850723,-0.498806,0.345471,-0.794885,-0.492,0.405,0.27,0.504,0.093
7050,235.037,0.93,1,-0.072564,0.222341,-0.972265,-0.204759,0.465439,-0.861069,-0.15,0.359,0.221,0.239,0.111
7051,235.07,0.88,1,0.067073,0.232021,-0.970396,-0.175135,0.473248,-0.863344,-0.059,0.367,0.212,0.177,0.11
7053,235.137,0.98,1,0.194771,0.448149,-0.872483,-0.055857,0.418739,-0.906387,0.078,0.453,0.245,0.019,0.097
7054,235.17,0.98,1,0.212166,0.468112,-0.857821,-0.018496,0.38393,-0.923177,0.108,0.446,0.259,-0.012,0.07
7055,235.204,0.98,1,0.257579,0.451071,-0.854511,0.045769,0.352139,-0.934828,0.168,0.422,0.258,-0.033,0.057
7056,235.237,0.98,1,0.270517,0.408409,-0.871793,0.057337,0.344054,-0.937198,0.179,0.394,0.258,-0.055,0.05
7082,236.104,0.98,1,0.268902,0.397994,-0.877093,0.058956,0.368878,-0.927606,0.18,0.402,0.29,-0.061,-0.023
7092,236.437,0.98,1,0.36958,0.39985,-0.838768,0.093717,0.355471,-0.929977,0.256,0.404,0.294,-0.132,-0.016
7093,236.471,0.98,1,0.359767,0.398034,-0.843882,0.095031,0.358433,-0.928706,0.251,0.403,0.296,-0.131,-0.016
7094,236.504,0.98,1,0.321857,0.485845,-0.812627,0.052622,0.391706,-0.918585,0.213,0.469,0.299,-0.111,-0.02
7095,236.538,0.98,1,0.13415,0.565729,-0.813606,-0.053935,0.51849,-0.853381,0.048,0.577,0.305,-0.084,-0.021
7096,236.571,0.98,1,0.008635,0.505583,-0.862735,-0.219859,0.442306,-0.869498,-0.121,0.501,0.309,-0.051,-0.008
7097,236.604,0.98,1,-0.025407,0.517834,-0.855104,-0.226425,0.435884,-0.871055,-0.145,0.505,0.321,0.026,-0.004
7098,236.638,0.98,1,-0.048892,0.525694,-0.849267,-0.198205,0.458542,-0.866287,-0.143,0.521,0.319,0.122,0.002
7099,236.671,0.98,1,-0.062135,0.542264,-0.837907,-0.227852,0.525817,-0.819512,-0.173,0.572,0.309,0.169,0.025
7100,236.704,0.98,1,-0.104675,0.535976,-0.837719,-0.266854,0.521602,-0.810383,-0.222,0.571,0.309,0.198,0.041
7101,236.738,0.98,1,-0.124413,0.534729,-0.835815,-0.29649,0.507127,-0.809268,-0.25,0.565,0.307,0.222,0.048
7102,236.771,0.93,1,-0.158652,0.557465,-0.8149,-0.325326,0.504045,-0.800063,-0.291,0.581,0.302,0.237,0.051
7103,236.804,0.93,1,-0.202146,0.543212,-0.814897,-0.348215,0.493897,-0.796751,-0.329,0.572,0.301,0.259,0.047
7104,236.838,0.93,1,-0.229936,0.551013,-0.802194,-0.364064,0.500725,-0.785323,-0.358,0.585,0.308,0.288,0.039
7105,236.871,0.98,1,-0.25995,0.543534,-0.798121,-0.432461,0.42998,-0.792524,-0.411,0.549,0.339,0.344,0.035
7106,236.904,0.93,1,-0.268973,0.542354,-0.795931,-0.454032,0.44239,-0.773399,-0.432,0.56,0.361,0.383,0.034
7107,236.938,0.93,1,-0.252304,0.568048,-0.783367,-0.415165,0.534271,-0.736337,-0.414,0.628,0.346,0.383,0.038
7108,236.971,0.93,1,-0.249925,0.499924,-0.829225,-0.451363,0.511724,-0.731033,-0.422,0.575,0.349,0.416,0.037
7109,237.004,0.93,1,-0.253078,0.478331,-0.840923,-0.511069,0.41262,-0.754025,-0.447,0.509,0.38,0.476,0.029
7110,237.038,0.93,1,-0.270303,0.493216,-0.826846,-0.54189,0.389029,-0.744991,-0.477,0.511,0.377,0.481,0.037
7111,237.071,0.93,1,-0.268608,0.487544,-0.830753,-0.536146,0.399817,-0.743434,-0.473,0.513,0.373,0.48,0.041
7112,237.104,0.93,1,-0.265074,0.490212,-0.830318,-0.561727,0.391648,-0.728749,-0.488,0.515,0.369,0.478,0.044
7113,237.138,0.98,1,-0.265597,0.47387,-0.839586,-0.545906,0.381305,-0.746052,-0.473,0.495,0.367,0.47,0.047
7114,237.171,0.98,1,-0.262778,0.469119,-0.843134,-0.527804,0.402735,-0.747815,-0.461,0.501,0.371,0.46,0.045
7115,237.204,0.93,1,-0.256168,0.486876,-0.835063,-0.536099,0.420053,-0.732225,-0.468,0.525,0.37,0.447,0.043
7116,237.238,0.93,1,-0.246337,0.490968,-0.835625,-0.540003,0.418262,-0.730379,-0.465,0.526,0.374,0.442,0.04
7117,237.271,0.93,1,-0.270176,0.509386,-0.817026,-0.493735,0.427985,-0.757004,-0.452,0.537,0.375,0.429,0.04
7118,237.304,0.98,1,-0.269737,0.528311,-0.805065,-0.482751,0.429851,-0.763007,-0.447,0.549,0.383,0.424,0.04
7119,237.338,0.98,1,-0.258097,0.530788,-0.807248,-0.477887,0.429784,-0.7661,-0.438,0.548,0.395,0.418,0.036
7120,237.371,0.98,1,-0.175971,0.550155,-0.816311,-0.438574,0.410911,-0.799253,-0.363,0.537,0.434,0.416,0.023
7121,237.404,0.98,1,-0.071617,0.554868,-0.82885,-0.315236,0.38276,-0.868401,-0.224,0.505,0.432,0.328,0.029
7122,237.438,0.82,1,-0.241887,0.469822,-0.848975,-0.365347,0.369772,-0.854278,-0.342,0.458,0.414,0.262,0.037
7123,237.471,0.98,1,0.2085,0.556697,-0.804125,-0.11306,0.404721,-0.907424,0.056,0.512,0.409,0.1,0.024
7124,237.504,0.93,1,0.144468,0.545003,-0.825894,-0.124445,0.362954,-0.92346,0.011,0.479,0.377,0.049,0.054
7125,237.538,0.93,1,0.231314,0.555619,-0.798612,-0.109328,0.390666,-0.914017,0.071,0.505,0.415,-0.025,0.06
7126,237.571,0.98,1,0.203266,0.560029,-0.80315,-0.162246,0.409613,-0.897716,0.024,0.518,0.438,-0.084,0.072
7127,237.604,0.98,1,0.151532,0.587591,-0.794843,-0.181688,0.404806,-0.89617,-0.018,0.531,0.437,-0.104,0.089
7128,237.638,0.98,1,0.147582,0.568231,-0.809527,-0.201163,0.349682,-0.915017,-0.031,0.489,0.428,-0.127,0.109
7129,237.671,0.98,1,0.120078,0.551829,-0.825267,-0.171875,0.330673,-0.927963,-0.03,0.466,0.418,-0.136,0.118
7130,237.705,0.98,1,0.075685,0.52994,-0.844651,-0.129594,0.32612,-0.936403,-0.03,0.448,0.426,-0.144,0.123
7131,237.738,0.98,1,0.103516,0.544651,-0.83225,-0.119151,0.329552,-0.936589,-0.009,0.459,0.427,-0.159,0.13
7132,237.771,0.98,1,0.075622,0.556518,-0.827387,-0.126939,0.347594,-0.929013,-0.029,0.475,0.446,-0.157,0.135
7133,237.805,0.98,1,0.09217,0.563126,-0.821215,-0.137071,0.358773,-0.923306,-0.026,0.486,0.461,-0.155,0.145
7134,237.838,0.98,1,0.118455,0.571661,-0.811894,-0.109405,0.408636,-0.906117,0.005,0.519,0.479,-0.168,0.155
7135,237.871,0.98,1,0.120819,0.577808,-0.807181,-0.143551,0.424466,-0.893992,-0.013,0.532,0.489,-0.167,0.157
7136,237.905,0.98,1,0.119836,0.586615,-0.800951,-0.162311,0.413246,-0.896038,-0.025,0.532,0.49,-0.165,0.164
7137,237.938,0.98,1,0.089765,0.590675,-0.801901,-0.167032,0.399775,-0.901266,-0.045,0.527,0.491,-0.164,0.168
7138,237.971,0.98,1,0.170032,0.597655,-0.783517,-0.136854,0.415197,-0.899379,0.02,0.542,0.488,-0.174,0.173
7139,238.005,0.98,1,0.258508,0.626236,-0.735529,-0.178757,0.339836,-0.92334,0.048,0.527,0.464,-0.186,0.18
7140,238.038,0.98,1,0.231801,0.615537,-0.753248,-0.139203,0.325805,-0.935133,0.055,0.509,0.456,-0.208,0.182
7141,238.071,0.98,1,0.238821,0.621419,-0.746193,-0.134053,0.332507,-0.933525,0.062,0.516,0.451,-0.224,0.185
7142,238.105,0.98,1,0.222186,0.629179,-0.744827,-0.126591,0.339202,-0.932157,0.057,0.524,0.453,-0.241,0.19
7143,238.138,0.98,1,0.251373,0.636222,-0.729406,-0.137278,0.337922,-0.931109,0.069,0.531,0.446,-0.245,0.191
7144,238.171,0.98,1,0.246714,0.635423,-0.731689,-0.190755,0.35699,-0.914424,0.034,0.543,0.445,-0.236,0.187
7145,238.205,0.98,1,0.258084,0.644894,-0.719378,-0.201179,0.345483,-0.916607,0.035,0.544,0.448,-0.225,0.182
7146,238.238,0.98,1,0.261763,0.66197,-0.702336,-0.213975,0.35063,-0.911742,0.03,0.56,0.449,-0.206,0.177
7147,238.271,0.98,1,0.26787,0.653503,-0.70794,-0.205454,0.336196,-0.919109,0.038,0.546,0.449,-0.212,0.182
7148,238.305,0.98,1,0.275014,0.648609,-0.7097,-0.216224,0.323501,-0.921192,0.036,0.538,0.45,-0.211,0.183
7149,238.338,0.98,1,0.248049,0.654442,-0.714267,-0.184432,0.396116,-0.899487,0.039,0.577,0.45,-0.218,0.183
7150,238.371,0.98,1,0.155309,0.606006,-0.780151,-0.097293,0.441276,-0.892082,0.035,0.56,0.44,-0.217,0.174
7151,238.405,0.98,1,0.104999,0.584649,-0.804463,-0.10758,0.461761,-0.880457,-0.002,0.556,0.439,-0.205,0.159
7152,238.438,0.98,1,0.12592,0.596074,-0.792994,-0.086116,0.462514,-0.88242,0.024,0.564,0.439,-0.152,0.138
7153,238.471,0.98,1,0.138421,0.577053,-0.804891,-0.051552,0.371646,-0.926942,0.05,0.501,0.441,-0.115,0.132
7154,238.505,0.98,1,0.015786,0.546784,-0.837125,-0.105466,0.409203,-0.906328,-0.051,0.502,0.435,-0.033,0.116
7155,238.538,0.98,1,-0.078862,0.499751,-0.862571,-0.136272,0.393375,-0.909223,-0.121,0.467,0.428,0.021,0.107
7157,238.605,0.98,1,-0.05822,0.416995,-0.907042,-0.231574,0.384876,-0.893445,-0.16,0.419,0.375,0.129,0.104
7159,238.671,0.98,1,-0.132805,0.351581,-0.926689,-0.288702,0.414587,-0.863,-0.231,0.404,0.324,0.165,0.114
7167,238.938,0.98,1,-0.305826,0.145202,-0.94095,-0.381033,0.429454,-0.818769,-0.372,0.316,0.278,0.262,0.067
7168,238.972,0.98,1,-0.406639,0.161002,-0.89929,-0.424433,0.437492,-0.792753,-0.457,0.34,0.281,0.308,0.054
7169,239.005,0.98,1,-0.407811,0.20055,-0.890769,-0.462058,0.473463,-0.74989,-0.488,0.39,0.29,0.365,0.045
7170,239.038,0.98,1,-0.41846,0.240541,-0.875803,-0.508044,0.470836,-0.721253,-0.526,0.419,0.29,0.422,0.043
7171,239.072,0.98,1,-0.407243,0.237411,-0.881924,-0.535164,0.472145,-0.700485,-0.537,0.422,0.293,0.468,0.031
7172,239.105,0.98,1,-0.462515,0.265915,-0.845795,-0.538887,0.48248,-0.690517,-0.578,0.453,0.307,0.522,0.016
7173,239.138,0.98,1,-0.466434,0.294131,-0.834222,-0.560961,0.498076,-0.661243,-0.602,0.487,0.342,0.562,-0.003
7174,239.172,0.98,1,-0.458487,0.323714,-0.827647,-0.563315,0.514772,-0.646287,-0.606,0.517,0.369,0.609,-0.018
7175,239.205,0.88,1,-0.482209,0.312991,-0.818236,-0.594458,0.517998,-0.615059,-0.644,0.525,0.393,0.65,-0.037
7176,239.238,0.88,1,-0.42809,0.451451,-0.782899,-0.615597,0.520302,-0.591884,-0.649,0.615,0.387,0.689,-0.042
7177,239.272,0.88,1,-0.439238,0.457616,-0.773083,-0.575707,0.521329,-0.629903,-0.626,0.609,0.398,0.729,-0.048
7178,239.305,0.98,1,-0.510407,0.369993,-0.776267,-0.592632,0.49506,-0.635376,-0.663,0.55,0.395,0.737,-0.044
7179,239.338,0.88,1,-0.480318,0.419737,-0.77014,-0.534631,0.423142,-0.731519,-0.594,0.511,0.406,0.736,-0.045
7180,239.372,0.88,1,-0.478585,0.441327,-0.75907,-0.522131,0.426044,-0.738827,-0.589,0.525,0.412,0.723,-0.049
7181,239.405,0.88,1,-0.458847,0.442536,-0.770468,-0.507217,0.453328,-0.732957,-0.571,0.537,0.408,0.718,-0.045
7182,239.438,0.88,1,-0.405686,0.50727,-0.760327,-0.522239,0.397891,-0.754287,-0.55,0.539,0.421,0.731,-0.041
7183,239.472,0.88,1,-0.390967,0.405672,-0.826181,-0.626469,0.478277,-0.615458,-0.615,0.55,0.402,0.731,-0.03
7184,239.505,0.98,1,-0.222512,0.484584,-0.845971,-0.452284,0.435284,-0.778439,-0.394,0.515,0.329,0.464,-0.058
7185,239.538,0.77,1,-0.277645,0.518417,-0.8088,-0.406544,0.499662,-0.764892,-0.41,0.574,0.329,0.448,-0.03
7186,239.572,0.93,1,-0.128509,0.481375,-0.867043,-0.368824,0.513755,-0.774613,-0.294,0.545,0.325,0.274,-0.042
7187,239.605,0.93,1,0.031259,0.506068,-0.861927,-0.233714,0.397054,-0.887539,-0.115,0.477,0.372,0.192,-0.021
7188,239.638,0.88,1,0.025981,0.553132,-0.832689,-0.265027,0.459736,-0.847587,-0.141,0.542,0.363,0.16,-0.001
7189,239.672,0.98,1,0.089299,0.552823,-0.8285,-0.216314,0.457771,-0.862354,-0.075,0.539,0.392,0.116,0.016
7190,239.705,0.98,1,0.027782,0.555099,-0.83132,-0.231524,0.422111,-0.876481,-0.119,0.52,0.425,0.087,0.025
7191,239.738,0.98,1,0.034413,0.556712,-0.829993,-0.314707,0.37861,-0.87041,-0.163,0.503,0.44,0.066,0.037
7192,239.772,0.98,1,0.025535,0.534968,-0.844486,-0.213061,0.410464,-0.886637,-0.108,0.5,0.459,0.048,0.051
7193,239.805,0.98,1,0.014477,0.552402,-0.833452,-0.223811,0.44549,-0.866861,-0.122,0.531,0.475,0.061,0.058
7194,239.839,0.98,1,0.00936,0.562454,-0.826776,-0.232997,0.428976,-0.87275,-0.131,0.528,0.487,0.066,0.061
7195,239.872,0.98,1,0.01563,0.562503,-0.826648,-0.236763,0.438078,-0.867197,-0.13,0.534,0.493,0.054,0.071
7196,239.905,0.98,1,0.014046,0.570283,-0.821328,-0.274759,0.437835,-0.856042,-0.154,0.541,0.508,0.046,0.083
7197,239.939,0.98,1,0.009724,0.580292,-0.81435,-0.282346,0.444349,-0.850197,-0.162,0.552,0.518,0.041,0.094
7198,239.972,0.98,1,-0.012161,0.585489,-0.810589,-0.284665,0.446977,-0.848043,-0.177,0.557,0.525,0.044,0.102
7199,240.005,0.98,1,-0.072618,0.596175,-0.799564,-0.297175,0.446413,-0.84404,-0.221,0.565,0.523,0.044,0.108
7200,240.039,0.98,1,-0.084315,0.600528,-0.795146,-0.287561,0.452863,-0.843933,-0.223,0.571,0.524,0.052,0.105
7201,240.072,0.98,1,-0.154876,0.531493,-0.832784,-0.236993,0.452782,-0.859548,-0.228,0.527,0.509,0.094,0.095
7202,240.105,0.98,1,0.0407,0.637666,-0.769237,-0.194632,0.573612,-0.795668,-0.098,0.659,0.502,0.08,0.088
7203,240.139,0.98,1,0.079202,0.623674,-0.777662,-0.168127,0.554064,-0.81532,-0.056,0.637,0.496,0.082,0.076
7204,240.172,0.98,1,0.083974,0.621936,-0.778552,-0.169046,0.551519,-0.816854,-0.053,0.634,0.487,0.078,0.072
7205,240.205,0.98,1,0.088739,0.615177,-0.783379,-0.162662,0.549144,-0.819745,-0.046,0.628,0.474,0.08,0.069
7206,240.239,0.98,1,0.09615,0.60967,-0.786803,-0.162516,0.549695,-0.819405,-0.041,0.625,0.464,0.082,0.069
7207,240.272,0.98,1,0.099461,0.606106,-0.789141,-0.162807,0.543426,-0.823518,-0.039,0.619,0.457,0.086,0.068
7208,240.305,0.98,1,0.075517,0.599408,-0.796873,-0.173037,0.541818,-0.822491,-0.06,0.614,0.441,0.081,0.069
7209,240.339,0.98,1,0.059619,0.570121,-0.819394,-0.184718,0.494901,-0.849089,-0.075,0.568,0.438,0.076,0.064
7210,240.372,0.98,1,0.059134,0.563803,-0.823789,-0.189402,0.46673,-0.863881,-0.077,0.548,0.429,0.075,0.062
7211,240.405,0.98,1,0.072067,0.560764,-0.824833,-0.200096,0.457457,-0.866426,-0.076,0.542,0.415,0.083,0.06
7212,240.439,0.98,1,0.072608,0.55396,-0.829371,-0.198836,0.456709,-0.867111,-0.074,0.537,0.409,0.082,0.055
7213,240.472,0.98,1,0.075026,0.555791,-0.82793,-0.196022,0.463781,-0.863992,-0.071,0.542,0.4,0.087,0.049
7214,240.505,0.98,1,0.087628,0.560435,-0.823549,-0.196275,0.466655,-0.862386,-0.064,0.547,0.387,0.09,0.046
7215,240.539,0.98,1,0.133765,0.557734,-0.81917,-0.162778,0.463663,-0.87093,-0.017,0.544,0.381,0.089,0.043
7216,240.572,0.98,1,0.103629,0.519723,-0.848027,-0.141502,0.447825,-0.882853,-0.022,0.51,0.376,0.075,0.043
7217,240.605,0.98,1,0.116986,0.513528,-0.850061,-0.130059,0.436004,-0.890497,-0.008,0.499,0.361,0.065,0.039
7218,240.639,0.98,1,0.1407,0.506791,-0.85051,-0.113336,0.425962,-0.897614,0.016,0.49,0.354,0.058,0.032
7219,240.672,0.98,1,0.166348,0.51138,-0.8431,-0.118119,0.429859,-0.895136,0.028,0.496,0.348,0.05,0.024
7220,240.705,0.98,1,0.196857,0.529757,-0.824988,-0.102848,0.4155,-0.90376,0.054,0.5,0.342,0.049,0.02
7221,240.739,0.98,1,0.201746,0.526847,-0.82567,-0.107703,0.42176,-0.900288,0.054,0.503,0.337,0.04,0.017
7222,240.772,0.98,1,0.197479,0.521933,-0.829812,-0.113962,0.431104,-0.895077,0.048,0.505,0.337,0.037,0.012
7223,240.805,0.98,1,0.190183,0.523983,-0.830224,-0.11459,0.432845,-0.894156,0.044,0.507,0.333,0.026,0.011
7224,240.839,0.98,1,0.206289,0.52021,-0.82875,-0.107397,0.435241,-0.893886,0.057,0.506,0.328,0.02,0.009
7225,240.872,0.98,1,0.232523,0.519048,-0.82251,-0.100188,0.43742,-0.893659,0.077,0.508,0.323,0.013,0.008
7226,240.905,0.98,1,0.230525,0.513223,-0.826716,-0.085967,0.432439,-0.897556,0.084,0.502,0.32,0.006,0.005
7227,240.939,0.98,1,0.232411,0.515978,-0.824471,-0.079806,0.440152,-0.89437,0.089,0.508,0.319,-0.0,0.002
7228,240.972,0.98,1,0.233526,0.520047,-0.821594,-0.069445,0.439881,-0.895367,0.095,0.51,0.32,-0.009,0.002
7229,241.006,0.98,1,0.233002,0.520451,-0.821487,-0.06631,0.446265,-0.892441,0.097,0.514,0.319,-0.011,0.002
7230,241.039,0.98,1,0.227381,0.519679,-0.823548,-0.061005,0.450379,-0.890751,0.097,0.515,0.321,-0.009,0.002
7231,241.072,0.98,1,0.230132,0.508279,-0.829874,-0.056035,0.449713,-0.891414,0.101,0.508,0.322,-0.01,-0.001
7232,241.106,0.98,1,0.219356,0.521059,-0.824852,-0.054641,0.454853,-0.888889,0.096,0.518,0.32,-0.01,-0.001
7233,241.139,0.98,1,0.141657,0.569072,-0.809994,-0.138538,0.503973,-0.852536,0.002,0.573,0.325,-0.001,-0.006
7234,241.172,0.98,1,0.024672,0.567093,-0.823284,-0.222931,0.453442,-0.862955,-0.117,0.544,0.331,0.005,-0.009
7235,241.206,0.98,1,-0.123515,0.573498,-0.809842,-0.268349,0.440909,-0.856497,-0.231,0.547,0.346,0.057,-0.019
7236,241.239,0.93,1,-0.170715,0.468385,-0.866875,-0.282908,0.401964,-0.870855,-0.255,0.464,0.375,0.133,-0.027
7237,241.272,0.98,1,-0.248672,0.445008,-0.860308,-0.312485,0.369911,-0.87494,-0.313,0.439,0.37,0.223,-0.019
7238,241.306,0.98,1,-0.261624,0.455878,-0.850722,-0.325898,0.374473,-0.868079,-0.329,0.45,0.383,0.305,-0.016
7239,241.339,0.98,1,-0.23873,0.484592,-0.841534,-0.416002,0.386458,-0.823161,-0.375,0.482,0.394,0.388,-0.012
7240,241.372,0.98,1,-0.25163,0.512815,-0.820794,-0.528148,0.410658,-0.743249,-0.462,0.533,0.436,0.484,-0.013
7241,241.406,0.98,1,-0.250656,0.523686,-0.814202,-0.559898,0.405819,-0.722374,-0.485,0.544,0.441,0.534,-0.007
7242,241.439,0.98,1,-0.268697,0.535375,-0.800734,-0.590222,0.406334,-0.697517,-0.521,0.561,0.442,0.546,0.002
7243,241.472,0.98,1,-0.265994,0.534483,-0.802231,-0.571764,0.387214,-0.723292,-0.502,0.543,0.431,0.543,0.01
7244,241.506,0.98,1,-0.28372,0.538558,-0.793384,-0.553354,0.345283,-0.75801,-0.495,0.518,0.414,0.531,0.02
7245,241.539,0.98,1,-0.265522,0.526133,-0.807888,-0.565044,0.341362,-0.75113,-0.49,0.508,0.42,0.536,0.019
7246,241.572,0.98,1,-0.262728,0.512666,-0.817403,-0.564041,0.328474,-0.757604,-0.483,0.491,0.412,0.524,0.025
7247,241.606,0.98,1,-0.258509,0.515202,-0.817154,-0.576606,0.32058,-0.751501,-0.489,0.49,0.411,0.527,0.027
7248,241.639,0.98,1,-0.255303,0.506148,-0.823793,-0.569464,0.326493,-0.754396,-0.482,0.485,0.415,0.528,0.022
7249,241.672,0.98,1,-0.255655,0.510478,-0.821007,-0.589754,0.330501,-0.736858,-0.497,0.495,0.421,0.526,0.014
7250,241.706,0.98,1,-0.226854,0.512004,-0.828486,-0.56526,0.393433,-0.725046,-0.472,0.528,0.429,0.52,0.007
7251,241.739,0.98,1,-0.210014,0.578486,-0.788193,-0.489254,0.537218,-0.687043,-0.443,0.648,0.419,0.486,0.009
7252,241.772,0.98,1,-0.248404,0.54811,-0.798668,-0.460787,0.555166,-0.692435,-0.444,0.637,0.433,0.47,0.001
7253,241.806,0.98,1,-0.218984,0.565416,-0.795205,-0.442949,0.570368,-0.69172,-0.419,0.652,0.436,0.443,-0.002
7254,241.839,0.98,1,-0.261615,0.582498,-0.76958,-0.437392,0.583917,-0.683908,-0.448,0.676,0.428,0.392,-0.009
7255,241.872,0.98,1,-0.281467,0.588874,-0.75763,-0.422742,0.599619,-0.679519,-0.456,0.691,0.438,0.381,-0.019
7256,241.906,0.98,1,-0.269637,0.612619,-0.742963,-0.418952,0.610475,-0.672161,-0.453,0.713,0.455,0.371,-0.03
7257,241.939,0.98,1,-0.11061,0.638008,-0.762044,-0.377593,0.554179,-0.741829,-0.314,0.67,0.488,0.354,-0.046
7258,241.972,0.98,1,-0.034737,0.61875,-0.78482,-0.340369,0.477254,-0.810171,-0.231,0.602,0.502,0.314,-0.045
7259,242.006,0.98,1,-0.056597,0.604821,-0.794348,-0.368053,0.565254,-0.738258,-0.27,0.652,0.493,0.281,-0.031
7260,242.039,0.88,1,-0.089109,0.608906,-0.788221,-0.364941,0.539378,-0.758874,-0.285,0.639,0.519,0.25,-0.021
7261,242.073,0.98,1,-0.031015,0.634601,-0.772217,-0.301471,0.541939,-0.784485,-0.21,0.647,0.552,0.197,0.002
7262,242.106,0.98,1,-0.10016,0.630048,-0.77007,-0.358997,0.501172,-0.787367,-0.287,0.628,0.557,0.167,0.028
7263,242.139,0.98,1,-0.114404,0.615209,-0.780019,-0.372556,0.509227,-0.775816,-0.303,0.626,0.568,0.163,0.037
7264,242.173,0.98,1,-0.127232,0.615276,-0.777977,-0.384126,0.500204,-0.776043,-0.318,0.623,0.562,0.164,0.053
7265,242.206,0.98,1,-0.124653,0.611312,-0.781511,-0.394431,0.497368,-0.77269,-0.322,0.62,0.565,0.181,0.062
7266,242.239,0.98,1,-0.142958,0.61553,-0.775039,-0.404065,0.486577,-0.77458,-0.339,0.618,0.566,0.202,0.077
7267,242.273,0.98,1,-0.166604,0.628647,-0.759636,-0.426232,0.453643,-0.782646,-0.367,0.612,0.538,0.22,0.109
7268,242.306,0.98,1,-0.147082,0.604774,-0.782697,-0.407968,0.452975,-0.792702,-0.339,0.591,0.546,0.198,0.136
7269,242.339,0.98,1,-0.108295,0.581517,-0.806294,-0.410344,0.392324,-0.823225,-0.308,0.539,0.514,0.182,0.152
7270,242.373,0.98,1,-0.119462,0.554057,-0.823863,-0.413465,0.360967,-0.835913,-0.311,0.504,0.504,0.18,0.159
7271,242.406,0.98,1,-0.161845,0.51356,-0.842652,-0.439762,0.307015,-0.844009,-0.343,0.453,0.5,0.187,0.163
7272,242.439,0.98,1,-0.174119,0.498324,-0.849326,-0.445824,0.284666,-0.84865,-0.35,0.432,0.499,0.192,0.167
7273,242.473,0.98,1,-0.231278,0.522165,-0.820886,-0.458243,0.303802,-0.835295,-0.395,0.463,0.499,0.204,0.167
7274,242.506,0.98,1,-0.276438,0.516501,-0.810437,-0.470136,0.294547,-0.831994,-0.427,0.459,0.489,0.219,0.166
7275,242.539,0.98,1,-0.238082,0.546726,-0.80275,-0.459316,0.29819,-0.836727,-0.402,0.476,0.478,0.237,0.162
7276,242.573,0.93,1,-0.257044,0.569508,-0.780762,-0.423942,0.354331,-0.8335,-0.399,0.52,0.467,0.273,0.146
7277,242.606,0.93,1,-0.171974,0.621735,-0.764114,-0.423243,0.468722,-0.775349,-0.369,0.616,0.457,0.288,0.138
7278,242.639,0.93,1,-0.148041,0.657723,-0.738569,-0.415106,0.527772,-0.741042,-0.364,0.675,0.444,0.291,0.132
7279,242.673,0.93,1,-0.143029,0.64141,-0.753748,-0.39032,0.474086,-0.789235,-0.333,0.626,0.417,0.274,0.141
7280,242.706,0.88,1,-0.161913,0.605864,-0.778918,-0.378899,0.360286,-0.852426,-0.32,0.535,0.415,0.274,0.15
7281,242.739,0.93,1,-0.195197,0.603919,-0.772774,-0.377228,0.315979,-0.870549,-0.335,0.51,0.409,0.266,0.167
7282,242.773,0.93,1,-0.213492,0.595605,-0.774387,-0.350723,0.377326,-0.857099,-0.333,0.538,0.446,0.257,0.123
7283,242.806,0.93,1,-0.285027,0.607059,-0.741781,-0.432027,0.501826,-0.749348,-0.448,0.639,0.448,0.272,0.115
7286,242.906,0.93,1,-0.414645,0.282197,-0.865121,-0.564815,0.453759,-0.689265,-0.562,0.442,0.442,0.406,0.111
7287,242.939,0.88,1,-0.431231,0.301585,-0.850345,-0.602769,0.427479,-0.673744,-0.596,0.446,0.403,0.431,0.118
7288,242.973,0.88,1,-0.438401,0.353936,-0.826156,-0.612035,0.386676,-0.689851,-0.606,0.454,0.373,0.468,0.113
7289,243.006,0.93,1,-0.459497,0.365551,-0.809466,-0.625883,0.440071,-0.643901,-0.641,0.506,0.359,0.522,0.097
7290,243.039,0.98,1,-0.475957,0.390681,-0.78793,-0.623276,0.463006,-0.6302,-0.659,0.542,0.347,0.56,0.09
7291,243.073,0.98,1,-0.475409,0.400487,-0.783324,-0.616077,0.486791,-0.61926,-0.661,0.564,0.356,0.57,0.083
7292,243.106,0.98,1,-0.520811,0.292338,-0.802056,-0.625606,0.493908,-0.60388,-0.684,0.51,0.363,0.564,0.075
7293,243.139,0.98,1,-0.482255,0.394634,-0.782109,-0.629154,0.498924,-0.59602,-0.679,0.575,0.366,0.563,0.065
7294,243.173,0.98,1,-0.48165,0.382015,-0.788719,-0.626409,0.500102,-0.597921,-0.674,0.567,0.368,0.57,0.055
7295,243.206,0.98,1,-0.500452,0.38169,-0.777085,-0.622601,0.501719,-0.600538,-0.684,0.57,0.359,0.57,0.05
7296,243.24,0.98,1,-0.482541,0.395692,-0.781397,-0.618947,0.497841,-0.607502,-0.67,0.572,0.352,0.572,0.048
7297,243.273,0.98,1,-0.52643,0.335064,-0.781411,-0.610152,0.503724,-0.611536,-0.684,0.542,0.352,0.57,0.042
7298,243.306,0.98,1,-0.52976,0.333228,-0.779944,-0.606304,0.502239,-0.616564,-0.683,0.539,0.35,0.574,0.036
7299,243.34,0.98,1,-0.528428,0.329132,-0.782583,-0.597189,0.513346,-0.616313,-0.678,0.542,0.349,0.571,0.03
7300,243.373,0.98,1,-0.507938,0.350977,-0.786647,-0.580847,0.513625,-0.631511,-0.655,0.547,0.338,0.563,0.032
7301,243.406,0.98,1,-0.523752,0.338144,-0.781884,-0.576848,0.507614,-0.63998,-0.659,0.537,0.336,0.556,0.028
7302,243.44,0.98,1,-0.51597,0.341456,-0.78561,-0.564241,0.506014,-0.652367,-0.644,0.533,0.339,0.553,0.023
7303,243.473,0.98,1,-0.43612,0.446803,-0.781132,-0.561818,0.503259,-0.656576,-0.607,0.584,0.338,0.551,0.019
7304,243.506,0.98,1,-0.429561,0.443403,-0.786684,-0.554899,0.508334,-0.658547,-0.598,0.582,0.339,0.547,0.015
7305,243.54,0.98,1,-0.411501,0.454518,-0.789988,-0.546082,0.506426,-0.667328,-0.581,0.583,0.339,0.547,0.012
7306,243.573,0.98,1,-0.409319,0.451578,-0.792802,-0.548105,0.487626,-0.67956,-0.577,0.568,0.339,0.543,0.008
7307,243.606,0.98,1,-0.40194,0.457923,-0.792938,-0.557847,0.461138,-0.690042,-0.574,0.555,0.343,0.541,0.004
7308,243.64,0.98,1,-0.404769,0.45248,-0.794622,-0.540057,0.451284,-0.71041,-0.561,0.541,0.341,0.529,0.006
7309,243.673,0.98,1,-0.376587,0.436035,-0.817347,-0.524881,0.45251,-0.720926,-0.53,0.524,0.343,0.515,0.006
7310,243.706,0.98,1,-0.319124,0.4845,-0.814506,-0.466177,0.53866,-0.701801,-0.478,0.594,0.347,0.489,0.008
7311,243.74,0.98,1,-0.179313,0.532404,-0.82728,-0.391363,0.352457,-0.850064,-0.328,0.485,0.378,0.425,0.01
7312,243.773,0.93,1,-0.182,0.560286,-0.808057,-0.358972,0.440866,-0.822664,-0.32,0.551,0.376,0.331,0.018
7313,243.806,0.88,1,-0.194452,0.558965,-0.806068,-0.410686,0.542724,-0.732658,-0.375,0.621,0.345,0.256,0.045
7314,243.84,0.82,1,-0.114322,0.581565,-0.805427,-0.412559,0.54669,-0.728646,-0.331,0.634,0.331,0.202,0.063
7315,243.873,0.93,1,0.123922,0.546442,-0.828278,-0.149139,0.380018,-0.912877,-0.014,0.489,0.383,0.101,0.067
7316,243.906,0.98,1,0.103189,0.531366,-0.840834,-0.208173,0.391908,-0.896143,-0.06,0.489,0.432,0.044,0.07
7317,243.94,0.98,1,0.133385,0.531611,-0.83642,-0.247478,0.421094,-0.872602,-0.067,0.509,0.449,0.029,0.071
7318,243.973,0.98,1,0.110447,0.523567,-0.844795,-0.266541,0.389497,-0.881616,-0.09,0.486,0.443,0.032,0.07
7319,244.006,0.98,1,0.094033,0.5263,-0.845083,-0.264659,0.386951,-0.883303,-0.098,0.486,0.438,0.027,0.071
7320,244.04,0.98,1,0.107833,0.527114,-0.842925,-0.282645,0.319693,-0.904383,-0.1,0.451,0.422,0.014,0.078
7321,244.073,0.98,1,0.07806,0.563933,-0.822123,-0.243793,0.39382,-0.886268,-0.097,0.511,0.436,-0.01,0.076
7322,244.106,0.98,1,0.056462,0.582786,-0.810662,-0.237728,0.41112,-0.880037,-0.107,0.531,0.445,-0.036,0.082
7323,244.14,0.98,1,0.024386,0.584791,-0.810817,-0.241902,0.36965,-0.89713,-0.127,0.51,0.442,-0.057,0.098
7324,244.173,0.98,1,-0.000642,0.586865,-0.809684,-0.251509,0.34948,-0.902556,-0.146,0.5,0.446,-0.066,0.113
7325,244.206,0.98,1,-0.01708,0.593275,-0.804819,-0.248091,0.371912,-0.894501,-0.155,0.517,0.453,-0.07,0.121
7326,244.24,0.98,1,-0.004715,0.607194,-0.79454,-0.250819,0.396487,-0.883113,-0.151,0.539,0.463,-0.06,0.116
7327,244.273,0.98,1,-0.041801,0.594745,-0.802827,-0.25718,0.385474,-0.886154,-0.175,0.526,0.463,-0.05,0.116
7328,244.307,0.98,1,-0.017032,0.60218,-0.798179,-0.249792,0.385637,-0.888194,-0.157,0.53,0.456,-0.045,0.117
7329,244.34,0.98,1,-0.041622,0.592523,-0.804478,-0.25631,0.37021,-0.892888,-0.174,0.516,0.451,-0.037,0.118
7330,244.373,0.98,1,-0.046755,0.595577,-0.801936,-0.266738,0.395185,-0.879022,-0.184,0.533,0.459,-0.035,0.118
7331,244.407,0.98,1,-0.027761,0.598787,-0.800427,-0.274663,0.394871,-0.87672,-0.178,0.535,0.459,-0.026,0.118
7332,244.44,0.98,1,-0.023617,0.584277,-0.81121,-0.282897,0.396878,-0.873188,-0.18,0.527,0.469,-0.023,0.123
7333,244.473,0.98,1,-0.074224,0.605019,-0.792744,-0.277437,0.423488,-0.862373,-0.209,0.556,0.481,-0.023,0.124
7334,244.507,0.98,1,-0.075443,0.611715,-0.787473,-0.284308,0.442794,-0.850354,-0.216,0.572,0.485,-0.018,0.125
7335,244.54,0.98,1,-0.079319,0.605002,-0.792263,-0.27336,0.453258,-0.848429,-0.212,0.573,0.482,-0.008,0.121
7336,244.573,0.98,1,-0.100932,0.592222,-0.799428,-0.260909,0.432531,-0.863043,-0.214,0.552,0.475,-0.003,0.123
7337,244.607,0.98,1,-0.088698,0.586657,-0.804963,-0.272869,0.4355,-0.857835,-0.214,0.551,0.473,-0.003,0.123
7338,244.64,0.98,1,-0.098568,0.594525,-0.798013,-0.269664,0.441513,-0.855773,-0.219,0.56,0.472,0.004,0.125
7339,244.673,0.98,1,-0.083648,0.600939,-0.794906,-0.292316,0.418241,-0.860015,-0.223,0.552,0.471,0.004,0.13
7340,244.707,0.98,1,-0.086811,0.594055,-0.799726,-0.316355,0.377917,-0.870114,-0.237,0.527,0.469,0.015,0.132
7341,244.74,0.98,1,-0.081684,0.600848,-0.795179,-0.340677,0.38869,-0.856072,-0.25,0.54,0.466,0.01,0.138
7342,244.773,0.98,1,-0.085857,0.589045,-0.803527,-0.302032,0.39736,-0.866534,-0.228,0.534,0.47,0.017,0.135
7343,244.807,0.98,1,0.054238,0.649261,-0.758629,-0.202063,0.589159,-0.782344,-0.096,0.677,0.474,0.017,0.122
7344,244.84,0.98,1,0.101452,0.565729,-0.818326,-0.115659,0.53518,-0.836783,-0.009,0.587,0.474,0.022,0.11
7345,244.873,0.98,1,0.156999,0.576271,-0.802037,-0.090099,0.464948,-0.880742,0.04,0.554,0.468,0.021,0.1
7346,244.907,0.98,1,0.15197,0.558969,-0.815143,-0.079436,0.44643,-0.891286,0.042,0.532,0.462,0.016,0.094
7347,244.94,0.98,1,0.16323,0.569274,-0.805781,-0.09071,0.437138,-0.894809,0.043,0.534,0.45,0.024,0.085
7348,244.973,0.98,1,0.138729,0.495802,-0.857283,-0.086302,0.396607,-0.913923,0.03,0.467,0.433,0.014,0.081
7349,245.007,0.98,1,0.135458,0.460533,-0.877246,-0.072807,0.381709,-0.921411,0.035,0.438,0.419,0.016,0.073
7350,245.04,0.98,1,0.148542,0.447185,-0.882021,-0.069813,0.362474,-0.929375,0.043,0.42,0.4,0.022,0.068
7351,245.073,0.98,1,0.146671,0.403434,-0.903177,-0.082731,0.331306,-0.939889,0.035,0.379,0.376,0.022,0.064
7360,245.373,0.98,1,0.102079,0.400149,-0.910747,-0.096267,0.357732,-0.928849,0.003,0.391,0.294,0.056,0.019
7361,245.407,0.98,1,0.09401,0.405471,-0.909261,-0.101394,0.345605,-0.932886,-0.004,0.387,0.286,0.058,0.018
7362,245.44,0.98,1,0.079952,0.404182,-0.911178,-0.094178,0.344961,-0.93388,-0.008,0.386,0.278,0.052,0.02
7363,245.474,0.98,1,0.068823,0.405171,-0.911647,-0.10363,0.344826,-0.932929,-0.019,0.386,0.275,0.055,0.018
7364,245.507,0.98,1,-0.022139,0.45156,-0.891966,-0.123952,0.274072,-0.953688,-0.079,0.375,0.27,0.057,0.015
7365,245.54,0.98,1,-0.01158,0.450932,-0.892483,-0.130739,0.254752,-0.958128,-0.077,0.364,0.27,0.063,0.011
7366,245.574,0.98,1,0.004407,0.455603,-0.890172,-0.164982,0.244634,-0.955477,-0.087,0.363,0.269,0.076,0.007
7367,245.607,0.98,1,0.000726,0.448239,-0.893913,-0.176948,0.276035,-0.944719,-0.096,0.375,0.266,0.082,0.009
7368,245.64,0.98,1,0.099626,0.474931,-0.874365,-0.125532,0.337869,-0.932784,-0.014,0.423,0.264,0.077,0.011
7373,245.807,0.98,1,0.206432,0.39968,-0.893108,-0.054049,0.386063,-0.920888,0.084,0.409,0.264,-0.11,0.028
7411,247.074,0.98,1,0.149074,0.480881,-0.86402,-0.086507,0.268401,-0.959415,0.034,0.39,0.159,-0.066,-0.007
7412,247.107,0.98,1,0.102757,0.443804,-0.890213,-0.173574,0.431485,-0.885264,-0.04,0.458,0.15,-0.036,-0.01
7413,247.141,0.88,1,0.174506,0.479979,-0.859749,-0.218182,0.417103,-0.882282,-0.025,0.476,0.16,0.014,-0.028
7414,247.174,0.98,1,-0.07042,0.179339,-0.981264,-0.331816,0.420555,-0.844412,-0.217,0.317,0.135,0.215,0.016
7457,248.608,0.88,1,-0.352474,0.287936,-0.890424,-0.669074,0.45343,-0.588848,-0.604,0.465,0.31,0.762,-0.098
7458,248.641,0.93,1,-0.465529,0.277233,-0.84049,-0.557113,0.442628,-0.702642,-0.585,0.436,0.315,0.657,-0.165
7459,248.674,0.88,1,-0.50121,0.311858,-0.807176,-0.508859,0.446443,-0.736038,-0.58,0.457,0.339,0.625,-0.173
7460,248.708,0.93,1,-0.515299,0.333447,-0.789481,-0.505379,0.41847,-0.754635,-0.584,0.453,0.362,0.636,-0.193
7461,248.741,0.93,1,-0.519844,0.333166,-0.786615,-0.526294,0.410983,-0.744384,-0.599,0.452,0.397,0.684,-0.214
7462,248.775,0.93,1,-0.504103,0.330876,-0.797748,-0.521503,0.419727,-0.742876,-0.587,0.453,0.399,0.69,-0.214
7463,248.808,0.93,1,-0.403538,0.316146,-0.858609,-0.510479,0.428059,-0.745772,-0.518,0.434,0.415,0.689,-0.227
7464,248.841,0.93,1,-0.395228,0.323899,-0.859584,-0.49955,0.419997,-0.757662,-0.505,0.431,0.404,0.67,-0.218
7465,248.875,0.98,1,-0.401485,0.319212,-0.858437,-0.484926,0.413651,-0.770545,-0.498,0.423,0.384,0.644,-0.202
7466,248.908,0.93,1,-0.450054,0.318831,-0.834145,-0.461582,0.413357,-0.784906,-0.513,0.425,0.366,0.606,-0.186
7467,248.941,0.93,1,-0.4581,0.303452,-0.8355,-0.448226,0.397952,-0.800455,-0.506,0.405,0.345,0.588,-0.17
7472,249.108,0.98,1,-0.363735,0.349322,-0.863523,-0.459559,0.364911,-0.80972,-0.457,0.403,0.258,0.539,-0.087
7493,249.808,0.98,1,-0.146976,0.239746,-0.959646,-0.421559,0.435716,-0.795261,-0.313,0.367,0.247,0.578,0.003
7494,249.841,0.93,1,-0.116392,0.187007,-0.975439,-0.292444,0.453063,-0.842146,-0.221,0.339,0.21,0.401,0.025
7495,249.875,0.98,1,-0.121802,0.173703,-0.977237,-0.265156,0.442064,-0.856897,-0.208,0.324,0.212,0.306,0.022
7496,249.908,0.98,1,-0.086267,0.315215,-0.945091,-0.247443,0.442379,-0.862017,-0.183,0.397,0.228,0.24,0.013
7497,249.942,0.98,1,-0.012528,0.442754,-0.896556,-0.236304,0.440507,-0.866091,-0.14,0.465,0.251,0.217,0.003
7498,249.975,0.98,1,0.058982,0.466548,-0.882527,-0.201226,0.459885,-0.864878,-0.081,0.487,0.248,0.186,0.011
7499,250.008,0.98,1,0.056545,0.479418,-0.875763,-0.189837,0.463372,-0.865591,-0.076,0.496,0.254,0.159,0.019
7500,250.042,0.98,1,0.031312,0.483155,-0.874975,-0.168601,0.437068,-0.883485,-0.078,0.482,0.265,0.139,0.02
7501,250.075,0.98,1,0.029465,0.472595,-0.880787,-0.154812,0.42739,-0.890714,-0.071,0.47,0.255,0.126,0.022
7502,250.108,0.98,1,0.042279,0.481653,-0.875341,-0.153122,0.410177,-0.89906,-0.062,0.466,0.246,0.124,0.023
7503,250.142,0.98,1,0.072569,0.50073,-0.862556,-0.160206,0.409992,-0.897909,-0.05,0.477,0.241,0.124,0.024
7504,250.175,0.98,1,0.015392,0.445809,-0.894996,-0.175983,0.392261,-0.902863,-0.089,0.436,0.246,0.12,0.023
7505,250.208,0.98,1,0.013516,0.436768,-0.899473,-0.18538,0.370457,-0.910163,-0.095,0.42,0.247,0.13,0.023
7506,250.242,0.98,1,0.009601,0.436529,-0.899639,-0.195017,0.365094,-0.910316,-0.102,0.417,0.246,0.144,0.024
7507,250.275,0.98,1,0.006645,0.437353,-0.899265,-0.201292,0.365432,-0.908813,-0.107,0.418,0.245,0.15,0.027
7508,250.308,0.98,1,0.00035,0.442908,-0.896567,-0.20812,0.364987,-0.907453,-0.115,0.421,0.245,0.158,0.029
7509,250.342,0.98,1,-0.004497,0.444534,-0.895751,-0.206578,0.362848,-0.908662,-0.116,0.421,0.245,0.16,0.031
7510,250.375,0.98,1,-0.000431,0.447784,-0.894142,-0.217434,0.360504,-0.907061,-0.12,0.422,0.246,0.162,0.033
7511,250.408,0.98,1,-0.004547,0.446422,-0.894811,-0.218485,0.364873,-0.905059,-0.123,0.423,0.247,0.166,0.034
7512,250.442,0.98,1,-0.00532,0.444605,-0.895711,-0.235445,0.362644,-0.901696,-0.133,0.422,0.249,0.167,0.036
7513,250.475,0.98,1,-0.005775,0.452793,-0.891597,-0.235624,0.36596,-0.900308,-0.134,0.429,0.25,0.171,0.037
7514,250.508,0.98,1,-0.011925,0.445902,-0.895002,-0.245346,0.365491,-0.897899,-0.143,0.425,0.254,0.174,0.039
7515,250.542,0.98,1,-0.005885,0.447181,-0.894424,-0.248746,0.369449,-0.89534,-0.141,0.428,0.255,0.175,0.04
7516,250.575,0.98,1,-0.026768,0.437788,-0.89868,-0.255044,0.370174,-0.893266,-0.156,0.424,0.258,0.177,0.042
7517,250.608,0.98,1,-0.082447,0.466368,-0.88074,-0.267967,0.384296,-0.883465,-0.196,0.449,0.266,0.189,0.039
7518,250.642,0.98,1,-0.194427,0.493566,-0.847697,-0.303749,0.448909,-0.840367,-0.287,0.509,0.278,0.213,0.034
7519,250.675,0.98,1,-0.282574,0.471617,-0.835302,-0.375184,0.458727,-0.805485,-0.381,0.516,0.274,0.264,0.045
7520,250.708,0.98,1,-0.312986,0.425768,-0.848977,-0.42957,0.462181,-0.775795,-0.429,0.5,0.275,0.308,0.053
7521,250.742,0.98,1,-0.334652,0.437537,-0.834607,-0.466431,0.455909,-0.758017,-0.466,0.511,0.271,0.354,0.056
7522,250.775,0.98,1,-0.371959,0.415406,-0.830111,-0.493244,0.450986,-0.743856,-0.503,0.503,0.273,0.396,0.056
7523,250.808,0.98,1,-0.37548,0.404266,-0.834016,-0.515257,0.447304,-0.731047,-0.517,0.498,0.276,0.425,0.053
7524,250.842,0.98,1,-0.367911,0.40991,-0.834635,-0.503944,0.390403,-0.770471,-0.498,0.463,0.278,0.444,0.048
7525,250.875,0.98,1,-0.346976,0.435912,-0.830415,-0.503492,0.404266,-0.763587,-0.49,0.485,0.281,0.451,0.045
7526,250.908,0.98,1,-0.335958,0.491177,-0.803665,-0.557984,0.399788,-0.727203,-0.529,0.527,0.279,0.448,0.044
7527,250.942,0.98,1,-0.372948,0.499492,-0.781932,-0.55528,0.408823,-0.724243,-0.552,0.543,0.283,0.446,0.042
7528,250.975,0.98,1,-0.356709,0.493057,-0.793507,-0.573169,0.35125,-0.740338,-0.545,0.503,0.286,0.442,0.046
7529,251.009,0.98,1,-0.31621,0.500875,-0.80569,-0.550254,0.337698,-0.763662,-0.504,0.491,0.301,0.441,0.041
7530,251.042,0.98,1,-0.147098,0.50039,-0.853213,-0.510372,0.277458,-0.813964,-0.376,0.437,0.298,0.409,0.044
7531,251.075,0.98,1,-0.089996,0.512328,-0.854061,-0.444447,0.294266,-0.846094,-0.305,0.443,0.307,0.368,0.045
7532,251.109,0.98,1,-0.063508,0.513939,-0.855472,-0.442995,0.337308,-0.83065,-0.292,0.468,0.313,0.322,0.047
7533,251.142,0.98,1,-0.05248,0.513937,-0.856221,-0.437974,0.324571,-0.838351,-0.282,0.459,0.322,0.296,0.05
7534,251.175,0.98,1,-0.04918,0.521974,-0.851542,-0.447813,0.326203,-0.832499,-0.287,0.467,0.335,0.275,0.059
7535,251.209,0.98,1,-0.08482,0.511935,-0.854826,-0.384835,0.355259,-0.851876,-0.269,0.47,0.362,0.27,0.062
7536,251.242,0.98,1,-0.084185,0.522066,-0.84874,-0.380185,0.344155,-0.858497,-0.266,0.47,0.376,0.267,0.07
7537,251.275,0.98,1,-0.095567,0.527733,-0.844017,-0.398922,0.342207,-0.850738,-0.284,0.474,0.385,0.27,0.078
7538,251.309,0.98,1,-0.086608,0.540432,-0.836918,-0.425753,0.335882,-0.840189,-0.296,0.481,0.401,0.268,0.081
7539,251.342,0.98,1,-0.09989,0.539635,-0.835952,-0.41763,0.346611,-0.839909,-0.3,0.486,0.408,0.262,0.085
7540,251.375,0.98,1,-0.062969,0.553285,-0.830609,-0.417038,0.354439,-0.83693,-0.28,0.498,0.421,0.252,0.085
7541,251.409,0.98,1,-0.025749,0.588343,-0.808201,-0.392328,0.369396,-0.842393,-0.248,0.526,0.429,0.234,0.091
7542,251.442,0.98,1,-0.003703,0.563642,-0.826011,-0.36911,0.363085,-0.855527,-0.218,0.504,0.425,0.193,0.104
7543,251.475,0.98,1,-0.011515,0.556007,-0.831098,-0.308058,0.39487,-0.865551,-0.186,0.511,0.424,0.15,0.111
7544,251.509,0.98,1,-0.024911,0.547897,-0.836175,-0.320705,0.35124,-0.879647,-0.199,0.483,0.434,0.121,0.118
7545,251.542,0.98,1,-0.048913,0.562226,-0.825536,-0.340529,0.379892,-0.860071,-0.227,0.51,0.445,0.106,0.124
7546,251.575,0.98,1,-0.122713,0.559631,-0.819606,-0.355531,0.352445,-0.865668,-0.277,0.496,0.446,0.101,0.127
7547,251.609,0.98,1,-0.143921,0.564609,-0.812714,-0.354102,0.369103,-0.859287,-0.289,0.509,0.449,0.105,0.129
7548,251.642,0.98,1,-0.129862,0.568121,-0.812634,-0.352176,0.382556,-0.85418,-0.282,0.518,0.453,0.101,0.132
7549,251.675,0.98,1,-0.153226,0.54632,-0.823441,-0.368534,0.327709,-0.869937,-0.299,0.476,0.451,0.107,0.136
7550,251.709,0.98,1,-0.155575,0.512134,-0.844698,-0.339183,0.29321,-0.893858,-0.277,0.434,0.45,0.104,0.139
7551,251.742,0.98,1,-0.175912,0.504115,-0.845531,-0.350914,0.295645,-0.888512,-0.295,0.432,0.452,0.104,0.142
7552,251.775,0.98,1,-0.151729,0.521399,-0.839715,-0.354824,0.294138,-0.887458,-0.285,0.441,0.458,0.108,0.145
7553,251.809,0.98,1,-0.153469,0.528131,-0.83518,-0.33092,0.298575,-0.895178,-0.273,0.446,0.466,0.108,0.143
7554,251.842,0.98,1,-0.155474,0.531952,-0.832379,-0.331564,0.303463,-0.893295,-0.275,0.451,0.466,0.109,0.144
7555,251.875,0.98,1,-0.160303,0.537013,-0.828203,-0.327801,0.328199,-0.885907,-0.277,0.467,0.473,0.109,0.144
7556,251.909,0.98,1,-0.177071,0.541427,-0.821889,-0.353521,0.292885,-0.888393,-0.301,0.454,0.47,0.117,0.146
7557,251.942,0.98,1,-0.168863,0.569178,-0.804688,-0.336107,0.393576,-0.855646,-0.295,0.525,0.478,0.112,0.143
7558,251.975,0.98,1,-0.176863,0.567047,-0.804473,-0.342813,0.393632,-0.852956,-0.304,0.525,0.481,0.113,0.141
7559,252.009,0.98,1,-0.178184,0.5654,-0.805341,-0.33607,0.397343,-0.853918,-0.301,0.526,0.485,0.112,0.141
7560,252.042,0.98,1,-0.173694,0.562337,-0.80846,-0.329078,0.392599,-0.858821,-0.293,0.52,0.486,0.112,0.139
7561,252.076,0.98,1,-0.182384,0.562686,-0.806301,-0.327464,0.401972,-0.855094,-0.298,0.526,0.485,0.115,0.138
7562,252.109,0.98,1,-0.197772,0.56932,-0.797973,-0.328553,0.397413,-0.856805,-0.308,0.529,0.484,0.117,0.138
7563,252.142,0.98,1,-0.10242,0.625467,-0.773499,-0.28723,0.512048,-0.809509,-0.241,0.623,0.485,0.104,0.137
7564,252.176,0.98,1,-0.065251,0.603182,-0.79493,-0.257097,0.507551,-0.82237,-0.197,0.602,0.492,0.102,0.126
7565,252.209,0.98,1,-0.041572,0.599066,-0.79962,-0.233741,0.492565,-0.838299,-0.167,0.588,0.489,0.116,0.121
7566,252.242,0.98,1,-0.039322,0.567981,-0.822102,-0.223798,0.494594,-0.839816,-0.157,0.569,0.492,0.11,0.117
7567,252.276,0.98,1,-0.025406,0.577615,-0.815914,-0.232343,0.504512,-0.831555,-0.155,0.581,0.49,0.111,0.114
7568,252.309,0.98,1,-0.023726,0.561931,-0.826844,-0.237464,0.504272,-0.830253,-0.156,0.572,0.485,0.111,0.112
7569,252.342,0.98,1,-0.005063,0.55751,-0.830154,-0.230009,0.491989,-0.839668,-0.14,0.561,0.481,0.11,0.112
7570,252.376,0.98,1,-0.017318,0.549614,-0.835239,-0.21026,0.489443,-0.846308,-0.135,0.553,0.482,0.109,0.111
7571,252.409,0.98,1,-0.017836,0.549828,-0.835087,-0.219745,0.491755,-0.842549,-0.141,0.556,0.48,0.11,0.11
7572,252.442,0.98,1,-0.015398,0.548917,-0.835735,-0.226952,0.489624,-0.84188,-0.143,0.554,0.479,0.113,0.109
7573,252.476,0.98,1,-0.014512,0.550261,-0.834867,-0.220207,0.491318,-0.842684,-0.139,0.556,0.478,0.116,0.108
7574,252.509,0.98,1,-0.020082,0.548654,-0.835808,-0.218039,0.489685,-0.844197,-0.141,0.554,0.478,0.114,0.109
7575,252.542,0.98,1,-0.004313,0.56383,-0.825879,-0.218988,0.496636,-0.839879,-0.133,0.567,0.477,0.115,0.11
7576,252.576,0.98,1,-0.008931,0.562251,-0.826918,-0.209221,0.493637,-0.844127,-0.13,0.564,0.478,0.117,0.11
7577,252.609,0.98,1,-0.005252,0.560031,-0.828455,-0.208296,0.491872,-0.845384,-0.127,0.561,0.479,0.114,0.112
7578,252.642,0.98,1,-0.015074,0.557756,-0.829868,-0.210277,0.491924,-0.844863,-0.134,0.56,0.479,0.114,0.113
7579,252.676,0.98,1,-0.00109,0.563297,-0.826254,-0.210239,0.491932,-0.844868,-0.126,0.563,0.479,0.115,0.114
7580,252.709,0.98,1,-0.009808,0.565649,-0.824587,-0.208424,0.493425,-0.844448,-0.13,0.565,0.476,0.114,0.117
7581,252.742,0.98,1,-0.00898,0.563808,-0.825857,-0.205881,0.493302,-0.845143,-0.128,0.564,0.477,0.115,0.115
7582,252.776,0.98,1,-0.007298,0.559372,-0.828885,-0.206814,0.487838,-0.848081,-0.127,0.558,0.475,0.117,0.114
7583,252.809,0.98,1,-0.052611,0.537538,-0.841597,-0.230204,0.474492,-0.849625,-0.166,0.539,0.478,0.119,0.111
7584,252.842,0.98,1,-0.088741,0.511408,-0.854744,-0.234905,0.416371,-0.878325,-0.185,0.492,0.49,0.12,0.103
7585,252.876,0.98,1,-0.101126,0.514135,-0.851727,-0.230163,0.410166,-0.88249,-0.189,0.49,0.497,0.14,0.09
7586,252.909,0.98,1,-0.090327,0.532084,-0.84186,-0.250425,0.390801,-0.885755,-0.195,0.491,0.496,0.161,0.083
7587,252.942,0.98,1,-0.164182,0.551939,-0.817562,-0.288051,0.360003,-0.88737,-0.259,0.491,0.492,0.193,0.07
7588,252.976,0.98,1,-0.194101,0.504091,-0.841557,-0.327173,0.342438,-0.880735,-0.294,0.457,0.483,0.225,0.064
7589,253.009,0.98,1,-0.191215,0.487237,-0.852078,-0.333001,0.345574,-0.877319,-0.294,0.449,0.486,0.238,0.062
7590,253.042,0.98,1,-0.188257,0.469466,-0.862648,-0.340385,0.343432,-0.875324,-0.295,0.437,0.477,0.249,0.063
7591,253.076,0.98,1,-0.206202,0.419235,-0.884151,-0.349799,0.344042,-0.871364,-0.307,0.41,0.456,0.263,0.067
7592,253.109,0.98,1,-0.292908,0.405116,-0.866075,-0.380621,0.388099,-0.839349,-0.376,0.435,0.436,0.278,0.07
7593,253.142,0.98,1,-0.322794,0.407892,-0.854066,-0.429651,0.478432,-0.765835,-0.435,0.501,0.402,0.299,0.077
7594,253.176,0.98,1,-0.322181,0.478906,-0.816608,-0.459505,0.484141,-0.744623,-0.464,0.553,0.371,0.33,0.084
7595,253.209,0.98,1,-0.335153,0.480082,-0.810675,-0.480466,0.466741,-0.742499,-0.484,0.547,0.35,0.363,0.09
7596,253.243,0.98,1,-0.357538,0.472174,-0.805741,-0.497481,0.469239,-0.729608,-0.508,0.55,0.336,0.395,0.091
7597,253.276,0.98,1,-0.389238,0.450524,-0.803443,-0.502878,0.467158,-0.727239,-0.528,0.54,0.325,0.423,0.09
7598,253.309,0.98,1,-0.373457,0.442117,-0.815514,-0.527798,0.476683,-0.702996,-0.536,0.544,0.32,0.444,0.088
7599,253.343,0.98,1,-0.400677,0.452093,-0.796913,-0.5341,0.46371,-0.706902,-0.556,0.547,0.315,0.457,0.088
7600,253.376,0.98,1,-0.384835,0.433404,-0.814901,-0.534064,0.446568,-0.717881,-0.54,0.521,0.313,0.466,0.087
7601,253.409,0.98,1,-0.39086,0.448793,-0.803625,-0.545787,0.461901,-0.699117,-0.557,0.545,0.307,0.482,0.094
7602,253.443,0.98,1,-0.392291,0.441737,-0.806831,-0.563362,0.454138,-0.690204,-0.568,0.539,0.305,0.497,0.096
7603,253.476,0.98,1,-0.394167,0.442433,-0.805534,-0.556274,0.473159,-0.68314,-0.568,0.551,0.301,0.504,0.096
7604,253.509,0.98,1,-0.415436,0.431114,-0.80097,-0.548009,0.434309,-0.714886,-0.566,0.519,0.302,0.509,0.096
7605,253.543,0.98,1,-0.409244,0.416895,-0.811614,-0.592223,0.402125,-0.69826,-0.586,0.497,0.298,0.517,0.096
7606,253.576,0.98,1,-0.426745,0.41919,-0.801354,-0.592798,0.382349,-0.708802,-0.594,0.488,0.297,0.521,0.096
7607,253.609,0.98,1,-0.44847,0.401135,-0.798728,-0.592517,0.383966,-0.708162,-0.605,0.48,0.294,0.524,0.096
7608,253.643,0.98,1,-0.550936,0.309974,-0.774845,-0.557931,0.396248,-0.729178,-0.635,0.439,0.295,0.531,0.093
7609,253.676,0.98,1,-0.547355,0.33443,-0.767176,-0.558693,0.41099,-0.720381,-0.639,0.465,0.29,0.527,0.094
7610,253.709,0.98,1,-0.557577,0.328559,-0.762336,-0.576883,0.445566,-0.6846,-0.665,0.491,0.304,0.54,0.084
7611,253.743,0.98,1,-0.560884,0.30851,-0.768265,-0.570903,0.452939,-0.684774,-0.662,0.483,0.308,0.546,0.077
7612,253.776,0.98,1,-0.568621,0.290542,-0.769582,-0.571949,0.447352,-0.687568,-0.664,0.469,0.305,0.547,0.075
7613,253.809,0.98,1,-0.558531,0.293449,-0.775842,-0.562245,0.441604,-0.69919,-0.65,0.462,0.308,0.552,0.069
7614,253.843,0.98,1,-0.442559,0.40796,-0.798568,-0.562231,0.464891,-0.683939,-0.596,0.532,0.315,0.552,0.064
7615,253.876,0.98,1,-0.426333,0.408999,-0.806821,-0.569147,0.459608,-0.681786,-0.589,0.528,0.314,0.554,0.065
7616,253.909,0.98,1,-0.440806,0.414232,-0.796305,-0.561796,0.460492,-0.687264,-0.594,0.533,0.321,0.559,0.06
7617,253.943,0.98,1,-0.431514,0.422653,-0.796969,-0.551715,0.395243,-0.734434,-0.571,0.491,0.319,0.556,0.06
7618,253.976,0.98,1,-0.535423,0.287971,-0.793974,-0.581546,0.44506,-0.680974,-0.648,0.461,0.33,0.563,0.054
7619,254.009,0.98,1,-0.50533,0.289082,-0.813064,-0.601137,0.377407,-0.704414,-0.63,0.414,0.335,0.563,0.051
7627,254.276,0.98,1,-0.460046,0.321173,-0.827772,-0.569709,0.347483,-0.744774,-0.58,0.402,0.352,0.537,0.035
7628,254.31,0.98,1,-0.460576,0.323895,-0.826415,-0.554332,0.353431,-0.753527,-0.571,0.405,0.358,0.539,0.032
7629,254.343,0.98,1,-0.477333,0.316275,-0.819831,-0.568186,0.351745,-0.743936,-0.589,0.404,0.363,0.534,0.028
7630,254.376,0.98,1,-0.472279,0.320129,-0.821262,-0.563667,0.358518,-0.74414,-0.585,0.409,0.371,0.532,0.023
7631,254.41,0.98,1,-0.414781,0.3702,-0.831209,-0.574496,0.357103,-0.7365,-0.563,0.434,0.373,0.529,0.021
7632,254.443,0.98,1,-0.411223,0.37407,-0.831244,-0.578821,0.358508,-0.73242,-0.564,0.438,0.378,0.525,0.017
7633,254.476,0.98,1,-0.473206,0.299414,-0.828509,-0.572868,0.370599,-0.73108,-0.591,0.406,0.378,0.514,0.017
7634,254.51,0.98,1,-0.461878,0.251004,-0.850685,-0.545229,0.43747,-0.715084,-0.572,0.414,0.384,0.501,0.014
7635,254.543,0.98,1,-0.404237,0.241855,-0.882099,-0.500516,0.469934,-0.72708,-0.512,0.416,0.389,0.477,0.013
7636,254.576,0.98,1,-0.396071,0.241257,-0.885959,-0.481975,0.477757,-0.734472,-0.497,0.418,0.401,0.45,0.009
7637,254.61,0.98,1,-0.39852,0.2743,-0.875181,-0.471764,0.477262,-0.74139,-0.494,0.435,0.408,0.417,-0.004
7638,254.643,0.98,1,-0.263115,0.404346,-0.875942,-0.45956,0.478541,-0.7482,-0.419,0.498,0.422,0.404,-0.018
7639,254.676,0.98,1,-0.240343,0.427508,-0.871477,-0.4528,0.488202,-0.746077,-0.405,0.515,0.439,0.392,-0.028
7640,254.71,0.98,1,-0.233164,0.453286,-0.860329,-0.439395,0.507208,-0.741398,-0.398,0.54,0.458,0.38,-0.037
7641,254.743,0.98,1,-0.206526,0.480833,-0.852142,-0.420362,0.551459,-0.720548,-0.379,0.581,0.466,0.367,-0.041
7642,254.776,0.98,1,-0.147122,0.45073,-0.880453,-0.396593,0.570699,-0.719039,-0.328,0.568,0.479,0.355,-0.05
7643,254.81,0.98,1,-0.073013,0.482542,-0.872824,-0.382927,0.577842,-0.72074,-0.279,0.587,0.478,0.335,-0.048
7644,254.843,0.98,1,-0.045132,0.507061,-0.860728,-0.362571,0.587338,-0.723586,-0.252,0.605,0.479,0.309,-0.048
7645,254.876,0.98,1,-0.044898,0.541241,-0.839668,-0.341962,0.596308,-0.726277,-0.242,0.628,0.47,0.282,-0.043
7646,254.91,0.98,1,-0.032567,0.550578,-0.834148,-0.32184,0.599858,-0.732523,-0.222,0.633,0.477,0.257,-0.041
7647,254.943,0.98,1,-0.022694,0.571002,-0.820635,-0.306739,0.595526,-0.742469,-0.208,0.641,0.48,0.234,-0.037
7648,254.976,0.98,1,-0.033785,0.569218,-0.821492,-0.29278,0.591826,-0.751014,-0.205,0.636,0.487,0.215,-0.034
7649,255.01,0.98,1,-0.027713,0.571992,-0.819791,-0.279395,0.585938,-0.760668,-0.192,0.632,0.49,0.202,-0.031
7650,255.043,0.98,1,-0.020351,0.575605,-0.817474,-0.274204,0.579669,-0.767331,-0.184,0.63,0.494,0.193,-0.031
7651,255.076,0.98,1,-0.008897,0.575867,-0.817495,-0.282653,0.584985,-0.760197,-0.183,0.634,0.489,0.19,-0.028
7652,255.11,0.98,1,-0.017024,0.568576,-0.822455,-0.274048,0.588451,-0.760673,-0.182,0.631,0.487,0.187,-0.027
7653,255.143,0.98,1,0.004855,0.570693,-0.821149,-0.267155,0.576786,-0.771976,-0.163,0.624,0.478,0.188,-0.022
7654,255.176,0.98,1,-0.008189,0.563701,-0.825938,-0.263122,0.572196,-0.776762,-0.168,0.617,0.471,0.183,-0.016
7655,255.21,0.98,1,-0.012408,0.550147,-0.834975,-0.272549,0.556373,-0.784963,-0.174,0.599,0.451,0.176,-0.005
7656,255.243,0.98,1,0.016657,0.557496,-0.830012,-0.229395,0.528521,-0.817339,-0.128,0.583,0.432,0.153,0.005
7657,255.276,0.98,1,0.039743,0.540063,-0.840686,-0.279776,0.5078,-0.814779,-0.144,0.564,0.391,0.143,0.019
7658,255.31,0.98,1,0.085265,0.511176,-0.855236,-0.295414,0.418687,-0.858739,-0.122,0.497,0.375,0.124,0.027
7659,255.343,0.98,1,0.086474,0.503831,-0.859463,-0.268642,0.420339,-0.866687,-0.105,0.492,0.374,0.109,0.021
7660,255.376,0.98,1,0.072374,0.507873,-0.858386,-0.269009,0.414987,-0.869149,-0.113,0.491,0.374,0.096,0.018
7661,255.41,0.98,1,0.05154,0.513006,-0.856836,-0.28406,0.399895,-0.871432,-0.134,0.486,0.376,0.09,0.013
7662,255.443,0.98,1,0.07962,0.506667,-0.858457,-0.33652,0.31536,-0.887301,-0.146,0.44,0.38,0.092,0.018
7663,255.477,0.98,1,0.075091,0.477536,-0.875397,-0.308855,0.298777,-0.902962,-0.131,0.412,0.383,0.083,0.024
7664,255.51,0.98,1,0.083742,0.490309,-0.867516,-0.250078,0.337907,-0.907348,-0.093,0.437,0.385,0.082,0.024
7665,255.543,0.98,1,-0.01029,0.500963,-0.865408,-0.282515,0.328753,-0.901169,-0.164,0.439,0.387,0.083,0.023
7666,255.577,0.98,1,0.024005,0.511854,-0.858737,-0.270901,0.365364,-0.890574,-0.14,0.465,0.393,0.083,0.022
7667,255.61,0.98,1,0.053952,0.507729,-0.859826,-0.254863,0.37936,-0.889455,-0.114,0.469,0.394,0.083,0.022
7668,255.643,0.98,1,0.01522,0.480108,-0.877078,-0.204941,0.437697,-0.875454,-0.108,0.482,0.395,0.091,0.02
7669,255.677,0.98,1,0.05154,0.499383,-0.864847,-0.182227,0.477356,-0.859607,-0.076,0.515,0.403,0.084,0.014
7670,255.71,0.98,1,0.089351,0.488488,-0.867984,-0.121084,0.444596,-0.887509,-0.018,0.489,0.405,0.076,0.011
7671,255.743,0.98,1,0.123932,0.474017,-0.871751,-0.083285,0.411065,-0.907794,0.023,0.462,0.409,0.062,0.009
7672,255.777,0.98,1,0.139839,0.480458,-0.865798,-0.077765,0.402275,-0.91221,0.035,0.461,0.403,0.063,0.008
7673,255.81,0.98,1,0.144211,0.481445,-0.864531,-0.076121,0.410258,-0.908787,0.038,0.466,0.402,0.061,0.008
7674,255.843,0.98,1,0.149611,0.475876,-0.866694,-0.0724,0.408139,-0.910044,0.043,0.462,0.398,0.056,0.01
7675,255.877,0.98,1,0.14591,0.466479,-0.872415,-0.075537,0.396721,-0.914826,0.039,0.45,0.396,0.054,0.012
7676,255.91,0.98,1,0.146193,0.473443,-0.868608,-0.07801,0.40286,-0.911931,0.038,0.457,0.394,0.05,0.016
7677,255.943,0.98,1,0.139692,0.468915,-0.872127,-0.080141,0.40215,-0.91206,0.033,0.454,0.394,0.046,0.019
7678,255.977,0.98,1,0.141203,0.467065,-0.872875,-0.081698,0.402885,-0.911597,0.033,0.454,0.391,0.043,0.02
7679,256.01,0.98,1,0.141033,0.460392,-0.876441,-0.082013,0.397228,-0.914048,0.033,0.447,0.387,0.04,0.024
7680,256.043,0.98,1,0.134919,0.465805,-0.874542,-0.081428,0.400204,-0.912801,0.03,0.451,0.386,0.039,0.024
7681,256.077,0.98,1,0.139611,0.463997,-0.874766,-0.082074,0.399144,-0.913207,0.032,0.45,0.383,0.035,0.026
7682,256.11,0.98,1,0.128597,0.425838,-0.895614,-0.083671,0.384307,-0.919406,0.025,0.42,0.379,0.036,0.025
7683,256.143,0.98,1,0.129889,0.421389,-0.89753,-0.090326,0.382698,-0.919447,0.022,0.417,0.377,0.039,0.025
7684,256.177,0.98,1,0.129341,0.419817,-0.898345,-0.086999,0.377068,-0.922091,0.023,0.413,0.374,0.039,0.026
7685,256.21,0.98,1,0.133498,0.413413,-0.900704,-0.091081,0.375785,-0.92222,0.023,0.409,0.368,0.041,0.027
7686,256.243,0.98,1,0.129329,0.419795,-0.898358,-0.088852,0.377002,-0.921941,0.022,0.413,0.366,0.04,0.028
7687,256.277,0.98,1,0.138797,0.417853,-0.89785,-0.088873,0.377422,-0.921767,0.027,0.412,0.361,0.038,0.03
7688,256.31,0.98,1,0.14515,0.412768,-0.899196,-0.092042,0.373788,-0.922936,0.029,0.408,0.356,0.042,0.032
7689,256.343,0.98,1,0.168682,0.410473,-0.896135,-0.087721,0.36856,-0.925456,0.044,0.404,0.35,0.044,0.034
7690,256.377,0.98,1,0.168936,0.407297,-0.897535,-0.078243,0.360025,-0.929656,0.05,0.398,0.341,0.038,0.038
7691,256.41,0.98,1,0.173321,0.410998,-0.895009,-0.069929,0.363175,-0.929093,0.057,0.401,0.336,0.038,0.038
7692,256.443,0.98,1,0.17036,0.409483,-0.896271,-0.079365,0.353741,-0.93197,0.05,0.395,0.33,0.039,0.037
7693,256.477,0.98,1,0.173307,0.408002,-0.896381,-0.084908,0.353287,-0.931654,0.048,0.395,0.322,0.035,0.039
7694,256.51,0.98,1,0.176313,0.407534,-0.896008,-0.088605,0.346257,-0.933946,0.048,0.391,0.314,0.034,0.041
7695,256.544,0.98,1,0.17537,0.408293,-0.895847,-0.090688,0.35553,-0.930255,0.046,0.396,0.311,0.031,0.043
7696,256.577,0.98,1,0.179938,0.407159,-0.895458,-0.093251,0.359567,-0.928448,0.047,0.398,0.305,0.032,0.043
7697,256.61,0.98,1,0.078669,0.410678,-0.90838,-0.118687,0.354775,-0.927388,-0.022,0.395,0.297,0.042,0.042
7698,256.644,0.98,1,0.014321,0.406061,-0.913734,-0.138708,0.365396,-0.920459,-0.068,0.398,0.297,0.055,0.041
7699,256.677,0.98,1,0.017543,0.409162,-0.912293,-0.130435,0.344203,-0.929791,-0.061,0.388,0.294,0.068,0.043
7700,256.71,0.98,1,0.014237,0.41495,-0.909733,-0.148556,0.351857,-0.92419,-0.073,0.396,0.29,0.091,0.046
7701,256.744,0.98,1,0.01099,0.409165,-0.912394,-0.159466,0.357208,-0.920311,-0.081,0.396,0.285,0.112,0.046
7702,256.777,0.98,1,-0.000534,0.400833,-0.916151,-0.186171,0.36233,-0.913267,-0.102,0.395,0.282,0.125,0.047
7705,256.877,0.98,1,-0.001146,0.410267,-0.911965,-0.203657,0.370693,-0.906152,-0.112,0.406,0.283,0.138,0.052
7706,256.91,0.98,1,-0.010534,0.411532,-0.911334,-0.206647,0.377387,-0.902705,-0.119,0.41,0.283,0.139,0.053
7707,256.944,0.98,1,-0.010638,0.409194,-0.912385,-0.213171,0.380453,-0.899896,-0.123,0.411,0.286,0.14,0.052
7708,256.977,0.98,1,-0.003029,0.418272,-0.908317,-0.220879,0.380544,-0.897997,-0.123,0.416,0.288,0.14,0.053
7709,257.01,0.98,1,-0.009413,0.412257,-0.911019,-0.213738,0.379263,-0.900264,-0.123,0.412,0.288,0.142,0.053
7710,257.044,0.98,1,-0.009045,0.413061,-0.910658,-0.219751,0.377873,-0.899401,-0.126,0.412,0.29,0.143,0.053
7711,257.077,0.98,1,-0.000131,0.422049,-0.906573,-0.222825,0.379198,-0.898086,-0.123,0.418,0.294,0.147,0.054
7712,257.11,0.98,1,-0.001239,0.421888,-0.906647,-0.223255,0.378698,-0.89819,-0.124,0.418,0.296,0.148,0.055
7713,257.144,0.98,1,0.008433,0.436282,-0.899771,-0.226634,0.377073,-0.898027,-0.121,0.425,0.302,0.148,0.055
7714,257.177,0.98,1,0.042855,0.491248,-0.869965,-0.245066,0.398161,-0.883974,-0.115,0.469,0.311,0.153,0.055
7715,257.21,0.98,1,-0.014422,0.573112,-0.81935,-0.247846,0.544458,-0.801335,-0.16,0.604,0.317,0.145,0.059
7716,257.244,0.98,1,-0.039038,0.511235,-0.858554,-0.405755,0.354885,-0.84227,-0.256,0.471,0.332,0.144,0.071
7717,257.277,0.98,1,-0.099008,0.514945,-0.851486,-0.399346,0.338562,-0.851997,-0.285,0.464,0.343,0.149,0.083
7718,257.31,0.98,1,-0.116412,0.498299,-0.859154,-0.422998,0.314666,-0.84974,-0.306,0.444,0.359,0.133,0.093
7719,257.344,0.98,1,-0.128981,0.499321,-0.856763,-0.434402,0.309344,-0.845932,-0.32,0.443,0.369,0.129,0.097
7720,257.377,0.98,1,-0.099284,0.507408,-0.855967,-0.438583,0.272337,-0.856433,-0.304,0.427,0.373,0.128,0.099
7721,257.41,0.98,1,-0.099799,0.504915,-0.85738,-0.423105,0.268669,-0.865332,-0.295,0.422,0.375,0.134,0.1
7722,257.444,0.98,1,-0.093695,0.503702,-0.858781,-0.456161,0.254947,-0.852595,-0.311,0.417,0.383,0.14,0.094
7723,257.477,0.98,1,-0.110835,0.544488,-0.831413,-0.346076,0.418679,-0.839607,-0.267,0.523,0.392,0.15,0.083
7724,257.51,0.98,1,-0.065179,0.610344,-0.789451,-0.293784,0.499389,-0.815047,-0.22,0.605,0.392,0.142,0.084
7725,257.544,0.98,1,-0.037007,0.606432,-0.794273,-0.288261,0.495556,-0.819347,-0.199,0.599,0.385,0.156,0.086
7726,257.577,0.98,1,-0.021422,0.609923,-0.792171,-0.292199,0.496156,-0.817587,-0.192,0.602,0.381,0.161,0.092
7727,257.61,0.98,1,-0.016122,0.608974,-0.793026,-0.300814,0.495422,-0.814903,-0.195,0.602,0.378,0.164,0.098
7728,257.644,0.98,1,-0.015371,0.602628,-0.797874,-0.29887,0.501852,-0.811678,-0.193,0.601,0.38,0.167,0.1
7729,257.677,0.98,1,6e-06,0.607133,-0.794601,-0.288418,0.50249,-0.815058,-0.177,0.604,0.379,0.167,0.102
7730,257.711,0.98,1,0.006569,0.607521,-0.794276,-0.293198,0.49871,-0.815674,-0.176,0.602,0.377,0.163,0.105
7731,257.744,0.98,1,-0.004402,0.593968,-0.804477,-0.299069,0.482408,-0.823311,-0.184,0.584,0.377,0.159,0.109
7732,257.777,0.98,1,4.7e-05,0.577363,-0.816487,-0.293437,0.462449,-0.836681,-0.176,0.561,0.379,0.164,0.108
7733,257.811,0.98,1,0.012156,0.573515,-0.819105,-0.299747,0.447543,-0.84253,-0.171,0.551,0.375,0.166,0.11
7734,257.844,0.98,1,-0.000895,0.56364,-0.82602,-0.301504,0.43964,-0.846057,-0.179,0.54,0.37,0.173,0.107
7735,257.877,0.98,1,-0.035182,0.546057,-0.837009,-0.304614,0.43872,-0.84542,-0.199,0.53,0.363,0.174,0.107
7736,257.911,0.98,1,-0.062222,0.513976,-0.855545,-0.295407,0.424402,-0.855931,-0.206,0.502,0.358,0.173,0.105
7737,257.944,0.98,1,-0.068337,0.510756,-0.857005,-0.293919,0.409361,-0.863734,-0.207,0.491,0.353,0.181,0.103
7738,257.977,0.98,1,-0.072072,0.503628,-0.860909,-0.292733,0.403872,-0.866715,-0.208,0.484,0.344,0.188,0.102
7739,258.011,0.98,1,-0.08318,0.499179,-0.862497,-0.293305,0.410495,-0.863404,-0.215,0.485,0.341,0.197,0.099
7740,258.044,0.98,1,-0.08067,0.502927,-0.860556,-0.29522,0.404589,-0.865536,-0.214,0.484,0.332,0.202,0.1
7741,258.077,0.98,1,-0.082814,0.508378,-0.857143,-0.296566,0.399348,-0.867508,-0.217,0.484,0.321,0.207,0.104
7742,258.111,0.98,1,-0.094141,0.506149,-0.857292,-0.295484,0.402197,-0.86656,-0.222,0.485,0.318,0.212,0.102
7743,258.144,0.98,1,-0.07744,0.507559,-0.85813,-0.305658,0.389455,-0.868849,-0.218,0.479,0.313,0.223,0.102
7744,258.177,0.98,1,-0.081493,0.507581,-0.857742,-0.305531,0.385628,-0.870598,-0.22,0.477,0.311,0.223,0.102
7745,258.211,0.98,1,-0.076075,0.513402,-0.85477,-0.306367,0.382773,-0.871564,-0.218,0.479,0.31,0.228,0.1
7746,258.244,0.98,1,-0.106409,0.506588,-0.855597,-0.308865,0.387473,-0.868601,-0.236,0.478,0.312,0.224,0.101
7747,258.277,0.98,1,-0.100619,0.500832,-0.859676,-0.311205,0.384067,-0.869278,-0.234,0.473,0.314,0.226,0.101
7748,258.311,0.98,1,-0.111012,0.501579,-0.857959,-0.312081,0.384404,-0.868815,-0.24,0.474,0.314,0.227,0.102
7749,258.344,0.98,1,-0.112128,0.500608,-0.858382,-0.31343,0.390326,-0.865683,-0.242,0.477,0.316,0.225,0.103
7750,258.377,0.98,1,-0.119941,0.499544,-0.857945,-0.310175,0.390583,-0.866739,-0.244,0.476,0.321,0.224,0.104
7751,258.411,0.98,1,-0.118747,0.501099,-0.857204,-0.31117,0.392517,-0.865508,-0.245,0.479,0.322,0.224,0.104
7752,258.444,0.98,1,-0.122069,0.499528,-0.857655,-0.312326,0.391608,-0.865503,-0.247,0.477,0.325,0.222,0.105
7753,258.477,0.98,1,-0.122522,0.502482,-0.855862,-0.324298,0.399507,-0.857453,-0.255,0.485,0.327,0.222,0.105
7754,258.511,0.98,1,-0.117169,0.504633,-0.855346,-0.328961,0.395489,-0.857539,-0.255,0.484,0.327,0.224,0.105
7755,258.544,0.98,1,-0.100812,0.514049,-0.851816,-0.334683,0.392072,-0.856894,-0.25,0.488,0.326,0.229,0.103
7756,258.577,0.98,1,-0.091729,0.521043,-0.848587,-0.346136,0.39223,-0.852259,-0.252,0.493,0.322,0.238,0.102
7757,258.611,0.98,1,-0.098579,0.521368,-0.847619,-0.3483,0.388891,-0.852908,-0.257,0.491,0.318,0.244,0.1
7758,258.644,0.98,1,-0.13405,0.476915,-0.868667,-0.357159,0.380413,-0.853067,-0.278,0.462,0.312,0.248,0.11
7759,258.677,0.98,1,-0.076077,0.519347,-0.85117,-0.343783,0.390712,-0.853907,-0.241,0.49,0.322,0.24,0.116
7760,258.711,0.98,1,-0.110717,0.514162,-0.850517,-0.344505,0.400643,-0.849,-0.262,0.494,0.33,0.233,0.102
7761,258.744,0.98,1,-0.074624,0.515012,-0.853929,-0.329232,0.403372,-0.853755,-0.232,0.493,0.328,0.229,0.096
7762,258.778,0.98,1,-0.016225,0.489481,-0.871863,-0.286886,0.391535,-0.874298,-0.172,0.467,0.33,0.221,0.091
7763,258.811,0.98,1,-0.015568,0.480884,-0.876646,-0.27105,0.394356,-0.878075,-0.162,0.463,0.329,0.206,0.086
7764,258.844,0.98,1,-0.009875,0.480253,-0.877074,-0.265828,0.39528,-0.879255,-0.156,0.462,0.329,0.2,0.081
7765,258.878,0.98,1,-0.021539,0.486746,-0.873278,-0.273714,0.376628,-0.885004,-0.166,0.456,0.328,0.195,0.077
7766,258.911,0.98,1,-0.01268,0.494643,-0.869003,-0.282582,0.3787,-0.881325,-0.167,0.463,0.332,0.2,0.069
7767,258.944,0.98,1,-0.098341,0.565207,-0.819067,-0.33002,0.436328,-0.837081,-0.253,0.544,0.335,0.238,0.061
7768,258.978,0.98,1,-0.213624,0.565533,-0.796579,-0.391737,0.525049,-0.755556,-0.372,0.612,0.325,0.276,0.065
7769,259.011,0.98,1,-0.246471,0.561758,-0.789734,-0.427847,0.514547,-0.743094,-0.414,0.612,0.329,0.305,0.076
7770,259.044,0.93,1,-0.261651,0.528688,-0.807482,-0.475167,0.397219,-0.785133,-0.433,0.527,0.325,0.335,0.084
7771,259.078,0.93,1,-0.276202,0.512581,-0.813003,-0.493801,0.393433,-0.775481,-0.451,0.518,0.326,0.371,0.082
7772,259.111,0.93,1,-0.290598,0.53141,-0.795711,-0.502646,0.389818,-0.771614,-0.469,0.531,0.33,0.401,0.074
7773,259.144,0.93,1,-0.330416,0.546473,-0.769541,-0.525859,0.390674,-0.755544,-0.512,0.551,0.333,0.425,0.066
7774,259.178,0.93,1,-0.311667,0.558373,-0.768819,-0.547595,0.392822,-0.738803,-0.518,0.563,0.343,0.448,0.052
7775,259.211,0.93,1,-0.31985,0.576137,-0.752172,-0.512168,0.493398,-0.703024,-0.519,0.634,0.342,0.458,0.046
7776,259.244,0.93,1,-0.312174,0.559666,-0.767673,-0.533415,0.486286,-0.692094,-0.525,0.622,0.34,0.466,0.042
7777,259.278,0.93,1,-0.315692,0.558555,-0.767043,-0.529415,0.503731,-0.682624,-0.528,0.632,0.345,0.469,0.036
7778,259.311,0.98,1,-0.307247,0.563224,-0.767058,-0.526136,0.535567,-0.660567,-0.528,0.656,0.343,0.464,0.033
7779,259.344,0.98,1,-0.303321,0.563003,-0.768781,-0.518167,0.55015,-0.654858,-0.523,0.664,0.342,0.459,0.029
7780,259.378,0.98,1,-0.304559,0.547449,-0.77945,-0.520098,0.522929,-0.67531,-0.516,0.634,0.347,0.46,0.023
7781,259.411,0.98,1,-0.29788,0.553983,-0.777413,-0.524193,0.540284,-0.658266,-0.52,0.651,0.352,0.459,0.017
7782,259.444,0.98,1,-0.296143,0.530708,-0.794134,-0.531131,0.448916,-0.718592,-0.5,0.575,0.356,0.459,0.014
7783,259.478,0.98,1,-0.272832,0.51875,-0.810223,-0.556757,0.421322,-0.715898,-0.498,0.552,0.38,0.488,0.009
7784,259.511,0.98,1,-0.249065,0.514389,-0.820591,-0.566317,0.410982,-0.714408,-0.488,0.543,0.416,0.485,-0.002
7785,259.544,0.98,1,-0.236416,0.520894,-0.820229,-0.559419,0.424398,-0.711995,-0.479,0.553,0.433,0.479,-0.01
7786,259.578,0.98,1,-0.225479,0.519124,-0.824421,-0.569303,0.414653,-0.709899,-0.478,0.547,0.452,0.469,-0.022
7787,259.611,0.98,1,-0.21887,0.528338,-0.820338,-0.544577,0.449254,-0.708242,-0.463,0.569,0.445,0.474,-0.02
7788,259.644,0.98,1,-0.20534,0.515778,-0.831751,-0.547783,0.440412,-0.711317,-0.454,0.555,0.455,0.47,-0.024
7789,259.678,0.98,1,-0.213249,0.527927,-0.822081,-0.545274,0.443015,-0.711628,-0.459,0.564,0.457,0.466,-0.023
7790,259.711,0.98,1,-0.292834,0.636636,-0.713402,-0.511187,0.561042,-0.651091,-0.532,0.72,0.424,0.435,-0.008
7791,259.744,0.98,1,-0.290448,0.613097,-0.734679,-0.516406,0.598945,-0.612038,-0.54,0.733,0.426,0.434,-0.019
7792,259.778,0.98,1,-0.311951,0.626258,-0.714484,-0.519513,0.593975,-0.614248,-0.559,0.743,0.425,0.46,-0.021
7793,259.811,0.98,1,-0.337364,0.631015,-0.698574,-0.501735,0.600026,-0.623081,-0.566,0.75,0.426,0.481,-0.016
7794,259.844,0.98,1,-0.33858,0.621571,-0.706408,-0.514646,0.597245,-0.615173,-0.573,0.745,0.423,0.496,-0.009
7795,259.878,0.98,1,-0.318766,0.619724,-0.717169,-0.507914,0.596935,-0.621041,-0.553,0.738,0.421,0.503,-0.005
7796,259.911,0.98,1,-0.273968,0.608806,-0.744511,-0.518313,0.574597,-0.633396,-0.522,0.71,0.42,0.503,-0.003
7797,259.945,0.98,1,-0.243169,0.589938,-0.769962,-0.528391,0.565801,-0.632987,-0.503,0.689,0.418,0.502,-0.004
7798,259.978,0.98,1,-0.247301,0.592464,-0.7667,-0.530643,0.561444,-0.634979,-0.507,0.689,0.419,0.496,-0.007
7799,260.011,0.98,1,-0.233603,0.583166,-0.77804,-0.527508,0.560515,-0.638403,-0.493,0.679,0.42,0.488,-0.009
7800,260.045,0.98,1,-0.242923,0.583544,-0.774897,-0.511423,0.567996,-0.644846,-0.488,0.681,0.414,0.477,-0.009
7801,260.078,0.93,1,-0.263475,0.580575,-0.770398,-0.501244,0.56611,-0.654427,-0.493,0.678,0.41,0.471,-0.009
7802,260.111,0.93,1,-0.296953,0.567966,-0.767615,-0.502731,0.567165,-0.652368,-0.513,0.674,0.412,0.473,-0.01
7803,260.145,0.93,1,-0.244549,0.567101,-0.786507,-0.491096,0.559856,-0.667372,-0.468,0.659,0.401,0.455,-0.005
7804,260.178,0.93,1,-0.248862,0.558437,-0.791338,-0.497765,0.556473,-0.665258,-0.474,0.653,0.397,0.448,-0.004
7805,260.211,0.93,1,-0.250366,0.558976,-0.790483,-0.491392,0.557771,-0.668899,-0.47,0.653,0.396,0.441,-0.006
7806,260.245,0.98,1,-0.241142,0.552402,-0.797936,-0.48848,0.560803,-0.668496,-0.462,0.649,0.397,0.437,-0.008
7807,260.278,0.98,1,-0.225932,0.551662,-0.802884,-0.483554,0.552982,-0.678518,-0.447,0.641,0.395,0.432,-0.008
7808,260.311,0.98,1,-0.232972,0.55259,-0.800231,-0.481744,0.550256,-0.682012,-0.449,0.64,0.399,0.431,-0.01
7809,260.345,0.93,1,-0.226514,0.565439,-0.793076,-0.447774,0.506397,-0.736927,-0.415,0.611,0.4,0.431,-0.011
7810,260.378,0.93,1,-0.236531,0.551391,-0.800013,-0.475344,0.542291,-0.692798,-0.445,0.632,0.391,0.427,-0.006
7811,260.411,0.98,1,-0.350085,0.558747,-0.751826,-0.510633,0.539584,-0.669405,-0.545,0.658,0.398,0.44,-0.007
7812,260.445,0.98,1,-0.41616,0.428381,-0.802061,-0.558347,0.50637,-0.657144,-0.589,0.57,0.409,0.461,-0.012
7813,260.478,0.98,1,-0.432586,0.41915,-0.798237,-0.561268,0.483061,-0.672034,-0.594,0.55,0.404,0.47,-0.007
7814,260.511,0.98,1,-0.445348,0.40443,-0.798812,-0.565776,0.479027,-0.671142,-0.603,0.541,0.398,0.476,-0.001
7815,260.545,0.98,1,-0.393738,0.384898,-0.83476,-0.57918,0.455661,-0.675961,-0.572,0.508,0.384,0.472,0.007
7816,260.578,0.98,1,-0.391939,0.379486,-0.838078,-0.580433,0.431974,-0.690287,-0.567,0.488,0.377,0.48,0.012
7817,260.611,0.98,1,-0.404492,0.370385,-0.836182,-0.576186,0.42064,-0.700765,-0.568,0.475,0.372,0.489,0.017
7818,260.645,0.98,1,-0.400092,0.367257,-0.839672,-0.576152,0.387674,-0.719554,-0.559,0.451,0.36,0.497,0.023
7819,260.678,0.98,1,-0.400812,0.366467,-0.839673,-0.571256,0.376102,-0.72953,-0.555,0.442,0.355,0.507,0.029
7820,260.711,0.98,1,-0.472412,0.312202,-0.824231,-0.544713,0.376633,-0.74929,-0.574,0.413,0.365,0.532,0.031
7822,260.778,0.98,1,-0.316052,0.291779,-0.90276,-0.456641,0.477778,-0.750472,-0.437,0.436,0.353,0.504,0.045
7823,260.811,0.98,1,-0.325382,0.274088,-0.904987,-0.419837,0.503664,-0.755023,-0.422,0.438,0.35,0.456,0.048
7824,260.845,0.98,1,-0.340133,0.282003,-0.897097,-0.392199,0.526403,-0.754374,-0.417,0.455,0.356,0.406,0.045
7825,260.878,0.93,1,-0.343802,0.321178,-0.882409,-0.378612,0.534436,-0.755666,-0.415,0.481,0.365,0.372,0.039
7826,260.911,0.98,1,-0.345314,0.30955,-0.885967,-0.384797,0.511286,-0.768452,-0.416,0.461,0.347,0.325,0.036
7827,260.945,0.98,1,-0.373282,0.322413,-0.869891,-0.389869,0.503532,-0.771011,-0.435,0.466,0.347,0.316,0.031
7828,260.978,0.98,1,-0.302301,0.373071,-0.877173,-0.382941,0.473839,-0.792989,-0.389,0.469,0.347,0.303,0.031
7829,261.012,0.98,1,-0.298864,0.385821,-0.872824,-0.378616,0.462311,-0.801822,-0.384,0.469,0.352,0.299,0.031
7830,261.045,0.98,1,-0.286518,0.401449,-0.869912,-0.36325,0.454727,-0.813187,-0.368,0.471,0.358,0.297,0.031
7831,261.078,0.98,1,-0.281437,0.390671,-0.876453,-0.345443,0.457976,-0.819102,-0.354,0.464,0.357,0.294,0.034
7832,261.112,0.98,1,-0.1998,0.475828,-0.856544,-0.337018,0.449725,-0.827143,-0.309,0.503,0.356,0.292,0.037
7833,261.145,0.98,1,-0.198205,0.476857,-0.856342,-0.338531,0.451856,-0.825362,-0.309,0.505,0.356,0.291,0.038
7834,261.178,0.98,1,-0.193672,0.477238,-0.857167,-0.333478,0.444659,-0.831307,-0.303,0.5,0.357,0.293,0.041
7835,261.212,0.98,1,-0.203229,0.466628,-0.860788,-0.336093,0.429178,-0.83836,-0.307,0.485,0.353,0.295,0.044
7836,261.245,0.98,1,-0.199683,0.466183,-0.861859,-0.334002,0.432929,-0.837266,-0.304,0.487,0.353,0.296,0.046
7837,261.278,0.98,1,-0.203857,0.463786,-0.862175,-0.350212,0.442403,-0.82561,-0.317,0.493,0.351,0.297,0.048
7838,261.312,0.98,1,-0.210052,0.466464,-0.859238,-0.350537,0.43859,-0.827504,-0.321,0.492,0.349,0.295,0.054
7839,261.345,0.98,1,-0.210576,0.476033,-0.853844,-0.357146,0.444117,-0.82171,-0.327,0.502,0.35,0.292,0.059
7840,261.378,0.93,1,-0.206422,0.473658,-0.856176,-0.354081,0.441522,-0.82443,-0.322,0.499,0.349,0.292,0.063
7841,261.412,0.98,1,-0.211052,0.474791,-0.854418,-0.353808,0.431766,-0.829698,-0.324,0.494,0.35,0.293,0.066
7842,261.445,0.98,1,-0.207686,0.462373,-0.86202,-0.346557,0.43417,-0.831501,-0.316,0.487,0.349,0.294,0.069
7843,261.478,0.98,1,-0.22468,0.469279,-0.853988,-0.362048,0.447621,-0.817653,-0.338,0.502,0.349,0.299,0.071
7844,261.512,0.98,1,-0.287065,0.461239,-0.839555,-0.372031,0.45295,-0.810203,-0.38,0.506,0.351,0.305,0.069
7845,261.545,0.98,1,-0.311546,0.453756,-0.834892,-0.377529,0.456246,-0.805799,-0.398,0.506,0.353,0.314,0.069
7846,261.578,0.98,1,-0.338081,0.438698,-0.832613,-0.377156,0.449157,-0.809945,-0.411,0.496,0.354,0.324,0.068
7847,261.612,0.98,1,-0.341392,0.429206,-0.836202,-0.380925,0.437924,-0.814321,-0.413,0.484,0.353,0.333,0.069
7848,261.645,0.98,1,-0.338949,0.431514,-0.836008,-0.405631,0.411315,-0.816262,-0.423,0.472,0.345,0.339,0.07
7849,261.678,0.98,1,-0.34303,0.425916,-0.837213,-0.415097,0.406532,-0.813896,-0.43,0.467,0.338,0.343,0.07
7850,261.712,0.98,1,-0.33679,0.424146,-0.840638,-0.419474,0.410708,-0.809544,-0.43,0.468,0.334,0.347,0.068
7851,261.745,0.98,1,-0.340153,0.421328,-0.840701,-0.430682,0.404821,-0.806619,-0.438,0.465,0.328,0.352,0.067
7852,261.778,0.98,1,-0.34904,0.412633,-0.841371,-0.429397,0.401442,-0.808989,-0.441,0.458,0.327,0.358,0.065
7853,261.812,0.98,1,-0.326119,0.416431,-0.848665,-0.452451,0.384011,-0.804875,-0.44,0.451,0.323,0.365,0.063
7854,261.845,0.98,1,-0.324909,0.412982,-0.850812,-0.446453,0.387616,-0.806495,-0.436,0.45,0.316,0.369,0.063
7855,261.878,0.98,1,-0.289771,0.437544,-0.851227,-0.44242,0.396942,-0.804178,-0.416,0.467,0.31,0.369,0.064
7856,261.912,0.98,1,-0.234121,0.450472,-0.861546,-0.420191,0.411273,-0.808884,-0.373,0.476,0.303,0.354,0.07
7857,261.945,0.98,1,-0.138689,0.44395,-0.885253,-0.395985,0.465462,-0.791543,-0.309,0.497,0.293,0.325,0.08
7858,261.978,0.98,1,-0.074089,0.467057,-0.881118,-0.329271,0.487996,-0.808357,-0.234,0.515,0.3,0.283,0.083
7859,262.012,0.98,1,-0.059114,0.48876,-0.870413,-0.300383,0.489093,-0.818876,-0.21,0.525,0.306,0.236,0.087
7860,262.045,0.98,1,-0.001616,0.549572,-0.835445,-0.267953,0.531606,-0.80349,-0.163,0.583,0.324,0.186,0.089
7861,262.078,0.98,1,0.118577,0.584848,-0.802429,-0.235581,0.47482,-0.847967,-0.071,0.571,0.341,0.135,0.094
7862,262.112,0.98,1,0.149177,0.570886,-0.807363,-0.215105,0.462047,-0.860374,-0.04,0.555,0.369,0.089,0.09
7863,262.145,0.98,1,0.095593,0.558289,-0.824121,-0.268975,0.393572,-0.879064,-0.101,0.51,0.378,0.058,0.09
7864,262.179,0.98,1,0.11448,0.550156,-0.827178,-0.24428,0.391359,-0.887223,-0.076,0.502,0.381,0.038,0.091
7865,262.212,0.98,1,0.151552,0.543434,-0.825659,-0.267929,0.383224,-0.883942,-0.068,0.497,0.38,0.032,0.096
7866,262.245,0.98,1,0.125925,0.534349,-0.835831,-0.262095,0.377395,-0.888189,-0.079,0.486,0.382,0.033,0.101
7867,262.279,0.98,1,0.071626,0.541053,-0.837933,-0.275824,0.371259,-0.886616,-0.118,0.487,0.38,0.04,0.106
7868,262.312,0.98,1,0.064041,0.543809,-0.836762,-0.28812,0.379903,-0.879011,-0.13,0.494,0.389,0.039,0.109
7869,262.345,0.98,1,0.027617,0.538846,-0.841951,-0.297598,0.374921,-0.877992,-0.156,0.488,0.39,0.044,0.113
7870,262.379,0.98,1,0.065202,0.53164,-0.844457,-0.303512,0.345622,-0.887933,-0.137,0.469,0.395,0.041,0.119
7871,262.412,0.98,1,0.060103,0.538489,-0.840486,-0.299627,0.355953,-0.885167,-0.138,0.478,0.398,0.043,0.121
7872,262.445,0.98,1,0.028411,0.531514,-0.846573,-0.296324,0.369982,-0.880514,-0.154,0.481,0.4,0.044,0.123
7873,262.479,0.98,1,-0.004972,0.527559,-0.849504,-0.303168,0.351607,-0.885699,-0.176,0.469,0.401,0.042,0.125
7874,262.512,0.98,1,-0.057377,0.515549,-0.854937,-0.240183,0.408982,-0.880367,-0.17,0.49,0.409,0.036,0.123
7875,262.545,0.98,1,-0.04246,0.524814,-0.850157,-0.228816,0.41035,-0.882755,-0.155,0.495,0.414,0.034,0.122
7876,262.579,0.98,1,0.00695,0.618585,-0.785687,-0.235669,0.493977,-0.836927,-0.14,0.601,0.412,0.05,0.12
7877,262.612,0.98,1,-0.091094,0.523162,-0.847351,-0.183407,0.499651,-0.846588,-0.161,0.543,0.419,0.051,0.108
7878,262.645,0.98,1,-0.122509,0.476018,-0.870861,-0.193458,0.451122,-0.871242,-0.179,0.489,0.424,0.085,0.093
7879,262.679,0.98,1,-0.122217,0.494465,-0.860562,-0.212008,0.436759,-0.874239,-0.19,0.493,0.423,0.12,0.084
7880,262.712,0.98,1,-0.144683,0.492672,-0.858103,-0.279326,0.397638,-0.873991,-0.24,0.475,0.402,0.177,0.087
7881,262.745,0.98,1,-0.146333,0.469353,-0.870801,-0.345415,0.458093,-0.819047,-0.283,0.502,0.385,0.211,0.095
7882,262.779,0.98,1,-0.25526,0.428903,-0.866536,-0.358886,0.461514,-0.811299,-0.351,0.488,0.363,0.241,0.102
7883,262.812,0.98,1,-0.261834,0.404954,-0.876045,-0.379751,0.441448,-0.812965,-0.363,0.465,0.337,0.271,0.109
7884,262.845,0.98,1,-0.241578,0.394077,-0.88676,-0.399539,0.427763,-0.810795,-0.361,0.451,0.318,0.3,0.114
7885,262.879,0.98,1,-0.255457,0.384136,-0.887232,-0.404501,0.392916,-0.825831,-0.368,0.426,0.306,0.323,0.118
7886,262.912,0.98,1,-0.246256,0.378796,-0.892116,-0.393877,0.363342,-0.844301,-0.353,0.404,0.299,0.339,0.119
7890,263.045,0.98,1,-0.392656,0.368173,-0.842775,-0.423346,0.370521,-0.826736,-0.455,0.417,0.289,0.362,0.109
7891,263.079,0.98,1,-0.395508,0.373676,-0.839011,-0.474898,0.418577,-0.774122,-0.495,0.457,0.289,0.377,0.102
7892,263.112,0.98,1,-0.393886,0.374068,-0.839599,-0.486448,0.416826,-0.76787,-0.501,0.457,0.287,0.402,0.098
7893,263.145,0.98,1,-0.377414,0.405366,-0.832609,-0.513071,0.441185,-0.736284,-0.516,0.495,0.292,0.437,0.096
7894,263.179,0.98,1,-0.378257,0.410833,-0.82954,-0.511311,0.429775,-0.744214,-0.514,0.491,0.305,0.471,0.089
7895,263.212,0.98,1,-0.37262,0.425616,-0.824624,-0.516141,0.414642,-0.749446,-0.514,0.49,0.312,0.489,0.083
7896,263.246,0.98,1,-0.3672,0.425231,-0.82725,-0.519156,0.392167,-0.759396,-0.509,0.476,0.309,0.491,0.081
7897,263.279,0.98,1,-0.368531,0.420874,-0.828885,-0.508637,0.386239,-0.769485,-0.502,0.468,0.308,0.489,0.079
7898,263.312,0.98,1,-0.372659,0.41462,-0.83019,-0.5131,0.37796,-0.770633,-0.505,0.46,0.298,0.483,0.082
7899,263.346,0.98,1,-0.370547,0.415737,-0.830577,-0.507984,0.382247,-0.771906,-0.501,0.462,0.298,0.481,0.079
7900,263.379,0.98,1,-0.368153,0.413538,-0.832736,-0.505476,0.380869,-0.77423,-0.498,0.459,0.297,0.478,0.078
7901,263.412,0.98,1,-0.36827,0.408877,-0.834983,-0.492416,0.376436,-0.784743,-0.488,0.451,0.295,0.479,0.078
7902,263.446,0.98,1,-0.370408,0.401764,-0.837486,-0.505171,0.376087,-0.776763,-0.497,0.449,0.287,0.479,0.08
7903,263.479,0.98,1,-0.367545,0.401485,-0.838881,-0.506319,0.367667,-0.78004,-0.495,0.444,0.279,0.478,0.085
7904,263.512,0.98,1,-0.365448,0.392814,-0.843887,-0.51297,0.354551,-0.781764,-0.495,0.431,0.275,0.476,0.083
7905,263.546,0.98,1,-0.362976,0.40634,-0.838532,-0.526546,0.325483,-0.785373,-0.501,0.423,0.281,0.481,0.077
7921,264.079,0.98,1,-0.506989,0.322258,-0.799445,-0.574749,0.375341,-0.727174,-0.616,0.429,0.292,0.518,0.064
7922,264.112,0.98,1,-0.504399,0.302342,-0.808809,-0.627649,0.347834,-0.696468,-0.645,0.408,0.291,0.533,0.063
7948,264.979,0.98,1,-0.519017,0.268738,-0.811419,-0.64351,0.397115,-0.654366,-0.671,0.426,0.315,0.648,0.017
7949,265.013,0.98,1,-0.516472,0.36714,-0.773605,-0.577459,0.48672,-0.655473,-0.653,0.539,0.349,0.651,0.001
7950,265.046,0.98,1,-0.441842,0.398146,-0.8039,-0.552925,0.493623,-0.671275,-0.593,0.544,0.357,0.621,-0.004
7951,265.079,0.98,1,-0.437381,0.381168,-0.814499,-0.567947,0.456289,-0.685009,-0.591,0.509,0.354,0.588,0.001
7952,265.113,0.93,1,-0.453657,0.415783,-0.788238,-0.55778,0.451144,-0.696671,-0.598,0.528,0.332,0.542,0.013
7953,265.146,0.98,1,-0.431452,0.445073,-0.784703,-0.542032,0.460179,-0.703162,-0.579,0.547,0.318,0.518,0.017
7954,265.179,0.98,1,-0.399047,0.465095,-0.79022,-0.514318,0.49811,-0.698114,-0.55,0.574,0.319,0.508,0.013
7955,265.213,0.98,1,-0.401534,0.457374,-0.79346,-0.536722,0.471529,-0.699707,-0.561,0.557,0.319,0.502,0.013
7956,265.246,0.98,1,-0.380523,0.472699,-0.794832,-0.488403,0.506733,-0.710411,-0.524,0.577,0.319,0.494,0.011
7957,265.279,0.98,1,-0.342362,0.477261,-0.809327,-0.500301,0.495338,-0.710168,-0.506,0.569,0.319,0.491,0.011
7958,265.313,0.98,1,-0.322674,0.440153,-0.837942,-0.495753,0.491896,-0.715729,-0.485,0.54,0.324,0.491,0.012
7959,265.346,0.98,1,-0.30888,0.430031,-0.848332,-0.489025,0.474751,-0.731755,-0.468,0.52,0.32,0.479,0.016
7960,265.379,0.98,1,-0.307812,0.432547,-0.84744,-0.483667,0.480875,-0.731317,-0.465,0.525,0.319,0.474,0.018
7961,265.413,0.98,1,-0.312845,0.43221,-0.845767,-0.479797,0.480034,-0.734413,-0.465,0.524,0.322,0.471,0.016
7962,265.446,0.98,1,-0.318723,0.431778,-0.843791,-0.481104,0.475602,-0.736439,-0.469,0.521,0.323,0.468,0.017
7963,265.48,0.98,1,-0.312203,0.433183,-0.845506,-0.482205,0.479851,-0.732954,-0.466,0.524,0.323,0.463,0.019
7964,265.513,0.98,1,-0.309514,0.434081,-0.846035,-0.486772,0.47943,-0.730205,-0.468,0.525,0.327,0.462,0.018
7965,265.546,0.98,1,-0.314014,0.436456,-0.84315,-0.477339,0.483649,-0.733642,-0.465,0.528,0.329,0.462,0.018
7966,265.58,0.98,1,-0.284566,0.445594,-0.848804,-0.450584,0.485448,-0.749209,-0.431,0.528,0.331,0.455,0.021
7967,265.613,0.98,1,-0.274282,0.470878,-0.838477,-0.428854,0.497577,-0.753991,-0.416,0.546,0.342,0.436,0.023
7968,265.646,0.98,1,-0.249541,0.49021,-0.835119,-0.406225,0.524245,-0.748431,-0.393,0.57,0.348,0.405,0.024
7969,265.68,0.98,1,-0.192616,0.517505,-0.833719,-0.41331,0.51665,-0.749832,-0.365,0.579,0.353,0.366,0.02
7970,265.713,0.98,1,-0.21259,0.494207,-0.84295,-0.420024,0.454507,-0.785496,-0.371,0.528,0.329,0.351,0.026
7971,265.746,0.98,1,-0.200794,0.492657,-0.846741,-0.427489,0.452382,-0.78269,-0.368,0.526,0.323,0.35,0.023
7972,265.78,0.98,1,-0.210541,0.483965,-0.849383,-0.424341,0.448053,-0.786882,-0.37,0.518,0.325,0.351,0.021
7973,265.813,0.98,1,-0.21296,0.482006,-0.849893,-0.429031,0.449119,-0.783725,-0.374,0.518,0.327,0.354,0.02
7974,265.846,0.98,1,-0.21317,0.472913,-0.854934,-0.43392,0.446498,-0.78253,-0.376,0.512,0.328,0.356,0.02
7975,265.88,0.98,1,-0.217107,0.477766,-0.851237,-0.428775,0.459279,-0.777956,-0.377,0.522,0.332,0.357,0.019
7976,265.913,0.98,1,-0.216104,0.477296,-0.851756,-0.438147,0.457526,-0.773755,-0.383,0.522,0.333,0.358,0.019
7977,265.946,0.98,1,-0.215506,0.480337,-0.850196,-0.438167,0.414881,-0.797423,-0.378,0.498,0.331,0.355,0.02
7978,265.98,0.98,1,-0.276463,0.485899,-0.829139,-0.45057,0.454751,-0.768237,-0.427,0.532,0.329,0.353,0.02
7979,266.013,0.98,1,-0.310392,0.480685,-0.820121,-0.459613,0.44443,-0.76892,-0.451,0.527,0.332,0.357,0.017
7980,266.046,0.98,1,-0.324199,0.482145,-0.813899,-0.475461,0.456501,-0.752026,-0.472,0.54,0.33,0.37,0.012
7981,266.08,0.98,1,-0.307026,0.494238,-0.813304,-0.458322,0.497904,-0.736229,-0.459,0.57,0.339,0.396,0.01
7982,266.113,0.98,1,-0.311423,0.508396,-0.802839,-0.423027,0.555998,-0.715482,-0.451,0.611,0.362,0.422,0.004
7983,266.146,0.98,1,-0.310056,0.512363,-0.800843,-0.449706,0.543718,-0.708615,-0.466,0.61,0.376,0.438,-0.002
7984,266.18,0.98,1,-0.246567,0.505369,-0.826926,-0.442115,0.552127,-0.706888,-0.422,0.604,0.387,0.455,-0.009
7985,266.213,0.98,1,-0.239863,0.469794,-0.849564,-0.522465,0.382247,-0.76218,-0.442,0.486,0.417,0.493,-0.02
7986,266.246,0.98,1,-0.246268,0.465972,-0.849837,-0.523499,0.377369,-0.763899,-0.445,0.482,0.415,0.492,-0.017
7987,266.28,0.98,1,-0.234241,0.470837,-0.850555,-0.526012,0.376319,-0.76269,-0.44,0.484,0.41,0.493,-0.015
7988,266.313,0.98,1,-0.239593,0.471658,-0.848607,-0.52164,0.362622,-0.772268,-0.439,0.475,0.411,0.491,-0.012
7989,266.346,0.98,1,-0.331236,0.493388,-0.804271,-0.49325,0.32336,-0.807554,-0.473,0.469,0.416,0.499,-0.011
7990,266.38,0.98,1,-0.328419,0.481372,-0.812664,-0.498487,0.341961,-0.796601,-0.475,0.473,0.417,0.496,-0.008
7991,266.413,0.93,1,-0.339015,0.470842,-0.814479,-0.499943,0.335929,-0.798254,-0.48,0.464,0.421,0.493,-0.006
7992,266.446,0.93,1,-0.326264,0.485342,-0.811169,-0.496716,0.345464,-0.796196,-0.473,0.477,0.427,0.486,-0.006
7993,266.48,0.93,1,-0.332285,0.482227,-0.810583,-0.472321,0.321335,-0.820766,-0.458,0.458,0.424,0.479,-0.003
7994,266.513,0.93,1,-0.325213,0.472684,-0.819028,-0.487126,0.345969,-0.801881,-0.465,0.468,0.428,0.478,-0.006
7995,266.547,0.98,1,-0.332673,0.476442,-0.813838,-0.482205,0.350477,-0.802897,-0.467,0.473,0.431,0.476,-0.009
7996,266.58,0.98,1,-0.32847,0.48507,-0.810441,-0.476762,0.351013,-0.805909,-0.462,0.477,0.435,0.471,-0.011
7997,266.613,0.93,1,-0.332853,0.48459,-0.808939,-0.479502,0.352742,-0.803524,-0.467,0.479,0.442,0.471,-0.016
7998,266.647,0.98,1,-0.337631,0.489375,-0.804063,-0.487931,0.367818,-0.791602,-0.477,0.493,0.451,0.472,-0.021
7999,266.68,0.98,1,-0.3446,0.480549,-0.806426,-0.477815,0.361695,-0.800543,-0.473,0.483,0.452,0.472,-0.021
8000,266.713,0.98,1,-0.342768,0.480803,-0.807055,-0.491661,0.377012,-0.78494,-0.483,0.494,0.456,0.471,-0.022
8001,266.747,0.93,1,-0.340987,0.48353,-0.80618,-0.470179,0.375046,-0.79892,-0.468,0.491,0.461,0.472,-0.025
8002,266.78,0.98,1,-0.317936,0.492343,-0.810256,-0.474414,0.378755,-0.794655,-0.459,0.497,0.475,0.48,-0.031
8003,266.813,0.98,1,-0.31926,0.503291,-0.802977,-0.487604,0.385306,-0.783442,-0.471,0.511,0.489,0.484,-0.036
8004,266.847,0.98,1,-0.257559,0.533004,-0.805959,-0.488741,0.404475,-0.773002,-0.442,0.536,0.498,0.482,-0.039
8005,266.88,0.98,1,-0.263045,0.538894,-0.80025,-0.497668,0.426204,-0.755431,-0.455,0.555,0.506,0.484,-0.04
8006,266.913,0.98,1,-0.298072,0.549209,-0.78072,-0.506301,0.464245,-0.72673,-0.49,0.592,0.517,0.492,-0.04
8007,266.947,0.93,1,-0.31001,0.542771,-0.780572,-0.518062,0.460912,-0.720536,-0.504,0.589,0.521,0.496,-0.037
8008,266.98,0.98,1,-0.304044,0.546639,-0.78022,-0.519773,0.45946,-0.720231,-0.502,0.591,0.518,0.502,-0.03
8009,267.013,0.98,1,-0.256902,0.542573,-0.79976,-0.515619,0.46856,-0.717348,-0.471,0.588,0.515,0.503,-0.025
8010,267.047,0.98,1,-0.258191,0.548268,-0.795449,-0.528633,0.507473,-0.680454,-0.49,0.621,0.512,0.512,-0.024
8011,267.08,0.98,1,-0.267714,0.554592,-0.787881,-0.53532,0.515238,-0.6693,-0.504,0.633,0.515,0.517,-0.023
8012,267.113,0.98,1,-0.29315,0.568163,-0.768931,-0.550658,0.538996,-0.637385,-0.54,0.667,0.522,0.526,-0.022
8013,267.147,0.98,1,-0.305805,0.563172,-0.767673,-0.533018,0.560653,-0.633688,-0.539,0.676,0.531,0.535,-0.026
8014,267.18,0.98,1,-0.303457,0.547329,-0.779965,-0.535767,0.579884,-0.613749,-0.542,0.68,0.524,0.535,-0.026
8015,267.213,0.98,1,-0.303263,0.544757,-0.781839,-0.561975,0.615929,-0.552102,-0.575,0.716,0.526,0.539,-0.029
8016,267.247,0.98,1,-0.31215,0.54214,-0.780158,-0.525169,0.64577,-0.554238,-0.56,0.727,0.524,0.535,-0.029
8017,267.28,0.98,1,-0.31811,0.543315,-0.776926,-0.515443,0.647166,-0.561689,-0.557,0.727,0.519,0.533,-0.026
8018,267.313,0.98,1,-0.310814,0.547337,-0.777057,-0.530056,0.614182,-0.584654,-0.553,0.706,0.517,0.534,-0.026
8019,267.347,0.98,1,-0.302608,0.548811,-0.779253,-0.544913,0.630558,-0.552689,-0.567,0.725,0.517,0.534,-0.027
8020,267.38,0.98,1,-0.309948,0.54797,-0.776956,-0.524108,0.653681,-0.545904,-0.563,0.737,0.518,0.535,-0.026
8021,267.413,0.98,1,-0.303553,0.551022,-0.777322,-0.536436,0.643755,-0.545725,-0.566,0.734,0.516,0.537,-0.022
8022,267.447,0.98,1,-0.298402,0.56091,-0.772228,-0.529476,0.648911,-0.546416,-0.561,0.742,0.531,0.538,-0.021
8023,267.48,0.98,1,-0.261569,0.548232,-0.79437,-0.530751,0.493564,-0.688984,-0.491,0.612,0.538,0.533,-0.014
8024,267.513,0.98,1,-0.220448,0.610919,-0.760382,-0.481717,0.555291,-0.677939,-0.454,0.681,0.505,0.485,0.011
8025,267.547,0.98,1,-0.239576,0.604675,-0.759586,-0.483569,0.540806,-0.688251,-0.463,0.669,0.498,0.462,0.017
8026,267.58,0.98,1,-0.256884,0.58786,-0.767092,-0.456349,0.557858,-0.69321,-0.454,0.665,0.49,0.436,0.02
8027,267.613,0.93,1,-0.336688,0.579034,-0.742537,-0.47526,0.583278,-0.658722,-0.525,0.692,0.497,0.432,0.017
8028,267.647,0.93,1,-0.353435,0.581466,-0.73279,-0.47646,0.576557,-0.663753,-0.536,0.692,0.498,0.432,0.014
8029,267.68,0.93,1,-0.3407,0.579598,-0.740263,-0.487278,0.575767,-0.656546,-0.535,0.691,0.489,0.43,0.018
8030,267.714,0.93,1,-0.295639,0.600311,-0.743118,-0.46844,0.567396,-0.677219,-0.494,0.688,0.486,0.434,0.018
8031,267.747,0.93,1,-0.286758,0.588762,-0.755731,-0.479095,0.562707,-0.673668,-0.492,0.678,0.483,0.439,0.019
8032,267.78,0.93,1,-0.294457,0.573553,-0.764416,-0.500099,0.548935,-0.669754,-0.506,0.664,0.471,0.447,0.025
8033,267.814,0.93,1,-0.260425,0.568594,-0.780308,-0.508707,0.535508,-0.674128,-0.486,0.649,0.461,0.45,0.033
8034,267.847,0.98,1,-0.268428,0.557758,-0.7854,-0.512529,0.540047,-0.66758,-0.493,0.647,0.445,0.451,0.043
8035,267.88,0.98,1,-0.236409,0.555629,-0.797112,-0.514922,0.518188,-0.682889,-0.47,0.628,0.427,0.448,0.053
8036,267.914,0.98,1,-0.202115,0.533594,-0.821235,-0.555556,0.423357,-0.71563,-0.458,0.557,0.416,0.454,0.062
8037,267.947,0.98,1,-0.193139,0.543209,-0.817081,-0.535892,0.394017,-0.746707,-0.436,0.54,0.4,0.447,0.069
8038,267.98,0.98,1,-0.128086,0.53485,-0.835182,-0.488506,0.467554,-0.736719,-0.374,0.568,0.379,0.436,0.069
8039,268.014,0.93,1,-0.094981,0.504973,-0.857893,-0.463458,0.46083,-0.756863,-0.333,0.539,0.344,0.387,0.074
8040,268.047,0.93,1,-0.101813,0.482299,-0.87007,-0.419411,0.382544,-0.823258,-0.299,0.472,0.322,0.344,0.069
8041,268.08,0.93,1,-0.13569,0.470693,-0.8718,-0.431102,0.350875,-0.831287,-0.321,0.449,0.315,0.329,0.049
8042,268.114,0.93,1,-0.151471,0.472956,-0.867968,-0.422623,0.368595,-0.827966,-0.326,0.461,0.302,0.321,0.035
8043,268.147,0.93,1,-0.138438,0.47487,-0.869099,-0.424156,0.3603,-0.830828,-0.32,0.457,0.305,0.324,0.025
8044,268.18,0.93,1,-0.150718,0.504454,-0.850182,-0.425273,0.37551,-0.82349,-0.331,0.484,0.298,0.319,0.02
8045,268.214,0.93,1,-0.159416,0.518366,-0.840169,-0.405046,0.427653,-0.808115,-0.33,0.521,0.292,0.311,0.016
8046,268.247,0.98,1,-0.216007,0.39932,-0.891002,-0.346786,0.427941,-0.83463,-0.315,0.447,0.294,0.312,0.007
9198,306.659,0.98,1,-0.162543,0.339995,-0.926274,-0.311927,0.477644,-0.821315,-0.265,0.438,0.164,0.257,-0.025
10031,334.434,0.98,1,-0.085004,0.40489,-0.910406,-0.244036,0.403755,-0.881719,-0.182,0.424,0.179,0.279,-0.017
10032,334.467,0.98,1,-0.088484,0.407577,-0.908874,-0.244864,0.420901,-0.873432,-0.185,0.435,0.178,0.283,-0.017
10033,334.5,0.98,1,-0.084936,0.426133,-0.900664,-0.231984,0.411318,-0.881477,-0.176,0.439,0.179,0.284,-0.018
10034,334.534,0.98,1,-0.085645,0.434337,-0.89667,-0.250235,0.427192,-0.868844,-0.188,0.454,0.183,0.283,-0.019
10035,334.567,0.98,1,-0.090611,0.423961,-0.901136,-0.257151,0.421021,-0.869836,-0.194,0.445,0.184,0.283,-0.02
10036,334.6,0.98,1,-0.100231,0.434306,-0.895172,-0.270302,0.438063,-0.857343,-0.208,0.462,0.184,0.286,-0.019
10037,334.634,0.98,1,-0.10789,0.424884,-0.898795,-0.290477,0.453296,-0.842701,-0.225,0.467,0.185,0.287,-0.02
10038,334.667,0.98,1,-0.101274,0.420248,-0.90174,-0.294637,0.441496,-0.847508,-0.223,0.458,0.182,0.288,-0.02
10039,334.7,0.98,1,-0.102546,0.439321,-0.892458,-0.283722,0.43189,-0.856138,-0.217,0.462,0.183,0.29,-0.019
10040,334.734,0.98,1,-0.100097,0.421703,-0.901192,-0.30252,0.44383,-0.843503,-0.227,0.461,0.182,0.295,-0.02
10041,334.767,0.98,1,-0.130617,0.475667,-0.869874,-0.305028,0.463233,-0.832089,-0.251,0.504,0.185,0.299,-0.02
10042,334.8,0.98,1,-0.244331,0.450367,-0.858762,-0.317384,0.457708,-0.830525,-0.321,0.493,0.187,0.31,-0.023
10043,334.834,0.98,1,-0.261047,0.434968,-0.861776,-0.337072,0.46114,-0.820812,-0.342,0.489,0.19,0.328,-0.025
10044,334.867,0.98,1,-0.259171,0.431374,-0.864145,-0.368285,0.464216,-0.805524,-0.359,0.492,0.194,0.352,-0.028
10045,334.9,0.98,1,-0.245538,0.454641,-0.856161,-0.39574,0.465837,-0.791445,-0.371,0.509,0.203,0.386,-0.024
10046,334.934,0.98,1,-0.247895,0.452585,-0.856572,-0.404878,0.471474,-0.783445,-0.379,0.513,0.204,0.406,-0.014
10047,334.967,0.98,1,-0.271369,0.452558,-0.849441,-0.439754,0.452685,-0.775689,-0.412,0.508,0.203,0.425,-0.003
10048,335.0,0.98,1,-0.280154,0.441402,-0.852454,-0.462204,0.437337,-0.77143,-0.429,0.496,0.207,0.447,0.002
10049,335.034,0.98,1,-0.295572,0.435978,-0.850035,-0.471346,0.416599,-0.777353,-0.44,0.483,0.204,0.462,0.007
10050,335.067,0.98,1,-0.296733,0.431256,-0.852037,-0.489791,0.40212,-0.773566,-0.451,0.474,0.205,0.475,0.009
10051,335.1,0.98,1,-0.299181,0.424976,-0.854334,-0.501874,0.386201,-0.773932,-0.457,0.462,0.211,0.487,0.008
10052,335.134,0.98,1,-0.31722,0.422561,-0.849007,-0.510794,0.39698,-0.762559,-0.475,0.47,0.212,0.492,0.01
10053,335.167,0.98,1,-0.331178,0.421425,-0.844229,-0.522637,0.389723,-0.758265,-0.49,0.469,0.217,0.498,0.009
10054,335.2,0.98,1,-0.32583,0.417417,-0.848291,-0.523232,0.384821,-0.760356,-0.486,0.463,0.219,0.499,0.008
10055,335.234,0.98,1,-0.327426,0.410748,-0.850928,-0.517366,0.381902,-0.765822,-0.482,0.456,0.219,0.5,0.006
10056,335.267,0.98,1,-0.317513,0.413558,-0.85332,-0.508543,0.392233,-0.76651,-0.472,0.462,0.225,0.501,0.002
10057,335.3,0.98,1,-0.323915,0.408699,-0.853255,-0.507041,0.387359,-0.769976,-0.473,0.456,0.229,0.501,-0.002
10058,335.334,0.98,1,-0.405357,0.375898,-0.833299,-0.495329,0.400623,-0.770811,-0.512,0.451,0.234,0.506,-0.005
10059,335.367,0.93,1,-0.363744,0.382648,-0.849276,-0.495028,0.385175,-0.778837,-0.485,0.441,0.236,0.514,-0.005
10060,335.4,0.93,1,-0.330728,0.416533,-0.846829,-0.486965,0.383124,-0.784909,-0.465,0.456,0.241,0.515,-0.006
10061,335.434,0.93,1,-0.324205,0.416489,-0.849369,-0.494279,0.382445,-0.780656,-0.465,0.456,0.24,0.508,-0.003
10062,335.467,0.93,1,-0.346343,0.42587,-0.835872,-0.475307,0.396056,-0.785635,-0.469,0.469,0.252,0.517,-0.009
10063,335.5,0.93,1,-0.333752,0.417572,-0.845129,-0.494875,0.389562,-0.77675,-0.472,0.462,0.256,0.515,-0.01
10064,335.534,0.93,1,-0.350617,0.427962,-0.833016,-0.460713,0.395446,-0.794585,-0.462,0.468,0.252,0.509,-0.009
10065,335.567,0.93,1,-0.345581,0.433495,-0.83226,-0.491024,0.381521,-0.783158,-0.478,0.467,0.253,0.51,-0.007
10066,335.601,0.93,1,-0.350848,0.40225,-0.845636,-0.519132,0.306921,-0.797685,-0.487,0.407,0.276,0.529,-0.015
10067,335.634,0.93,1,-0.322605,0.419409,-0.848541,-0.530221,0.37234,-0.761727,-0.487,0.457,0.27,0.514,-0.012
10068,335.667,0.93,1,-0.372442,0.408565,-0.833284,-0.527019,0.306178,-0.792784,-0.505,0.414,0.287,0.537,-0.021
10069,335.701,0.93,1,-0.367759,0.414216,-0.832573,-0.541745,0.307591,-0.782241,-0.513,0.42,0.298,0.538,-0.028
10070,335.734,0.93,1,-0.376756,0.417548,-0.826867,-0.535288,0.310278,-0.785617,-0.515,0.424,0.31,0.55,-0.036
10071,335.767,0.93,1,-0.378013,0.41557,-0.827289,-0.544523,0.304538,-0.781506,-0.521,0.421,0.311,0.544,-0.036
10072,335.801,0.93,1,-0.389423,0.417021,-0.821245,-0.545747,0.306863,-0.779741,-0.529,0.425,0.318,0.552,-0.042
10073,335.834,0.93,1,-0.371342,0.422992,-0.826548,-0.559721,0.321529,-0.763762,-0.53,0.438,0.314,0.543,-0.039
10074,335.867,0.93,1,-0.361785,0.413881,-0.835353,-0.546933,0.289342,-0.785586,-0.511,0.409,0.311,0.544,-0.036
10075,335.901,0.93,1,-0.357324,0.422494,-0.832957,-0.539006,0.293453,-0.78953,-0.505,0.416,0.313,0.545,-0.037
10076,335.934,0.93,1,-0.346249,0.423233,-0.837249,-0.528706,0.30591,-0.791764,-0.493,0.421,0.313,0.545,-0.039
10077,335.967,0.93,1,-0.364998,0.438254,-0.821407,-0.538879,0.295672,-0.788789,-0.512,0.428,0.319,0.548,-0.044
10078,336.001,0.93,1,-0.247792,0.424249,-0.870983,-0.56099,0.286192,-0.776778,-0.456,0.407,0.305,0.543,-0.043
10079,336.034,0.93,1,-0.28713,0.415563,-0.863055,-0.557681,0.29217,-0.776935,-0.476,0.407,0.304,0.549,-0.045
10080,336.067,0.93,1,-0.252912,0.425022,-0.869133,-0.568667,0.303479,-0.764538,-0.466,0.419,0.31,0.551,-0.052
10081,336.101,0.93,1,-0.22759,0.459998,-0.858257,-0.561633,0.335382,-0.756365,-0.455,0.458,0.333,0.555,-0.066
10082,336.134,0.93,1,-0.250119,0.483422,-0.838894,-0.554178,0.3666,-0.747323,-0.469,0.492,0.35,0.571,-0.079
10083,336.167,0.98,1,-0.295803,0.501411,-0.813073,-0.561161,0.389275,-0.730454,-0.507,0.523,0.37,0.59,-0.091
10084,336.201,0.98,1,-0.30575,0.490735,-0.815902,-0.558631,0.393567,-0.730094,-0.51,0.52,0.373,0.589,-0.093
10085,336.234,0.98,1,-0.302025,0.496039,-0.81408,-0.566592,0.392484,-0.724521,-0.514,0.524,0.38,0.592,-0.097
10086,336.267,0.98,1,-0.311559,0.492063,-0.812899,-0.566974,0.390679,-0.725197,-0.519,0.521,0.384,0.588,-0.099
10087,336.301,0.98,1,-0.316665,0.489138,-0.812691,-0.56783,0.389025,-0.725416,-0.522,0.519,0.386,0.585,-0.1
10088,336.334,0.93,1,-0.324972,0.481708,-0.813849,-0.583458,0.384798,-0.715198,-0.536,0.516,0.388,0.584,-0.102
10089,336.367,0.93,1,-0.330397,0.481957,-0.811514,-0.578604,0.39207,-0.715191,-0.537,0.52,0.39,0.581,-0.104
10090,336.401,0.93,1,-0.348204,0.471359,-0.810293,-0.549761,0.397612,-0.734621,-0.527,0.512,0.393,0.579,-0.104
10091,336.434,0.93,1,-0.33403,0.481042,-0.810569,-0.551601,0.395722,-0.734261,-0.521,0.516,0.401,0.58,-0.109
10092,336.467,0.98,1,-0.323645,0.48079,-0.81492,-0.549302,0.398383,-0.734546,-0.513,0.516,0.403,0.572,-0.111
10093,336.501,0.93,1,-0.334804,0.475744,-0.813372,-0.562497,0.389106,-0.729517,-0.527,0.511,0.402,0.572,-0.111
10094,336.534,0.93,1,-0.323773,0.469492,-0.821431,-0.566468,0.389736,-0.726099,-0.522,0.507,0.398,0.567,-0.109
10095,336.567,0.93,1,-0.328028,0.469772,-0.81958,-0.556148,0.395727,-0.730821,-0.518,0.509,0.404,0.57,-0.112
10096,336.601,0.93,1,-0.321188,0.46957,-0.8224,-0.552475,0.393872,-0.7346,-0.511,0.506,0.405,0.567,-0.109
10097,336.634,0.93,1,-0.321334,0.483045,-0.814501,-0.55561,0.409949,-0.723352,-0.518,0.526,0.413,0.571,-0.11
10098,336.668,0.93,1,-0.324656,0.480048,-0.814955,-0.568558,0.38692,-0.725971,-0.525,0.512,0.407,0.563,-0.105
10099,336.701,0.93,1,-0.313421,0.478286,-0.820372,-0.566906,0.382168,-0.729771,-0.516,0.507,0.406,0.562,-0.102
10100,336.734,0.93,1,-0.303898,0.494815,-0.814127,-0.567611,0.386297,-0.727044,-0.515,0.519,0.407,0.561,-0.099
10101,336.768,0.93,1,-0.304117,0.489069,-0.817511,-0.565642,0.382522,-0.730565,-0.512,0.513,0.406,0.558,-0.096
10102,336.801,0.93,1,-0.295251,0.489443,-0.820532,-0.532868,0.398057,-0.746728,-0.486,0.515,0.409,0.558,-0.094
10103,336.834,0.93,1,-0.306748,0.482504,-0.820424,-0.558835,0.389498,-0.732116,-0.509,0.512,0.413,0.566,-0.093
10104,336.868,0.93,1,-0.300475,0.487453,-0.81982,-0.576591,0.3856,-0.720316,-0.518,0.516,0.417,0.564,-0.094
10105,336.901,0.93,1,-0.300887,0.486551,-0.820204,-0.57733,0.389611,-0.717561,-0.519,0.518,0.415,0.563,-0.089
10106,336.934,0.93,1,-0.301486,0.49682,-0.813804,-0.548889,0.39064,-0.739,-0.501,0.519,0.417,0.564,-0.087
10107,336.968,0.93,1,-0.301063,0.494885,-0.815138,-0.568977,0.387262,-0.72546,-0.514,0.52,0.414,0.564,-0.081
10108,337.001,0.93,1,-0.276191,0.497372,-0.822398,-0.558581,0.395854,-0.728894,-0.494,0.522,0.415,0.566,-0.076
10109,337.034,0.93,1,-0.278482,0.501681,-0.819002,-0.565858,0.394345,-0.724083,-0.501,0.526,0.416,0.565,-0.071
10110,337.068,0.93,1,-0.286454,0.493243,-0.821374,-0.561861,0.396279,-0.726137,-0.501,0.522,0.413,0.567,-0.067
10111,337.101,0.98,1,-0.264763,0.510667,-0.817997,-0.5094,0.407009,-0.758192,-0.457,0.527,0.414,0.555,-0.06
10112,337.134,0.93,1,-0.236287,0.55435,-0.798038,-0.423917,0.493194,-0.759641,-0.401,0.592,0.375,0.499,-0.037
10113,337.168,0.93,1,-0.270312,0.515951,-0.81285,-0.406618,0.524773,-0.747847,-0.409,0.588,0.356,0.476,-0.026
10114,337.201,0.98,1,-0.266145,0.491589,-0.829161,-0.394032,0.51843,-0.758927,-0.394,0.566,0.335,0.447,-0.012
10115,337.234,0.98,1,-0.236815,0.495597,-0.835645,-0.371862,0.547845,-0.74939,-0.367,0.582,0.32,0.426,-0.0
10116,337.268,0.98,1,-0.223499,0.493344,-0.840631,-0.399021,0.52761,-0.74994,-0.373,0.571,0.316,0.418,0.003
10117,337.301,0.98,1,-0.229563,0.481001,-0.846132,-0.420127,0.512665,-0.748777,-0.387,0.557,0.317,0.415,0.007
10118,337.334,0.98,1,-0.238094,0.486996,-0.840325,-0.462509,0.50227,-0.730623,-0.42,0.562,0.314,0.415,0.012
10119,337.368,0.98,1,-0.240643,0.4815,-0.842763,-0.468845,0.478068,-0.742722,-0.421,0.544,0.309,0.414,0.018
10120,337.401,0.98,1,-0.242486,0.488716,-0.838067,-0.487053,0.484667,-0.726551,-0.436,0.557,0.308,0.418,0.019
10121,337.434,0.98,1,-0.221818,0.496523,-0.839203,-0.48148,0.491958,-0.725365,-0.422,0.563,0.301,0.419,0.024
10122,337.468,0.98,1,-0.198123,0.491823,-0.847854,-0.412473,0.462898,-0.784596,-0.358,0.529,0.293,0.414,0.029
10123,337.501,0.93,1,-0.192792,0.504191,-0.841798,-0.415162,0.498461,-0.761036,-0.363,0.559,0.281,0.381,0.033
10124,337.534,0.93,1,-0.174811,0.491535,-0.853132,-0.408054,0.478552,-0.777483,-0.343,0.537,0.263,0.355,0.034
10125,337.568,0.93,1,-0.171281,0.494318,-0.85224,-0.39718,0.462626,-0.792606,-0.333,0.527,0.258,0.339,0.033
10126,337.601,0.93,1,-0.138147,0.498639,-0.85573,-0.397981,0.467101,-0.789574,-0.315,0.531,0.261,0.33,0.03
10127,337.634,0.98,1,-0.133677,0.50659,-0.851761,-0.404786,0.451608,-0.795109,-0.316,0.527,0.26,0.324,0.031
10128,337.668,0.98,1,-0.137122,0.492459,-0.859466,-0.410368,0.463361,-0.785427,-0.321,0.526,0.26,0.322,0.027
10129,337.701,0.98,1,-0.13926,0.475931,-0.868387,-0.415568,0.454827,-0.787678,-0.323,0.512,0.261,0.324,0.025
10130,337.734,0.98,1,-0.148829,0.476535,-0.866467,-0.409162,0.442494,-0.797988,-0.323,0.504,0.263,0.327,0.025
10131,337.768,0.98,1,-0.144037,0.483357,-0.863493,-0.411803,0.448909,-0.793031,-0.324,0.513,0.262,0.33,0.025
10132,337.801,0.98,1,-0.19992,0.497647,-0.844025,-0.400541,0.482868,-0.77872,-0.354,0.544,0.265,0.333,0.024
10133,337.835,0.98,1,-0.277297,0.508006,-0.815498,-0.409559,0.481015,-0.775169,-0.408,0.556,0.269,0.345,0.017
10134,337.868,0.98,1,-0.296914,0.500915,-0.812974,-0.447199,0.504404,-0.738641,-0.447,0.575,0.267,0.364,0.015
10135,337.901,0.98,1,-0.317169,0.47264,-0.822201,-0.457796,0.524305,-0.718002,-0.466,0.574,0.27,0.391,0.013
10136,337.935,0.98,1,-0.314663,0.506144,-0.802998,-0.476684,0.504502,-0.719896,-0.479,0.586,0.281,0.43,0.011
10137,337.968,0.98,1,-0.318844,0.493301,-0.809316,-0.48569,0.497435,-0.718794,-0.485,0.575,0.281,0.455,0.014
10138,338.001,0.98,1,-0.35419,0.489786,-0.796655,-0.485659,0.521174,-0.701792,-0.511,0.594,0.288,0.478,0.01
10139,338.035,0.98,1,-0.365184,0.472888,-0.801884,-0.503704,0.498913,-0.705243,-0.523,0.573,0.291,0.493,0.005
10140,338.068,0.98,1,-0.371595,0.469646,-0.800843,-0.521862,0.457271,-0.720113,-0.531,0.547,0.298,0.506,-0.003
10141,338.101,0.98,1,-0.367497,0.459382,-0.80865,-0.521321,0.438176,-0.732275,-0.523,0.527,0.303,0.506,-0.011
10142,338.135,0.98,1,-0.366666,0.455144,-0.811419,-0.510398,0.450253,-0.732643,-0.517,0.53,0.31,0.507,-0.016
10143,338.168,0.98,1,-0.366221,0.452506,-0.813093,-0.51419,0.443187,-0.734298,-0.517,0.525,0.315,0.509,-0.025
10144,338.201,0.98,1,-0.364737,0.454105,-0.812869,-0.534074,0.43303,-0.726119,-0.529,0.523,0.323,0.512,-0.034
10145,338.235,0.98,1,-0.368141,0.452881,-0.812017,-0.526405,0.474679,-0.705392,-0.533,0.549,0.335,0.512,-0.046
10146,338.268,0.98,1,-0.373576,0.448956,-0.811714,-0.509929,0.479517,-0.714168,-0.525,0.547,0.346,0.507,-0.058
10147,338.301,0.98,1,-0.384468,0.446699,-0.807864,-0.53344,0.458984,-0.710475,-0.544,0.538,0.357,0.509,-0.074
10148,338.335,0.98,1,-0.472587,0.332186,-0.81628,-0.536387,0.441283,-0.719415,-0.581,0.467,0.364,0.507,-0.085
10149,338.368,0.98,1,-0.481911,0.301523,-0.822706,-0.536535,0.426995,-0.727878,-0.581,0.439,0.372,0.507,-0.097
10150,338.401,0.98,1,-0.481667,0.279105,-0.830721,-0.531614,0.43314,-0.727858,-0.576,0.429,0.378,0.504,-0.109
10151,338.435,0.98,1,-0.490135,0.278627,-0.825915,-0.533067,0.431536,-0.727747,-0.582,0.429,0.386,0.504,-0.121
10152,338.468,0.93,1,-0.476417,0.285968,-0.831414,-0.524219,0.439819,-0.729214,-0.57,0.435,0.399,0.498,-0.134
10153,338.501,0.93,1,-0.473574,0.297958,-0.828823,-0.52376,0.452764,-0.721582,-0.572,0.451,0.412,0.496,-0.147
10154,338.535,0.93,1,-0.463935,0.312692,-0.828848,-0.523081,0.451507,-0.722861,-0.567,0.458,0.429,0.493,-0.16
10155,338.568,0.93,1,-0.45628,0.322093,-0.829496,-0.510612,0.457048,-0.728273,-0.555,0.464,0.438,0.483,-0.168
10156,338.601,0.93,1,-0.453056,0.32292,-0.830941,-0.502742,0.474032,-0.722872,-0.551,0.474,0.447,0.477,-0.177
10157,338.635,0.93,1,-0.451991,0.323114,-0.831445,-0.499988,0.478617,-0.72176,-0.55,0.477,0.455,0.474,-0.183
10158,338.668,0.93,1,-0.430751,0.337287,-0.837073,-0.430485,0.551678,-0.714376,-0.507,0.52,0.456,0.461,-0.189
10159,338.701,0.93,1,-0.437724,0.380636,-0.814564,-0.420452,0.580356,-0.697429,-0.516,0.566,0.463,0.456,-0.196
10160,338.735,0.93,1,-0.419124,0.423378,-0.803172,-0.430328,0.608112,-0.667096,-0.524,0.612,0.465,0.446,-0.199
10161,338.768,0.93,1,-0.40267,0.435845,-0.804919,-0.423231,0.61037,-0.66957,-0.511,0.617,0.463,0.437,-0.2
10162,338.801,0.93,1,-0.36895,0.452273,-0.811988,-0.433031,0.605237,-0.667962,-0.497,0.62,0.464,0.429,-0.201
10163,338.835,0.93,1,-0.346178,0.468436,-0.812852,-0.425309,0.601555,-0.676199,-0.478,0.623,0.458,0.425,-0.2
10164,338.868,0.93,1,-0.251203,0.488764,-0.835468,-0.431611,0.605152,-0.668957,-0.426,0.629,0.465,0.421,-0.204
10165,338.902,0.93,1,-0.238693,0.486292,-0.840563,-0.424178,0.600657,-0.677705,-0.412,0.621,0.459,0.415,-0.203
10166,338.935,0.93,1,-0.251032,0.487621,-0.836187,-0.43731,0.598774,-0.670992,-0.428,0.625,0.459,0.411,-0.205
10167,338.968,0.93,1,-0.300975,0.484297,-0.821505,-0.435184,0.598789,-0.672359,-0.458,0.627,0.46,0.408,-0.207
10168,339.002,0.93,1,-0.338988,0.471816,-0.813927,-0.423078,0.591304,-0.68656,-0.47,0.616,0.464,0.409,-0.208
10169,339.035,0.93,1,-0.334049,0.46934,-0.817393,-0.423128,0.595693,-0.682724,-0.467,0.617,0.46,0.409,-0.207
10170,339.068,0.93,1,-0.230799,0.495505,-0.837381,-0.419702,0.590164,-0.689606,-0.403,0.618,0.453,0.407,-0.203
10171,339.102,0.93,1,-0.203407,0.507088,-0.837548,-0.414224,0.590041,-0.693015,-0.384,0.622,0.452,0.408,-0.201
10172,339.135,0.93,1,-0.212091,0.507555,-0.835108,-0.412996,0.58767,-0.695757,-0.388,0.621,0.445,0.407,-0.198
10173,339.168,0.93,1,-0.227724,0.510386,-0.829245,-0.407404,0.585755,-0.700652,-0.393,0.622,0.442,0.409,-0.196
10174,339.202,0.93,1,-0.301151,0.50219,-0.810625,-0.40771,0.586548,-0.69981,-0.439,0.625,0.437,0.414,-0.194
10175,339.235,0.93,1,-0.328352,0.489176,-0.808017,-0.419522,0.586483,-0.692849,-0.462,0.622,0.429,0.415,-0.191
10176,339.268,0.93,1,-0.326107,0.497054,-0.80411,-0.422177,0.589281,-0.68885,-0.465,0.629,0.432,0.428,-0.191
10177,339.302,0.93,1,-0.340223,0.477843,-0.809886,-0.434398,0.570468,-0.69704,-0.475,0.608,0.426,0.438,-0.186
10178,339.335,0.93,1,-0.353093,0.465572,-0.811522,-0.425134,0.562736,-0.708935,-0.473,0.595,0.423,0.445,-0.182
10179,339.368,0.93,1,-0.361661,0.455078,-0.813699,-0.44435,0.549096,-0.707847,-0.487,0.583,0.419,0.456,-0.178
10180,339.402,0.93,1,-0.335186,0.453478,-0.825838,-0.434313,0.53451,-0.725032,-0.461,0.567,0.392,0.452,-0.162
10181,339.435,0.93,1,-0.253366,0.442405,-0.860281,-0.468236,0.495057,-0.731897,-0.426,0.532,0.389,0.464,-0.154
10182,339.468,0.93,1,-0.257958,0.44996,-0.854982,-0.467619,0.503465,-0.726537,-0.43,0.543,0.373,0.46,-0.144
10183,339.502,0.93,1,-0.271781,0.448271,-0.851579,-0.473093,0.497328,-0.727219,-0.441,0.54,0.37,0.465,-0.139
10184,339.535,0.93,1,-0.283952,0.445147,-0.849244,-0.477883,0.479003,-0.736331,-0.448,0.528,0.376,0.478,-0.139
10185,339.568,0.93,1,-0.281337,0.447968,-0.848631,-0.49593,0.472735,-0.728406,-0.458,0.528,0.383,0.484,-0.139
10186,339.602,0.93,1,-0.269725,0.427639,-0.862771,-0.499089,0.464282,-0.731678,-0.449,0.51,0.394,0.495,-0.142
10187,339.635,0.93,1,-0.278629,0.429917,-0.8588,-0.515589,0.445077,-0.732171,-0.463,0.503,0.385,0.5,-0.135
10188,339.668,0.93,1,-0.294958,0.449852,-0.842991,-0.517845,0.451476,-0.726641,-0.478,0.521,0.393,0.509,-0.133
10189,339.702,0.93,1,-0.36228,0.480397,-0.798731,-0.518292,0.457625,-0.722463,-0.525,0.553,0.395,0.514,-0.129
10190,339.735,0.93,1,-0.362128,0.470798,-0.804495,-0.538058,0.422064,-0.729627,-0.531,0.527,0.389,0.518,-0.122
10191,339.768,0.93,1,-0.374099,0.482295,-0.792112,-0.528426,0.439212,-0.726539,-0.536,0.545,0.392,0.521,-0.118
10192,339.802,0.93,1,-0.275448,0.46139,-0.843355,-0.500951,0.485227,-0.716661,-0.462,0.545,0.376,0.512,-0.108
10193,339.835,0.93,1,-0.297364,0.466665,-0.832946,-0.479689,0.520727,-0.706217,-0.468,0.57,0.343,0.484,-0.089
10194,339.868,0.93,1,-0.289363,0.463327,-0.837614,-0.464847,0.531328,-0.708243,-0.454,0.572,0.34,0.483,-0.082
10195,339.902,0.93,1,-0.312537,0.45297,-0.834949,-0.461357,0.537065,-0.706194,-0.465,0.571,0.343,0.488,-0.08
10196,339.935,0.93,1,-0.302299,0.451163,-0.839683,-0.459843,0.539009,-0.705701,-0.458,0.57,0.338,0.489,-0.074
10197,339.968,0.93,1,-0.303781,0.451607,-0.838909,-0.47444,0.536851,-0.697637,-0.469,0.572,0.336,0.489,-0.066
10198,340.002,0.93,1,-0.320222,0.4576,-0.829494,-0.482645,0.534071,-0.694134,-0.485,0.577,0.338,0.492,-0.06
10199,340.035,0.93,1,-0.330038,0.459895,-0.824362,-0.480797,0.531463,-0.69741,-0.49,0.577,0.338,0.494,-0.055
10200,340.069,0.93,1,-0.335149,0.450776,-0.827331,-0.49154,0.522441,-0.696738,-0.497,0.568,0.338,0.494,-0.052
10201,340.102,0.93,1,-0.340335,0.451896,-0.824598,-0.505079,0.517286,-0.690877,-0.509,0.569,0.34,0.5,-0.049
10202,340.135,0.93,1,-0.353965,0.452526,-0.818492,-0.495739,0.508904,-0.703746,-0.509,0.563,0.34,0.506,-0.046
10203,340.169,0.93,1,-0.394879,0.414817,-0.819754,-0.516725,0.485112,-0.705451,-0.539,0.533,0.336,0.507,-0.038
10204,340.202,0.93,1,-0.504501,0.30254,-0.808671,-0.530665,0.456157,-0.714363,-0.597,0.462,0.333,0.516,-0.031
10205,340.235,0.93,1,-0.492409,0.295595,-0.818631,-0.555448,0.45406,-0.69664,-0.605,0.459,0.335,0.528,-0.025
10206,340.269,0.93,1,-0.482355,0.288933,-0.826953,-0.562766,0.438105,-0.70097,-0.6,0.444,0.334,0.53,-0.016
10207,340.302,0.93,1,-0.49339,0.295321,-0.818139,-0.563009,0.437747,-0.700998,-0.608,0.45,0.328,0.535,-0.008
10208,340.335,0.93,1,-0.496409,0.283449,-0.820509,-0.55491,0.420517,-0.717802,-0.6,0.429,0.318,0.534,0.002
10209,340.369,0.93,1,-0.480453,0.304645,-0.822409,-0.532533,0.43356,-0.726935,-0.579,0.445,0.311,0.524,0.007
10210,340.402,0.98,1,-0.454236,0.357623,-0.81595,-0.531582,0.435854,-0.726259,-0.569,0.475,0.317,0.531,0.002
10211,340.435,0.98,1,-0.470151,0.334733,-0.816647,-0.534801,0.427448,-0.728887,-0.577,0.458,0.312,0.531,0.003
10212,340.469,0.93,1,-0.442109,0.372167,-0.816107,-0.544287,0.415709,-0.728655,-0.568,0.472,0.302,0.528,0.01
10213,340.502,0.93,1,-0.435111,0.385787,-0.813539,-0.562619,0.415252,-0.71486,-0.578,0.483,0.305,0.538,0.01
10214,340.535,0.93,1,-0.483663,0.316101,-0.816181,-0.548335,0.415788,-0.725568,-0.59,0.443,0.301,0.531,0.013
10215,340.569,0.98,1,-0.425442,0.387138,-0.818,-0.562668,0.408907,-0.718471,-0.572,0.478,0.295,0.533,0.018
10216,340.602,0.93,1,-0.430956,0.37801,-0.819381,-0.556729,0.404003,-0.725834,-0.569,0.469,0.293,0.533,0.021
10217,340.635,0.93,1,-0.436185,0.379717,-0.815817,-0.548747,0.400895,-0.733594,-0.566,0.467,0.287,0.537,0.026
10218,340.669,0.93,1,-0.513214,0.287849,-0.808551,-0.53862,0.412308,-0.734773,-0.598,0.426,0.293,0.543,0.025
10219,340.702,0.98,1,-0.508265,0.314715,-0.801636,-0.54844,0.418859,-0.72372,-0.606,0.448,0.293,0.549,0.024
10220,340.735,0.93,1,-0.439997,0.42596,-0.790545,-0.571045,0.394885,-0.719704,-0.59,0.498,0.286,0.558,0.026
10221,340.769,0.93,1,-0.44364,0.413936,-0.794884,-0.549637,0.46494,-0.694068,-0.588,0.533,0.288,0.562,0.022
10222,340.802,0.93,1,-0.427679,0.420628,-0.800101,-0.56963,0.387789,-0.724667,-0.579,0.488,0.283,0.565,0.026
10223,340.835,0.93,1,-0.428124,0.413323,-0.803663,-0.576742,0.399156,-0.712771,-0.585,0.492,0.288,0.569,0.022
10224,340.869,0.93,1,-0.432261,0.410592,-0.802848,-0.571428,0.423362,-0.703018,-0.588,0.506,0.292,0.571,0.02
10225,340.902,0.93,1,-0.53347,0.34157,-0.773782,-0.57806,0.451182,-0.679913,-0.653,0.499,0.296,0.58,0.017
10226,340.935,0.93,1,-0.4542,0.396378,-0.797864,-0.583884,0.450646,-0.675276,-0.614,0.522,0.293,0.574,0.019
10227,340.969,0.93,1,-0.45025,0.390545,-0.802963,-0.593145,0.439838,-0.674331,-0.615,0.512,0.294,0.577,0.019
10228,341.002,0.93,1,-0.532671,0.331987,-0.778489,-0.586461,0.423162,-0.690651,-0.651,0.475,0.296,0.584,0.019
10229,341.035,0.93,1,-0.538189,0.320178,-0.77964,-0.57969,0.485458,-0.654438,-0.662,0.512,0.298,0.584,0.018
10230,341.069,0.93,1,-0.532813,0.346447,-0.772065,-0.583135,0.477515,-0.657216,-0.663,0.523,0.295,0.581,0.02
10231,341.102,0.93,1,-0.53751,0.319469,-0.780399,-0.579388,0.487062,-0.653514,-0.662,0.512,0.295,0.581,0.019
10232,341.136,0.93,1,-0.532087,0.332909,-0.778496,-0.584863,0.492341,-0.644621,-0.665,0.526,0.299,0.584,0.017
10233,341.169,0.93,1,-0.432915,0.406763,-0.804443,-0.579553,0.488122,-0.652576,-0.607,0.551,0.294,0.579,0.018
10234,341.202,0.93,1,-0.535617,0.346779,-0.769973,-0.582745,0.492722,-0.646246,-0.668,0.535,0.298,0.586,0.015
10235,341.236,0.93,1,-0.542746,0.309565,-0.780767,-0.579268,0.494704,-0.647856,-0.666,0.513,0.294,0.587,0.017
10236,341.269,0.93,1,-0.447657,0.431222,-0.783359,-0.592878,0.489454,-0.639477,-0.631,0.574,0.29,0.584,0.02
10237,341.302,0.93,1,-0.35039,0.477434,-0.805781,-0.552329,0.464334,-0.692334,-0.542,0.561,0.298,0.598,0.016
10238,341.336,0.93,1,-0.373271,0.478432,-0.794841,-0.569799,0.496449,-0.65488,-0.577,0.592,0.307,0.617,0.015
10239,341.369,0.98,1,-0.347474,0.402394,-0.84696,-0.552307,0.518197,-0.653016,-0.54,0.55,0.307,0.608,0.018
10247,341.636,0.98,1,-0.3429,0.40893,-0.845693,-0.503973,0.431493,-0.748214,-0.488,0.485,0.297,0.458,0.029
10248,341.669,0.98,1,-0.41424,0.375718,-0.829,-0.510039,0.431,-0.744378,-0.531,0.474,0.304,0.465,0.025
10249,341.702,0.98,1,-0.455427,0.323882,-0.829269,-0.496117,0.431931,-0.753196,-0.541,0.446,0.303,0.466,0.025
10250,341.736,0.98,1,-0.457918,0.329985,-0.825483,-0.49791,0.445353,-0.744142,-0.547,0.459,0.302,0.469,0.025
10251,341.769,0.98,1,-0.314608,0.452718,-0.834307,-0.478686,0.438434,-0.76068,-0.462,0.51,0.3,0.464,0.027
10252,341.802,0.98,1,-0.29307,0.451137,-0.842962,-0.484666,0.447782,-0.751392,-0.454,0.513,0.303,0.46,0.025
10253,341.836,0.98,1,-0.279817,0.452074,-0.846954,-0.48718,0.431494,-0.759255,-0.446,0.503,0.298,0.456,0.029
10254,341.869,0.98,1,-0.274489,0.452357,-0.848545,-0.485208,0.439072,-0.756167,-0.442,0.507,0.298,0.456,0.029
10255,341.902,0.98,1,-0.272016,0.449073,-0.851082,-0.488605,0.431006,-0.758617,-0.441,0.5,0.297,0.454,0.029
10256,341.936,0.98,1,-0.276295,0.45602,-0.845995,-0.486508,0.442372,-0.753404,-0.445,0.512,0.303,0.457,0.024
10257,341.969,0.98,1,-0.272348,0.461015,-0.844566,-0.48542,0.437436,-0.756979,-0.442,0.511,0.306,0.456,0.022
10258,342.002,0.98,1,-0.27018,0.459327,-0.84618,-0.4772,0.436481,-0.762735,-0.435,0.508,0.309,0.453,0.018
10259,342.036,0.98,1,-0.261982,0.462559,-0.846997,-0.478257,0.44325,-0.758156,-0.432,0.514,0.309,0.448,0.017
10260,342.069,0.98,1,-0.259596,0.464864,-0.84647,-0.479346,0.449415,-0.753826,-0.433,0.519,0.314,0.447,0.013
10261,342.102,0.98,1,-0.291866,0.476156,-0.829511,-0.48674,0.479446,-0.730216,-0.463,0.55,0.318,0.445,0.011
10262,342.136,0.98,1,-0.322904,0.471208,-0.82079,-0.492236,0.467845,-0.734047,-0.483,0.543,0.321,0.448,0.007
10263,342.169,0.98,1,-0.328649,0.466629,-0.821125,-0.507988,0.455069,-0.731341,-0.494,0.536,0.324,0.459,0.003
10264,342.202,0.93,1,-0.33573,0.467517,-0.817749,-0.5215,0.41868,-0.743468,-0.502,0.516,0.325,0.466,-0.0
10265,342.236,0.93,1,-0.345511,0.463449,-0.815988,-0.531123,0.428533,-0.730936,-0.516,0.523,0.326,0.478,-0.001
10266,342.269,0.93,1,-0.357091,0.456705,-0.814805,-0.519444,0.441579,-0.731564,-0.516,0.526,0.324,0.487,-0.001
10267,342.303,0.93,1,-0.357809,0.444257,-0.821345,-0.51686,0.43611,-0.736657,-0.512,0.514,0.323,0.493,-0.0
10268,342.336,0.93,1,-0.363776,0.436029,-0.823132,-0.511173,0.437864,-0.739579,-0.51,0.51,0.323,0.494,-0.001
10269,342.369,0.93,1,-0.378555,0.436375,-0.816255,-0.51277,0.439549,-0.737471,-0.521,0.513,0.322,0.5,-0.003
10270,342.403,0.93,1,-0.386141,0.440864,-0.810268,-0.515149,0.443989,-0.733141,-0.529,0.521,0.325,0.503,-0.003
10271,342.436,0.93,1,-0.393468,0.440348,-0.807017,-0.506414,0.472146,-0.721542,-0.532,0.538,0.329,0.51,-0.006
10272,342.469,0.93,1,-0.398969,0.439586,-0.804729,-0.510779,0.478159,-0.714471,-0.54,0.543,0.332,0.514,-0.008
10273,342.503,0.93,1,-0.485861,0.373482,-0.790222,-0.501242,0.485158,-0.716505,-0.58,0.518,0.336,0.516,-0.009
10274,342.536,0.93,1,-0.441806,0.413988,-0.795878,-0.508559,0.485268,-0.711255,-0.563,0.538,0.338,0.517,-0.011
10275,342.569,0.98,1,-0.52517,0.286726,-0.80124,-0.569726,0.398337,-0.718846,-0.624,0.423,0.348,0.528,-0.013
10320,344.07,0.98,1,-0.220484,0.43334,-0.873844,-0.412372,0.417226,-0.809859,-0.36,0.468,0.27,0.326,0.016
10321,344.103,0.98,1,-0.230471,0.512269,-0.827323,-0.424904,0.408656,-0.807748,-0.381,0.513,0.28,0.343,0.014
10322,344.136,0.98,1,-0.24581,0.500178,-0.830301,-0.453249,0.448678,-0.770229,-0.412,0.535,0.27,0.355,0.018
10323,344.17,0.98,1,-0.261286,0.489524,-0.831923,-0.464119,0.432311,-0.773111,-0.424,0.521,0.272,0.37,0.018
10324,344.203,0.98,1,-0.266211,0.472921,-0.839927,-0.480493,0.40557,-0.777586,-0.432,0.498,0.271,0.387,0.02
10325,344.236,0.98,1,-0.253303,0.486811,-0.835974,-0.463064,0.428296,-0.775973,-0.418,0.516,0.276,0.403,0.026
10326,344.27,0.98,1,-0.267051,0.48097,-0.835076,-0.47199,0.430431,-0.769386,-0.432,0.517,0.274,0.414,0.031
10327,344.303,0.98,1,-0.259506,0.486748,-0.834106,-0.475709,0.422183,-0.771663,-0.429,0.515,0.277,0.424,0.036
10328,344.336,0.98,1,-0.266736,0.487357,-0.831465,-0.50722,0.489491,-0.709314,-0.465,0.565,0.281,0.431,0.039
10329,344.37,0.98,1,-0.254728,0.47955,-0.839729,-0.473213,0.451188,-0.756636,-0.428,0.528,0.276,0.436,0.044
10330,344.403,0.98,1,-0.264013,0.474633,-0.839655,-0.489234,0.484956,-0.724892,-0.449,0.55,0.278,0.439,0.046
10331,344.436,0.98,1,-0.273206,0.47534,-0.836308,-0.514344,0.479657,-0.7109,-0.471,0.553,0.279,0.445,0.048
10332,344.47,0.98,1,-0.331612,0.473183,-0.816169,-0.507623,0.41543,-0.754809,-0.491,0.515,0.277,0.449,0.051
10333,344.503,0.98,1,-0.347897,0.465853,-0.813602,-0.538928,0.387603,-0.747877,-0.517,0.5,0.275,0.46,0.053
10334,344.537,0.98,1,-0.357482,0.465616,-0.809573,-0.531632,0.400394,-0.746359,-0.519,0.508,0.279,0.478,0.052
10335,344.57,0.98,1,-0.375596,0.4587,-0.805308,-0.522368,0.460353,-0.717779,-0.533,0.543,0.288,0.501,0.051
10336,344.603,0.98,1,-0.391889,0.46254,-0.795286,-0.529981,0.437674,-0.726335,-0.545,0.534,0.3,0.529,0.052
10337,344.637,0.98,1,-0.401435,0.460632,-0.791624,-0.551685,0.500979,-0.666831,-0.579,0.583,0.305,0.544,0.055
10338,344.67,0.98,1,-0.421627,0.458389,-0.782374,-0.550048,0.502164,-0.667292,-0.59,0.585,0.31,0.561,0.059
10339,344.703,0.93,1,-0.422121,0.455971,-0.783521,-0.575077,0.498241,-0.648878,-0.608,0.588,0.31,0.568,0.065
10340,344.737,0.93,1,-0.458599,0.425003,-0.780423,-0.577219,0.498943,-0.646432,-0.628,0.575,0.312,0.577,0.069
10341,344.77,0.98,1,-0.508843,0.386604,-0.769166,-0.589154,0.498484,-0.635934,-0.663,0.562,0.318,0.592,0.07
10342,344.803,0.98,1,-0.547513,0.311808,-0.776534,-0.582167,0.503745,-0.638218,-0.674,0.523,0.322,0.593,0.072
10343,344.837,0.98,1,-0.555011,0.313026,-0.770699,-0.589454,0.500008,-0.634457,-0.684,0.525,0.328,0.601,0.071
10344,344.87,0.93,1,-0.557461,0.33343,-0.760304,-0.596717,0.503333,-0.624967,-0.695,0.543,0.334,0.602,0.071
10345,344.903,0.93,1,-0.555794,0.329116,-0.763398,-0.597665,0.502027,-0.625112,-0.693,0.539,0.333,0.6,0.072
10346,344.937,0.93,1,-0.551818,0.32935,-0.766176,-0.604749,0.502749,-0.617675,-0.696,0.541,0.341,0.604,0.068
10347,344.97,0.93,1,-0.560704,0.326307,-0.761009,-0.600642,0.506984,-0.618221,-0.7,0.543,0.345,0.606,0.064
10348,345.003,0.93,1,-0.549962,0.324294,-0.769659,-0.603913,0.512543,-0.6104,-0.696,0.545,0.355,0.613,0.055
10349,345.037,0.93,1,-0.549737,0.318936,-0.772055,-0.600568,0.509565,-0.616167,-0.692,0.538,0.355,0.611,0.053
10350,345.07,0.93,1,-0.554192,0.319646,-0.768568,-0.593373,0.504922,-0.626867,-0.688,0.534,0.349,0.605,0.055
10351,345.103,0.93,1,-0.557649,0.323559,-0.764419,-0.604767,0.498418,-0.621157,-0.698,0.535,0.35,0.602,0.053
10352,345.137,0.93,1,-0.560196,0.32398,-0.762376,-0.607292,0.503375,-0.614663,-0.703,0.541,0.349,0.6,0.054
10353,345.17,0.93,1,-0.553816,0.316126,-0.770294,-0.603256,0.503166,-0.618794,-0.695,0.533,0.352,0.598,0.053
10354,345.203,0.93,1,-0.55487,0.308876,-0.772473,-0.592334,0.50875,-0.624752,-0.687,0.529,0.35,0.595,0.055
10355,345.237,0.93,1,-0.552907,0.327514,-0.766178,-0.597729,0.447463,-0.665204,-0.677,0.496,0.351,0.598,0.054
10356,345.27,0.93,1,-0.527449,0.354263,-0.772201,-0.601711,0.500858,-0.622161,-0.681,0.55,0.351,0.593,0.053
10357,345.303,0.93,1,-0.535257,0.352916,-0.767431,-0.609467,0.49283,-0.621022,-0.689,0.547,0.354,0.592,0.051
10358,345.337,0.93,1,-0.536126,0.341559,-0.77195,-0.602484,0.508523,-0.615156,-0.687,0.55,0.354,0.589,0.049
10359,345.37,0.93,1,-0.540665,0.337552,-0.770545,-0.596564,0.513545,-0.616752,-0.687,0.55,0.355,0.593,0.046
10360,345.403,0.93,1,-0.522309,0.35523,-0.775245,-0.594599,0.513337,-0.618819,-0.675,0.557,0.354,0.594,0.046
10361,345.437,0.93,1,-0.546253,0.34233,-0.764472,-0.604125,0.498337,-0.621846,-0.693,0.545,0.354,0.592,0.05
10362,345.47,0.93,1,-0.559702,0.328343,-0.760871,-0.596601,0.512461,-0.617617,-0.698,0.548,0.359,0.603,0.046
10363,345.503,0.93,1,-0.544514,0.33525,-0.768838,-0.592836,0.50716,-0.625566,-0.684,0.543,0.35,0.597,0.05
10364,345.537,0.93,1,-0.557066,0.325447,-0.764043,-0.599526,0.508287,-0.618233,-0.697,0.543,0.351,0.6,0.049
10365,345.57,0.93,1,-0.567752,0.320394,-0.758292,-0.601619,0.50451,-0.619293,-0.704,0.54,0.351,0.604,0.047
10366,345.604,0.93,1,-0.507797,0.409894,-0.757713,-0.60126,0.504392,-0.619738,-0.678,0.586,0.345,0.598,0.049
10367,345.637,0.98,1,-0.464042,0.429045,-0.774974,-0.594047,0.495007,-0.634094,-0.644,0.58,0.335,0.593,0.053
10368,345.67,0.98,1,-0.447781,0.421056,-0.788799,-0.59954,0.488008,-0.63435,-0.634,0.568,0.331,0.589,0.055
10369,345.704,0.98,1,-0.437598,0.437137,-0.785761,-0.587298,0.500547,-0.63603,-0.625,0.583,0.326,0.591,0.055
10370,345.737,0.98,1,-0.433225,0.436829,-0.788351,-0.588695,0.497376,-0.637224,-0.622,0.58,0.323,0.588,0.055
10371,345.77,0.98,1,-0.430119,0.437451,-0.789705,-0.597446,0.488271,-0.63612,-0.624,0.576,0.316,0.58,0.057
10372,345.804,0.98,1,-0.397916,0.421668,-0.814776,-0.58552,0.457045,-0.669534,-0.585,0.535,0.305,0.562,0.061
10373,345.837,0.98,1,-0.487645,0.293493,-0.822232,-0.568363,0.384224,-0.727554,-0.598,0.412,0.301,0.552,0.059
10374,345.87,0.98,1,-0.36651,0.313345,-0.876062,-0.522717,0.435047,-0.733144,-0.505,0.435,0.304,0.535,0.051
10375,345.904,0.98,1,-0.241455,0.296725,-0.923934,-0.474079,0.48431,-0.735318,-0.407,0.44,0.304,0.482,0.049
10376,345.937,0.98,1,-0.188784,0.307485,-0.932638,-0.432525,0.479763,-0.76338,-0.351,0.435,0.302,0.405,0.042
10377,345.97,0.98,1,-0.139214,0.375445,-0.91633,-0.389927,0.459736,-0.797872,-0.299,0.453,0.286,0.339,0.036
10378,346.004,0.98,1,-0.049949,0.444452,-0.894409,-0.339958,0.462849,-0.818657,-0.224,0.487,0.286,0.283,0.025
10379,346.037,0.98,1,-0.036917,0.457009,-0.888696,-0.319876,0.468739,-0.823385,-0.205,0.496,0.286,0.233,0.02
10380,346.07,0.98,1,0.006798,0.446485,-0.894765,-0.281869,0.470002,-0.83645,-0.158,0.487,0.291,0.195,0.011
10381,346.104,0.98,1,0.037712,0.453114,-0.890655,-0.215869,0.447415,-0.867882,-0.101,0.473,0.294,0.169,0.002
10382,346.137,0.98,1,0.073492,0.490828,-0.868152,-0.163853,0.434928,-0.885432,-0.051,0.486,0.304,0.141,-0.01
10383,346.17,0.98,1,0.086995,0.501286,-0.860897,-0.147457,0.439217,-0.886197,-0.035,0.494,0.299,0.131,-0.024
10384,346.204,0.98,1,0.09314,0.507668,-0.856503,-0.146317,0.431333,-0.890249,-0.03,0.493,0.285,0.127,-0.029
10385,346.237,0.98,1,0.078861,0.480634,-0.873368,-0.154763,0.411731,-0.898068,-0.043,0.467,0.282,0.12,-0.034
10386,346.27,0.98,1,0.067606,0.46912,-0.880543,-0.167978,0.394725,-0.903313,-0.056,0.451,0.277,0.116,-0.039
10387,346.304,0.98,1,0.061496,0.451147,-0.890328,-0.159745,0.392441,-0.905799,-0.055,0.439,0.274,0.111,-0.043
10388,346.337,0.98,1,0.062406,0.447905,-0.891901,-0.156368,0.392041,-0.906561,-0.052,0.437,0.268,0.106,-0.046
10389,346.37,0.98,1,0.080445,0.450964,-0.88891,-0.15885,0.388346,-0.907719,-0.044,0.437,0.263,0.108,-0.051
10390,346.404,0.98,1,0.068847,0.4473,-0.89173,-0.146732,0.385834,-0.910825,-0.043,0.433,0.257,0.104,-0.053
10391,346.437,0.98,1,0.081764,0.445521,-0.89153,-0.150084,0.385114,-0.910583,-0.038,0.432,0.252,0.106,-0.056
10392,346.47,0.98,1,0.081195,0.443829,-0.892425,-0.149995,0.387551,-0.909564,-0.038,0.432,0.247,0.104,-0.06
10393,346.504,0.98,1,0.0718,0.435933,-0.897111,-0.148891,0.386216,-0.910313,-0.043,0.427,0.243,0.103,-0.063
10394,346.537,0.98,1,0.079794,0.428025,-0.900238,-0.14743,0.389245,-0.90926,-0.037,0.424,0.238,0.099,-0.065
10395,346.57,0.98,1,0.103982,0.438141,-0.892872,-0.121588,0.391523,-0.9121,-0.01,0.431,0.232,0.093,-0.066
10396,346.604,0.98,1,0.218274,0.469418,-0.855572,-0.075375,0.37963,-0.922063,0.08,0.446,0.221,0.074,-0.068
10397,346.637,0.98,1,0.227287,0.467147,-0.854467,-0.025391,0.316755,-0.948168,0.112,0.41,0.215,0.051,-0.074
10398,346.671,0.98,1,0.244635,0.464591,-0.851063,-0.011986,0.297881,-0.954528,0.128,0.4,0.206,0.022,-0.08
10399,346.704,0.98,1,0.232959,0.457011,-0.858412,-0.000698,0.284892,-0.958559,0.127,0.388,0.202,-0.0,-0.085
10400,346.737,0.98,1,0.248143,0.443572,-0.861202,-0.003341,0.297088,-0.954844,0.134,0.387,0.202,-0.015,-0.088
10401,346.771,0.98,1,0.24395,0.442214,-0.863097,-0.000224,0.286297,-0.958141,0.133,0.381,0.201,-0.033,-0.088
10402,346.804,0.98,1,0.231864,0.419286,-0.877746,0.005786,0.300703,-0.9537,0.129,0.375,0.205,-0.048,-0.085
10404,346.871,0.98,1,0.196218,0.453754,-0.869256,0.006561,0.285962,-0.958219,0.111,0.385,0.208,-0.055,-0.084
10405,346.904,0.98,1,0.176965,0.483726,-0.857142,-0.05576,0.422604,-0.904597,0.069,0.475,0.217,-0.046,-0.085
10406,346.937,0.98,1,0.184096,0.485972,-0.854365,-0.067647,0.426412,-0.901996,0.066,0.479,0.226,-0.033,-0.085
10407,346.971,0.98,1,0.179053,0.490412,-0.852899,-0.067857,0.422929,-0.903618,0.063,0.479,0.23,-0.022,-0.082
10408,347.004,0.98,1,0.190928,0.48477,-0.853548,-0.064279,0.422896,-0.903896,0.072,0.477,0.235,-0.016,-0.08
10409,347.037,0.98,1,0.181809,0.48788,-0.853767,-0.066157,0.421523,-0.904401,0.066,0.477,0.239,-0.009,-0.078
10410,347.071,0.98,1,0.202573,0.497217,-0.843647,-0.073674,0.461273,-0.884194,0.074,0.506,0.247,0.005,-0.079
10411,347.104,0.98,1,0.213072,0.497676,-0.840785,-0.072266,0.465194,-0.882254,0.082,0.51,0.251,0.004,-0.077
10412,347.137,0.98,1,0.220692,0.498138,-0.838543,-0.066655,0.458635,-0.886121,0.089,0.506,0.254,0.005,-0.076
10413,347.171,0.98,1,0.196189,0.500462,-0.843236,-0.069819,0.449527,-0.890534,0.073,0.501,0.258,0.007,-0.076
10414,347.204,0.98,1,0.199174,0.498575,-0.843654,-0.077956,0.434637,-0.897225,0.07,0.492,0.26,0.006,-0.076
10415,347.237,0.98,1,0.202667,0.499397,-0.842335,-0.078072,0.43911,-0.895035,0.072,0.495,0.262,0.007,-0.075
10416,347.271,0.98,1,0.198657,0.497637,-0.84433,-0.078208,0.43369,-0.897662,0.069,0.491,0.264,0.009,-0.075
10417,347.304,0.98,1,0.189386,0.494887,-0.848068,-0.082572,0.42929,-0.899384,0.061,0.486,0.267,0.01,-0.073
10418,347.337,0.98,1,0.196288,0.512679,-0.835842,-0.074929,0.466671,-0.881251,0.071,0.518,0.268,0.01,-0.073
10419,347.371,0.98,1,0.187877,0.51641,-0.835478,-0.081614,0.482762,-0.87194,0.062,0.529,0.271,0.009,-0.073
10420,347.404,0.98,1,0.197848,0.515936,-0.833466,-0.100815,0.481602,-0.870572,0.057,0.53,0.272,0.01,-0.072
10421,347.437,0.98,1,0.198235,0.520989,-0.830225,-0.096121,0.493078,-0.864659,0.06,0.539,0.273,0.009,-0.072
10422,347.471,0.98,1,0.197164,0.514747,-0.834363,-0.095911,0.490456,-0.866172,0.059,0.534,0.275,0.01,-0.073
10423,347.504,0.98,1,0.19678,0.516936,-0.833099,-0.083854,0.48734,-0.869177,0.066,0.533,0.276,0.009,-0.074
10424,347.537,0.98,1,0.191271,0.514758,-0.835727,-0.078667,0.486099,-0.870356,0.066,0.531,0.28,0.008,-0.074
10425,347.571,0.98,1,0.196855,0.515557,-0.833936,-0.085384,0.481448,-0.872306,0.065,0.529,0.279,0.004,-0.075
10426,347.604,0.98,1,0.206984,0.519227,-0.829193,-0.085511,0.487396,-0.868984,0.071,0.535,0.276,-0.003,-0.074
10427,347.637,0.98,1,0.205647,0.512896,-0.833455,-0.089332,0.49664,-0.863347,0.068,0.537,0.272,-0.01,-0.074
10428,347.671,0.98,1,0.220174,0.505742,-0.834116,-0.091882,0.490525,-0.86657,0.075,0.53,0.273,-0.019,-0.074
10429,347.704,0.98,1,0.214874,0.515358,-0.8296,-0.077274,0.490446,-0.868039,0.081,0.535,0.277,-0.029,-0.074
10430,347.737,0.98,1,0.216323,0.513311,-0.830491,-0.077566,0.496925,-0.86432,0.082,0.538,0.284,-0.037,-0.074
10431,347.771,0.98,1,0.213532,0.513149,-0.831313,-0.07541,0.497898,-0.863951,0.081,0.538,0.288,-0.043,-0.072
10432,347.804,0.98,1,0.201772,0.512807,-0.834456,-0.080494,0.496183,-0.864479,0.071,0.536,0.288,-0.044,-0.07
10433,347.838,0.98,1,0.217605,0.514521,-0.829407,-0.081755,0.493951,-0.865638,0.08,0.537,0.29,-0.042,-0.068
10434,347.871,0.98,1,0.218955,0.517296,-0.827323,-0.079433,0.489442,-0.868411,0.082,0.536,0.291,-0.038,-0.068
10435,347.904,0.98,1,0.217381,0.521704,-0.824967,-0.052644,0.489962,-0.870153,0.097,0.538,0.293,-0.037,-0.067
10436,347.938,0.98,1,0.20998,0.546407,-0.81077,-0.074141,0.50429,-0.860346,0.081,0.561,0.29,-0.044,-0.065
10437,347.971,0.98,1,0.233467,0.549776,-0.802023,-0.055989,0.512252,-0.857008,0.107,0.569,0.288,-0.053,-0.063
10438,348.004,0.98,1,0.250877,0.559725,-0.78979,-0.115214,0.492323,-0.862753,0.082,0.567,0.284,-0.055,-0.063
10439,348.038,0.98,1,0.258141,0.564144,-0.784286,-0.063543,0.511136,-0.857148,0.118,0.58,0.279,-0.073,-0.063
10440,348.071,0.98,1,0.255154,0.567931,-0.782528,-0.108369,0.523929,-0.84484,0.09,0.591,0.275,-0.082,-0.062
10441,348.104,0.98,1,0.251425,0.583957,-0.771868,-0.163831,0.460819,-0.872242,0.053,0.566,0.272,-0.089,-0.056
10442,348.138,0.98,1,0.24872,0.58025,-0.775531,-0.141468,0.432869,-0.890287,0.064,0.546,0.275,-0.097,-0.054
10443,348.171,0.98,1,0.235671,0.547648,-0.802833,-0.140012,0.428542,-0.892608,0.056,0.522,0.276,-0.099,-0.053
10444,348.204,0.98,1,0.23629,0.542891,-0.805876,-0.137595,0.419581,-0.897229,0.058,0.514,0.276,-0.097,-0.049
10445,348.238,0.98,1,0.229772,0.544783,-0.806484,-0.14679,0.428403,-0.891585,0.049,0.52,0.274,-0.096,-0.049
10446,348.271,0.98,1,0.264069,0.546898,-0.794462,-0.144567,0.419532,-0.896155,0.071,0.519,0.284,-0.097,-0.049
10447,348.304,0.98,1,0.277874,0.547274,-0.789479,-0.069292,0.445586,-0.892553,0.123,0.533,0.291,-0.096,-0.051
10448,348.338,0.98,1,0.262222,0.508562,-0.820124,-0.081045,0.431655,-0.898391,0.105,0.501,0.294,-0.081,-0.051
10449,348.371,0.98,1,0.259073,0.504558,-0.823591,-0.064531,0.440999,-0.895185,0.113,0.503,0.298,-0.064,-0.05
10450,348.404,0.98,1,0.23468,0.478411,-0.846196,-0.07068,0.421425,-0.904105,0.093,0.475,0.3,-0.053,-0.048
10451,348.438,0.98,1,0.226992,0.463704,-0.856419,-0.060334,0.400014,-0.914521,0.094,0.454,0.302,-0.045,-0.047
10452,348.471,0.98,1,0.225131,0.434359,-0.872151,-0.053105,0.374735,-0.92561,0.095,0.423,0.306,-0.037,-0.048
10453,348.504,0.98,1,0.230216,0.457955,-0.858649,-0.05535,0.399898,-0.914887,0.098,0.451,0.307,-0.033,-0.048
10454,348.538,0.98,1,0.21543,0.445602,-0.868924,-0.051183,0.39269,-0.918246,0.092,0.439,0.302,-0.03,-0.048
10455,348.571,0.98,1,0.217995,0.43551,-0.873389,-0.031486,0.356464,-0.933778,0.103,0.413,0.305,-0.027,-0.048
10457,348.638,0.98,1,0.182205,0.407162,-0.894997,-0.039811,0.347016,-0.937014,0.078,0.391,0.304,-0.023,-0.052
10458,348.671,0.98,1,0.164515,0.406532,-0.898703,-0.043229,0.346797,-0.936943,0.066,0.389,0.304,-0.018,-0.053
10459,348.704,0.98,1,0.178086,0.411372,-0.893901,-0.046332,0.347672,-0.936471,0.072,0.393,0.303,-0.013,-0.053
10470,349.071,0.98,1,0.158473,0.4235,-0.891927,-0.051177,0.358971,-0.931945,0.059,0.405,0.302,0.007,-0.056
10471,349.105,0.98,1,0.153754,0.4294,-0.88993,-0.062003,0.355326,-0.932684,0.05,0.407,0.303,0.018,-0.057
10472,349.138,0.98,1,0.155319,0.429469,-0.889625,-0.056314,0.349255,-0.935334,0.054,0.403,0.305,0.016,-0.058
10473,349.171,0.98,1,0.147864,0.424102,-0.893462,-0.083109,0.374342,-0.923559,0.036,0.414,0.302,0.021,-0.057
10474,349.205,0.98,1,0.153246,0.420739,-0.894145,-0.086301,0.375619,-0.922747,0.037,0.413,0.298,0.033,-0.056
10475,349.238,0.98,1,0.157436,0.426568,-0.890648,-0.091863,0.376368,-0.921905,0.036,0.417,0.296,0.037,-0.054
10476,349.271,0.98,1,0.155219,0.435021,-0.886941,-0.096562,0.375688,-0.921702,0.032,0.421,0.293,0.043,-0.051
10477,349.305,0.98,1,0.145537,0.430864,-0.890604,-0.096519,0.364867,-0.926043,0.027,0.413,0.291,0.047,-0.049
10478,349.338,0.98,1,0.123439,0.424248,-0.897093,-0.103465,0.367097,-0.924411,0.011,0.41,0.29,0.043,-0.044
10479,349.371,0.98,1,0.036608,0.430564,-0.901817,-0.149273,0.406913,-0.901188,-0.062,0.435,0.287,0.052,-0.042
10480,349.405,0.98,1,0.012067,0.446701,-0.894602,-0.169119,0.422017,-0.890674,-0.088,0.453,0.288,0.062,-0.04
10481,349.438,0.98,1,0.007126,0.438056,-0.898919,-0.182758,0.427421,-0.885387,-0.098,0.452,0.286,0.079,-0.038
10482,349.471,0.98,1,0.008098,0.460001,-0.887881,-0.192749,0.425702,-0.884096,-0.104,0.464,0.291,0.098,-0.036
10483,349.505,0.98,1,-0.002403,0.455246,-0.890363,-0.203391,0.419997,-0.88444,-0.115,0.458,0.295,0.119,-0.035
10484,349.538,0.98,1,-0.003708,0.461554,-0.887104,-0.205841,0.420901,-0.883443,-0.118,0.462,0.294,0.134,-0.032
10485,349.571,0.98,1,-0.001027,0.462244,-0.886752,-0.206354,0.411961,-0.887528,-0.116,0.458,0.29,0.142,-0.026
10486,349.605,0.98,1,0.000698,0.462806,-0.88646,-0.212286,0.406487,-0.888652,-0.119,0.455,0.285,0.146,-0.022
10487,349.638,0.98,1,0.000244,0.4646,-0.885521,-0.215831,0.402851,-0.889454,-0.121,0.455,0.283,0.151,-0.021
10488,349.671,0.98,1,0.001654,0.45885,-0.888512,-0.215125,0.39836,-0.891645,-0.119,0.449,0.283,0.149,-0.02
10489,349.705,0.98,1,0.003528,0.459591,-0.888124,-0.217092,0.400685,-0.890125,-0.12,0.451,0.282,0.152,-0.019
10490,349.738,0.98,1,0.001809,0.460111,-0.88786,-0.218537,0.395541,-0.89207,-0.121,0.448,0.28,0.154,-0.017
10491,349.771,0.98,1,-0.002615,0.462637,-0.886544,-0.218496,0.395499,-0.892099,-0.124,0.45,0.279,0.154,-0.014
10492,349.805,0.98,1,0.000773,0.458584,-0.888651,-0.221481,0.392435,-0.892716,-0.123,0.446,0.277,0.154,-0.011
10493,349.838,0.98,1,-0.00074,0.465032,-0.885293,-0.224961,0.391092,-0.892435,-0.126,0.449,0.281,0.155,-0.009
10494,349.871,0.98,1,-0.006624,0.465201,-0.88518,-0.22446,0.393294,-0.891593,-0.129,0.45,0.286,0.158,-0.008
10495,349.905,0.98,1,-0.009049,0.468784,-0.883267,-0.220651,0.400631,-0.889274,-0.129,0.456,0.287,0.163,-0.005
10496,349.938,0.98,1,-0.00689,0.467837,-0.883788,-0.223056,0.39914,-0.889344,-0.129,0.455,0.289,0.166,-0.004
10497,349.971,0.98,1,-0.066634,0.462934,-0.883885,-0.244868,0.406588,-0.880185,-0.175,0.458,0.293,0.17,-0.003
10498,350.005,0.98,1,-0.146437,0.438679,-0.886632,-0.267862,0.427426,-0.863457,-0.232,0.46,0.296,0.183,-0.006
10499,350.038,0.98,1,-0.22499,0.397047,-0.889794,-0.31162,0.448008,-0.837963,-0.301,0.455,0.296,0.204,-0.005
10500,350.072,0.98,1,-0.319176,0.284484,-0.903989,-0.390228,0.47725,-0.787372,-0.397,0.423,0.289,0.26,-0.0
10501,350.105,0.98,1,-0.362623,0.352045,-0.862884,-0.50592,0.40085,-0.763783,-0.49,0.433,0.282,0.318,0.016
10502,350.138,0.98,1,-0.40464,0.29703,-0.864893,-0.569153,0.392323,-0.722598,-0.55,0.41,0.29,0.398,0.019
10503,350.172,0.98,1,-0.432181,0.268925,-0.860755,-0.570156,0.438405,-0.694783,-0.572,0.427,0.299,0.475,0.017
10504,350.205,0.98,1,-0.499831,0.331507,-0.80017,-0.616924,0.448099,-0.647003,-0.657,0.494,0.287,0.547,0.028
10505,350.238,0.98,1,-0.487096,0.392597,-0.780131,-0.630257,0.414602,-0.656415,-0.661,0.512,0.274,0.59,0.044
10506,350.272,0.98,1,-0.555411,0.354768,-0.752102,-0.63502,0.404396,-0.65819,-0.701,0.494,0.269,0.607,0.045
10507,350.305,0.98,1,-0.567796,0.33965,-0.74983,-0.647223,0.379678,-0.661019,-0.711,0.472,0.263,0.623,0.046
10508,350.338,0.98,1,-0.556315,0.35532,-0.751173,-0.660344,0.378497,-0.648604,-0.716,0.483,0.257,0.639,0.051
10509,350.372,0.98,1,-0.540004,0.351466,-0.764766,-0.678625,0.355937,-0.642477,-0.714,0.466,0.254,0.656,0.055
10510,350.405,0.98,1,-0.567704,0.33407,-0.752402,-0.681802,0.366612,-0.633041,-0.734,0.468,0.254,0.682,0.054
10540,351.405,0.98,1,-0.511151,0.34733,-0.786185,-0.62324,0.312423,-0.716913,-0.647,0.414,0.23,0.654,0.073
10541,351.439,0.98,1,-0.37294,0.498968,-0.78227,-0.581742,0.443252,-0.681986,-0.578,0.572,0.228,0.647,0.073
10542,351.472,0.98,1,-0.400873,0.46782,-0.787683,-0.642794,0.415422,-0.643615,-0.63,0.553,0.232,0.589,0.071
10543,351.505,0.98,1,-0.377374,0.416802,-0.826961,-0.582006,0.492261,-0.647261,-0.577,0.553,0.232,0.52,0.075
10544,351.539,0.93,1,-0.281153,0.545421,-0.7896,-0.672749,0.478399,-0.564396,-0.614,0.647,0.236,0.475,0.083
10545,351.572,0.88,1,-0.225257,0.602954,-0.765314,-0.529511,0.652439,-0.542165,-0.524,0.765,0.23,0.448,0.078
10546,351.605,0.98,1,0.016482,0.543293,-0.839381,-0.307924,0.475258,-0.824204,-0.173,0.549,0.229,0.265,0.064
10547,351.639,0.98,1,0.018281,0.530663,-0.847386,-0.271136,0.459107,-0.845994,-0.148,0.529,0.246,0.227,0.075
10548,351.672,0.98,1,-0.009244,0.540453,-0.841324,-0.275171,0.5088,-0.815723,-0.17,0.564,0.265,0.195,0.077
10549,351.705,0.98,1,-0.023213,0.538061,-0.842586,-0.281114,0.494775,-0.822297,-0.181,0.555,0.268,0.179,0.079
10550,351.739,0.98,1,-0.032848,0.534454,-0.844559,-0.284451,0.480252,-0.829726,-0.187,0.545,0.266,0.175,0.084
10551,351.772,0.98,1,-0.042529,0.540414,-0.840324,-0.283479,0.471913,-0.834828,-0.192,0.544,0.267,0.174,0.089
10552,351.805,0.98,1,-0.053682,0.522389,-0.851016,-0.283003,0.464273,-0.839261,-0.197,0.528,0.267,0.173,0.097
10553,351.839,0.98,1,-0.065388,0.522083,-0.850384,-0.294787,0.439958,-0.848256,-0.209,0.515,0.274,0.184,0.096
10554,351.872,0.98,1,-0.049348,0.521813,-0.851632,-0.297764,0.416455,-0.859012,-0.2,0.502,0.274,0.192,0.098
10555,351.905,0.98,1,-0.050382,0.524201,-0.850103,-0.303758,0.407597,-0.86116,-0.204,0.499,0.276,0.201,0.1
10556,351.939,0.98,1,-0.052172,0.529707,-0.846574,-0.304946,0.405125,-0.861906,-0.206,0.501,0.277,0.206,0.101
10557,351.972,0.98,1,-0.061769,0.520891,-0.851385,-0.305169,0.408388,-0.860285,-0.211,0.497,0.279,0.213,0.1
10558,352.005,0.98,1,-0.069542,0.519795,-0.851456,-0.305959,0.403813,-0.862163,-0.216,0.494,0.281,0.217,0.1
10559,352.039,0.98,1,-0.083989,0.515115,-0.852996,-0.30797,0.402573,-0.862026,-0.225,0.491,0.286,0.224,0.098
10560,352.072,0.98,1,-0.089281,0.519641,-0.849707,-0.302717,0.418768,-0.856152,-0.226,0.503,0.294,0.229,0.095
10561,352.105,0.98,1,-0.078917,0.528817,-0.845059,-0.302373,0.422962,-0.854209,-0.221,0.511,0.296,0.228,0.095
10562,352.139,0.98,1,-0.07238,0.531068,-0.844232,-0.303549,0.417672,-0.856392,-0.218,0.509,0.294,0.226,0.095
10563,352.172,0.98,1,-0.068601,0.53317,-0.843222,-0.291353,0.404291,-0.866985,-0.207,0.501,0.293,0.225,0.094
10564,352.205,0.98,1,-0.068948,0.527806,-0.846562,-0.286881,0.417543,-0.862182,-0.205,0.505,0.294,0.226,0.094
10565,352.239,0.98,1,-0.080314,0.511302,-0.85564,-0.285717,0.410855,-0.865774,-0.21,0.492,0.291,0.225,0.095
10566,352.272,0.98,1,-0.082035,0.514343,-0.853652,-0.287604,0.410381,-0.865373,-0.212,0.494,0.288,0.225,0.094
10567,352.306,0.98,1,-0.097819,0.504583,-0.857804,-0.310222,0.370103,-0.875664,-0.231,0.467,0.287,0.227,0.092
10568,352.339,0.98,1,-0.122322,0.481799,-0.867702,-0.3376,0.335788,-0.879359,-0.257,0.438,0.29,0.24,0.086
10569,352.372,0.98,1,-0.131679,0.456678,-0.879833,-0.338562,0.337277,-0.878419,-0.261,0.424,0.287,0.245,0.084
10570,352.406,0.98,1,-0.13401,0.436373,-0.88973,-0.351591,0.310413,-0.883191,-0.267,0.399,0.281,0.246,0.095
10605,353.573,0.98,1,-0.234762,0.405617,-0.883381,-0.36834,0.366072,-0.854586,-0.334,0.418,0.255,0.263,0.096
10606,353.606,0.98,1,-0.163263,0.472034,-0.866331,-0.336742,0.410707,-0.847304,-0.284,0.476,0.256,0.261,0.098
10607,353.639,0.98,1,-0.159412,0.473793,-0.866088,-0.333675,0.412998,-0.847404,-0.28,0.478,0.257,0.258,0.1
10608,353.673,0.98,1,-0.173373,0.468207,-0.866443,-0.293692,0.446568,-0.845176,-0.266,0.491,0.274,0.248,0.095
10609,353.706,0.98,1,-0.156897,0.480947,-0.862597,-0.296385,0.448691,-0.843108,-0.26,0.499,0.274,0.244,0.095
10610,353.739,0.98,1,-0.162599,0.488627,-0.857207,-0.283789,0.45842,-0.842209,-0.257,0.508,0.278,0.247,0.087
10611,353.773,0.98,1,-0.170577,0.477354,-0.861996,-0.293093,0.467273,-0.834118,-0.267,0.508,0.269,0.242,0.094
10612,353.806,0.98,1,-0.152705,0.491453,-0.857412,-0.288649,0.465546,-0.836629,-0.255,0.514,0.272,0.241,0.087
10613,353.839,0.98,1,-0.139461,0.498381,-0.855667,-0.291849,0.453586,-0.842071,-0.249,0.511,0.266,0.24,0.087
10614,353.873,0.98,1,-0.150903,0.500981,-0.852201,-0.28953,0.456053,-0.841539,-0.254,0.514,0.263,0.241,0.086
10615,353.906,0.98,1,-0.139782,0.507309,-0.850352,-0.289588,0.458056,-0.84043,-0.249,0.519,0.259,0.241,0.087
10616,353.939,0.98,1,-0.138006,0.509373,-0.849408,-0.293687,0.458209,-0.838924,-0.25,0.52,0.259,0.243,0.087
10617,353.973,0.98,1,-0.143944,0.500584,-0.853637,-0.291748,0.452619,-0.842627,-0.251,0.512,0.257,0.241,0.089
10618,354.006,0.98,1,-0.123459,0.527298,-0.840663,-0.288727,0.457903,-0.84081,-0.24,0.53,0.262,0.243,0.088
10619,354.039,0.98,1,-0.120768,0.525668,-0.842074,-0.288722,0.464314,-0.837289,-0.239,0.533,0.264,0.243,0.089
10620,354.073,0.98,1,-0.123956,0.535702,-0.835259,-0.287828,0.464652,-0.837409,-0.241,0.539,0.268,0.244,0.09
10621,354.106,0.98,1,-0.11832,0.5435,-0.831028,-0.29635,0.465312,-0.834063,-0.244,0.545,0.269,0.247,0.09
10622,354.139,0.98,1,-0.105708,0.556692,-0.823966,-0.29871,0.464064,-0.833917,-0.239,0.552,0.273,0.249,0.092
10623,354.173,0.98,1,-0.110762,0.555596,-0.824042,-0.297339,0.463396,-0.834777,-0.241,0.551,0.275,0.25,0.093
10624,354.206,0.98,1,-0.110424,0.559462,-0.821468,-0.301656,0.459648,-0.835301,-0.244,0.551,0.275,0.248,0.097
10625,354.239,0.98,1,-0.116549,0.55156,-0.825953,-0.30775,0.452478,-0.836991,-0.25,0.543,0.277,0.247,0.099
10626,354.273,0.98,1,-0.110412,0.553842,-0.825269,-0.313728,0.446516,-0.837973,-0.25,0.541,0.277,0.247,0.101
10627,354.306,0.98,1,-0.091641,0.543156,-0.834616,-0.329185,0.430869,-0.840232,-0.246,0.527,0.281,0.248,0.102
10628,354.339,0.98,1,-0.08614,0.523417,-0.847712,-0.327149,0.400956,-0.855691,-0.238,0.497,0.283,0.247,0.103
10629,354.373,0.98,1,-0.098024,0.520276,-0.848354,-0.331275,0.405158,-0.852117,-0.247,0.498,0.286,0.25,0.102
10630,354.406,0.98,1,-0.109269,0.515162,-0.850099,-0.329651,0.401542,-0.854455,-0.252,0.493,0.287,0.25,0.103
10631,354.439,0.98,1,-0.102851,0.510148,-0.853915,-0.332931,0.398258,-0.854721,-0.25,0.489,0.288,0.246,0.104
10632,354.473,0.98,1,-0.108542,0.510674,-0.852895,-0.339508,0.396263,-0.853059,-0.257,0.489,0.289,0.247,0.104
10633,354.506,0.98,1,-0.111389,0.513257,-0.850976,-0.34062,0.39727,-0.852147,-0.259,0.491,0.292,0.247,0.105
10634,354.54,0.98,1,-0.119017,0.510795,-0.851424,-0.3453,0.389479,-0.853859,-0.266,0.486,0.29,0.246,0.106
10635,354.573,0.98,1,-0.121765,0.513427,-0.849451,-0.341736,0.390307,-0.854914,-0.266,0.488,0.294,0.249,0.106
10636,354.606,0.98,1,-0.119418,0.50963,-0.852066,-0.3448,0.392891,-0.852496,-0.266,0.487,0.295,0.248,0.106
10637,354.64,0.98,1,-0.119606,0.510733,-0.851379,-0.343764,0.388504,-0.854922,-0.265,0.485,0.297,0.247,0.106
10638,354.673,0.98,1,-0.120846,0.512142,-0.850357,-0.34415,0.387027,-0.855436,-0.266,0.485,0.299,0.248,0.107
10639,354.706,0.98,1,-0.116419,0.516634,-0.848255,-0.339771,0.386824,-0.857276,-0.261,0.487,0.3,0.249,0.107
10640,354.74,0.98,1,-0.128755,0.507982,-0.85169,-0.347053,0.378718,-0.857978,-0.271,0.478,0.302,0.242,0.107
10641,354.773,0.98,1,-0.112773,0.516424,-0.848875,-0.358253,0.369566,-0.857366,-0.269,0.479,0.306,0.244,0.106
10642,354.806,0.98,1,-0.114046,0.520011,-0.846512,-0.34974,0.377764,-0.857308,-0.266,0.485,0.31,0.245,0.105
10643,354.84,0.98,1,-0.112676,0.52811,-0.841667,-0.350821,0.391863,-0.85051,-0.267,0.498,0.311,0.246,0.104
10644,354.873,0.98,1,-0.151267,0.5278,-0.83579,-0.344846,0.405483,-0.846561,-0.287,0.506,0.313,0.242,0.105
10645,354.906,0.98,1,-0.145901,0.533922,-0.83285,-0.348989,0.408813,-0.843255,-0.287,0.512,0.316,0.253,0.105
10646,354.94,0.98,1,-0.157816,0.525672,-0.83592,-0.349728,0.41894,-0.837962,-0.294,0.514,0.325,0.26,0.102
10647,354.973,0.98,1,-0.212178,0.555475,-0.804007,-0.399005,0.454262,-0.796518,-0.365,0.563,0.327,0.302,0.102
10648,355.006,0.98,1,-0.218688,0.552415,-0.804371,-0.458634,0.375374,-0.80545,-0.398,0.523,0.321,0.29,0.122
10649,355.04,0.98,1,-0.240822,0.522181,-0.818127,-0.480584,0.308047,-0.821064,-0.415,0.469,0.337,0.32,0.122
10650,355.073,0.98,1,-0.264831,0.555148,-0.788464,-0.506546,0.311653,-0.803918,-0.451,0.498,0.349,0.365,0.12
10651,355.106,0.98,1,-0.270303,0.527544,-0.805378,-0.523255,0.297643,-0.798507,-0.459,0.475,0.355,0.4,0.119
10652,355.14,0.98,1,-0.259989,0.540826,-0.799945,-0.551793,0.31532,-0.772074,-0.477,0.499,0.363,0.439,0.113
10653,355.173,0.98,1,-0.269096,0.538461,-0.798528,-0.569375,0.321771,-0.756489,-0.495,0.505,0.368,0.475,0.109
10654,355.206,0.98,1,-0.295404,0.543239,-0.785893,-0.591561,0.319409,-0.740293,-0.526,0.514,0.378,0.509,0.1
10655,355.24,0.98,1,-0.321117,0.549594,-0.771252,-0.594569,0.316702,-0.739045,-0.545,0.521,0.4,0.542,0.082
10656,355.273,0.98,1,-0.314959,0.560567,-0.765875,-0.649556,0.344323,-0.677879,-0.589,0.56,0.414,0.566,0.074
10657,355.306,0.98,1,-0.318746,0.559827,-0.76485,-0.651222,0.359367,-0.668405,-0.595,0.57,0.438,0.58,0.057
10658,355.34,0.98,1,-0.306785,0.566842,-0.764574,-0.652886,0.357188,-0.66795,-0.59,0.573,0.451,0.59,0.046
10659,355.373,0.98,1,-0.29781,0.550591,-0.779845,-0.648709,0.35938,-0.670837,-0.578,0.56,0.451,0.589,0.044
10660,355.406,0.98,1,-0.29924,0.546721,-0.782018,-0.649882,0.351071,-0.674094,-0.578,0.553,0.451,0.587,0.041
10661,355.44,0.98,1,-0.285384,0.546572,-0.787283,-0.638717,0.356512,-0.681864,-0.561,0.551,0.459,0.586,0.035
10662,355.473,0.98,1,-0.290603,0.554923,-0.779493,-0.637433,0.3631,-0.679586,-0.567,0.562,0.463,0.585,0.029
10663,355.506,0.98,1,-0.271719,0.563736,-0.779981,-0.638536,0.37426,-0.672459,-0.56,0.573,0.465,0.587,0.024
10664,355.54,0.98,1,-0.262747,0.566175,-0.781287,-0.640421,0.366128,-0.675138,-0.555,0.569,0.468,0.584,0.021
10665,355.573,0.98,1,-0.259607,0.564433,-0.783594,-0.616811,0.356246,-0.701879,-0.533,0.555,0.481,0.588,0.01
10666,355.607,0.98,1,-0.2555,0.566662,-0.783335,-0.612826,0.369084,-0.698728,-0.53,0.563,0.49,0.587,0.002
10667,355.64,0.98,1,-0.2498,0.561709,-0.788722,-0.608336,0.365216,-0.70466,-0.522,0.555,0.49,0.582,-0.001
10668,355.673,0.98,1,-0.239137,0.566372,-0.788692,-0.615052,0.386566,-0.687224,-0.525,0.573,0.483,0.572,-0.0
10669,355.707,0.98,1,-0.231123,0.558084,-0.796947,-0.60624,0.395103,-0.690193,-0.513,0.57,0.482,0.565,-0.004
10670,355.74,0.98,1,-0.274921,0.594302,-0.755793,-0.523663,0.528249,-0.668378,-0.511,0.668,0.469,0.545,-0.002
10671,355.773,0.98,1,-0.286945,0.591397,-0.7536,-0.531844,0.534781,-0.656621,-0.526,0.674,0.47,0.539,-0.008
10672,355.807,0.98,1,-0.308191,0.590895,-0.745561,-0.538192,0.539689,-0.647367,-0.546,0.682,0.469,0.53,-0.01
10673,355.84,0.98,1,-0.338242,0.587224,-0.735364,-0.560951,0.536571,-0.630417,-0.582,0.689,0.466,0.523,-0.013
10674,355.873,0.98,1,-0.356305,0.590575,-0.724064,-0.554827,0.548883,-0.625215,-0.594,0.701,0.473,0.52,-0.02
10675,355.907,0.98,1,-0.355488,0.58976,-0.725129,-0.560109,0.547958,-0.621306,-0.597,0.702,0.474,0.514,-0.021
10676,355.94,0.98,1,-0.337296,0.591243,-0.732573,-0.554923,0.550665,-0.623561,-0.582,0.7,0.473,0.512,-0.025
10677,355.973,0.98,1,-0.365624,0.580948,-0.727199,-0.559475,0.536887,-0.631459,-0.598,0.688,0.476,0.512,-0.028
10678,356.007,0.98,1,-0.339495,0.609277,-0.716607,-0.538647,0.551035,-0.637354,-0.575,0.709,0.477,0.509,-0.028
10679,356.04,0.98,1,-0.287655,0.608061,-0.739943,-0.539497,0.531678,-0.652887,-0.536,0.686,0.475,0.504,-0.027
10680,356.073,0.98,1,-0.288334,0.612684,-0.735854,-0.538197,0.536583,-0.64994,-0.538,0.692,0.474,0.501,-0.027
10681,356.107,0.98,1,-0.286973,0.618816,-0.731241,-0.535443,0.539486,-0.649812,-0.537,0.698,0.474,0.501,-0.026
10682,356.14,0.98,1,-0.327014,0.604785,-0.726152,-0.537434,0.548221,-0.640795,-0.564,0.701,0.472,0.501,-0.027
10683,356.173,0.98,1,-0.336512,0.601641,-0.724423,-0.546567,0.539218,-0.64071,-0.574,0.696,0.476,0.502,-0.03
10684,356.207,0.98,1,-0.328146,0.597672,-0.731511,-0.518647,0.555884,-0.649614,-0.55,0.696,0.489,0.507,-0.037
10685,356.24,0.98,1,-0.323426,0.597754,-0.733543,-0.530377,0.551405,-0.643936,-0.555,0.695,0.489,0.508,-0.037
10686,356.273,0.98,1,-0.293603,0.595412,-0.747852,-0.548783,0.540118,-0.638051,-0.546,0.686,0.485,0.505,-0.034
10687,356.307,0.98,1,-0.276129,0.559619,-0.781396,-0.557768,0.483305,-0.674767,-0.52,0.622,0.495,0.514,-0.038
10688,356.34,0.98,1,-0.275018,0.551702,-0.787394,-0.570332,0.468883,-0.674441,-0.524,0.609,0.494,0.515,-0.035
10689,356.373,0.98,1,-0.285242,0.550029,-0.784924,-0.556422,0.469221,-0.68573,-0.52,0.606,0.498,0.516,-0.035
10690,356.407,0.98,1,-0.270686,0.551071,-0.789335,-0.542904,0.485003,-0.685585,-0.504,0.612,0.5,0.511,-0.034
10691,356.44,0.98,1,-0.279292,0.544871,-0.79064,-0.547489,0.478388,-0.686586,-0.51,0.606,0.497,0.508,-0.03
10692,356.473,0.98,1,-0.283143,0.549553,-0.786016,-0.560065,0.456327,-0.691442,-0.519,0.598,0.507,0.505,-0.032
10693,356.507,0.98,1,-0.292209,0.543613,-0.786828,-0.560625,0.453716,-0.692706,-0.523,0.593,0.507,0.499,-0.029
10694,356.54,0.98,1,-0.28046,0.54995,-0.7867,-0.562212,0.452437,-0.692256,-0.518,0.596,0.514,0.495,-0.033
10695,356.573,0.98,1,-0.282373,0.546757,-0.78824,-0.571106,0.434148,-0.696672,-0.522,0.584,0.519,0.494,-0.035
10696,356.607,0.98,1,-0.285843,0.548523,-0.785759,-0.569221,0.433331,-0.698721,-0.523,0.584,0.521,0.492,-0.035
10697,356.64,0.98,1,-0.268759,0.561856,-0.782359,-0.564143,0.439221,-0.699162,-0.512,0.594,0.527,0.493,-0.037
10698,356.673,0.98,1,-0.276213,0.559081,-0.781751,-0.558829,0.442021,-0.70166,-0.513,0.594,0.529,0.493,-0.039
10699,356.707,0.98,1,-0.289661,0.566915,-0.771171,-0.560673,0.448083,-0.696324,-0.525,0.605,0.53,0.493,-0.039
10700,356.74,0.98,1,-0.284225,0.56396,-0.775348,-0.564461,0.438544,-0.69933,-0.522,0.597,0.525,0.49,-0.035
10701,356.774,0.98,1,-0.282034,0.559366,-0.779465,-0.564123,0.436055,-0.701157,-0.519,0.592,0.529,0.491,-0.037
10702,356.807,0.98,1,-0.286718,0.554536,-0.781206,-0.566592,0.432302,-0.70149,-0.522,0.587,0.528,0.487,-0.034
10703,356.84,0.98,1,-0.273446,0.542463,-0.794331,-0.584585,0.40141,-0.705075,-0.52,0.562,0.543,0.482,-0.041
10704,356.874,0.98,1,-0.265526,0.549063,-0.792481,-0.569877,0.398362,-0.718713,-0.505,0.56,0.536,0.477,-0.035
10705,356.907,0.98,1,-0.245895,0.558743,-0.792049,-0.566027,0.396946,-0.722528,-0.492,0.563,0.529,0.471,-0.029
10706,356.94,0.98,1,-0.252964,0.555993,-0.791758,-0.562676,0.406211,-0.719992,-0.495,0.567,0.525,0.462,-0.029
10707,356.974,0.98,1,-0.260369,0.553063,-0.791409,-0.566494,0.412543,-0.713367,-0.502,0.571,0.528,0.46,-0.033
10708,357.007,0.98,1,-0.226175,0.576858,-0.784908,-0.54357,0.437715,-0.716196,-0.474,0.594,0.538,0.451,-0.042
10709,357.04,0.98,1,-0.145165,0.591567,-0.79308,-0.492238,0.477624,-0.727721,-0.397,0.613,0.545,0.432,-0.047
10710,357.074,0.98,1,-0.051418,0.606476,-0.793438,-0.439083,0.502647,-0.744682,-0.309,0.625,0.535,0.388,-0.042
10711,357.107,0.98,1,-0.0814,0.612887,-0.785967,-0.39601,0.501834,-0.768986,-0.298,0.622,0.525,0.332,-0.033
10712,357.14,0.98,1,-0.081588,0.600601,-0.795376,-0.362775,0.521225,-0.772475,-0.276,0.621,0.525,0.273,-0.019
10713,357.174,0.93,1,-0.059565,0.598662,-0.798784,-0.349759,0.541392,-0.764567,-0.256,0.63,0.527,0.227,-0.006
10714,357.207,0.98,1,-0.065006,0.591544,-0.803648,-0.36356,0.52003,-0.772912,-0.265,0.614,0.508,0.186,0.012
10715,357.24,0.98,1,-0.050129,0.57495,-0.816652,-0.350859,0.45804,-0.81676,-0.241,0.564,0.467,0.168,0.035
10716,357.274,0.98,1,-0.012874,0.582103,-0.813013,-0.341531,0.457939,-0.820761,-0.214,0.567,0.459,0.159,0.04
10717,357.307,0.98,1,-0.015343,0.578866,-0.815278,-0.319865,0.467128,-0.824304,-0.202,0.568,0.46,0.156,0.038
10718,357.34,0.98,1,-0.027232,0.577166,-0.816173,-0.334904,0.463444,-0.820402,-0.218,0.566,0.452,0.151,0.04
10719,357.374,0.98,1,-0.010092,0.568959,-0.822304,-0.344671,0.44994,-0.823867,-0.212,0.554,0.441,0.148,0.041
10720,357.407,0.98,1,0.001462,0.566467,-0.824083,-0.333794,0.450931,-0.827794,-0.199,0.552,0.426,0.14,0.046
10721,357.44,0.98,1,-0.031345,0.558774,-0.828728,-0.319256,0.45229,-0.832772,-0.208,0.547,0.42,0.13,0.048
10722,357.474,0.98,1,-0.061675,0.559119,-0.82679,-0.302209,0.467141,-0.830933,-0.216,0.554,0.42,0.11,0.051
10723,357.507,0.98,1,-0.010709,0.576796,-0.816818,-0.267054,0.485426,-0.832492,-0.167,0.572,0.426,0.087,0.052
10724,357.54,0.98,1,0.022407,0.580427,-0.814004,-0.244058,0.502909,-0.829168,-0.134,0.583,0.421,0.076,0.056
10725,357.574,0.98,1,0.111387,0.580815,-0.806379,-0.174423,0.52212,-0.834846,-0.038,0.592,0.417,0.075,0.05
10726,357.607,0.98,1,0.101227,0.565508,-0.818507,-0.155019,0.506662,-0.848094,-0.032,0.572,0.413,0.059,0.052
10727,357.64,0.98,1,0.115832,0.560491,-0.82002,-0.146294,0.455852,-0.87795,-0.018,0.539,0.401,0.05,0.057
10728,357.674,0.98,1,0.130354,0.561509,-0.817138,-0.146932,0.426445,-0.8925,-0.01,0.524,0.394,0.039,0.061
10729,357.707,0.98,1,0.128047,0.550973,-0.824641,-0.149484,0.4064,-0.901384,-0.012,0.506,0.388,0.033,0.065
10730,357.74,0.98,1,0.16441,0.551274,-0.817965,-0.135086,0.381825,-0.914309,0.017,0.494,0.379,0.031,0.068
10731,357.774,0.98,1,0.133172,0.475662,-0.869489,-0.116805,0.345229,-0.931222,0.009,0.428,0.372,0.033,0.071
10732,357.807,0.98,1,0.128044,0.425193,-0.896,-0.147132,0.245254,-0.958229,-0.01,0.347,0.367,0.026,0.074
10751,358.441,0.88,1,0.043663,0.415378,-0.9086,-0.1562,0.33452,-0.929354,-0.061,0.387,0.38,-0.101,0.157
10752,358.474,0.88,1,0.067679,0.432885,-0.898905,-0.167576,0.333948,-0.927576,-0.055,0.397,0.393,-0.099,0.166
10753,358.507,0.88,1,0.102064,0.495325,-0.862691,-0.177508,0.353908,-0.918281,-0.042,0.445,0.411,-0.095,0.17
10754,358.541,0.88,1,0.132918,0.536609,-0.833297,-0.194136,0.368358,-0.909188,-0.035,0.479,0.432,-0.082,0.168
10755,358.574,0.88,1,0.154704,0.541448,-0.826378,-0.185185,0.381555,-0.905606,-0.018,0.49,0.432,-0.087,0.172
10756,358.607,0.88,1,0.159407,0.562802,-0.811076,-0.186048,0.375754,-0.907852,-0.015,0.5,0.438,-0.084,0.18
10757,358.641,0.88,1,0.162535,0.575837,-0.801245,-0.190668,0.378015,-0.905953,-0.016,0.51,0.445,-0.084,0.193
10758,358.674,0.88,1,0.229381,0.603893,-0.763346,-0.199661,0.376029,-0.904841,0.018,0.531,0.462,-0.076,0.193
10759,358.707,0.88,1,0.223036,0.614596,-0.756655,-0.214852,0.361482,-0.907287,0.005,0.531,0.455,-0.053,0.196
10760,358.741,0.88,1,0.179262,0.614355,-0.768396,-0.240158,0.358399,-0.90215,-0.036,0.527,0.432,-0.026,0.201
10761,358.774,0.98,1,0.106087,0.620577,-0.776936,-0.328066,0.307506,-0.893204,-0.132,0.507,0.387,-0.014,0.221
10762,358.807,0.98,1,-0.120153,0.593151,-0.796075,-0.400323,0.279372,-0.87275,-0.302,0.482,0.368,0.043,0.228
10763,358.841,0.98,1,-0.22084,0.540223,-0.812028,-0.203739,0.392979,-0.896693,-0.244,0.5,0.371,0.098,0.212
10765,358.907,0.98,1,-0.397087,0.204087,-0.894802,-0.422218,0.431413,-0.797254,-0.451,0.359,0.421,0.216,0.149
10766,358.941,0.93,1,-0.409112,0.272844,-0.870737,-0.48868,0.42841,-0.760037,-0.503,0.406,0.478,0.28,0.091
10767,358.974,0.98,1,-0.445989,0.293134,-0.845675,-0.548922,0.388454,-0.740127,-0.56,0.406,0.439,0.332,0.085
10769,359.041,0.93,1,-0.419829,0.359077,-0.833551,-0.604546,0.413114,-0.681074,-0.595,0.471,0.356,0.404,0.098
10770,359.074,0.93,1,-0.422526,0.401119,-0.812758,-0.623809,0.401762,-0.67041,-0.614,0.496,0.337,0.442,0.092
10771,359.108,0.98,1,-0.429903,0.419458,-0.799524,-0.566423,0.444815,-0.693761,-0.588,0.525,0.334,0.466,0.078
10772,359.141,0.98,1,-0.422221,0.423714,-0.801371,-0.563305,0.464459,-0.683348,-0.586,0.539,0.336,0.483,0.061
10773,359.174,0.98,1,-0.431683,0.393993,-0.811431,-0.566368,0.475679,-0.67302,-0.592,0.53,0.34,0.494,0.048
10774,359.208,0.98,1,-0.410237,0.429325,-0.804603,-0.568609,0.472933,-0.673066,-0.585,0.548,0.336,0.503,0.049
10775,359.241,0.98,1,-0.422511,0.45351,-0.784737,-0.564332,0.474182,-0.675782,-0.594,0.566,0.336,0.502,0.042
10776,359.274,0.98,1,-0.482209,0.445783,-0.754157,-0.61423,0.457614,-0.642892,-0.665,0.574,0.35,0.528,0.032
10777,359.308,0.98,1,-0.491462,0.427921,-0.758517,-0.637154,0.456176,-0.62124,-0.686,0.57,0.355,0.542,0.022
10778,359.341,0.98,1,-0.506046,0.393545,-0.767489,-0.654012,0.463168,-0.598116,-0.704,0.56,0.354,0.56,0.017
10779,359.374,0.98,1,-0.524239,0.362997,-0.770329,-0.673206,0.460281,-0.578735,-0.726,0.548,0.355,0.585,0.013
10780,359.408,0.98,1,-0.511748,0.378785,-0.771126,-0.669519,0.469884,-0.575285,-0.72,0.562,0.347,0.594,0.014
10781,359.441,0.98,1,-0.54572,0.364044,-0.754759,-0.67126,0.457127,-0.583476,-0.738,0.55,0.337,0.608,0.015
10782,359.474,0.98,1,-0.531125,0.297135,-0.793484,-0.692152,0.456213,-0.559281,-0.735,0.508,0.343,0.643,0.007
10783,359.508,0.98,1,-0.523937,0.307557,-0.794291,-0.704218,0.463288,-0.537998,-0.745,0.525,0.346,0.664,-0.0
10784,359.541,0.98,1,-0.489168,0.312987,-0.814097,-0.706396,0.460234,-0.537763,-0.724,0.52,0.362,0.693,-0.01
10785,359.574,0.98,1,-0.514802,0.343325,-0.785562,-0.69352,0.460293,-0.554221,-0.734,0.54,0.382,0.722,-0.021
10786,359.608,0.98,1,-0.503805,0.394753,-0.768343,-0.680496,0.466061,-0.565431,-0.726,0.573,0.376,0.718,-0.025
10787,359.641,0.98,1,-0.500571,0.410163,-0.762362,-0.68534,0.472482,-0.554138,-0.733,0.591,0.377,0.713,-0.031
10788,359.674,0.98,1,-0.493597,0.398811,-0.772859,-0.684958,0.473371,-0.553853,-0.726,0.582,0.37,0.713,-0.029
10789,359.708,0.98,1,-0.487166,0.403951,-0.774269,-0.683573,0.474359,-0.554718,-0.722,0.584,0.365,0.714,-0.026
10790,359.741,0.98,1,-0.513764,0.386837,-0.76577,-0.68501,0.464552,-0.561206,-0.735,0.57,0.357,0.714,-0.026
10791,359.774,0.98,1,-0.505053,0.374829,-0.777448,-0.684042,0.461067,-0.565247,-0.725,0.557,0.352,0.71,-0.025
10792,359.808,0.98,1,-0.531739,0.341833,-0.774857,-0.689059,0.448343,-0.569373,-0.737,0.531,0.344,0.71,-0.023
10793,359.841,0.98,1,-0.533042,0.326645,-0.780493,-0.690849,0.446601,-0.568572,-0.737,0.52,0.339,0.714,-0.02
10794,359.874,0.98,1,-0.544154,0.30516,-0.78152,-0.686014,0.436471,-0.582132,-0.734,0.498,0.322,0.712,-0.011
10795,359.908,0.98,1,-0.560164,0.288214,-0.776627,-0.688163,0.431985,-0.582942,-0.743,0.487,0.309,0.72,-0.008
10796,359.941,0.98,1,-0.569809,0.268841,-0.776558,-0.697817,0.411906,-0.58599,-0.749,0.463,0.289,0.722,0.004
10797,359.974,0.98,1,-0.567391,0.2767,-0.775568,-0.691158,0.412445,-0.593455,-0.743,0.466,0.279,0.716,0.01
10798,360.008,0.98,1,-0.564094,0.292212,-0.772276,-0.695023,0.394897,-0.600832,-0.742,0.464,0.283,0.712,0.008
10799,360.041,0.98,1,-0.587876,0.290962,-0.754813,-0.696473,0.413371,-0.586558,-0.764,0.484,0.276,0.698,0.015
10800,360.075,0.98,1,-0.587711,0.289197,-0.75562,-0.693658,0.416475,-0.587696,-0.762,0.484,0.287,0.694,0.009
10801,360.108,0.98,1,-0.573802,0.31235,-0.757093,-0.697925,0.410237,-0.587032,-0.758,0.493,0.283,0.69,0.01
10802,360.141,0.98,1,-0.56868,0.315383,-0.759695,-0.693268,0.411977,-0.591315,-0.751,0.494,0.289,0.688,0.005
10803,360.175,0.98,1,-0.563656,0.277324,-0.778063,-0.680386,0.386861,-0.622425,-0.726,0.443,0.289,0.69,-0.005
10804,360.208,0.98,1,-0.529618,0.298308,-0.794051,-0.681763,0.375282,-0.627983,-0.706,0.442,0.294,0.689,-0.014
10805,360.241,0.98,1,-0.52556,0.285667,-0.801362,-0.66992,0.38479,-0.634936,-0.694,0.437,0.296,0.683,-0.011
10806,360.275,0.98,1,-0.479118,0.33588,-0.810944,-0.676813,0.352713,-0.646157,-0.671,0.441,0.304,0.68,-0.008
10807,360.308,0.98,1,-0.48372,0.342568,-0.805395,-0.673773,0.370879,-0.639124,-0.676,0.459,0.301,0.673,-0.006
10808,360.341,0.98,1,-0.470036,0.33939,-0.814788,-0.654885,0.414755,-0.631747,-0.661,0.481,0.301,0.667,-0.013
10809,360.375,0.98,1,-0.476257,0.325616,-0.816795,-0.659015,0.407371,-0.632256,-0.665,0.468,0.299,0.668,-0.012
10810,360.408,0.98,1,-0.486446,0.332365,-0.808024,-0.641489,0.407917,-0.649689,-0.659,0.47,0.298,0.68,-0.009
10811,360.441,0.98,1,-0.484064,0.361472,-0.796882,-0.672416,0.388325,-0.630127,-0.681,0.484,0.297,0.673,-0.004
10812,360.475,0.98,1,-0.488208,0.36148,-0.794346,-0.679892,0.378628,-0.628002,-0.688,0.48,0.302,0.675,-0.007
10813,360.508,0.98,1,-0.493072,0.358069,-0.792885,-0.679584,0.387038,-0.623192,-0.692,0.484,0.305,0.683,-0.007
10814,360.541,0.98,1,-0.505474,0.355192,-0.786343,-0.678314,0.393382,-0.620598,-0.699,0.489,0.301,0.681,-0.008
10815,360.575,0.98,1,-0.50102,0.351975,-0.790628,-0.678485,0.382602,-0.627115,-0.694,0.478,0.299,0.687,-0.008
10816,360.608,0.98,1,-0.500955,0.351426,-0.790913,-0.680046,0.383403,-0.624932,-0.695,0.479,0.297,0.687,-0.007
10817,360.641,0.98,1,-0.494102,0.361833,-0.790532,-0.687835,0.384998,-0.615353,-0.699,0.488,0.297,0.693,-0.002
10818,360.675,0.98,1,-0.499705,0.358365,-0.788587,-0.691717,0.388488,-0.608773,-0.706,0.491,0.294,0.696,0.003
10819,360.708,0.98,1,-0.504412,0.382074,-0.774331,-0.702021,0.398472,-0.590243,-0.724,0.52,0.295,0.689,0.011
10820,360.741,0.98,1,-0.490751,0.366618,-0.790414,-0.699094,0.412313,-0.58418,-0.713,0.516,0.286,0.684,0.019
10821,360.775,0.98,1,-0.37741,0.464702,-0.801008,-0.604319,0.407855,-0.684437,-0.584,0.531,0.276,0.625,0.031
10822,360.808,0.98,1,-0.373044,0.47406,-0.797562,-0.607471,0.424126,-0.671637,-0.588,0.549,0.288,0.596,0.022
10823,360.841,0.98,1,-0.321348,0.496233,-0.806529,-0.600894,0.418109,-0.681257,-0.555,0.551,0.334,0.577,0.016
10824,360.875,0.82,1,-0.369792,0.466705,-0.803393,-0.608678,0.456042,-0.649258,-0.593,0.566,0.306,0.507,0.035
10825,360.908,0.93,1,0.085313,0.547502,-0.832444,-0.214424,0.364221,-0.906292,-0.074,0.483,0.308,0.162,0.003
10826,360.941,0.88,1,0.03739,0.534191,-0.844537,-0.100804,0.364218,-0.925842,-0.036,0.47,0.287,0.122,0.025
10827,360.975,0.93,1,0.108914,0.532647,-0.8393,-0.11459,0.399887,-0.909373,-0.003,0.49,0.303,0.074,0.031
10828,361.008,0.98,1,0.200551,0.537053,-0.819362,-0.114707,0.474163,-0.872933,0.051,0.539,0.318,0.028,0.034
10829,361.041,0.98,1,0.155411,0.549401,-0.820979,-0.164125,0.493722,-0.853992,-0.005,0.557,0.326,0.006,0.047
10830,361.075,0.98,1,0.117972,0.587734,-0.800407,-0.172894,0.57232,-0.801597,-0.034,0.627,0.336,0.009,0.055
10831,361.108,0.98,1,0.078542,0.590399,-0.803281,-0.194574,0.565149,-0.801716,-0.072,0.624,0.338,0.007,0.066
10832,361.142,0.98,1,0.075407,0.596923,-0.798747,-0.206258,0.550259,-0.809119,-0.081,0.62,0.339,0.012,0.074
10833,361.175,0.98,1,0.070656,0.597093,-0.799054,-0.221296,0.54588,-0.808111,-0.093,0.618,0.335,0.013,0.081
10834,361.208,0.98,1,0.066094,0.598621,-0.798301,-0.220782,0.545181,-0.808723,-0.096,0.619,0.332,0.019,0.086
10835,361.242,0.98,1,0.043512,0.604406,-0.795487,-0.235725,0.538455,-0.809012,-0.119,0.619,0.33,0.031,0.091
10836,361.275,0.98,1,0.028887,0.602658,-0.797476,-0.240193,0.529355,-0.81369,-0.13,0.612,0.329,0.039,0.095
10837,361.308,0.98,1,0.023522,0.611081,-0.791219,-0.24176,0.531437,-0.811866,-0.135,0.619,0.334,0.048,0.095
10838,361.342,0.98,1,0.019027,0.606204,-0.795081,-0.249466,0.529693,-0.810674,-0.143,0.616,0.337,0.058,0.096
10839,361.375,0.98,1,0.012224,0.607489,-0.794234,-0.257204,0.527528,-0.809667,-0.152,0.616,0.336,0.068,0.097
10840,361.408,0.98,1,0.006411,0.606888,-0.794761,-0.25943,0.525743,-0.810118,-0.156,0.615,0.335,0.075,0.099
10841,361.442,0.98,1,0.003822,0.605399,-0.795913,-0.268844,0.524345,-0.807951,-0.164,0.614,0.336,0.086,0.101
10842,361.475,0.98,1,0.009846,0.596594,-0.802483,-0.275241,0.524623,-0.805614,-0.164,0.609,0.335,0.094,0.102
10843,361.508,0.98,1,0.008173,0.59563,-0.803217,-0.278367,0.527189,-0.80286,-0.167,0.61,0.336,0.1,0.103
10844,361.542,0.98,1,0.017056,0.582975,-0.812311,-0.253944,0.518827,-0.816291,-0.144,0.595,0.335,0.106,0.106
10845,361.575,0.98,1,0.01479,0.58488,-0.810985,-0.262866,0.511474,-0.818105,-0.151,0.592,0.335,0.11,0.108
10846,361.608,0.98,1,0.01171,0.587504,-0.809137,-0.26632,0.513141,-0.815941,-0.155,0.595,0.336,0.114,0.108
10847,361.642,0.98,1,-0.001788,0.568746,-0.822511,-0.261259,0.514265,-0.816869,-0.159,0.584,0.337,0.119,0.11
10848,361.675,0.98,1,-0.001179,0.56762,-0.82329,-0.269657,0.512323,-0.815359,-0.164,0.583,0.337,0.125,0.111
10849,361.708,0.98,1,0.000977,0.569607,-0.821917,-0.268073,0.513841,-0.814926,-0.162,0.585,0.335,0.127,0.111
10850,361.742,0.98,1,-0.000552,0.575834,-0.817566,-0.272806,0.503904,-0.819547,-0.165,0.583,0.335,0.132,0.111
10851,361.775,0.98,1,-0.012076,0.579089,-0.815175,-0.280703,0.504498,-0.816509,-0.178,0.586,0.335,0.135,0.111
10852,361.808,0.98,1,-0.020934,0.581924,-0.812973,-0.278554,0.500098,-0.819945,-0.181,0.585,0.336,0.134,0.111
10853,361.842,0.98,1,-0.041943,0.586121,-0.809137,-0.275624,0.503241,-0.819012,-0.193,0.59,0.336,0.134,0.113
10854,361.875,0.98,1,-0.033334,0.586903,-0.808971,-0.276535,0.504522,-0.817916,-0.188,0.591,0.338,0.128,0.115
10855,361.908,0.98,1,-0.030431,0.578242,-0.815298,-0.283189,0.498712,-0.819201,-0.19,0.583,0.343,0.125,0.114
10856,361.942,0.98,1,-0.023487,0.582558,-0.81245,-0.27966,0.510266,-0.813277,-0.184,0.592,0.346,0.127,0.115
10857,361.975,0.98,1,-0.036326,0.583658,-0.811187,-0.273385,0.506719,-0.817617,-0.188,0.59,0.348,0.132,0.113
10858,362.008,0.98,1,-0.03437,0.600676,-0.798754,-0.272371,0.51254,-0.814319,-0.188,0.604,0.352,0.136,0.114
10859,362.042,0.98,1,-0.043589,0.602488,-0.796937,-0.281249,0.509029,-0.813504,-0.199,0.604,0.355,0.138,0.115
10860,362.075,0.98,1,-0.039739,0.601829,-0.797636,-0.284449,0.50415,-0.815427,-0.198,0.601,0.357,0.139,0.115
10861,362.108,0.98,1,-0.039645,0.6111,-0.79056,-0.285135,0.507526,-0.81309,-0.2,0.609,0.362,0.144,0.114
10862,362.142,0.98,1,-0.04278,0.616899,-0.785879,-0.284,0.506669,-0.814021,-0.201,0.612,0.363,0.141,0.115
10863,362.175,0.98,1,-0.052587,0.622539,-0.78082,-0.284078,0.51156,-0.810929,-0.208,0.619,0.367,0.141,0.113
10864,362.208,0.98,1,-0.054019,0.624007,-0.779549,-0.280236,0.513776,-0.810865,-0.207,0.621,0.369,0.146,0.11
10865,362.242,0.98,1,-0.063013,0.628223,-0.775477,-0.285907,0.512424,-0.80974,-0.217,0.624,0.374,0.149,0.11
10866,362.275,0.98,1,-0.050622,0.627433,-0.777023,-0.283918,0.513554,-0.809724,-0.208,0.623,0.375,0.153,0.109
10867,362.309,0.98,1,-0.048237,0.616744,-0.785684,-0.287186,0.50968,-0.811018,-0.207,0.614,0.377,0.151,0.108
10868,362.342,0.98,1,-0.041958,0.628984,-0.776285,-0.285755,0.517064,-0.806839,-0.204,0.627,0.381,0.151,0.106
10869,362.375,0.98,1,-0.045066,0.625755,-0.778717,-0.283756,0.514651,-0.809084,-0.204,0.623,0.382,0.154,0.103
10870,362.409,0.98,1,-0.057302,0.627128,-0.776806,-0.286835,0.523136,-0.80253,-0.215,0.629,0.384,0.157,0.1
10871,362.442,0.98,1,-0.080916,0.641079,-0.763198,-0.311144,0.53592,-0.784843,-0.248,0.65,0.386,0.163,0.096
10872,362.475,0.98,1,-0.088194,0.640024,-0.763277,-0.332266,0.538809,-0.774135,-0.267,0.654,0.39,0.169,0.092
10873,362.509,0.98,1,-0.098936,0.63939,-0.762491,-0.321834,0.545337,-0.77397,-0.267,0.657,0.395,0.178,0.088
10874,362.542,0.98,1,-0.101294,0.634752,-0.766048,-0.328204,0.553396,-0.76553,-0.273,0.66,0.398,0.191,0.084
10875,362.575,0.98,1,-0.09675,0.628976,-0.771381,-0.331252,0.561399,-0.758355,-0.273,0.661,0.401,0.209,0.08
10876,362.609,0.98,1,-0.13101,0.637925,-0.758873,-0.362019,0.54587,-0.755624,-0.315,0.663,0.401,0.234,0.08
10877,362.642,0.98,1,-0.111591,0.640529,-0.759783,-0.365974,0.546019,-0.753609,-0.306,0.665,0.405,0.242,0.083
10878,362.675,0.98,1,-0.09378,0.627119,-0.773257,-0.370509,0.544202,-0.752707,-0.295,0.655,0.41,0.243,0.084
10879,362.709,0.98,1,-0.083139,0.615357,-0.783852,-0.355152,0.545679,-0.759014,-0.277,0.645,0.412,0.243,0.084
10880,362.742,0.98,1,-0.077733,0.602626,-0.794229,-0.347507,0.53307,-0.771411,-0.265,0.628,0.417,0.244,0.081
10881,362.775,0.98,1,-0.065705,0.598147,-0.798688,-0.349197,0.509875,-0.786186,-0.256,0.61,0.42,0.247,0.08
10882,362.809,0.98,1,-0.065889,0.593708,-0.801978,-0.34894,0.499678,-0.79282,-0.254,0.601,0.424,0.248,0.077
10883,362.842,0.98,1,-0.066629,0.586232,-0.807399,-0.351565,0.493802,-0.795337,-0.255,0.593,0.426,0.249,0.073
10884,362.875,0.98,1,-0.071804,0.584371,-0.808303,-0.35225,0.504675,-0.788177,-0.26,0.599,0.429,0.25,0.07
10885,362.909,0.98,1,-0.0694,0.584485,-0.808431,-0.348399,0.500553,-0.792506,-0.255,0.596,0.43,0.251,0.069
10886,362.942,0.98,1,-0.071113,0.579286,-0.812017,-0.353304,0.503157,-0.788676,-0.259,0.595,0.431,0.249,0.068
10887,362.975,0.98,1,-0.088268,0.566046,-0.819634,-0.350699,0.507366,-0.78714,-0.267,0.589,0.429,0.249,0.067
10888,363.009,0.98,1,-0.064993,0.570491,-0.818729,-0.341882,0.500595,-0.795312,-0.247,0.586,0.427,0.25,0.064
10889,363.042,0.98,1,-0.064442,0.569484,-0.819472,-0.344882,0.495221,-0.797378,-0.248,0.582,0.424,0.252,0.06
10890,363.075,0.98,1,-0.060592,0.568595,-0.820383,-0.347777,0.49098,-0.798743,-0.247,0.579,0.422,0.253,0.056
10891,363.109,0.98,1,-0.07405,0.564897,-0.821832,-0.336138,0.51329,-0.789648,-0.249,0.59,0.422,0.254,0.053
10892,363.142,0.98,1,-0.066504,0.562507,-0.824113,-0.334423,0.510833,-0.791966,-0.243,0.586,0.42,0.253,0.052
10893,363.175,0.98,1,-0.069117,0.558066,-0.826913,-0.333523,0.507198,-0.794678,-0.243,0.581,0.417,0.253,0.05
10894,363.209,0.98,1,-0.064817,0.562046,-0.824562,-0.346123,0.487444,-0.801622,-0.248,0.573,0.414,0.253,0.049
10895,363.242,0.98,1,-0.062299,0.56453,-0.823058,-0.338023,0.500953,-0.796735,-0.242,0.582,0.413,0.253,0.046
10896,363.275,0.98,1,-0.057938,0.560991,-0.825792,-0.339989,0.51354,-0.787835,-0.242,0.587,0.409,0.255,0.042
10897,363.309,0.98,1,-0.058324,0.559892,-0.82651,-0.328319,0.508548,-0.795981,-0.234,0.582,0.412,0.259,0.035
10898,363.342,0.98,1,-0.057951,0.548443,-0.834178,-0.332121,0.507874,-0.794833,-0.235,0.575,0.408,0.26,0.033
10899,363.376,0.98,1,-0.189112,0.561706,-0.805433,-0.395283,0.520492,-0.756861,-0.358,0.606,0.39,0.282,0.035
10900,363.409,0.98,1,-0.312141,0.579055,-0.753169,-0.453064,0.514964,-0.727699,-0.477,0.636,0.372,0.32,0.04
10901,363.442,0.98,1,-0.42623,0.53312,-0.730829,-0.538252,0.441993,-0.717584,-0.587,0.593,0.356,0.38,0.047
10902,363.476,0.98,1,-0.48366,0.495704,-0.721353,-0.582617,0.437511,-0.684939,-0.649,0.586,0.348,0.452,0.049
10903,363.509,0.98,1,-0.474088,0.478337,-0.739211,-0.629367,0.438296,-0.641712,-0.674,0.586,0.341,0.533,0.056
10904,363.542,0.98,1,-0.44245,0.49344,-0.748836,-0.658939,0.468822,-0.588222,-0.689,0.624,0.326,0.594,0.076
10905,363.576,0.98,1,-0.458065,0.456397,-0.762809,-0.660968,0.482513,-0.57472,-0.697,0.612,0.3,0.643,0.103
10906,363.609,0.98,1,-0.466177,0.44219,-0.766255,-0.669987,0.458304,-0.584016,-0.699,0.588,0.285,0.665,0.126
10907,363.642,0.98,1,-0.539669,0.429651,-0.723988,-0.679476,0.441352,-0.586106,-0.749,0.587,0.293,0.697,0.132
10908,363.676,0.98,1,-0.54402,0.429665,-0.720716,-0.688486,0.43808,-0.57799,-0.759,0.589,0.293,0.701,0.137
10909,363.709,0.98,1,-0.539853,0.426067,-0.725965,-0.688059,0.434018,-0.581552,-0.754,0.582,0.284,0.694,0.146
10910,363.742,0.98,1,-0.523923,0.437109,-0.731054,-0.691189,0.422343,-0.586417,-0.745,0.578,0.274,0.693,0.157
10911,363.776,0.98,1,-0.521004,0.429275,-0.737751,-0.680832,0.41885,-0.60086,-0.732,0.565,0.265,0.678,0.163
10912,363.809,0.98,1,-0.571794,0.377247,-0.728517,-0.667933,0.416824,-0.616541,-0.745,0.533,0.265,0.683,0.161
10913,363.842,0.98,1,-0.529801,0.351349,-0.771923,-0.641734,0.397051,-0.656147,-0.687,0.483,0.27,0.672,0.157
10914,363.876,0.98,1,-0.524699,0.338615,-0.781045,-0.635544,0.416325,-0.650198,-0.681,0.485,0.272,0.642,0.154
10915,363.909,0.98,1,-0.545854,0.346429,-0.762909,-0.636437,0.412761,-0.651596,-0.696,0.493,0.281,0.613,0.148
10916,363.942,0.98,1,-0.527712,0.361898,-0.768472,-0.610766,0.374953,-0.697406,-0.66,0.466,0.284,0.571,0.142
10917,363.976,0.98,1,-0.381884,0.432027,-0.817017,-0.602065,0.396022,-0.693314,-0.577,0.502,0.292,0.539,0.137
10918,364.009,0.98,1,-0.356982,0.43395,-0.827195,-0.594938,0.387076,-0.704429,-0.556,0.492,0.294,0.507,0.139
10919,364.042,0.98,1,-0.337491,0.44947,-0.827089,-0.599081,0.393294,-0.697439,-0.551,0.505,0.307,0.482,0.139
10920,364.076,0.98,1,-0.331441,0.497798,-0.801464,-0.567309,0.42429,-0.705789,-0.538,0.549,0.32,0.462,0.138
10921,364.109,0.98,1,-0.275549,0.502334,-0.819593,-0.539391,0.422884,-0.728166,-0.485,0.539,0.328,0.439,0.135
10922,364.142,0.98,1,-0.279332,0.507755,-0.814959,-0.506217,0.431761,-0.746544,-0.466,0.542,0.327,0.421,0.14
10923,364.176,0.98,1,-0.281572,0.491775,-0.823939,-0.48124,0.41147,-0.774016,-0.445,0.514,0.324,0.403,0.144
10924,364.209,0.98,1,-0.273436,0.504701,-0.818846,-0.442511,0.428219,-0.787916,-0.419,0.526,0.331,0.39,0.147
10925,364.242,0.98,1,-0.268856,0.504755,-0.820328,-0.436356,0.434789,-0.787751,-0.413,0.529,0.342,0.385,0.147
10926,364.276,0.98,1,-0.256346,0.497573,-0.828678,-0.440049,0.440167,-0.782694,-0.408,0.527,0.359,0.38,0.149
10927,364.309,0.98,1,-0.234542,0.49499,-0.836645,-0.428557,0.45031,-0.783301,-0.389,0.528,0.383,0.377,0.149
10928,364.342,0.98,1,-0.24313,0.471015,-0.847958,-0.415785,0.457462,-0.786035,-0.383,0.517,0.412,0.375,0.145
10929,364.376,0.98,1,-0.252158,0.474154,-0.843561,-0.410267,0.47506,-0.77846,-0.388,0.529,0.44,0.375,0.139
10930,364.409,0.98,1,-0.243237,0.481634,-0.841941,-0.4209,0.484679,-0.766765,-0.392,0.541,0.463,0.376,0.134
10931,364.442,0.98,1,-0.251055,0.494965,-0.831854,-0.433419,0.497093,-0.751696,-0.408,0.56,0.49,0.381,0.123
10932,364.476,0.98,1,-0.255699,0.506976,-0.823161,-0.43691,0.509996,-0.740954,-0.417,0.577,0.513,0.384,0.111
10933,364.509,0.98,1,-0.258051,0.512796,-0.81881,-0.441113,0.516949,-0.73361,-0.423,0.586,0.527,0.385,0.105
10934,364.543,0.98,1,-0.26197,0.518766,-0.81379,-0.441439,0.519069,-0.731914,-0.427,0.591,0.535,0.386,0.103
10935,364.576,0.98,1,-0.267581,0.517003,-0.813086,-0.443614,0.523848,-0.72718,-0.433,0.594,0.546,0.389,0.099
10936,364.609,0.98,1,-0.254553,0.524768,-0.812294,-0.43613,0.526771,-0.729591,-0.421,0.599,0.543,0.39,0.103
10937,364.643,0.98,1,-0.247992,0.52577,-0.813674,-0.443315,0.512184,-0.735622,-0.42,0.59,0.543,0.391,0.106
10938,364.676,0.98,1,-0.250166,0.524473,-0.813846,-0.44339,0.518022,-0.731477,-0.422,0.593,0.547,0.395,0.108
10939,364.709,0.98,1,-0.257224,0.517327,-0.816216,-0.445349,0.519136,-0.729494,-0.427,0.591,0.542,0.394,0.111
10940,364.743,0.98,1,-0.287221,0.519887,-0.804501,-0.470255,0.515505,-0.71632,-0.462,0.598,0.547,0.391,0.106
10941,364.776,0.98,1,-0.299717,0.513001,-0.804363,-0.463173,0.537575,-0.704616,-0.468,0.608,0.543,0.361,0.116
10942,364.809,0.98,1,-0.287888,0.515264,-0.807232,-0.464963,0.557806,-0.687504,-0.467,0.623,0.539,0.329,0.129
10943,364.843,0.93,1,-0.278605,0.476741,-0.833725,-0.45971,0.523839,-0.717119,-0.444,0.573,0.488,0.283,0.168
10944,364.876,0.93,1,-0.2761,0.491336,-0.82605,-0.436361,0.532024,-0.72563,-0.43,0.583,0.517,0.268,0.151
10945,364.909,0.98,1,-0.236166,0.53854,-0.808826,-0.415342,0.545096,-0.728259,-0.401,0.614,0.531,0.273,0.141
10946,364.943,0.98,1,-0.130631,0.606722,-0.784107,-0.385688,0.554707,-0.737255,-0.327,0.652,0.517,0.265,0.145
10947,364.976,0.98,1,-0.151229,0.605601,-0.781266,-0.374633,0.560697,-0.738423,-0.333,0.655,0.507,0.246,0.148
10948,365.009,0.98,1,-0.146811,0.576689,-0.803665,-0.337609,0.539046,-0.771653,-0.298,0.616,0.5,0.235,0.149
10949,365.043,0.98,1,-0.106208,0.604834,-0.789237,-0.334745,0.553264,-0.762788,-0.277,0.641,0.5,0.218,0.159
10950,365.076,0.98,1,-0.121425,0.591342,-0.797227,-0.3282,0.55389,-0.765173,-0.28,0.633,0.501,0.217,0.158
10951,365.109,0.98,1,-0.159764,0.568749,-0.806846,-0.335025,0.537475,-0.773873,-0.303,0.611,0.493,0.229,0.157
10952,365.143,0.98,1,-0.156279,0.55659,-0.815956,-0.343256,0.514403,-0.785853,-0.302,0.589,0.507,0.237,0.159
10953,365.176,0.98,1,-0.146275,0.572919,-0.806454,-0.350507,0.50916,-0.786067,-0.302,0.597,0.505,0.232,0.166
10954,365.209,0.98,1,-0.146294,0.591378,-0.793013,-0.353315,0.510546,-0.783908,-0.307,0.61,0.502,0.229,0.174
10955,365.243,0.98,1,-0.153089,0.585756,-0.795898,-0.357959,0.51976,-0.775703,-0.314,0.613,0.505,0.23,0.176
10956,365.276,0.98,1,-0.152227,0.578585,-0.80129,-0.357765,0.520353,-0.775394,-0.313,0.609,0.505,0.236,0.176
10957,365.309,0.98,1,-0.155697,0.567091,-0.808806,-0.35905,0.51984,-0.775145,-0.314,0.601,0.504,0.237,0.176
10958,365.343,0.98,1,-0.169986,0.581195,-0.795812,-0.353288,0.524136,-0.774899,-0.322,0.613,0.507,0.244,0.172
10959,365.376,0.98,1,-0.169535,0.590546,-0.788995,-0.357706,0.520694,-0.775193,-0.325,0.618,0.504,0.247,0.17
10960,365.409,0.98,1,-0.206306,0.557105,-0.804407,-0.357235,0.521605,-0.774797,-0.343,0.599,0.496,0.251,0.17
10961,365.443,0.98,1,-0.20238,0.564129,-0.800501,-0.380475,0.53362,-0.755307,-0.358,0.614,0.493,0.254,0.168
10962,365.476,0.98,1,-0.242874,0.620393,-0.745738,-0.426781,0.563938,-0.706988,-0.432,0.684,0.486,0.27,0.165
10963,365.509,0.98,1,-0.323707,0.608767,-0.724304,-0.464038,0.56508,-0.682168,-0.511,0.695,0.482,0.293,0.16
10964,365.543,0.98,1,-0.335121,0.596133,-0.729602,-0.491779,0.551351,-0.673918,-0.532,0.685,0.466,0.329,0.155
10965,365.576,0.98,1,-0.332772,0.584727,-0.739836,-0.514343,0.535794,-0.669609,-0.541,0.672,0.445,0.376,0.152
10966,365.61,0.98,1,-0.325453,0.598488,-0.732047,-0.528254,0.530165,-0.663229,-0.549,0.68,0.421,0.412,0.155
10967,365.643,0.98,1,-0.351633,0.587331,-0.72897,-0.541759,0.509856,-0.668239,-0.569,0.666,0.396,0.442,0.16
10968,365.676,0.98,1,-0.36858,0.587348,-0.720536,-0.575054,0.486799,-0.657525,-0.6,0.662,0.376,0.47,0.16
10969,365.71,0.98,1,-0.391158,0.572493,-0.720588,-0.599047,0.506705,-0.619994,-0.636,0.678,0.359,0.493,0.157
10970,365.743,0.98,1,-0.413459,0.556001,-0.721051,-0.605576,0.514489,-0.607107,-0.654,0.678,0.354,0.519,0.153
10971,365.776,0.98,1,-0.403865,0.560895,-0.722697,-0.617214,0.525605,-0.58548,-0.663,0.693,0.359,0.535,0.146
10972,365.81,0.98,1,-0.394887,0.565736,-0.723884,-0.609425,0.536912,-0.583375,-0.655,0.701,0.366,0.537,0.135
10973,365.843,0.98,1,-0.40081,0.574811,-0.713403,-0.616448,0.53351,-0.579102,-0.667,0.709,0.375,0.544,0.12
10974,365.876,0.98,1,-0.417001,0.564817,-0.712104,-0.613062,0.536545,-0.579892,-0.673,0.706,0.377,0.547,0.113
10975,365.91,0.98,1,-0.399846,0.559794,-0.725778,-0.61333,0.532553,-0.583279,-0.659,0.695,0.38,0.547,0.103
10976,365.943,0.98,1,-0.420537,0.536997,-0.731289,-0.612022,0.510887,-0.603675,-0.658,0.665,0.378,0.548,0.098
10977,365.976,0.98,1,-0.419862,0.539487,-0.729842,-0.59214,0.526202,-0.610313,-0.647,0.672,0.379,0.543,0.091
10978,366.01,0.98,1,-0.405124,0.49081,-0.771349,-0.612708,0.478533,-0.628964,-0.629,0.605,0.37,0.542,0.089
10979,366.043,0.98,1,-0.395522,0.484156,-0.780484,-0.593915,0.483306,-0.64318,-0.607,0.597,0.366,0.537,0.086
10980,366.076,0.98,1,-0.392891,0.47809,-0.785536,-0.598141,0.480275,-0.641531,-0.607,0.591,0.36,0.531,0.086
10981,366.11,0.98,1,-0.371093,0.465812,-0.803312,-0.590687,0.430529,-0.682447,-0.574,0.543,0.353,0.526,0.085
10982,366.143,0.98,1,-0.370406,0.470973,-0.800615,-0.590721,0.422868,-0.687191,-0.574,0.541,0.354,0.521,0.081
10983,366.176,0.98,1,-0.366677,0.468096,-0.804011,-0.582851,0.428175,-0.690616,-0.566,0.54,0.358,0.517,0.076
10984,366.21,0.98,1,-0.361734,0.468333,-0.80611,-0.581148,0.425811,-0.693507,-0.561,0.538,0.364,0.513,0.07
10985,366.243,0.98,1,-0.354299,0.460151,-0.814084,-0.582988,0.426364,-0.69162,-0.557,0.532,0.369,0.511,0.063
10986,366.276,0.98,1,-0.345863,0.44838,-0.824217,-0.587421,0.425196,-0.688581,-0.553,0.524,0.377,0.51,0.057
10987,366.31,0.98,1,-0.344233,0.452111,-0.82286,-0.588611,0.425061,-0.687648,-0.553,0.526,0.381,0.51,0.054
10988,366.343,0.98,1,-0.348632,0.455997,-0.818854,-0.592097,0.427863,-0.682902,-0.56,0.532,0.386,0.511,0.05
10989,366.376,0.98,1,-0.349401,0.455525,-0.818789,-0.585427,0.422419,-0.691981,-0.554,0.526,0.388,0.509,0.048
10990,366.41,0.98,1,-0.345336,0.456819,-0.819792,-0.591306,0.43538,-0.678824,-0.559,0.537,0.39,0.506,0.047
10991,366.443,0.98,1,-0.347162,0.462717,-0.815703,-0.591403,0.439222,-0.676259,-0.562,0.544,0.396,0.505,0.046
10992,366.476,0.98,1,-0.348356,0.464274,-0.814308,-0.580332,0.44239,-0.683744,-0.555,0.544,0.39,0.509,0.051
10993,366.51,0.98,1,-0.374995,0.514328,-0.771262,-0.572356,0.502483,-0.648012,-0.589,0.622,0.386,0.516,0.058
10994,366.543,0.98,1,-0.379286,0.502903,-0.776679,-0.585131,0.525617,-0.617535,-0.605,0.636,0.371,0.537,0.071
10995,366.576,0.98,1,-0.42496,0.501752,-0.753428,-0.600394,0.513377,-0.613165,-0.644,0.639,0.357,0.56,0.087
10996,366.61,0.98,1,-0.462123,0.466786,-0.754024,-0.595123,0.512019,-0.619407,-0.656,0.619,0.345,0.568,0.103
10997,366.643,0.98,1,-0.472919,0.462176,-0.750161,-0.598317,0.504281,-0.62267,-0.663,0.613,0.338,0.572,0.113
10998,366.676,0.98,1,-0.474625,0.457799,-0.751766,-0.596675,0.496408,-0.630522,-0.659,0.604,0.33,0.566,0.121
10999,366.71,0.98,1,-0.467773,0.455966,-0.757155,-0.590627,0.48403,-0.645658,-0.646,0.59,0.32,0.559,0.127
11000,366.743,0.98,1,-0.407522,0.467993,-0.784161,-0.58551,0.490352,-0.645548,-0.607,0.591,0.314,0.55,0.13
11001,366.777,0.98,1,-0.453739,0.459238,-0.763689,-0.567557,0.489255,-0.6622,-0.622,0.587,0.314,0.543,0.128
11002,366.81,0.98,1,-0.425519,0.464823,-0.776449,-0.560617,0.484303,-0.671684,-0.598,0.58,0.317,0.541,0.126
11003,366.843,0.98,1,-0.405197,0.463839,-0.787825,-0.578842,0.486295,-0.654568,-0.599,0.582,0.319,0.538,0.123
11004,366.877,0.98,1,-0.392472,0.463675,-0.794336,-0.572355,0.474167,-0.669011,-0.583,0.57,0.316,0.533,0.121
11005,366.91,0.98,1,-0.39591,0.455627,-0.797283,-0.567421,0.483495,-0.666533,-0.582,0.57,0.316,0.529,0.117
11006,366.943,0.98,1,-0.442719,0.44344,-0.779333,-0.563238,0.470376,-0.679344,-0.604,0.56,0.314,0.527,0.115
11007,366.977,0.98,1,-0.409256,0.459018,-0.788551,-0.564402,0.460575,-0.685071,-0.584,0.558,0.317,0.521,0.113
11008,367.01,0.98,1,-0.390605,0.45904,-0.797941,-0.537462,0.412813,-0.735337,-0.544,0.517,0.321,0.514,0.111
11009,367.043,0.98,1,-0.43948,0.450534,-0.777095,-0.556688,0.404283,-0.725709,-0.585,0.517,0.32,0.518,0.111
11010,367.077,0.98,1,-0.445029,0.446267,-0.776398,-0.54102,0.404363,-0.73742,-0.577,0.512,0.321,0.515,0.11
11011,367.11,0.98,1,-0.382178,0.445234,-0.809757,-0.556134,0.467821,-0.686919,-0.56,0.548,0.322,0.513,0.109
11012,367.143,0.98,1,-0.408399,0.451209,-0.793486,-0.548283,0.450382,-0.704657,-0.568,0.542,0.314,0.507,0.114
11013,367.177,0.98,1,-0.360995,0.431248,-0.826866,-0.544357,0.455629,-0.704328,-0.534,0.525,0.311,0.503,0.117
11014,367.21,0.98,1,-0.406773,0.451764,-0.794006,-0.560373,0.446225,-0.697757,-0.575,0.542,0.309,0.505,0.119
11015,367.243,0.98,1,-0.351861,0.424629,-0.834196,-0.544703,0.452024,-0.70638,-0.527,0.517,0.306,0.499,0.121
11016,367.277,0.98,1,-0.367848,0.451559,-0.812885,-0.541328,0.461369,-0.702924,-0.54,0.542,0.306,0.496,0.121
11017,367.31,0.98,1,-0.347127,0.42588,-0.835541,-0.548778,0.460848,-0.697468,-0.529,0.524,0.311,0.498,0.119
11018,367.343,0.98,1,-0.351712,0.445121,-0.823508,-0.541798,0.459934,-0.703503,-0.529,0.535,0.308,0.496,0.118
11019,367.377,0.98,1,-0.355638,0.416834,-0.836523,-0.544151,0.46529,-0.698144,-0.53,0.522,0.312,0.498,0.115
11020,367.41,0.98,1,-0.365491,0.432555,-0.824204,-0.536463,0.460075,-0.707487,-0.532,0.528,0.314,0.497,0.114
11021,367.443,0.98,1,-0.369971,0.480288,-0.795264,-0.534638,0.465278,-0.705463,-0.542,0.562,0.316,0.495,0.112
11022,367.477,0.98,1,-0.39148,0.503855,-0.769983,-0.598585,0.376357,-0.707143,-0.59,0.537,0.35,0.538,0.099
11023,367.51,0.98,1,-0.403502,0.502477,-0.764659,-0.58156,0.373837,-0.722519,-0.585,0.532,0.354,0.552,0.098
11024,367.543,0.98,1,-0.398842,0.495687,-0.771505,-0.590327,0.359645,-0.722613,-0.585,0.52,0.349,0.551,0.102
11025,367.577,0.98,1,-0.400003,0.497445,-0.76977,-0.581865,0.366636,-0.725955,-0.581,0.524,0.353,0.555,0.101
11026,367.61,0.98,1,-0.401208,0.493927,-0.771407,-0.561769,0.371046,-0.739419,-0.567,0.52,0.352,0.552,0.103
11027,367.643,0.98,1,-0.358898,0.520661,-0.774664,-0.589112,0.356028,-0.72539,-0.564,0.529,0.358,0.552,0.103
11028,367.677,0.98,1,-0.294208,0.523455,-0.799648,-0.585715,0.33551,-0.737815,-0.52,0.509,0.371,0.532,0.101
11029,367.71,0.98,1,-0.183579,0.505803,-0.842889,-0.546026,0.335994,-0.76744,-0.425,0.482,0.374,0.472,0.101
11030,367.743,0.98,1,-0.160741,0.50455,-0.848288,-0.516596,0.338906,-0.786302,-0.393,0.476,0.387,0.433,0.091
11031,367.777,0.98,1,-0.172923,0.516316,-0.838758,-0.512956,0.367059,-0.775979,-0.402,0.501,0.414,0.407,0.07
11032,367.81,0.98,1,-0.183825,0.516478,-0.836336,-0.500548,0.354618,-0.789745,-0.398,0.492,0.407,0.387,0.061
11033,367.844,0.98,1,-0.1936,0.515133,-0.834959,-0.500552,0.35168,-0.791056,-0.403,0.49,0.403,0.377,0.057
11034,367.877,0.98,1,-0.21134,0.50597,-0.83626,-0.494457,0.352475,-0.794527,-0.408,0.485,0.405,0.376,0.054
11035,367.91,0.98,1,-0.215215,0.504919,-0.835906,-0.494398,0.363278,-0.789683,-0.412,0.491,0.41,0.376,0.052
11036,367.944,0.98,1,-0.205473,0.513059,-0.833398,-0.486938,0.358399,-0.796519,-0.402,0.491,0.407,0.371,0.056
11037,367.977,0.98,1,-0.165977,0.52816,-0.832766,-0.449193,0.403045,-0.797358,-0.361,0.519,0.387,0.351,0.063
11038,368.01,0.98,1,-0.045566,0.557136,-0.82917,-0.361647,0.515724,-0.776686,-0.248,0.589,0.367,0.318,0.069
11039,368.044,0.98,1,-0.042801,0.408113,-0.911927,-0.292887,0.502646,-0.813366,-0.192,0.486,0.354,0.276,0.077
11040,368.077,0.98,1,0.025292,0.446421,-0.894466,-0.230386,0.471238,-0.851385,-0.117,0.484,0.347,0.225,0.082
11041,368.11,0.98,1,0.09316,0.48479,-0.869655,-0.213089,0.463169,-0.860272,-0.069,0.501,0.347,0.175,0.09
11042,368.144,0.98,1,0.140356,0.50282,-0.85292,-0.176174,0.489961,-0.853757,-0.021,0.527,0.354,0.116,0.089
11043,368.177,0.98,1,0.151751,0.542885,-0.825983,-0.173029,0.505077,-0.845552,-0.013,0.56,0.371,0.07,0.074
11044,368.21,0.98,1,0.186505,0.56282,-0.805264,-0.140893,0.51981,-0.842584,0.028,0.581,0.362,0.037,0.064
11045,368.244,0.98,1,0.236662,0.55632,-0.796554,-0.110588,0.482724,-0.868762,0.076,0.558,0.345,0.019,0.062
11046,368.277,0.98,1,0.250409,0.565851,-0.785562,-0.10431,0.453062,-0.885355,0.087,0.548,0.328,0.007,0.062
11047,368.31,0.98,1,0.221511,0.565736,-0.794277,-0.103282,0.440487,-0.891798,0.07,0.538,0.32,-0.006,0.066
11048,368.344,0.98,1,0.211912,0.564733,-0.797602,-0.115072,0.443417,-0.888898,0.057,0.539,0.315,-0.02,0.072
11049,368.377,0.98,1,0.201914,0.566904,-0.798656,-0.114019,0.439666,-0.890895,0.052,0.537,0.314,-0.036,0.077
11050,368.41,0.98,1,0.192399,0.56466,-0.802584,-0.119604,0.435163,-0.892372,0.043,0.533,0.312,-0.041,0.079
11051,368.444,0.98,1,0.176681,0.567765,-0.804007,-0.130775,0.43515,-0.89081,0.027,0.534,0.313,-0.035,0.08
11052,368.477,0.98,1,0.178073,0.562293,-0.807537,-0.129077,0.433635,-0.891796,0.029,0.53,0.311,-0.032,0.081
11053,368.51,0.98,1,0.172589,0.549385,-0.817551,-0.140515,0.440597,-0.88664,0.019,0.526,0.308,-0.024,0.082
11054,368.544,0.98,1,0.161884,0.547487,-0.821006,-0.119468,0.418653,-0.900254,0.025,0.511,0.309,-0.034,0.088
11055,368.577,0.98,1,0.160542,0.545023,-0.822907,-0.124585,0.416591,-0.900517,0.021,0.509,0.309,-0.034,0.091
11056,368.61,0.98,1,0.144673,0.553686,-0.820062,-0.148267,0.443527,-0.883912,-0.002,0.529,0.311,-0.025,0.092
11057,368.644,0.98,1,0.131407,0.553912,-0.82214,-0.143238,0.44856,-0.8822,-0.007,0.532,0.314,-0.022,0.095
11058,368.677,0.98,1,0.145066,0.579393,-0.802035,-0.164299,0.434315,-0.88565,-0.011,0.541,0.313,-0.018,0.096
11059,368.71,0.98,1,0.145107,0.575881,-0.804552,-0.19909,0.421209,-0.884842,-0.032,0.533,0.318,-0.009,0.099
11060,368.744,0.98,1,0.144344,0.560388,-0.815555,-0.223048,0.394968,-0.891207,-0.046,0.51,0.322,0.002,0.1
11061,368.777,0.98,1,0.144913,0.56494,-0.812307,-0.223508,0.389603,-0.89345,-0.046,0.51,0.325,0.002,0.101
11062,368.81,0.98,1,0.127064,0.569034,-0.812438,-0.219948,0.405263,-0.887347,-0.055,0.52,0.326,-0.003,0.103
11063,368.844,0.98,1,0.122254,0.571133,-0.811702,-0.2024,0.441236,-0.874268,-0.048,0.541,0.319,-0.005,0.107
11064,368.877,0.98,1,0.114825,0.581505,-0.805399,-0.178303,0.471342,-0.863739,-0.038,0.563,0.32,-0.017,0.114
11065,368.91,0.98,1,0.111123,0.572337,-0.812454,-0.185177,0.47326,-0.86124,-0.044,0.558,0.319,-0.008,0.112
11066,368.944,0.98,1,0.117725,0.573075,-0.811003,-0.188363,0.45512,-0.870279,-0.042,0.549,0.317,-0.007,0.113
11067,368.977,0.98,1,0.15149,0.564119,-0.811678,-0.154583,0.450065,-0.879515,-0.002,0.54,0.315,-0.017,0.113
11068,369.011,0.98,1,0.161317,0.587535,-0.792956,-0.197405,0.43383,-0.879103,-0.022,0.548,0.315,-0.004,0.112
11069,369.044,0.98,1,0.167374,0.58583,-0.792963,-0.197703,0.410393,-0.89022,-0.018,0.534,0.318,-0.021,0.113
11070,369.077,0.98,1,0.171248,0.590353,-0.788769,-0.189021,0.416568,-0.889237,-0.011,0.54,0.321,-0.035,0.114
11071,369.111,0.98,1,0.168332,0.594727,-0.786107,-0.197234,0.437974,-0.877085,-0.017,0.556,0.323,-0.035,0.116
11072,369.144,0.98,1,0.153726,0.599643,-0.785364,-0.205612,0.415026,-0.886272,-0.031,0.546,0.329,-0.027,0.118
11073,369.177,0.98,1,0.157763,0.596481,-0.786969,-0.20636,0.41698,-0.88518,-0.029,0.545,0.329,-0.028,0.122
11074,369.211,0.98,1,0.152634,0.593256,-0.790412,-0.216514,0.408958,-0.886496,-0.038,0.539,0.33,-0.022,0.125
11075,369.244,0.98,1,0.15227,0.590922,-0.792228,-0.210256,0.411972,-0.886607,-0.035,0.538,0.33,-0.029,0.129
11076,369.277,0.98,1,0.153168,0.58666,-0.795217,-0.215557,0.400882,-0.890409,-0.037,0.53,0.331,-0.031,0.134
11077,369.311,0.98,1,0.14644,0.586665,-0.79648,-0.217664,0.387319,-0.895883,-0.042,0.522,0.333,-0.027,0.138
11078,369.344,0.98,1,0.142182,0.589259,-0.795335,-0.215279,0.429752,-0.876908,-0.044,0.547,0.332,-0.025,0.142
11079,369.377,0.98,1,0.144108,0.593478,-0.791844,-0.21582,0.435633,-0.873868,-0.043,0.553,0.331,-0.025,0.142
11080,369.411,0.98,1,0.132076,0.600399,-0.788718,-0.224399,0.437125,-0.870957,-0.056,0.559,0.333,-0.018,0.143
11081,369.444,0.98,1,0.131748,0.60086,-0.788423,-0.220637,0.436928,-0.872017,-0.053,0.559,0.333,-0.017,0.145
11082,369.477,0.98,1,0.129385,0.610462,-0.781406,-0.222028,0.430379,-0.874916,-0.056,0.561,0.332,-0.023,0.146
11083,369.511,0.98,1,0.106933,0.597762,-0.79451,-0.26906,0.391922,-0.879775,-0.097,0.534,0.326,-0.021,0.143
11084,369.544,0.98,1,-0.045468,0.567011,-0.822454,-0.252357,0.407769,-0.877519,-0.173,0.521,0.317,-0.003,0.135
11085,369.577,0.98,1,-0.136715,0.537591,-0.832049,-0.294222,0.420939,-0.858047,-0.25,0.516,0.307,0.014,0.131
11086,369.611,0.98,1,-0.160088,0.447745,-0.879714,-0.308127,0.455106,-0.835426,-0.266,0.485,0.302,0.061,0.121
11087,369.644,0.98,1,-0.158056,0.383518,-0.909908,-0.38779,0.458001,-0.799909,-0.309,0.457,0.306,0.126,0.108
11088,369.677,0.98,1,-0.21024,0.368873,-0.90539,-0.454756,0.434838,-0.777247,-0.376,0.446,0.286,0.197,0.106
11089,369.711,0.98,1,-0.292756,0.365568,-0.883546,-0.442847,0.360793,-0.820801,-0.407,0.403,0.266,0.289,0.106
11099,370.044,0.98,1,-0.263988,0.403214,-0.876201,-0.40733,0.325313,-0.853378,-0.37,0.399,0.237,0.345,0.121
11100,370.078,0.98,1,-0.303875,0.400442,-0.864469,-0.432352,0.406243,-0.805008,-0.415,0.45,0.235,0.346,0.123
11101,370.111,0.98,1,-0.294495,0.418158,-0.859312,-0.423044,0.413612,-0.8062,-0.407,0.463,0.235,0.349,0.12
11102,370.144,0.98,1,-0.29385,0.415238,-0.860947,-0.424191,0.417017,-0.80384,-0.407,0.464,0.241,0.353,0.117
11103,370.178,0.98,1,-0.308097,0.407393,-0.859714,-0.426209,0.408141,-0.807321,-0.415,0.455,0.244,0.359,0.115
11104,370.211,0.98,1,-0.275502,0.414579,-0.867308,-0.416741,0.404563,-0.814037,-0.391,0.453,0.242,0.362,0.114
11105,370.244,0.98,1,-0.278194,0.400701,-0.872953,-0.407238,0.387935,-0.82684,-0.383,0.434,0.244,0.366,0.112
11106,370.278,0.98,1,-0.319307,0.408702,-0.854989,-0.418743,0.426537,-0.801698,-0.419,0.467,0.25,0.371,0.109
11107,370.311,0.98,1,-0.416315,0.381111,-0.825492,-0.46951,0.430307,-0.770971,-0.507,0.47,0.258,0.381,0.104
11108,370.344,0.98,1,-0.428853,0.354349,-0.830977,-0.495543,0.44526,-0.745776,-0.53,0.469,0.262,0.395,0.102
11109,370.378,0.98,1,-0.439591,0.302622,-0.845683,-0.517318,0.457144,-0.723465,-0.548,0.451,0.266,0.416,0.1
11110,370.411,0.98,1,-0.426411,0.369119,-0.825787,-0.539645,0.417587,-0.73103,-0.555,0.468,0.265,0.449,0.102
11111,370.444,0.98,1,-0.418287,0.41719,-0.806839,-0.538616,0.395881,-0.743755,-0.553,0.483,0.258,0.467,0.11
11112,370.478,0.98,1,-0.40022,0.423122,-0.812891,-0.531801,0.376267,-0.75869,-0.535,0.471,0.252,0.471,0.111
11113,370.511,0.98,1,-0.398834,0.41795,-0.816241,-0.517339,0.37445,-0.769511,-0.524,0.463,0.242,0.469,0.111
11114,370.544,0.98,1,-0.384387,0.419177,-0.822519,-0.512346,0.378794,-0.770724,-0.513,0.464,0.242,0.47,0.105
11115,370.578,0.98,1,-0.357013,0.410924,-0.838858,-0.534656,0.359751,-0.764672,-0.507,0.448,0.25,0.467,0.096
11116,370.611,0.98,1,-0.349017,0.402298,-0.846371,-0.500667,0.354008,-0.789944,-0.479,0.433,0.253,0.469,0.089
11117,370.644,0.98,1,-0.337938,0.407791,-0.848236,-0.500528,0.35964,-0.787484,-0.474,0.439,0.259,0.467,0.081
11118,370.678,0.98,1,-0.335277,0.404771,-0.850735,-0.498933,0.354425,-0.790853,-0.47,0.433,0.263,0.466,0.075
11119,370.711,0.98,1,-0.335636,0.404446,-0.850748,-0.507653,0.355139,-0.784961,-0.476,0.435,0.267,0.467,0.07
11120,370.744,0.98,1,-0.336609,0.403384,-0.850868,-0.497761,0.357907,-0.790023,-0.47,0.434,0.271,0.469,0.064
11121,370.778,0.98,1,-0.337005,0.404621,-0.850123,-0.503793,0.355484,-0.787289,-0.474,0.435,0.271,0.469,0.061
11122,370.811,0.98,1,-0.345031,0.405113,-0.846662,-0.515019,0.360322,-0.777768,-0.487,0.44,0.278,0.467,0.057
11123,370.844,0.98,1,-0.350051,0.405388,-0.844467,-0.521038,0.358988,-0.774369,-0.494,0.441,0.286,0.466,0.052
11124,370.878,0.98,1,-0.344388,0.411603,-0.843789,-0.526805,0.357908,-0.77096,-0.495,0.445,0.288,0.464,0.05
11125,370.911,0.98,1,-0.339102,0.413489,-0.845007,-0.52773,0.355074,-0.771637,-0.492,0.444,0.296,0.463,0.047
11126,370.944,0.98,1,-0.340815,0.414013,-0.844061,-0.520835,0.353773,-0.776901,-0.489,0.442,0.299,0.462,0.047
11127,370.978,0.98,1,-0.347073,0.412458,-0.84227,-0.520989,0.353399,-0.776968,-0.492,0.442,0.303,0.464,0.046
11128,371.011,0.98,1,-0.349962,0.411282,-0.841649,-0.546254,0.356228,-0.758095,-0.511,0.447,0.309,0.465,0.045
11129,371.044,0.98,1,-0.349803,0.415841,-0.839473,-0.552553,0.363133,-0.750214,-0.516,0.456,0.316,0.47,0.045
11130,371.078,0.98,1,-0.350142,0.424188,-0.835144,-0.561683,0.366622,-0.741687,-0.524,0.465,0.326,0.47,0.043
11131,371.111,0.98,1,-0.359217,0.419922,-0.833444,-0.556938,0.370397,-0.743388,-0.526,0.465,0.335,0.473,0.041
11132,371.144,0.98,1,-0.356345,0.423411,-0.832911,-0.562748,0.382356,-0.732884,-0.531,0.475,0.344,0.48,0.038
11133,371.178,0.98,1,-0.36057,0.420995,-0.832318,-0.56818,0.383087,-0.728296,-0.537,0.476,0.345,0.485,0.038
11134,371.211,0.98,1,-0.367712,0.4144,-0.832502,-0.569293,0.377792,-0.730191,-0.54,0.469,0.349,0.492,0.039
11135,371.245,0.98,1,-0.369609,0.421812,-0.827927,-0.574838,0.377118,-0.726185,-0.546,0.475,0.353,0.495,0.039
11136,371.278,0.98,1,-0.369194,0.419398,-0.829338,-0.575699,0.382162,-0.722857,-0.547,0.477,0.355,0.496,0.04
11137,371.311,0.98,1,-0.373392,0.420689,-0.8268,-0.575288,0.384371,-0.722013,-0.55,0.479,0.359,0.495,0.04
11138,371.345,0.98,1,-0.374262,0.415325,-0.829116,-0.57569,0.390281,-0.718513,-0.551,0.48,0.365,0.498,0.036
11139,371.378,0.98,1,-0.372678,0.414868,-0.830058,-0.581079,0.392549,-0.712919,-0.554,0.482,0.37,0.498,0.033
11140,371.411,0.98,1,-0.376029,0.420352,-0.825776,-0.579045,0.395019,-0.713209,-0.555,0.487,0.374,0.497,0.031
11141,371.445,0.98,1,-0.370852,0.429622,-0.823343,-0.574714,0.401806,-0.71292,-0.552,0.496,0.376,0.491,0.029
11142,371.478,0.98,1,-0.373889,0.441172,-0.815827,-0.566107,0.423412,-0.70728,-0.553,0.516,0.377,0.483,0.031
11143,371.511,0.98,1,-0.192187,0.59929,-0.77712,-0.452247,0.559331,-0.694709,-0.413,0.667,0.389,0.447,0.023
11144,371.545,0.98,1,-0.210652,0.587702,-0.781174,-0.474389,0.519511,-0.710678,-0.43,0.638,0.392,0.376,0.023
11145,371.578,0.98,1,-0.180348,0.574858,-0.798131,-0.395885,0.515094,-0.760232,-0.354,0.61,0.358,0.291,0.05
11146,371.611,0.93,1,-0.180658,0.536422,-0.824387,-0.30581,0.465575,-0.830494,-0.286,0.544,0.321,0.214,0.086
11147,371.645,0.93,1,0.002144,0.622686,-0.782469,-0.235423,0.377407,-0.895623,-0.138,0.537,0.314,0.154,0.111
11148,371.678,0.98,1,0.119475,0.561644,-0.818707,-0.182033,0.435195,-0.881742,-0.037,0.53,0.348,0.068,0.093
11149,371.711,0.98,1,0.074893,0.610553,-0.788426,-0.223657,0.561558,-0.796637,-0.094,0.637,0.361,0.058,0.075
11150,371.745,0.98,1,0.085733,0.605724,-0.791043,-0.184338,0.535446,-0.824207,-0.061,0.615,0.35,0.046,0.078
11151,371.778,0.98,1,0.089277,0.598348,-0.796247,-0.181367,0.521931,-0.833483,-0.056,0.602,0.344,0.05,0.083
11152,371.811,0.98,1,0.096591,0.5954,-0.797602,-0.184359,0.515833,-0.836617,-0.054,0.597,0.34,0.044,0.091
11153,371.845,0.98,1,0.095185,0.588515,-0.802864,-0.193947,0.511462,-0.837133,-0.06,0.591,0.338,0.044,0.095
11154,371.878,0.98,1,0.101677,0.581847,-0.806918,-0.19792,0.52062,-0.830532,-0.059,0.593,0.327,0.04,0.1
11155,371.911,0.98,1,0.113983,0.582092,-0.805094,-0.184383,0.526924,-0.829671,-0.043,0.596,0.317,0.022,0.103
11156,371.945,0.98,1,0.105789,0.601068,-0.792165,-0.177712,0.505478,-0.84434,-0.044,0.595,0.321,0.022,0.109
11157,371.978,0.98,1,0.105222,0.606992,-0.787711,-0.188731,0.486071,-0.853297,-0.051,0.588,0.325,0.014,0.112
11158,372.011,0.98,1,0.121477,0.611716,-0.781695,-0.206615,0.465672,-0.8605,-0.052,0.581,0.328,0.007,0.116
11159,372.045,0.98,1,0.124763,0.62199,-0.773022,-0.209409,0.47008,-0.857422,-0.052,0.59,0.328,0.003,0.119
11160,372.078,0.98,1,0.122003,0.614109,-0.779734,-0.209339,0.468483,-0.858313,-0.053,0.584,0.324,0.002,0.118
11161,372.111,0.98,1,0.118287,0.605532,-0.786981,-0.219426,0.46838,-0.855846,-0.061,0.579,0.325,0.017,0.118
11162,372.145,0.98,1,0.120479,0.617043,-0.777652,-0.218809,0.467711,-0.856369,-0.06,0.586,0.325,0.019,0.12
11163,372.178,0.98,1,0.118004,0.616732,-0.778278,-0.229579,0.463535,-0.85582,-0.068,0.584,0.327,0.018,0.121
11164,372.211,0.98,1,0.098787,0.620554,-0.777916,-0.232719,0.461538,-0.856052,-0.082,0.585,0.325,0.02,0.122
11165,372.245,0.98,1,0.098067,0.617845,-0.780161,-0.222722,0.474139,-0.851814,-0.076,0.59,0.329,0.013,0.124
11166,372.278,0.98,1,0.101589,0.615898,-0.781248,-0.225158,0.472949,-0.851835,-0.076,0.588,0.326,0.014,0.127
11167,372.312,0.98,1,0.0981,0.601615,-0.792739,-0.220278,0.47566,-0.851601,-0.074,0.58,0.328,0.018,0.127
11168,372.345,0.98,1,0.09581,0.597165,-0.796376,-0.252908,0.467316,-0.847144,-0.095,0.575,0.328,0.024,0.126
11169,372.378,0.98,1,0.081889,0.613067,-0.785775,-0.211239,0.453796,-0.865706,-0.078,0.574,0.324,0.006,0.126
11170,372.412,0.98,1,-0.013504,0.611286,-0.791295,-0.266741,0.453605,-0.850348,-0.169,0.575,0.323,0.028,0.121
11171,372.445,0.98,1,-0.109107,0.570212,-0.814219,-0.201664,0.311502,-0.9286,-0.176,0.468,0.314,0.023,0.124
11173,372.512,0.98,1,-0.220031,0.349646,-0.910678,-0.361442,0.426,-0.829388,-0.323,0.419,0.329,0.137,0.115
11174,372.545,0.98,1,-0.253212,0.29775,-0.92045,-0.469799,0.447673,-0.76084,-0.406,0.417,0.33,0.224,0.109
11176,372.612,0.93,1,-0.473711,0.343069,-0.811111,-0.551628,0.341144,-0.761136,-0.578,0.41,0.304,0.379,0.13
11177,372.645,0.93,1,-0.484735,0.366095,-0.794359,-0.597776,0.357431,-0.71757,-0.621,0.446,0.294,0.454,0.132
11178,372.678,0.98,1,-0.475869,0.350996,-0.806443,-0.627961,0.410787,-0.660998,-0.645,0.479,0.276,0.521,0.135
11179,372.712,0.98,1,-0.488258,0.343623,-0.802201,-0.640671,0.401016,-0.654773,-0.659,0.472,0.266,0.551,0.142
11180,372.745,0.98,1,-0.476846,0.348912,-0.80677,-0.657991,0.402167,-0.63664,-0.666,0.48,0.272,0.572,0.134
11181,372.778,0.98,1,-0.465462,0.356254,-0.810202,-0.660033,0.408704,-0.630331,-0.663,0.488,0.28,0.583,0.119
11182,372.812,0.98,1,-0.481775,0.34751,-0.804444,-0.669418,0.409325,-0.619946,-0.68,0.488,0.282,0.587,0.11
11183,372.845,0.98,1,-0.507822,0.328723,-0.796278,-0.682242,0.322017,-0.656392,-0.686,0.421,0.287,0.592,0.1
11184,372.878,0.98,1,-0.517156,0.331705,-0.789001,-0.672926,0.320127,-0.66685,-0.685,0.421,0.287,0.597,0.093
11185,372.912,0.98,1,-0.509833,0.339082,-0.790629,-0.666849,0.3062,-0.679378,-0.675,0.414,0.288,0.592,0.087
11186,372.945,0.98,1,-0.508871,0.343016,-0.78955,-0.654353,0.321931,-0.684238,-0.668,0.424,0.282,0.586,0.086
11187,372.978,0.98,1,-0.506747,0.351342,-0.787253,-0.655149,0.317829,-0.685393,-0.668,0.427,0.279,0.58,0.084
11188,373.012,0.98,1,-0.498552,0.354457,-0.791079,-0.635838,0.317851,-0.703335,-0.649,0.423,0.278,0.578,0.077
11189,373.045,0.98,1,-0.493229,0.352523,-0.795269,-0.628215,0.324099,-0.707323,-0.641,0.423,0.284,0.577,0.067
11190,373.078,0.98,1,-0.486988,0.342669,-0.803381,-0.626881,0.33088,-0.705364,-0.636,0.42,0.285,0.582,0.058
11191,373.112,0.98,1,-0.430981,0.381632,-0.817687,-0.60288,0.409925,-0.684469,-0.603,0.485,0.28,0.585,0.05
11192,373.145,0.98,1,-0.391369,0.396316,-0.83052,-0.600842,0.40669,-0.68818,-0.579,0.486,0.28,0.587,0.041
11193,373.178,0.98,1,-0.398446,0.40545,-0.82271,-0.598403,0.405845,-0.690799,-0.582,0.492,0.284,0.595,0.035
11194,373.212,0.98,1,-0.388137,0.399577,-0.830474,-0.60036,0.39782,-0.693763,-0.575,0.482,0.281,0.593,0.035
11195,373.245,0.98,1,-0.404951,0.393657,-0.825257,-0.615422,0.380085,-0.6905,-0.592,0.472,0.279,0.598,0.034
11196,373.278,0.98,1,-0.395186,0.393568,-0.830019,-0.601829,0.362903,-0.711409,-0.574,0.456,0.272,0.591,0.038
11197,373.312,0.98,1,-0.409596,0.377448,-0.830521,-0.567921,0.373681,-0.733368,-0.559,0.448,0.27,0.589,0.039
11198,373.345,0.98,1,-0.460055,0.317065,-0.829349,-0.572976,0.366056,-0.733281,-0.584,0.412,0.27,0.588,0.038
11200,373.412,0.98,1,-0.455677,0.321892,-0.829906,-0.571695,0.356883,-0.738782,-0.58,0.408,0.265,0.582,0.039
11201,373.445,0.98,1,-0.420622,0.375098,-0.826062,-0.558933,0.363291,-0.745395,-0.557,0.439,0.266,0.573,0.038
11202,373.479,0.98,1,-0.406073,0.382674,-0.829859,-0.552847,0.368977,-0.747139,-0.546,0.445,0.27,0.572,0.032
11203,373.512,0.98,1,-0.404145,0.3859,-0.829305,-0.56692,0.369694,-0.736158,-0.555,0.45,0.279,0.579,0.026
11204,373.545,0.98,1,-0.433669,0.381948,-0.816117,-0.580503,0.365667,-0.727532,-0.581,0.451,0.289,0.586,0.019
11205,373.579,0.98,1,-0.446549,0.373577,-0.81304,-0.581366,0.358244,-0.73053,-0.587,0.443,0.301,0.595,0.012
11206,373.612,0.98,1,-0.458013,0.374347,-0.806281,-0.587957,0.363934,-0.722398,-0.6,0.45,0.311,0.599,0.007
11207,373.645,0.98,1,-0.443837,0.387633,-0.807929,-0.598393,0.383506,-0.703455,-0.604,0.472,0.315,0.596,0.004
11208,373.679,0.98,1,-0.453901,0.394215,-0.799105,-0.624757,0.445174,-0.641482,-0.643,0.528,0.319,0.585,0.004
11209,373.712,0.98,1,-0.446705,0.387809,-0.806262,-0.609703,0.456382,-0.648057,-0.628,0.526,0.325,0.58,0.001
11210,373.745,0.98,1,-0.44956,0.387446,-0.804849,-0.610926,0.460208,-0.644188,-0.632,0.529,0.333,0.583,-0.002
11211,373.779,0.98,1,-0.44532,0.410912,-0.795513,-0.619475,0.454452,-0.640096,-0.638,0.542,0.333,0.581,-0.002
11212,373.812,0.98,1,-0.504504,0.366278,-0.781867,-0.644007,0.44147,-0.624788,-0.685,0.521,0.334,0.595,-0.004
11213,373.845,0.98,1,-0.449609,0.398273,-0.799519,-0.633213,0.435611,-0.639754,-0.645,0.525,0.343,0.604,-0.01
11214,373.879,0.98,1,-0.434494,0.391891,-0.810948,-0.6053,0.392304,-0.69261,-0.605,0.481,0.342,0.606,-0.011
11215,373.912,0.98,1,-0.426271,0.386605,-0.81782,-0.603784,0.38532,-0.697835,-0.597,0.471,0.342,0.607,-0.011
11216,373.945,0.98,1,-0.435789,0.377031,-0.817273,-0.594926,0.368202,-0.714485,-0.592,0.453,0.339,0.607,-0.01
11217,373.979,0.98,1,-0.437279,0.372105,-0.818734,-0.585525,0.36029,-0.72619,-0.585,0.443,0.338,0.608,-0.01
11218,374.012,0.98,1,-0.449263,0.369103,-0.813589,-0.578319,0.364158,-0.730025,-0.587,0.443,0.336,0.608,-0.011
11219,374.045,0.98,1,-0.451702,0.378348,-0.807972,-0.577187,0.36419,-0.730904,-0.589,0.45,0.339,0.612,-0.01
11220,374.079,0.98,1,-0.451659,0.374055,-0.809992,-0.576145,0.361382,-0.733116,-0.588,0.445,0.341,0.61,-0.009
11221,374.112,0.98,1,-0.438617,0.374173,-0.817074,-0.578793,0.360363,-0.73153,-0.581,0.443,0.332,0.604,-0.002
11222,374.145,0.98,1,-0.45268,0.373247,-0.809795,-0.575139,0.354788,-0.737116,-0.586,0.44,0.334,0.606,0.001
11223,374.179,0.98,1,-0.481319,0.345707,-0.805493,-0.605258,0.356102,-0.711937,-0.621,0.433,0.335,0.604,0.003
11224,374.212,0.98,1,-0.475149,0.326275,-0.817177,-0.615749,0.327259,-0.716767,-0.618,0.403,0.335,0.604,0.004
11364,378.88,0.98,1,-0.307104,0.389553,-0.868295,-0.40394,0.432381,-0.806151,-0.402,0.456,0.213,0.316,-0.028
11365,378.913,0.98,1,-0.387163,0.382414,-0.838967,-0.464961,0.441017,-0.767669,-0.488,0.474,0.216,0.338,-0.03
11366,378.947,0.98,1,-0.459476,0.411664,-0.787029,-0.462207,0.409372,-0.786625,-0.53,0.481,0.235,0.382,-0.034
11367,378.98,0.98,1,-0.493259,0.416773,-0.763542,-0.547326,0.457347,-0.700905,-0.618,0.538,0.25,0.459,-0.033
11368,379.014,0.98,1,-0.548279,0.399848,-0.734515,-0.592856,0.436255,-0.676907,-0.68,0.535,0.256,0.53,-0.025
11369,379.047,0.98,1,-0.540237,0.358134,-0.761501,-0.625196,0.436899,-0.646722,-0.691,0.514,0.248,0.578,-0.014
11370,379.08,0.98,1,-0.53489,0.353137,-0.767585,-0.647328,0.431356,-0.62841,-0.703,0.512,0.248,0.633,-0.008
11371,379.114,0.98,1,-0.520452,0.344654,-0.781244,-0.667041,0.421919,-0.614037,-0.705,0.502,0.252,0.689,-0.005
11372,379.147,0.93,1,-0.513042,0.337567,-0.7892,-0.685393,0.424881,-0.591365,-0.715,0.505,0.273,0.749,-0.017
11373,379.18,0.98,1,-0.581225,0.325374,-0.745861,-0.725137,0.318069,-0.610745,-0.767,0.443,0.276,0.798,-0.02
11374,379.214,0.98,1,-0.570061,0.343295,-0.746444,-0.680001,0.325213,-0.657141,-0.728,0.444,0.307,0.823,-0.032
11375,379.247,0.98,1,-0.589445,0.320803,-0.741377,-0.675047,0.343622,-0.652867,-0.737,0.445,0.307,0.826,-0.029
11376,379.28,0.98,1,-0.588893,0.326657,-0.739257,-0.65897,0.377501,-0.650577,-0.732,0.469,0.325,0.849,-0.044
11377,379.314,0.98,1,-0.596007,0.328108,-0.732885,-0.659107,0.37778,-0.650277,-0.737,0.472,0.321,0.865,-0.045
11378,379.347,0.98,1,-0.588381,0.356924,-0.725543,-0.659185,0.395162,-0.639783,-0.74,0.503,0.331,0.86,-0.048
11379,379.38,0.98,1,-0.578248,0.375211,-0.724463,-0.661436,0.445897,-0.603057,-0.751,0.554,0.318,0.858,-0.046
11380,379.414,0.98,1,-0.558049,0.370251,-0.742627,-0.689425,0.36985,-0.62282,-0.74,0.497,0.33,0.848,-0.052
11381,379.447,0.98,1,-0.565327,0.367212,-0.738621,-0.68235,0.340627,-0.646816,-0.733,0.472,0.341,0.858,-0.06
11382,379.48,0.98,1,-0.572256,0.361354,-0.73617,-0.704687,0.358951,-0.612022,-0.758,0.491,0.341,0.848,-0.064
11383,379.514,0.98,1,-0.586964,0.385328,-0.712037,-0.775403,0.324407,-0.541766,-0.827,0.515,0.357,0.864,-0.075
11384,379.547,0.98,1,-0.589572,0.385892,-0.709572,-0.761674,0.356341,-0.541179,-0.824,0.536,0.364,0.868,-0.084
11385,379.58,0.98,1,-0.55865,0.403777,-0.724482,-0.761947,0.413207,-0.498694,-0.824,0.589,0.356,0.851,-0.086
11386,379.614,0.98,1,-0.55929,0.403616,-0.724078,-0.754375,0.424038,-0.501109,-0.82,0.594,0.352,0.846,-0.088
11387,379.647,0.98,1,-0.56152,0.392273,-0.728572,-0.751996,0.435538,-0.494782,-0.821,0.595,0.348,0.848,-0.093
11388,379.68,0.98,1,-0.57223,0.372668,-0.730528,-0.733995,0.383865,-0.560267,-0.791,0.53,0.357,0.863,-0.098
11389,379.714,0.98,1,-0.558801,0.37737,-0.738467,-0.743166,0.412638,-0.52672,-0.8,0.558,0.33,0.842,-0.081
11390,379.747,0.98,1,-0.580624,0.371131,-0.724664,-0.721756,0.387988,-0.573178,-0.787,0.529,0.327,0.846,-0.08
11391,379.78,0.98,1,-0.626428,0.338137,-0.702318,-0.733515,0.379896,-0.563591,-0.821,0.516,0.321,0.842,-0.076
11392,379.814,0.98,1,-0.652129,0.276654,-0.705826,-0.740946,0.298424,-0.601616,-0.817,0.414,0.309,0.83,-0.068
11394,379.88,0.98,1,-0.575769,0.356438,-0.735827,-0.674453,0.370786,-0.638459,-0.738,0.487,0.269,0.792,-0.052
11395,379.914,0.98,1,-0.589537,0.332979,-0.735915,-0.671666,0.368967,-0.642439,-0.741,0.471,0.23,0.758,-0.036
11396,379.947,0.93,1,-0.594123,0.341295,-0.728379,-0.682359,0.380169,-0.624386,-0.756,0.49,0.225,0.74,-0.039
11397,379.98,0.98,1,-0.597951,0.31462,-0.737203,-0.649662,0.409688,-0.640387,-0.736,0.484,0.235,0.712,-0.05
11398,380.014,0.98,1,-0.554497,0.338737,-0.760125,-0.635952,0.441363,-0.633059,-0.707,0.51,0.253,0.685,-0.059
11399,380.047,0.98,1,-0.413967,0.445715,-0.793706,-0.589519,0.408218,-0.697012,-0.592,0.52,0.221,0.606,-0.055
11400,380.081,0.98,1,-0.324233,0.385279,-0.863963,-0.574585,0.425861,-0.698923,-0.522,0.479,0.209,0.558,-0.052
11401,380.114,0.98,1,-0.316339,0.226727,-0.921154,-0.526571,0.521883,-0.67109,-0.487,0.439,0.211,0.503,-0.055
11421,380.781,0.98,1,0.051434,0.402367,-0.914033,-0.229168,0.442842,-0.866818,-0.099,0.443,0.228,0.225,0.006
11422,380.814,0.98,1,0.09007,0.443643,-0.891666,-0.199676,0.457661,-0.866415,-0.062,0.474,0.236,0.187,0.016
11423,380.847,0.98,1,0.091354,0.470289,-0.877772,-0.19135,0.46032,-0.866885,-0.057,0.49,0.246,0.155,0.025
11424,380.881,0.98,1,0.093833,0.504744,-0.858155,-0.19837,0.490554,-0.848532,-0.061,0.528,0.257,0.128,0.024
11425,380.914,0.98,1,0.103768,0.517267,-0.84951,-0.200227,0.491555,-0.847516,-0.057,0.536,0.253,0.109,0.022
11426,380.947,0.98,1,0.096874,0.512073,-0.853462,-0.205357,0.4824,-0.851539,-0.064,0.528,0.245,0.094,0.027
11427,380.981,0.98,1,0.098315,0.525597,-0.845033,-0.19921,0.485688,-0.85113,-0.059,0.538,0.25,0.085,0.032
11428,381.014,0.98,1,0.097844,0.556795,-0.824867,-0.18392,0.498272,-0.847289,-0.051,0.563,0.254,0.078,0.037
11429,381.047,0.98,1,0.0787,0.553478,-0.829137,-0.187388,0.510903,-0.838966,-0.065,0.568,0.256,0.073,0.041
11430,381.081,0.98,1,0.092936,0.555009,-0.826636,-0.189804,0.512479,-0.83746,-0.058,0.57,0.258,0.068,0.047
11431,381.114,0.98,1,0.07549,0.554479,-0.828767,-0.186692,0.50463,-0.842909,-0.066,0.565,0.261,0.062,0.05
11432,381.147,0.98,1,0.06672,0.559675,-0.826022,-0.185853,0.505462,-0.842595,-0.071,0.568,0.266,0.061,0.052
11433,381.181,0.98,1,0.059861,0.561547,-0.825277,-0.189623,0.501854,-0.843911,-0.078,0.567,0.269,0.061,0.053
11434,381.214,0.98,1,0.050061,0.567488,-0.821858,-0.201136,0.501751,-0.841302,-0.091,0.571,0.272,0.06,0.053
11435,381.248,0.98,1,0.040497,0.56799,-0.822038,-0.201886,0.500191,-0.842052,-0.097,0.571,0.275,0.059,0.054
11436,381.281,0.98,1,0.034061,0.571844,-0.819655,-0.210553,0.499395,-0.8404,-0.106,0.573,0.277,0.06,0.054
11437,381.314,0.98,1,0.02978,0.568627,-0.822056,-0.216932,0.506697,-0.834385,-0.113,0.576,0.279,0.058,0.053
11438,381.348,0.98,1,0.035611,0.568746,-0.821742,-0.19199,0.49891,-0.845121,-0.094,0.57,0.281,0.059,0.052
11439,381.381,0.98,1,0.033712,0.569734,-0.821137,-0.212006,0.5069,-0.835527,-0.107,0.576,0.281,0.056,0.053
11440,381.414,0.98,1,0.02437,0.55608,-0.830771,-0.209177,0.496563,-0.84242,-0.11,0.562,0.284,0.056,0.053
11441,381.448,0.98,1,0.03474,0.557692,-0.829321,-0.208438,0.497645,-0.841964,-0.104,0.563,0.287,0.058,0.053
11442,381.481,0.98,1,0.060381,0.563431,-0.823954,-0.21216,0.505035,-0.836617,-0.091,0.572,0.29,0.056,0.052
11443,381.514,0.98,1,0.118586,0.559907,-0.820025,-0.191056,0.519266,-0.832983,-0.044,0.578,0.297,0.054,0.048
11444,381.548,0.98,1,0.117305,0.557826,-0.821626,-0.177487,0.524333,-0.83281,-0.036,0.579,0.298,0.049,0.047
11445,381.581,0.98,1,0.10284,0.553689,-0.826349,-0.184283,0.532216,-0.826309,-0.049,0.581,0.298,0.043,0.05
11446,381.614,0.98,1,0.09451,0.55948,-0.823438,-0.201377,0.532307,-0.822251,-0.065,0.586,0.301,0.035,0.053
11447,381.648,0.98,1,0.086232,0.568098,-0.818431,-0.213853,0.528025,-0.821861,-0.078,0.589,0.304,0.024,0.058
11448,381.681,0.98,1,0.087137,0.57685,-0.81219,-0.248642,0.521604,-0.816153,-0.099,0.593,0.307,0.02,0.063
11449,381.714,0.98,1,0.047715,0.563918,-0.824451,-0.269006,0.505172,-0.820023,-0.134,0.576,0.314,0.022,0.067
11450,381.748,0.98,1,0.005131,0.514628,-0.857398,-0.310792,0.379453,-0.871449,-0.175,0.477,0.315,0.028,0.074
11451,381.781,0.98,1,0.04428,0.566254,-0.823041,-0.329722,0.378339,-0.864953,-0.168,0.51,0.315,0.028,0.079
11452,381.814,0.98,1,0.071358,0.557971,-0.826787,-0.316804,0.386663,-0.866099,-0.144,0.509,0.319,0.027,0.08
11453,381.848,0.98,1,0.080037,0.560471,-0.824297,-0.306781,0.396468,-0.865274,-0.133,0.515,0.319,0.022,0.08
11454,381.881,0.98,1,0.086238,0.556059,-0.826657,-0.312946,0.395362,-0.86357,-0.133,0.513,0.314,0.019,0.081
11455,381.914,0.98,1,0.080342,0.5574,-0.826347,-0.316393,0.391946,-0.863872,-0.139,0.512,0.308,0.017,0.083
11456,381.948,0.98,1,0.042631,0.556852,-0.829517,-0.281904,0.442945,-0.851076,-0.141,0.537,0.308,0.012,0.085
11457,381.981,0.98,1,0.026415,0.552932,-0.832808,-0.282606,0.432547,-0.856176,-0.151,0.528,0.308,0.011,0.089
11458,382.014,0.98,1,0.025671,0.583307,-0.811846,-0.256714,0.500604,-0.826737,-0.14,0.584,0.308,0.007,0.089
11459,382.048,0.98,1,0.044383,0.589283,-0.806707,-0.24151,0.504816,-0.828754,-0.12,0.59,0.309,0.014,0.089
11460,382.081,0.98,1,0.107007,0.587293,-0.80227,-0.262354,0.512825,-0.817424,-0.096,0.597,0.31,0.02,0.089
11461,382.114,0.98,1,0.11406,0.594784,-0.795752,-0.204142,0.540518,-0.81619,-0.056,0.614,0.313,0.006,0.092
11462,382.148,0.98,1,0.119403,0.596456,-0.793715,-0.219727,0.521245,-0.824635,-0.062,0.604,0.312,0.013,0.092
11463,382.181,0.98,1,0.134573,0.594737,-0.792577,-0.226561,0.519227,-0.824059,-0.057,0.603,0.309,0.009,0.094
11464,382.214,0.98,1,0.13708,0.584396,-0.799807,-0.282076,0.432998,-0.856122,-0.087,0.551,0.304,0.009,0.098
11465,382.248,0.98,1,0.147816,0.586811,-0.796118,-0.287563,0.425069,-0.858268,-0.084,0.549,0.303,0.007,0.101
11466,382.281,0.98,1,0.144493,0.586532,-0.796933,-0.277027,0.419578,-0.864414,-0.08,0.545,0.3,-0.003,0.106
11467,382.315,0.98,1,0.130901,0.588549,-0.797794,-0.267869,0.418035,-0.86804,-0.082,0.544,0.3,-0.005,0.107
11468,382.348,0.98,1,0.118134,0.585436,-0.802066,-0.268669,0.41473,-0.869377,-0.09,0.539,0.301,-0.009,0.112
11469,382.381,0.98,1,0.107981,0.582105,-0.805912,-0.287851,0.392026,-0.873761,-0.107,0.526,0.304,-0.011,0.117
11470,382.415,0.98,1,0.101161,0.586216,-0.803814,-0.287977,0.393411,-0.873096,-0.111,0.529,0.308,-0.011,0.121
11471,382.448,0.98,1,0.101619,0.570715,-0.814836,-0.311725,0.379096,-0.871271,-0.124,0.513,0.305,-0.016,0.13
11472,382.481,0.98,1,0.088503,0.567502,-0.818602,-0.288399,0.408288,-0.866099,-0.118,0.525,0.311,-0.011,0.13
11473,382.515,0.98,1,0.084273,0.571556,-0.816224,-0.270331,0.427477,-0.862661,-0.11,0.537,0.312,-0.011,0.132
11474,382.548,0.98,1,0.079192,0.557915,-0.826111,-0.297919,0.390478,-0.871075,-0.128,0.51,0.311,-0.008,0.135
11475,382.581,0.98,1,0.078139,0.564492,-0.821732,-0.271412,0.438574,-0.856731,-0.115,0.539,0.311,-0.0,0.132
11476,382.615,0.98,1,0.076755,0.558264,-0.826105,-0.279605,0.423533,-0.86165,-0.12,0.527,0.308,-0.003,0.134
11477,382.648,0.98,1,0.077861,0.556364,-0.827283,-0.278444,0.404448,-0.871143,-0.118,0.515,0.307,-0.003,0.136
11478,382.681,0.98,1,0.085059,0.560399,-0.823844,-0.260657,0.430976,-0.863897,-0.104,0.531,0.308,-0.004,0.135
11479,382.715,0.98,1,0.085483,0.555007,-0.827442,-0.24738,0.449069,-0.858569,-0.096,0.537,0.309,0.002,0.132
11480,382.748,0.98,1,0.095664,0.561023,-0.822254,-0.248543,0.438302,-0.863781,-0.09,0.535,0.306,-0.002,0.132
11481,382.781,0.98,1,0.079275,0.552111,-0.829993,-0.2573,0.42942,-0.865676,-0.105,0.525,0.305,-0.002,0.131
11482,382.815,0.98,1,0.096194,0.593402,-0.799138,-0.259926,0.432227,-0.863492,-0.098,0.553,0.303,-0.003,0.13
11483,382.848,0.98,1,0.104337,0.590815,-0.800032,-0.258178,0.436193,-0.862021,-0.092,0.553,0.304,-0.003,0.124
11484,382.881,0.98,1,0.112381,0.58392,-0.803995,-0.271916,0.427625,-0.86209,-0.095,0.546,0.304,-0.02,0.116
11485,382.915,0.98,1,0.073493,0.570184,-0.818223,-0.246062,0.434208,-0.866555,-0.102,0.538,0.287,-0.013,0.105
11486,382.948,0.98,1,0.100258,0.543638,-0.83331,-0.216844,0.423267,-0.879673,-0.068,0.514,0.275,0.004,0.091
11487,382.981,0.98,1,0.096876,0.547044,-0.831479,-0.238949,0.409706,-0.880366,-0.083,0.51,0.279,0.002,0.101
11488,383.015,0.98,1,0.092952,0.55344,-0.827686,-0.221744,0.399909,-0.889327,-0.075,0.507,0.276,-0.014,0.113
11489,383.048,0.98,1,0.085443,0.546392,-0.83316,-0.224467,0.414498,-0.881933,-0.081,0.511,0.277,-0.018,0.116
11490,383.081,0.98,1,0.095492,0.531865,-0.841428,-0.245877,0.360598,-0.89973,-0.086,0.474,0.273,-0.03,0.121
11491,383.115,0.98,1,0.100781,0.543923,-0.833061,-0.25113,0.360692,-0.89824,-0.087,0.481,0.27,-0.029,0.12
11492,383.148,0.98,1,0.09736,0.542252,-0.834556,-0.260455,0.343229,-0.902418,-0.094,0.471,0.27,-0.032,0.12
11493,383.181,0.98,1,0.099729,0.539957,-0.835764,-0.248046,0.344684,-0.905354,-0.085,0.47,0.267,-0.033,0.121
11494,383.215,0.98,1,0.096554,0.544566,-0.833142,-0.259783,0.349517,-0.900195,-0.094,0.476,0.267,-0.036,0.123
11495,383.248,0.98,1,0.094348,0.548627,-0.830727,-0.255458,0.354652,-0.899424,-0.093,0.481,0.265,-0.037,0.125
11496,383.281,0.98,1,0.089119,0.541603,-0.835897,-0.219237,0.353109,-0.909532,-0.074,0.474,0.264,-0.036,0.126
11497,383.315,0.98,1,0.098616,0.54229,-0.834384,-0.243703,0.34004,-0.908285,-0.083,0.469,0.262,-0.041,0.127
11498,383.348,0.98,1,0.092329,0.548016,-0.831357,-0.245192,0.344894,-0.906051,-0.088,0.475,0.263,-0.042,0.126
11499,383.381,0.98,1,0.096949,0.548142,-0.830747,-0.245596,0.348364,-0.904613,-0.085,0.477,0.265,-0.043,0.124
11500,383.415,0.98,1,0.098934,0.5483,-0.830409,-0.239337,0.350727,-0.905377,-0.081,0.478,0.272,-0.042,0.119
11501,383.448,0.98,1,0.109132,0.556036,-0.823962,-0.227879,0.400267,-0.887614,-0.069,0.51,0.275,-0.033,0.11
11502,383.482,0.98,1,0.120947,0.567315,-0.814571,-0.244815,0.418213,-0.874736,-0.073,0.528,0.274,-0.015,0.105
11503,383.515,0.98,1,0.072103,0.559105,-0.825956,-0.231223,0.46926,-0.85225,-0.095,0.55,0.28,-0.002,0.097
11504,383.548,0.98,1,-0.059526,0.543144,-0.837527,-0.25768,0.446356,-0.856952,-0.185,0.529,0.283,0.026,0.092
11505,383.582,0.98,1,-0.162408,0.510448,-0.844433,-0.267871,0.420217,-0.866985,-0.246,0.498,0.285,0.074,0.087
11506,383.615,0.98,1,-0.21393,0.516787,-0.828954,-0.31657,0.453248,-0.833277,-0.309,0.528,0.298,0.154,0.074
11507,383.648,0.98,1,-0.231343,0.493318,-0.838521,-0.370334,0.452245,-0.811373,-0.35,0.52,0.298,0.218,0.072
11508,383.682,0.98,1,-0.244813,0.443124,-0.862385,-0.394201,0.442787,-0.805323,-0.366,0.488,0.277,0.275,0.079
11509,383.715,0.98,1,-0.206899,0.434364,-0.876653,-0.3979,0.424629,-0.813244,-0.344,0.47,0.259,0.285,0.096
11510,383.748,0.98,1,-0.190516,0.403011,-0.895146,-0.365356,0.38629,-0.846933,-0.309,0.425,0.255,0.294,0.101
11511,383.782,0.98,1,-0.209233,0.390081,-0.896693,-0.357224,0.383207,-0.851788,-0.313,0.416,0.257,0.298,0.099
11512,383.815,0.98,1,-0.200677,0.392103,-0.897766,-0.356977,0.375354,-0.855381,-0.308,0.413,0.259,0.298,0.095
11513,383.848,0.98,1,-0.221086,0.408178,-0.885727,-0.395126,0.413699,-0.8202,-0.347,0.449,0.258,0.301,0.091
11514,383.882,0.98,1,-0.387791,0.319906,-0.864453,-0.418756,0.424386,-0.802832,-0.451,0.42,0.262,0.312,0.08
11515,383.915,0.98,1,-0.39413,0.313876,-0.863796,-0.43199,0.426479,-0.79467,-0.462,0.42,0.263,0.331,0.072
11516,383.948,0.98,1,-0.396657,0.308478,-0.864584,-0.457334,0.419435,-0.784168,-0.478,0.416,0.26,0.354,0.067
11517,383.982,0.98,1,-0.395575,0.287954,-0.872126,-0.461742,0.423083,-0.779612,-0.479,0.407,0.26,0.376,0.062
11521,384.115,0.98,1,-0.433396,0.3125,-0.845288,-0.513341,0.37767,-0.770615,-0.53,0.404,0.244,0.436,0.064
11598,386.682,0.98,1,-0.204456,0.391355,-0.89724,-0.457612,0.399794,-0.794201,-0.373,0.438,0.155,0.381,0.001
11599,386.716,0.98,1,-0.211631,0.377902,-0.901334,-0.467092,0.398651,-0.789242,-0.382,0.431,0.159,0.39,0.003
11600,386.749,0.98,1,-0.217625,0.369828,-0.903253,-0.47754,0.379357,-0.792492,-0.389,0.416,0.159,0.396,0.008
11601,386.783,0.98,1,-0.226321,0.361509,-0.904483,-0.483841,0.371686,-0.792305,-0.396,0.408,0.159,0.402,0.011
11602,386.816,0.98,1,-0.232024,0.356121,-0.905175,-0.492329,0.376688,-0.784677,-0.405,0.409,0.157,0.405,0.015
11631,387.783,0.98,1,-0.352193,0.350762,-0.867713,-0.575152,0.349729,-0.73952,-0.523,0.411,0.242,0.46,0.057
11647,388.316,0.98,1,-0.400729,0.373525,-0.836598,-0.540225,0.329139,-0.774483,-0.529,0.411,0.305,0.475,0.059
11649,388.383,0.98,1,-0.384963,0.382154,-0.840096,-0.602258,0.351966,-0.716523,-0.565,0.441,0.319,0.487,0.062
11650,388.416,0.98,1,-0.385574,0.394429,-0.834122,-0.611544,0.386006,-0.690661,-0.579,0.473,0.339,0.491,0.053
11651,388.45,0.98,1,-0.382694,0.401371,-0.832134,-0.624697,0.386923,-0.678266,-0.588,0.481,0.357,0.494,0.043
11652,388.483,0.98,1,-0.38221,0.408145,-0.829056,-0.630521,0.396333,-0.667355,-0.595,0.493,0.369,0.497,0.034
11653,388.516,0.98,1,-0.381449,0.409432,-0.828771,-0.63393,0.402581,-0.660349,-0.598,0.499,0.381,0.5,0.026
11654,388.55,0.98,1,-0.371406,0.412112,-0.831998,-0.624485,0.406155,-0.667126,-0.586,0.5,0.384,0.497,0.025
11655,388.583,0.98,1,-0.374801,0.406898,-0.833041,-0.623098,0.405943,-0.66855,-0.587,0.496,0.389,0.498,0.022
11656,388.616,0.98,1,-0.374074,0.407535,-0.833057,-0.624628,0.410949,-0.664049,-0.588,0.5,0.392,0.5,0.019
11657,388.65,0.98,1,-0.371153,0.411141,-0.832591,-0.625206,0.409146,-0.664617,-0.587,0.501,0.398,0.502,0.016
11658,388.683,0.98,1,-0.371637,0.413891,-0.831012,-0.619375,0.408756,-0.670293,-0.583,0.501,0.402,0.502,0.013
11659,388.716,0.98,1,-0.390927,0.423641,-0.817131,-0.630136,0.413201,-0.657415,-0.606,0.516,0.405,0.509,0.011
11660,388.75,0.98,1,-0.372512,0.471382,-0.799396,-0.632969,0.489227,-0.600006,-0.623,0.602,0.403,0.511,0.012
11661,388.783,0.98,1,-0.378563,0.473028,-0.795572,-0.621838,0.496832,-0.605372,-0.62,0.606,0.404,0.519,0.012
11662,388.816,0.98,1,-0.3857,0.480949,-0.787352,-0.629525,0.486629,-0.605715,-0.63,0.607,0.404,0.527,0.015
11663,388.85,0.98,1,-0.375372,0.49386,-0.784346,-0.622592,0.481823,-0.616625,-0.619,0.608,0.403,0.533,0.019
11664,388.883,0.98,1,-0.377179,0.493973,-0.783407,-0.598957,0.484433,-0.637632,-0.602,0.603,0.409,0.536,0.02
11665,388.916,0.98,1,-0.370846,0.487914,-0.790199,-0.603688,0.47393,-0.641054,-0.598,0.592,0.405,0.53,0.025
11666,388.95,0.98,1,-0.367737,0.478926,-0.79712,-0.614325,0.471418,-0.632749,-0.602,0.587,0.4,0.526,0.029
11667,388.983,0.98,1,-0.380285,0.472466,-0.795084,-0.6074,0.473989,-0.637495,-0.604,0.584,0.402,0.528,0.026
11668,389.017,0.98,1,-0.369632,0.475921,-0.798042,-0.608404,0.473021,-0.637257,-0.598,0.584,0.404,0.527,0.024
11669,389.05,0.98,1,-0.373136,0.474249,-0.797407,-0.604586,0.470556,-0.642691,-0.596,0.581,0.406,0.528,0.023
11670,389.083,0.98,1,-0.37192,0.481397,-0.793683,-0.601789,0.481133,-0.637464,-0.597,0.592,0.41,0.529,0.02
11671,389.117,0.98,1,-0.365366,0.483222,-0.795615,-0.594525,0.463243,-0.657226,-0.584,0.577,0.414,0.528,0.019
11672,389.15,0.98,1,-0.366449,0.482738,-0.795411,-0.590587,0.458482,-0.664078,-0.58,0.573,0.417,0.526,0.018
11673,389.183,0.98,1,-0.364011,0.481811,-0.797091,-0.58904,0.468568,-0.658389,-0.58,0.578,0.42,0.525,0.017
11674,389.217,0.98,1,-0.36744,0.477168,-0.79831,-0.576476,0.45613,-0.677953,-0.569,0.564,0.422,0.528,0.014
11675,389.25,0.98,1,-0.360064,0.476284,-0.802189,-0.560733,0.429372,-0.707968,-0.548,0.54,0.423,0.527,0.013
11676,389.283,0.98,1,-0.368737,0.467098,-0.803649,-0.549272,0.414026,-0.725867,-0.541,0.523,0.429,0.535,0.009
11677,389.317,0.98,1,-0.362128,0.473804,-0.802728,-0.572037,0.412823,-0.708767,-0.554,0.531,0.42,0.526,0.015
11678,389.35,0.98,1,-0.373971,0.450317,-0.810778,-0.55922,0.399864,-0.72621,-0.546,0.505,0.427,0.533,0.011
11679,389.383,0.98,1,-0.370914,0.455443,-0.809317,-0.567867,0.415809,-0.710373,-0.553,0.521,0.422,0.523,0.014
11680,389.417,0.98,1,-0.362246,0.456648,-0.812558,-0.567499,0.404079,-0.717402,-0.546,0.512,0.424,0.522,0.013
11681,389.45,0.98,1,-0.364783,0.4575,-0.810942,-0.557629,0.409252,-0.722193,-0.542,0.515,0.428,0.524,0.011
11682,389.483,0.98,1,-0.365826,0.458059,-0.810156,-0.572934,0.40707,-0.711365,-0.553,0.517,0.425,0.523,0.015
11683,389.517,0.98,1,-0.364114,0.451966,-0.814339,-0.564243,0.400575,-0.721921,-0.544,0.507,0.433,0.534,0.012
11684,389.55,0.98,1,-0.36156,0.454572,-0.814027,-0.603821,0.449876,-0.658036,-0.58,0.551,0.424,0.522,0.019
11685,389.583,0.98,1,-0.370155,0.442174,-0.816987,-0.563408,0.39227,-0.727115,-0.544,0.495,0.429,0.533,0.016
11686,389.617,0.98,1,-0.363181,0.439876,-0.821346,-0.584526,0.405512,-0.702773,-0.556,0.506,0.422,0.524,0.021
11687,389.65,0.98,1,-0.373674,0.431507,-0.821078,-0.608831,0.45182,-0.65206,-0.588,0.54,0.426,0.527,0.019
11688,389.683,0.98,1,-0.36527,0.437435,-0.821723,-0.607175,0.466036,-0.643544,-0.586,0.553,0.429,0.527,0.017
11689,389.717,0.98,1,-0.376251,0.434457,-0.818341,-0.612092,0.465478,-0.639276,-0.596,0.553,0.431,0.53,0.016
11690,389.75,0.98,1,-0.378226,0.437513,-0.815799,-0.603371,0.467461,-0.646083,-0.591,0.554,0.43,0.532,0.016
11691,389.783,0.98,1,-0.370209,0.439368,-0.818475,-0.603138,0.468819,-0.645317,-0.587,0.555,0.43,0.534,0.016
11692,389.817,0.98,1,-0.377168,0.438413,-0.815805,-0.609359,0.461451,-0.644783,-0.594,0.552,0.43,0.532,0.019
11693,389.85,0.98,1,-0.378172,0.440471,-0.814231,-0.599613,0.435627,-0.671337,-0.582,0.533,0.426,0.526,0.021
11694,389.883,0.98,1,-0.378331,0.438276,-0.815341,-0.613976,0.444875,-0.652012,-0.595,0.542,0.423,0.521,0.022
11695,389.917,0.98,1,-0.380214,0.440596,-0.813211,-0.611151,0.432247,-0.663067,-0.591,0.534,0.415,0.519,0.025
11696,389.95,0.98,1,-0.380759,0.44499,-0.810559,-0.625344,0.434209,-0.648389,-0.604,0.542,0.408,0.517,0.026
11697,389.983,0.98,1,-0.381643,0.441516,-0.812042,-0.614571,0.42251,-0.666174,-0.593,0.529,0.395,0.518,0.03
11698,390.017,0.98,1,-0.37938,0.442445,-0.812597,-0.616624,0.421951,-0.66463,-0.593,0.529,0.391,0.522,0.029
11699,390.05,0.98,1,-0.386243,0.434846,-0.813465,-0.6235,0.407351,-0.667317,-0.598,0.517,0.383,0.526,0.029
11700,390.084,0.98,1,-0.400576,0.39358,-0.827426,-0.657167,0.354368,-0.665247,-0.616,0.465,0.373,0.525,0.033
11764,392.217,0.98,1,-0.389724,0.370736,-0.843013,-0.516664,0.356562,-0.77841,-0.51,0.422,0.229,0.515,0.017
11765,392.251,0.93,1,-0.451041,0.331364,-0.82871,-0.463395,0.385585,-0.797865,-0.512,0.415,0.228,0.527,0.018
11766,392.284,0.93,1,-0.375955,0.43126,-0.820166,-0.491841,0.447428,-0.746928,-0.506,0.511,0.223,0.531,0.026
11767,392.318,0.93,1,-0.356215,0.448569,-0.819693,-0.488121,0.456335,-0.743974,-0.495,0.525,0.231,0.527,0.024
11768,392.351,0.93,1,-0.388492,0.442566,-0.808214,-0.505471,0.376709,-0.776267,-0.514,0.477,0.253,0.547,0.022
11769,392.384,0.93,1,-0.375504,0.450278,-0.81009,-0.509522,0.351992,-0.785168,-0.507,0.466,0.262,0.55,0.019
11770,392.418,0.98,1,-0.375188,0.479898,-0.793053,-0.511996,0.36822,-0.776063,-0.515,0.496,0.267,0.542,0.022
11771,392.451,0.98,1,-0.292567,0.479711,-0.827213,-0.542634,0.339382,-0.768355,-0.482,0.474,0.274,0.533,0.02
11772,392.484,0.98,1,-0.259731,0.483686,-0.835816,-0.547888,0.318407,-0.773586,-0.465,0.462,0.281,0.515,0.017
11773,392.518,0.98,1,-0.254961,0.498848,-0.828339,-0.520692,0.325335,-0.789327,-0.447,0.471,0.292,0.49,0.011
11774,392.551,0.98,1,-0.197339,0.449738,-0.871087,-0.518923,0.30445,-0.798768,-0.405,0.424,0.292,0.462,0.008
11775,392.584,0.98,1,-0.183839,0.430246,-0.883794,-0.50694,0.285147,-0.813452,-0.387,0.399,0.291,0.442,0.008
11776,392.618,0.98,1,-0.175584,0.434018,-0.883628,-0.513234,0.308274,-0.800973,-0.388,0.415,0.303,0.432,0.002
11777,392.651,0.98,1,-0.164368,0.420894,-0.892094,-0.517991,0.30583,-0.798845,-0.384,0.406,0.305,0.425,-0.001
11778,392.684,0.98,1,-0.175945,0.425445,-0.887716,-0.510345,0.302869,-0.804871,-0.385,0.406,0.313,0.417,-0.005
11779,392.718,0.98,1,-0.164925,0.449614,-0.877865,-0.48719,0.354956,-0.797905,-0.371,0.448,0.321,0.415,-0.011
11780,392.751,0.98,1,-0.173509,0.447514,-0.877283,-0.476266,0.355428,-0.804264,-0.369,0.445,0.333,0.415,-0.016
11781,392.784,0.98,1,-0.198112,0.448254,-0.871677,-0.476817,0.370892,-0.796922,-0.384,0.456,0.338,0.411,-0.021
11782,392.818,0.98,1,-0.219583,0.455606,-0.862674,-0.474452,0.390122,-0.789113,-0.398,0.473,0.338,0.406,-0.022
11783,392.851,0.98,1,-0.196417,0.467667,-0.861805,-0.452501,0.414775,-0.789433,-0.374,0.491,0.337,0.401,-0.022
11784,392.884,0.98,1,-0.188083,0.452153,-0.871884,-0.443658,0.419265,-0.792076,-0.363,0.482,0.343,0.402,-0.024
11785,392.918,0.98,1,-0.232753,0.496597,-0.836192,-0.444429,0.483099,-0.754386,-0.403,0.552,0.324,0.375,-0.017
11786,392.951,0.98,1,-0.216463,0.40294,-0.88926,-0.415806,0.386353,-0.823308,-0.354,0.432,0.292,0.364,-0.004
11825,394.251,0.98,1,-0.555743,0.304425,-0.773612,-0.585994,0.405841,-0.701358,-0.659,0.449,0.236,0.612,-0.056
11826,394.285,0.98,1,-0.583655,0.325049,-0.744104,-0.589793,0.438443,-0.678168,-0.69,0.493,0.235,0.627,-0.058
11827,394.318,0.98,1,-0.586162,0.317856,-0.745239,-0.604472,0.401782,-0.687884,-0.693,0.465,0.23,0.642,-0.057
11828,394.351,0.98,1,-0.586914,0.31871,-0.744282,-0.609176,0.385055,-0.69328,-0.694,0.455,0.234,0.659,-0.061
11829,394.385,0.98,1,-0.564066,0.336755,-0.75394,-0.607856,0.410843,-0.679499,-0.685,0.481,0.238,0.647,-0.062
11830,394.418,0.98,1,-0.383724,0.478437,-0.789844,-0.527345,0.412703,-0.742687,-0.536,0.527,0.249,0.594,-0.067
11831,394.451,0.98,1,-0.246022,0.431064,-0.868134,-0.5563,0.360762,-0.748586,-0.461,0.455,0.269,0.536,-0.065
11832,394.485,0.88,1,-0.17153,0.477116,-0.861938,-0.589299,0.454161,-0.66818,-0.461,0.547,0.286,0.45,-0.052
11833,394.518,0.98,1,-0.135055,0.480284,-0.866653,-0.293608,0.372017,-0.880567,-0.241,0.454,0.27,0.316,-0.073
11834,394.552,0.88,1,-0.147826,0.472157,-0.869031,-0.368145,0.334811,-0.867393,-0.289,0.435,0.243,0.26,-0.046
11835,394.585,0.88,1,-0.020573,0.458486,-0.888463,-0.225882,0.297193,-0.927714,-0.135,0.394,0.258,0.198,-0.035
11836,394.618,0.98,1,0.106813,0.469931,-0.876217,-0.208032,0.363778,-0.907959,-0.057,0.437,0.281,0.145,-0.007
11837,394.652,0.98,1,0.112866,0.49748,-0.860102,-0.267507,0.388714,-0.88167,-0.089,0.471,0.302,0.13,0.025
11838,394.685,0.98,1,0.105951,0.506399,-0.855766,-0.28933,0.378131,-0.879378,-0.105,0.471,0.317,0.121,0.054
11839,394.718,0.98,1,0.097468,0.522681,-0.846939,-0.300217,0.360206,-0.883245,-0.117,0.472,0.338,0.121,0.063
11840,394.752,0.98,1,0.092417,0.532324,-0.841481,-0.304111,0.362642,-0.880913,-0.122,0.479,0.351,0.119,0.068
11841,394.785,0.98,1,0.105565,0.535891,-0.837661,-0.305734,0.359361,-0.881695,-0.116,0.48,0.354,0.115,0.073
11842,394.818,0.98,1,0.141758,0.530431,-0.835792,-0.254666,0.383759,-0.887623,-0.065,0.488,0.356,0.096,0.081
11843,394.852,0.98,1,0.133269,0.547809,-0.825921,-0.280842,0.40039,-0.872248,-0.087,0.509,0.352,0.086,0.093
11844,394.885,0.98,1,0.106689,0.53523,-0.837942,-0.26628,0.414372,-0.870282,-0.093,0.507,0.36,0.061,0.104
11845,394.918,0.98,1,0.070114,0.542891,-0.836871,-0.276476,0.414644,-0.866967,-0.121,0.512,0.364,0.051,0.113
11846,394.952,0.98,1,0.025042,0.54005,-0.841261,-0.250185,0.410959,-0.876653,-0.13,0.506,0.37,0.046,0.117
11847,394.985,0.98,1,0.023455,0.54459,-0.838374,-0.226169,0.415997,-0.880792,-0.117,0.51,0.373,0.042,0.121
11848,395.018,0.98,1,0.030789,0.544983,-0.837882,-0.254225,0.391404,-0.884405,-0.129,0.498,0.376,0.031,0.126
11849,395.052,0.98,1,0.023645,0.558959,-0.828858,-0.292313,0.375282,-0.879612,-0.156,0.5,0.372,0.034,0.131
11850,395.085,0.98,1,0.032725,0.560176,-0.827727,-0.266926,0.39385,-0.879564,-0.136,0.51,0.372,0.032,0.133
11851,395.118,0.98,1,0.018564,0.546065,-0.837537,-0.268912,0.39984,-0.87625,-0.145,0.504,0.37,0.026,0.135
11852,395.152,0.98,1,0.032703,0.551132,-0.833777,-0.253272,0.412346,-0.875114,-0.128,0.513,0.366,0.014,0.132
11853,395.185,0.98,1,-0.031624,0.543153,-0.839038,-0.258915,0.401841,-0.878343,-0.168,0.503,0.369,0.019,0.129
11854,395.218,0.98,1,-0.030185,0.522499,-0.852105,-0.235504,0.42175,-0.875594,-0.153,0.5,0.372,0.005,0.132
11855,395.252,0.98,1,-0.038328,0.527916,-0.848431,-0.27226,0.379021,-0.884431,-0.177,0.482,0.368,0.008,0.14
11856,395.285,0.98,1,-0.066448,0.534569,-0.842508,-0.239434,0.419831,-0.87545,-0.176,0.507,0.373,0.007,0.143
11857,395.318,0.98,1,-0.04129,0.535474,-0.843542,-0.244283,0.430017,-0.869144,-0.165,0.513,0.373,0.004,0.148
11858,395.352,0.98,1,-0.008222,0.540183,-0.841507,-0.31214,0.346799,-0.884477,-0.184,0.475,0.369,0.005,0.155
11859,395.385,0.98,1,-0.007992,0.553435,-0.832854,-0.257082,0.400596,-0.87945,-0.154,0.508,0.375,-0.0,0.152
11860,395.418,0.98,1,-0.00489,0.563123,-0.826359,-0.241209,0.444209,-0.862842,-0.145,0.538,0.375,-0.001,0.151
11861,395.452,0.98,1,-0.003003,0.540978,-0.841031,-0.257755,0.404162,-0.877619,-0.151,0.503,0.376,0.004,0.152
11862,395.485,0.98,1,-0.02419,0.545269,-0.837912,-0.249099,0.442952,-0.861245,-0.159,0.527,0.379,0.003,0.151
11863,395.518,0.98,1,-0.007154,0.553108,-0.833079,-0.261561,0.425563,-0.866303,-0.157,0.523,0.376,0.01,0.152
11864,395.552,0.98,1,-0.005187,0.550531,-0.834799,-0.295027,0.397919,-0.868689,-0.174,0.508,0.377,0.01,0.152
11865,395.585,0.98,1,-0.018837,0.565432,-0.82458,-0.31806,0.392688,-0.862922,-0.197,0.516,0.379,0.014,0.154
11866,395.618,0.98,1,-0.026092,0.560023,-0.828066,-0.31793,0.381315,-0.868055,-0.2,0.507,0.382,0.03,0.149
11867,395.652,0.98,1,-0.025423,0.5587,-0.82898,-0.325988,0.374278,-0.868129,-0.204,0.503,0.382,0.045,0.148
11868,395.685,0.98,1,-0.04263,0.545126,-0.837269,-0.308728,0.390947,-0.867091,-0.203,0.502,0.385,0.062,0.143
11869,395.719,0.98,1,-0.048385,0.536849,-0.84229,-0.295068,0.393677,-0.870605,-0.198,0.498,0.383,0.076,0.142
11870,395.752,0.98,1,-0.062409,0.512684,-0.856306,-0.283799,0.394996,-0.873748,-0.198,0.483,0.385,0.078,0.142
11871,395.785,0.98,1,-0.065244,0.52406,-0.849178,-0.274651,0.413817,-0.867941,-0.195,0.5,0.392,0.083,0.14
11872,395.819,0.98,1,-0.077298,0.523432,-0.848554,-0.26903,0.423969,-0.864796,-0.199,0.505,0.396,0.089,0.138
11873,395.852,0.98,1,-0.07712,0.518027,-0.85188,-0.26449,0.422744,-0.866794,-0.196,0.501,0.387,0.088,0.138
11874,395.885,0.98,1,-0.076791,0.511074,-0.8561,-0.275393,0.406484,-0.871166,-0.201,0.488,0.381,0.086,0.14
11875,395.919,0.98,1,-0.069501,0.512397,-0.855932,-0.298603,0.395717,-0.868472,-0.21,0.485,0.377,0.093,0.137
11876,395.952,0.98,1,-0.079965,0.504242,-0.859852,-0.278144,0.409858,-0.868708,-0.204,0.486,0.374,0.092,0.129
11877,395.985,0.98,1,-0.087349,0.500089,-0.861557,-0.2859,0.40355,-0.869142,-0.212,0.481,0.371,0.095,0.126
11878,396.019,0.98,1,0.028818,0.522397,-0.852216,-0.29015,0.392268,-0.872891,-0.15,0.488,0.371,0.105,0.121
11879,396.052,0.98,1,0.004848,0.510739,-0.859722,-0.312655,0.386312,-0.867762,-0.176,0.479,0.371,0.112,0.118
11880,396.085,0.98,1,0.007872,0.510515,-0.859833,-0.314741,0.385025,-0.867579,-0.176,0.478,0.37,0.122,0.116
11881,396.119,0.98,1,0.001308,0.503924,-0.863747,-0.306185,0.383793,-0.871179,-0.174,0.473,0.372,0.129,0.116
11882,396.152,0.98,1,-0.003935,0.50415,-0.863607,-0.316004,0.375473,-0.871299,-0.182,0.469,0.373,0.138,0.117
11883,396.185,0.98,1,-0.007323,0.511375,-0.859326,-0.328886,0.376221,-0.866194,-0.192,0.475,0.374,0.144,0.116
11884,396.219,0.98,1,-0.024182,0.518099,-0.854979,-0.329499,0.388998,-0.860297,-0.203,0.486,0.378,0.149,0.114
11885,396.252,0.98,1,-0.013456,0.515683,-0.856674,-0.345231,0.393338,-0.852115,-0.207,0.489,0.382,0.153,0.118
11886,396.285,0.98,1,-0.030794,0.516126,-0.855959,-0.342879,0.394246,-0.852645,-0.215,0.49,0.381,0.158,0.118
11887,396.319,0.98,1,-0.036811,0.513711,-0.857173,-0.340636,0.396922,-0.852303,-0.217,0.489,0.377,0.171,0.114
11888,396.352,0.98,1,-0.087484,0.61339,-0.78492,-0.332715,0.539698,-0.773322,-0.263,0.637,0.384,0.174,0.108
11889,396.385,0.98,1,-0.114326,0.528489,-0.841207,-0.308872,0.461441,-0.831667,-0.248,0.534,0.38,0.196,0.102
11890,396.419,0.98,1,-0.084383,0.529228,-0.844273,-0.304249,0.451645,-0.838719,-0.227,0.528,0.375,0.207,0.097
11891,396.452,0.98,1,-0.083926,0.514236,-0.853533,-0.309906,0.464771,-0.829425,-0.23,0.527,0.364,0.22,0.11
11892,396.485,0.98,1,-0.091831,0.508242,-0.856304,-0.295537,0.459778,-0.837414,-0.225,0.519,0.361,0.217,0.119
11893,396.519,0.98,1,-0.122137,0.490412,-0.86289,-0.30584,0.435242,-0.846774,-0.245,0.496,0.363,0.215,0.121
11894,396.552,0.98,1,-0.14674,0.457908,-0.876805,-0.295105,0.385288,-0.874338,-0.247,0.449,0.366,0.211,0.117
11895,396.585,0.98,1,-0.1521,0.442009,-0.884021,-0.309323,0.375223,-0.8738,-0.257,0.435,0.353,0.213,0.117
11896,396.619,0.98,1,-0.132153,0.447236,-0.884599,-0.29731,0.368828,-0.880666,-0.239,0.433,0.346,0.215,0.113
11897,396.652,0.98,1,-0.120181,0.451352,-0.884216,-0.289254,0.361561,-0.886344,-0.227,0.43,0.34,0.209,0.112
11898,396.685,0.98,1,-0.077989,0.433886,-0.897586,-0.272922,0.350202,-0.896031,-0.193,0.412,0.334,0.207,0.107
11899,396.719,0.98,1,-0.053525,0.435976,-0.898365,-0.276215,0.342198,-0.898112,-0.182,0.409,0.33,0.186,0.098
11900,396.752,0.98,1,-0.039575,0.448854,-0.892729,-0.26756,0.348339,-0.898372,-0.17,0.419,0.33,0.177,0.078
11901,396.786,0.98,1,-0.017956,0.445102,-0.8953,-0.256616,0.339412,-0.904957,-0.151,0.411,0.319,0.179,0.06
11902,396.819,0.98,1,-0.036844,0.467143,-0.883414,-0.262494,0.344035,-0.901519,-0.166,0.427,0.307,0.187,0.044
11903,396.852,0.98,1,-0.200328,0.437041,-0.876849,-0.34019,0.443633,-0.829132,-0.307,0.477,0.289,0.21,0.039
11904,396.886,0.98,1,-0.321994,0.222254,-0.920284,-0.378176,0.449186,-0.809453,-0.385,0.37,0.276,0.232,0.048
11905,396.919,0.98,1,-0.338889,0.217567,-0.915324,-0.453373,0.407752,-0.792585,-0.434,0.351,0.272,0.266,0.053
11908,397.019,0.98,1,-0.361405,0.175836,-0.915679,-0.542149,0.405991,-0.735694,-0.501,0.339,0.258,0.443,0.054
11909,397.052,0.98,1,-0.394825,0.200788,-0.896547,-0.572042,0.421094,-0.703881,-0.543,0.371,0.251,0.492,0.068
11910,397.086,0.98,1,-0.389019,0.206363,-0.897819,-0.557104,0.417317,-0.71797,-0.53,0.368,0.236,0.502,0.079
11911,397.119,0.98,1,-0.424915,0.219529,-0.878211,-0.539245,0.403439,-0.739224,-0.538,0.368,0.231,0.507,0.077
11915,397.252,0.98,1,-0.437043,0.189893,-0.879167,-0.519811,0.407765,-0.750682,-0.531,0.351,0.23,0.506,0.054
11916,397.286,0.98,1,-0.40916,0.241076,-0.88004,-0.532579,0.440916,-0.722463,-0.531,0.402,0.229,0.498,0.05
11917,397.319,0.98,1,-0.392912,0.280197,-0.875848,-0.55678,0.440944,-0.703964,-0.541,0.428,0.229,0.498,0.047
11918,397.352,0.98,1,-0.43712,0.258887,-0.861338,-0.565883,0.444261,-0.694556,-0.573,0.424,0.233,0.509,0.043
11919,397.386,0.98,1,-0.442892,0.280617,-0.851528,-0.560485,0.44329,-0.699536,-0.574,0.437,0.236,0.518,0.04
11920,397.419,0.98,1,-0.455102,0.274397,-0.847106,-0.534393,0.425686,-0.730216,-0.56,0.418,0.231,0.524,0.04
11921,397.452,0.98,1,-0.479628,0.262838,-0.837182,-0.534856,0.42282,-0.731541,-0.574,0.412,0.234,0.532,0.039
11932,397.819,0.98,1,-0.451816,0.286302,-0.844922,-0.523254,0.41541,-0.74407,-0.55,0.416,0.252,0.547,0.02
11933,397.852,0.98,1,-0.338696,0.438969,-0.83222,-0.525962,0.469999,-0.708847,-0.511,0.533,0.247,0.537,0.026
11934,397.886,0.98,1,-0.368204,0.45612,-0.810173,-0.512344,0.443311,-0.735513,-0.518,0.527,0.252,0.536,0.031
11935,397.919,0.98,1,-0.359102,0.446591,-0.819513,-0.510788,0.436432,-0.740691,-0.509,0.515,0.252,0.527,0.038
11936,397.953,0.98,1,-0.369973,0.44004,-0.81822,-0.535835,0.453331,-0.7123,-0.534,0.528,0.255,0.521,0.046
11937,397.986,0.98,1,-0.3833,0.443222,-0.81033,-0.53819,0.393242,-0.745461,-0.535,0.493,0.263,0.512,0.05
11938,398.019,0.98,1,-0.386757,0.452394,-0.803591,-0.567495,0.351321,-0.744663,-0.552,0.479,0.287,0.524,0.046
11939,398.053,0.98,1,-0.383212,0.454933,-0.803856,-0.55643,0.319178,-0.767145,-0.539,0.458,0.292,0.512,0.047
11940,398.086,0.98,1,-0.321265,0.458811,-0.828421,-0.58584,0.303573,-0.751422,-0.521,0.45,0.3,0.498,0.045
11941,398.119,0.98,1,-0.282759,0.506982,-0.814258,-0.55492,0.405045,-0.726638,-0.498,0.534,0.297,0.444,0.052
11942,398.153,0.98,1,-0.232483,0.552464,-0.80046,-0.456134,0.471775,-0.754566,-0.417,0.582,0.26,0.38,0.071
11943,398.186,0.82,1,-0.330168,0.507551,-0.795852,-0.485734,0.404359,-0.774955,-0.479,0.526,0.297,0.456,0.063
11944,398.219,0.98,1,-0.105404,0.478542,-0.871715,-0.320318,0.4915,-0.80983,-0.248,0.523,0.261,0.151,0.055
11945,398.253,0.98,1,-0.023734,0.564126,-0.825348,-0.354171,0.532061,-0.769074,-0.233,0.602,0.254,0.132,0.061
11946,398.286,0.98,1,0.146118,0.471073,-0.869908,-0.155358,0.286073,-0.94553,-0.005,0.395,0.24,0.048,0.066
11947,398.319,0.98,1,0.064731,0.49591,-0.865958,-0.194817,0.406061,-0.892839,-0.074,0.474,0.267,0.045,0.059
11948,398.353,0.98,1,0.049644,0.541349,-0.839331,-0.225373,0.494708,-0.839328,-0.104,0.553,0.281,0.071,0.058
11949,398.386,0.98,1,0.038462,0.559035,-0.828252,-0.220884,0.473969,-0.852387,-0.108,0.551,0.288,0.091,0.064
11950,398.419,0.98,1,0.046678,0.5777,-0.814913,-0.233908,0.44253,-0.86571,-0.111,0.546,0.296,0.102,0.069
11951,398.453,0.98,1,0.039497,0.573566,-0.818207,-0.231369,0.437052,-0.869168,-0.113,0.54,0.29,0.099,0.077
11952,398.486,0.98,1,0.035273,0.572942,-0.818837,-0.238201,0.430607,-0.870539,-0.12,0.536,0.287,0.098,0.085
11953,398.519,0.98,1,0.027251,0.576923,-0.816344,-0.245959,0.430165,-0.868598,-0.129,0.539,0.296,0.098,0.087
11954,398.553,0.98,1,0.004199,0.553761,-0.832665,-0.261572,0.433471,-0.86237,-0.151,0.527,0.301,0.097,0.09
11955,398.586,0.98,1,-0.021604,0.546386,-0.837255,-0.245547,0.447589,-0.859867,-0.156,0.53,0.298,0.102,0.093
11956,398.619,0.98,1,-0.026348,0.533974,-0.84509,-0.249192,0.441561,-0.861933,-0.16,0.519,0.283,0.102,0.092
11957,398.653,0.98,1,0.005263,0.545609,-0.838024,-0.260706,0.448531,-0.854899,-0.15,0.531,0.276,0.112,0.095
11958,398.686,0.98,1,-0.039544,0.515416,-0.856027,-0.243149,0.446607,-0.861058,-0.163,0.511,0.28,0.129,0.077
11959,398.719,0.98,1,-0.093518,0.48404,-0.870034,-0.278082,0.450274,-0.848483,-0.213,0.498,0.267,0.159,0.073
11960,398.753,0.98,1,-0.156873,0.461204,-0.873316,-0.241772,0.38381,-0.891199,-0.222,0.447,0.283,0.181,0.05
11961,398.786,0.98,1,-0.180447,0.414253,-0.892095,-0.320283,0.425143,-0.846565,-0.28,0.45,0.264,0.212,0.057
11962,398.819,0.98,1,-0.204973,0.437072,-0.875759,-0.326231,0.417868,-0.847915,-0.299,0.46,0.298,0.25,0.034
11963,398.853,0.98,1,-0.203606,0.45161,-0.868673,-0.319058,0.417598,-0.850773,-0.295,0.468,0.315,0.271,0.014
11964,398.886,0.98,1,-0.195175,0.456859,-0.867863,-0.32472,0.379669,-0.866261,-0.291,0.449,0.287,0.276,0.031
11965,398.919,0.98,1,-0.191357,0.46679,-0.863418,-0.329905,0.36173,-0.87196,-0.292,0.445,0.29,0.277,0.05
11966,398.953,0.98,1,-0.169734,0.483839,-0.85854,-0.341377,0.342871,-0.875158,-0.287,0.445,0.285,0.278,0.066
11967,398.986,0.98,1,-0.125695,0.504434,-0.854253,-0.353336,0.323431,-0.877807,-0.27,0.446,0.282,0.263,0.081
11968,399.02,0.98,1,-0.108212,0.504625,-0.85653,-0.381747,0.362696,-0.85013,-0.28,0.47,0.275,0.251,0.096
11969,399.053,0.98,1,-0.105783,0.494362,-0.862795,-0.428044,0.26991,-0.862512,-0.3,0.417,0.259,0.235,0.106
11970,399.086,0.98,1,-0.121121,0.485058,-0.866054,-0.4324,0.262275,-0.862695,-0.31,0.408,0.255,0.243,0.111
11971,399.12,0.98,1,-0.12224,0.464452,-0.877121,-0.37172,0.2529,-0.893233,-0.272,0.385,0.247,0.208,0.118
11972,399.153,0.98,1,-0.16175,0.472464,-0.86638,-0.431417,0.262586,-0.863092,-0.33,0.402,0.254,0.238,0.11
11973,399.186,0.98,1,-0.195416,0.445311,-0.873791,-0.432661,0.285275,-0.855233,-0.348,0.4,0.254,0.258,0.103
11974,399.22,0.98,1,-0.202421,0.426646,-0.881476,-0.414655,0.326318,-0.849457,-0.342,0.41,0.258,0.27,0.094
11975,399.253,0.98,1,-0.196839,0.438373,-0.876974,-0.421915,0.322179,-0.84746,-0.345,0.415,0.259,0.266,0.094
11976,399.286,0.98,1,-0.185965,0.482433,-0.855965,-0.368835,0.413216,-0.832594,-0.317,0.488,0.257,0.26,0.099
11977,399.32,0.98,1,-0.136367,0.511385,-0.848463,-0.364847,0.415867,-0.833031,-0.29,0.504,0.263,0.263,0.096
11978,399.353,0.98,1,-0.129054,0.525743,-0.840797,-0.340903,0.433189,-0.834346,-0.274,0.52,0.268,0.262,0.094
11979,399.386,0.98,1,-0.120684,0.532034,-0.838078,-0.334953,0.424334,-0.841277,-0.265,0.518,0.272,0.259,0.091
11980,399.42,0.98,1,-0.112006,0.535666,-0.836969,-0.336454,0.423772,-0.840961,-0.261,0.519,0.277,0.263,0.088
11981,399.453,0.98,1,-0.11407,0.525982,-0.842811,-0.323629,0.439187,-0.838081,-0.255,0.521,0.277,0.266,0.087
11982,399.486,0.98,1,-0.112738,0.52848,-0.841427,-0.331166,0.453324,-0.827542,-0.26,0.532,0.276,0.265,0.089
11983,399.52,0.98,1,-0.105907,0.531052,-0.840695,-0.348962,0.446193,-0.824098,-0.267,0.531,0.277,0.265,0.09
11984,399.553,0.98,1,-0.105462,0.538279,-0.836142,-0.349447,0.446551,-0.823699,-0.267,0.535,0.278,0.265,0.092
11985,399.586,0.98,1,-0.11165,0.537747,-0.835681,-0.346343,0.442449,-0.827215,-0.269,0.533,0.283,0.266,0.094
11986,399.62,0.98,1,-0.108804,0.543364,-0.832416,-0.348588,0.452326,-0.820907,-0.27,0.542,0.29,0.268,0.095
11987,399.653,0.98,1,-0.103775,0.544728,-0.832167,-0.35322,0.453034,-0.818533,-0.27,0.544,0.296,0.267,0.096
11988,399.686,0.98,1,-0.103341,0.553414,-0.82647,-0.355632,0.456622,-0.815489,-0.273,0.551,0.303,0.27,0.094
11989,399.72,0.98,1,-0.102225,0.551292,-0.828026,-0.349577,0.461535,-0.815341,-0.268,0.552,0.31,0.271,0.091
11990,399.753,0.98,1,-0.10337,0.55188,-0.827492,-0.348464,0.467498,-0.812416,-0.269,0.556,0.316,0.268,0.088
11991,399.786,0.98,1,-0.103441,0.553888,-0.82614,-0.343436,0.457103,-0.820432,-0.265,0.551,0.324,0.268,0.084
11992,399.82,0.98,1,-0.105472,0.555293,-0.82494,-0.351926,0.446602,-0.822614,-0.271,0.546,0.321,0.267,0.086
11993,399.853,0.98,1,-0.103217,0.554632,-0.825669,-0.357731,0.441847,-0.822679,-0.273,0.544,0.321,0.267,0.086
11994,399.886,0.98,1,-0.103192,0.552535,-0.827077,-0.359284,0.442796,-0.82149,-0.274,0.543,0.326,0.265,0.084
11995,399.92,0.98,1,-0.108323,0.553713,-0.825632,-0.356118,0.443369,-0.822559,-0.275,0.544,0.328,0.269,0.081
11996,399.953,0.98,1,-0.107511,0.543313,-0.832618,-0.387914,0.467499,-0.794334,-0.296,0.556,0.322,0.27,0.101
11997,399.986,0.98,1,-0.1048,0.563878,-0.819182,-0.392046,0.482003,-0.783565,-0.301,0.578,0.342,0.272,0.094
11998,400.02,0.98,1,-0.131206,0.544707,-0.828299,-0.416708,0.470803,-0.777624,-0.329,0.564,0.343,0.28,0.098
11999,400.053,0.98,1,-0.135214,0.548631,-0.825058,-0.412978,0.474656,-0.777272,-0.33,0.568,0.35,0.279,0.099
12000,400.086,0.98,1,-0.129487,0.541714,-0.83053,-0.411844,0.472661,-0.779086,-0.324,0.562,0.353,0.277,0.101
12001,400.12,0.98,1,-0.10761,0.552231,-0.826717,-0.405221,0.484258,-0.775429,-0.31,0.574,0.36,0.272,0.1
12002,400.153,0.98,1,-0.108845,0.551949,-0.826743,-0.400791,0.483762,-0.778037,-0.308,0.573,0.366,0.272,0.099
12003,400.187,0.98,1,-0.101405,0.556252,-0.824803,-0.401626,0.486551,-0.775864,-0.304,0.577,0.368,0.273,0.097
12004,400.22,0.98,1,-0.110978,0.572567,-0.812312,-0.409437,0.501362,-0.762232,-0.319,0.599,0.372,0.278,0.093
12005,400.253,0.98,1,-0.204878,0.579458,-0.78883,-0.445084,0.457685,-0.769691,-0.395,0.587,0.372,0.287,0.093
12006,400.287,0.98,1,-0.235706,0.541632,-0.806893,-0.460011,0.336698,-0.821599,-0.404,0.495,0.376,0.3,0.09
12007,400.32,0.98,1,-0.240565,0.552666,-0.797928,-0.479979,0.33188,-0.812081,-0.421,0.502,0.38,0.329,0.087
12008,400.353,0.98,1,-0.234539,0.556616,-0.796975,-0.509463,0.34076,-0.790146,-0.438,0.515,0.39,0.367,0.075
12009,400.387,0.98,1,-0.240351,0.555979,-0.795687,-0.530324,0.333787,-0.779322,-0.455,0.514,0.389,0.397,0.064
12010,400.42,0.98,1,-0.253029,0.543987,-0.800034,-0.541251,0.33576,-0.770917,-0.468,0.51,0.397,0.431,0.046
12011,400.453,0.98,1,-0.278536,0.541986,-0.792887,-0.559373,0.348958,-0.751884,-0.497,0.523,0.402,0.465,0.031
12012,400.487,0.98,1,-0.305097,0.548741,-0.778331,-0.57736,0.359851,-0.732914,-0.529,0.541,0.425,0.507,0.004
12013,400.52,0.98,1,-0.320766,0.543937,-0.775398,-0.606458,0.382696,-0.69696,-0.562,0.562,0.433,0.553,-0.005
12014,400.553,0.98,1,-0.321423,0.554538,-0.767577,-0.624256,0.393343,-0.67497,-0.58,0.581,0.462,0.583,-0.021
12015,400.587,0.98,1,-0.318052,0.558482,-0.76612,-0.632459,0.39742,-0.664871,-0.586,0.589,0.474,0.601,-0.022
12016,400.62,0.98,1,-0.306203,0.549602,-0.777288,-0.622685,0.399727,-0.672667,-0.57,0.58,0.47,0.609,-0.017
12017,400.653,0.98,1,-0.337809,0.533508,-0.775406,-0.626171,0.477954,-0.616011,-0.606,0.629,0.441,0.597,-0.003
12018,400.687,0.98,1,-0.417158,0.538114,-0.732402,-0.64058,0.459301,-0.615386,-0.665,0.637,0.413,0.607,0.01
12019,400.72,0.98,1,-0.427663,0.501933,-0.751776,-0.646115,0.424044,-0.634604,-0.659,0.589,0.392,0.627,0.018
12020,400.753,0.98,1,-0.455259,0.483332,-0.747749,-0.659112,0.437878,-0.61142,-0.687,0.596,0.379,0.646,0.019
12021,400.787,0.98,1,-0.463207,0.466794,-0.753354,-0.666788,0.437415,-0.603376,-0.694,0.588,0.371,0.667,0.013
12022,400.82,0.98,1,-0.494701,0.439626,-0.749667,-0.679103,0.444466,-0.584182,-0.722,0.585,0.372,0.682,0.001
12023,400.853,0.98,1,-0.564938,0.334418,-0.754328,-0.709632,0.438497,-0.551491,-0.773,0.534,0.381,0.7,-0.013
12024,400.887,0.98,1,-0.560253,0.336562,-0.756864,-0.709758,0.430223,-0.557809,-0.768,0.528,0.392,0.717,-0.03
12025,400.92,0.98,1,-0.544956,0.327174,-0.771998,-0.708624,0.431934,-0.557928,-0.756,0.519,0.401,0.722,-0.046
12026,400.953,0.98,1,-0.53113,0.327002,-0.781646,-0.728861,0.427324,-0.534936,-0.763,0.52,0.409,0.719,-0.058
12027,400.987,0.98,1,-0.529174,0.32274,-0.784738,-0.72081,0.423114,-0.549006,-0.753,0.51,0.41,0.712,-0.063
12028,401.02,0.98,1,-0.532697,0.321345,-0.782925,-0.710387,0.434613,-0.55359,-0.749,0.515,0.406,0.707,-0.064
12029,401.053,0.98,1,-0.539315,0.304314,-0.785196,-0.727229,0.423914,-0.539846,-0.763,0.503,0.395,0.701,-0.061
12030,401.087,0.98,1,-0.531339,0.289571,-0.796132,-0.722232,0.427967,-0.543346,-0.752,0.492,0.39,0.695,-0.058
12031,401.12,0.98,1,-0.545231,0.282353,-0.789303,-0.711122,0.435093,-0.552267,-0.753,0.491,0.384,0.688,-0.057
12032,401.153,0.98,1,-0.550823,0.262666,-0.792212,-0.71491,0.42581,-0.554608,-0.754,0.473,0.378,0.681,-0.055
12033,401.187,0.98,1,-0.549722,0.265923,-0.791891,-0.697959,0.451882,-0.555569,-0.747,0.489,0.378,0.676,-0.055
12034,401.22,0.98,1,-0.554429,0.285159,-0.781852,-0.673317,0.49043,-0.553284,-0.744,0.526,0.377,0.672,-0.055
12035,401.254,0.98,1,-0.56508,0.294274,-0.770771,-0.675287,0.479729,-0.560222,-0.75,0.527,0.368,0.666,-0.049
12036,401.287,0.98,1,-0.578252,0.291269,-0.762094,-0.660386,0.487338,-0.571307,-0.749,0.529,0.361,0.66,-0.046
12037,401.32,0.98,1,-0.578708,0.287585,-0.763146,-0.654962,0.487828,-0.577104,-0.744,0.525,0.358,0.656,-0.044
12038,401.354,0.98,1,-0.580692,0.289917,-0.760753,-0.65099,0.492685,-0.577472,-0.744,0.529,0.353,0.651,-0.042
12039,401.387,0.98,1,-0.583383,0.288783,-0.759123,-0.653507,0.494487,-0.573073,-0.748,0.532,0.354,0.651,-0.044
12040,401.42,0.98,1,-0.579444,0.303372,-0.756445,-0.653979,0.490532,-0.575925,-0.747,0.537,0.351,0.642,-0.044
12041,401.454,0.98,1,-0.573741,0.320434,-0.753753,-0.646336,0.492969,-0.582435,-0.74,0.547,0.352,0.635,-0.045
12042,401.487,0.98,1,-0.569675,0.328326,-0.753441,-0.639232,0.496747,-0.587048,-0.734,0.552,0.352,0.63,-0.045
12043,401.52,0.98,1,-0.495134,0.420066,-0.760517,-0.630767,0.50638,-0.587973,-0.696,0.602,0.352,0.625,-0.045
12044,401.554,0.98,1,-0.492887,0.439752,-0.750787,-0.627874,0.497569,-0.598498,-0.693,0.607,0.351,0.62,-0.044
12045,401.587,0.98,1,-0.455333,0.450017,-0.768217,-0.620477,0.499405,-0.604651,-0.665,0.605,0.353,0.624,-0.044
12046,401.62,0.98,1,-0.478314,0.43713,-0.761665,-0.613402,0.470748,-0.63414,-0.664,0.577,0.351,0.627,-0.037
12047,401.654,0.98,1,-0.483001,0.437647,-0.758403,-0.607434,0.479102,-0.633629,-0.665,0.582,0.353,0.635,-0.028
12048,401.687,0.98,1,-0.47249,0.447289,-0.759398,-0.612697,0.474716,-0.63186,-0.662,0.585,0.37,0.646,-0.022
12049,401.72,0.98,1,-0.498356,0.433734,-0.750677,-0.627833,0.457675,-0.629571,-0.684,0.573,0.393,0.67,-0.011
12050,401.754,0.98,1,-0.456483,0.456576,-0.76365,-0.629636,0.453709,-0.63064,-0.662,0.578,0.403,0.677,0.011
12051,401.787,0.98,1,-0.495748,0.465568,-0.73313,-0.635702,0.461979,-0.618433,-0.697,0.601,0.422,0.691,0.019
12052,401.82,0.98,1,-0.531305,0.449398,-0.718162,-0.644868,0.462605,-0.608392,-0.725,0.602,0.427,0.681,0.029
12053,401.854,0.98,1,-0.533211,0.444541,-0.71977,-0.646763,0.457292,-0.610394,-0.726,0.596,0.427,0.673,0.038
12054,401.887,0.98,1,-0.534393,0.436257,-0.72395,-0.648651,0.453083,-0.611529,-0.725,0.587,0.428,0.665,0.045
12055,401.92,0.93,1,-0.59227,0.372452,-0.71449,-0.649261,0.446517,-0.615697,-0.751,0.552,0.432,0.663,0.045
12056,401.954,0.93,1,-0.582279,0.318358,-0.748064,-0.64925,0.439575,-0.620684,-0.733,0.506,0.44,0.662,0.041
12057,401.987,0.93,1,-0.579043,0.313008,-0.752818,-0.654334,0.441848,-0.613692,-0.734,0.505,0.447,0.664,0.037
12058,402.02,0.93,1,-0.575084,0.323337,-0.751486,-0.654145,0.436342,-0.617819,-0.732,0.507,0.452,0.664,0.034
12059,402.054,0.93,1,-0.561511,0.335351,-0.756469,-0.657082,0.432197,-0.617616,-0.725,0.509,0.456,0.668,0.029
12060,402.087,0.93,1,-0.565521,0.343343,-0.749868,-0.653374,0.438852,-0.616856,-0.728,0.52,0.459,0.669,0.026
12061,402.12,0.93,1,-0.558402,0.325127,-0.763204,-0.655192,0.453908,-0.603897,-0.726,0.518,0.458,0.664,0.027
12062,402.154,0.93,1,-0.561069,0.386765,-0.731856,-0.651417,0.454903,-0.607223,-0.736,0.561,0.459,0.665,0.029
12063,402.187,0.93,1,-0.523158,0.438483,-0.730779,-0.659355,0.44073,-0.609104,-0.723,0.581,0.459,0.667,0.031
12064,402.22,0.93,1,-0.522053,0.432596,-0.735066,-0.674109,0.427793,-0.602138,-0.73,0.572,0.455,0.671,0.036
12065,402.254,0.93,1,-0.520636,0.439058,-0.732234,-0.696716,0.426083,-0.577096,-0.749,0.584,0.453,0.674,0.041
12066,402.287,0.93,1,-0.527376,0.429835,-0.732882,-0.67618,0.424814,-0.601925,-0.734,0.57,0.454,0.681,0.044
12067,402.321,0.93,1,-0.51894,0.434778,-0.735982,-0.696298,0.415197,-0.585475,-0.744,0.572,0.455,0.685,0.047
12068,402.354,0.93,1,-0.521285,0.429168,-0.737615,-0.702903,0.417291,-0.576017,-0.75,0.572,0.459,0.691,0.047
12069,402.387,0.93,1,-0.514742,0.445165,-0.732713,-0.690868,0.43249,-0.579357,-0.743,0.59,0.464,0.694,0.046
12070,402.421,0.93,1,-0.511134,0.44251,-0.736835,-0.698729,0.429218,-0.57232,-0.746,0.587,0.461,0.688,0.05
12071,402.454,0.93,1,-0.520314,0.434694,-0.735061,-0.723318,0.406544,-0.558151,-0.766,0.577,0.452,0.69,0.058
12072,402.487,0.93,1,-0.523182,0.437891,-0.731117,-0.70318,0.420611,-0.573258,-0.755,0.582,0.454,0.694,0.056
12073,402.521,0.93,1,-0.52574,0.438086,-0.729163,-0.696133,0.421924,-0.580843,-0.751,0.581,0.45,0.694,0.057
12074,402.554,0.93,1,-0.530353,0.423811,-0.734241,-0.693542,0.424183,-0.582296,-0.749,0.572,0.445,0.693,0.06
12075,402.587,0.93,1,-0.526367,0.419218,-0.739726,-0.68556,0.421366,-0.593682,-0.738,0.562,0.443,0.693,0.06
12076,402.621,0.93,1,-0.527483,0.418057,-0.739587,-0.689474,0.40895,-0.597817,-0.738,0.554,0.44,0.694,0.061
12077,402.654,0.93,1,-0.52912,0.42219,-0.736063,-0.686171,0.421382,-0.592964,-0.741,0.566,0.443,0.694,0.057
12078,402.687,0.93,1,-0.530741,0.422599,-0.734659,-0.676918,0.417948,-0.605889,-0.733,0.56,0.443,0.699,0.053
12079,402.721,0.93,1,-0.530017,0.420189,-0.736561,-0.671802,0.417147,-0.612103,-0.728,0.556,0.44,0.693,0.054
12080,402.754,0.93,1,-0.523218,0.418915,-0.742128,-0.668534,0.411916,-0.619183,-0.719,0.548,0.437,0.688,0.053
12081,402.787,0.98,1,-0.523126,0.413599,-0.745167,-0.668802,0.401709,-0.625566,-0.716,0.537,0.432,0.687,0.05
12082,402.821,0.98,1,-0.526409,0.423165,-0.737445,-0.653864,0.405686,-0.638656,-0.709,0.542,0.434,0.688,0.042
12083,402.854,0.98,1,-0.513265,0.451635,-0.729784,-0.632112,0.41622,-0.653602,-0.692,0.56,0.431,0.674,0.039
12084,402.887,0.93,1,-0.406221,0.481841,-0.776411,-0.589064,0.436246,-0.680216,-0.599,0.562,0.416,0.639,0.038
12085,402.921,0.98,1,-0.316652,0.521224,-0.7925,-0.517653,0.417023,-0.747079,-0.497,0.547,0.397,0.579,0.043
12086,402.954,0.82,1,-0.408509,0.474908,-0.779476,-0.637184,0.401549,-0.657841,-0.629,0.548,0.383,0.562,0.061
12087,402.987,0.98,1,-0.077285,0.565428,-0.821169,-0.236135,0.414893,-0.878694,-0.182,0.523,0.35,0.253,0.022
12088,403.021,0.98,1,0.096663,0.553883,-0.826965,-0.175812,0.395345,-0.90155,-0.046,0.502,0.341,0.159,0.046
12089,403.054,0.98,1,0.112862,0.523932,-0.84425,-0.08459,0.477153,-0.87474,0.016,0.527,0.304,0.119,0.083
12090,403.087,0.98,1,0.253124,0.49797,-0.82943,-0.089039,0.393337,-0.915073,0.094,0.472,0.295,0.043,0.069
12091,403.121,0.98,1,0.216573,0.548963,-0.807301,-0.079625,0.312773,-0.946484,0.078,0.457,0.286,0.001,0.055
12092,403.154,0.98,1,0.207463,0.535917,-0.818384,-0.073534,0.371995,-0.925317,0.077,0.48,0.271,-0.015,0.053
12093,403.187,0.98,1,0.207627,0.535418,-0.818669,-0.088423,0.349891,-0.932608,0.068,0.468,0.268,-0.01,0.052
12094,403.221,0.98,1,0.193648,0.543037,-0.817075,-0.10405,0.302898,-0.947326,0.051,0.447,0.263,-0.011,0.054
12095,403.254,0.98,1,0.163087,0.549544,-0.819392,-0.110771,0.305603,-0.945694,0.03,0.451,0.264,-0.001,0.051
12096,403.287,0.98,1,0.178598,0.538534,-0.823459,-0.112296,0.274702,-0.954949,0.037,0.429,0.247,-0.003,0.051
12097,403.321,0.98,1,0.178056,0.524705,-0.832455,-0.10269,0.270284,-0.957289,0.042,0.418,0.238,-0.011,0.054
12098,403.354,0.98,1,0.188366,0.52461,-0.830243,-0.106274,0.269691,-0.957065,0.046,0.418,0.233,-0.013,0.054
12099,403.387,0.98,1,0.175343,0.503408,-0.846071,-0.110952,0.275715,-0.954815,0.036,0.408,0.236,-0.009,0.053
12100,403.421,0.98,1,0.166487,0.521523,-0.836837,-0.105635,0.288821,-0.951538,0.034,0.425,0.238,0.002,0.048
12101,403.454,0.98,1,0.151671,0.525086,-0.837425,-0.123243,0.266931,-0.955803,0.016,0.416,0.237,0.004,0.047
12102,403.488,0.98,1,0.154376,0.52355,-0.837892,-0.13483,0.276778,-0.951428,0.011,0.421,0.236,0.004,0.051
12103,403.521,0.98,1,0.097988,0.49536,-0.863144,-0.110645,0.335411,-0.935552,-0.007,0.433,0.239,0.008,0.056
12104,403.554,0.98,1,0.067651,0.527774,-0.846687,-0.09353,0.312663,-0.945248,-0.014,0.439,0.257,0.011,0.063
12105,403.588,0.98,1,0.04878,0.5152,-0.85568,-0.179874,0.373355,-0.910083,-0.074,0.466,0.276,0.041,0.056
12106,403.621,0.98,1,0.051962,0.52433,-0.849928,-0.139412,0.354624,-0.924557,-0.049,0.46,0.278,0.049,0.064
12107,403.654,0.98,1,0.066048,0.534203,-0.842772,-0.138694,0.356063,-0.924112,-0.041,0.467,0.28,0.07,0.062
12108,403.688,0.98,1,0.057582,0.547765,-0.834648,-0.22546,0.432404,-0.873038,-0.098,0.521,0.276,0.082,0.063
12109,403.721,0.98,1,0.033302,0.548113,-0.835741,-0.222486,0.429158,-0.875399,-0.11,0.519,0.262,0.094,0.062
12110,403.754,0.98,1,0.008744,0.519883,-0.854193,-0.223543,0.428703,-0.875353,-0.124,0.502,0.254,0.094,0.071
12111,403.788,0.98,1,0.013141,0.525715,-0.850559,-0.227928,0.427552,-0.874784,-0.124,0.505,0.261,0.097,0.073
12112,403.821,0.98,1,-0.003245,0.510408,-0.859926,-0.233593,0.423878,-0.875078,-0.136,0.494,0.266,0.098,0.076
12113,403.854,0.98,1,-0.003962,0.5115,-0.859274,-0.240838,0.426318,-0.871923,-0.14,0.496,0.273,0.106,0.081
12114,403.888,0.98,1,0.0,0.519321,-0.854579,-0.248702,0.427161,-0.869299,-0.143,0.502,0.287,0.114,0.076
12115,403.921,0.98,1,-0.015203,0.506317,-0.862214,-0.251066,0.430451,-0.866993,-0.153,0.496,0.298,0.128,0.07
12116,403.954,0.98,1,-0.018736,0.505602,-0.862563,-0.243846,0.440525,-0.863989,-0.151,0.501,0.303,0.127,0.075
12117,403.988,0.98,1,-0.012839,0.510398,-0.859842,-0.249414,0.441987,-0.86165,-0.151,0.505,0.313,0.126,0.082
12118,404.021,0.98,1,-0.028621,0.510985,-0.859113,-0.256348,0.449778,-0.855561,-0.165,0.511,0.318,0.128,0.087
12119,404.054,0.98,1,-0.041078,0.500946,-0.864503,-0.269605,0.443806,-0.854605,-0.179,0.503,0.315,0.13,0.095
12120,404.088,0.98,1,-0.04616,0.495744,-0.867241,-0.271415,0.436898,-0.857586,-0.182,0.496,0.312,0.129,0.103
12121,404.121,0.98,1,-0.042429,0.498441,-0.865885,-0.270955,0.442399,-0.854908,-0.18,0.5,0.313,0.128,0.107
12122,404.154,0.98,1,-0.042486,0.499718,-0.865146,-0.27026,0.447469,-0.852485,-0.18,0.504,0.315,0.124,0.109
12123,404.188,0.98,1,-0.036074,0.500619,-0.864916,-0.261261,0.448884,-0.854544,-0.171,0.505,0.312,0.12,0.113
12124,404.221,0.98,1,-0.037749,0.499413,-0.865542,-0.256267,0.456934,-0.851785,-0.17,0.508,0.308,0.119,0.117
12125,404.254,0.98,1,-0.033467,0.506307,-0.861704,-0.246988,0.463459,-0.851001,-0.162,0.515,0.314,0.121,0.108
12126,404.288,0.98,1,-0.026316,0.529426,-0.847948,-0.234239,0.482014,-0.844271,-0.153,0.539,0.335,0.132,0.087
12127,404.321,0.98,1,-0.037547,0.517499,-0.854859,-0.236728,0.47273,-0.848815,-0.16,0.527,0.334,0.137,0.077
12128,404.354,0.98,1,-0.033193,0.520095,-0.853463,-0.230843,0.474472,-0.849463,-0.154,0.529,0.327,0.14,0.069
12129,404.388,0.98,1,-0.0906,0.554298,-0.827372,-0.256733,0.490713,-0.83264,-0.206,0.562,0.317,0.146,0.064
12130,404.421,0.98,1,-0.164808,0.545957,-0.821443,-0.345989,0.420354,-0.838805,-0.298,0.527,0.302,0.151,0.061
12131,404.454,0.98,1,-0.200134,0.5488,-0.811643,-0.427362,0.412,-0.804747,-0.37,0.536,0.296,0.192,0.056
12132,404.488,0.98,1,-0.255197,0.523449,-0.812942,-0.448655,0.401353,-0.798514,-0.412,0.521,0.296,0.27,0.048
12133,404.521,0.98,1,-0.254352,0.548908,-0.796244,-0.439989,0.48428,-0.756229,-0.421,0.587,0.283,0.322,0.053
12134,404.555,0.98,1,-0.264573,0.524591,-0.8092,-0.437248,0.501758,-0.74636,-0.424,0.583,0.274,0.346,0.06
12135,404.588,0.98,1,-0.215087,0.530817,-0.819738,-0.446256,0.488506,-0.749812,-0.399,0.576,0.264,0.352,0.075
12136,404.621,0.98,1,-0.192436,0.53073,-0.825406,-0.446476,0.476953,-0.757083,-0.384,0.567,0.256,0.358,0.085
12137,404.655,0.98,1,-0.188927,0.527184,-0.828483,-0.453252,0.458048,-0.764693,-0.383,0.554,0.247,0.363,0.094
12138,404.688,0.98,1,-0.22641,0.517908,-0.82493,-0.483442,0.459161,-0.745288,-0.425,0.557,0.25,0.373,0.094
12139,404.721,0.98,1,-0.329293,0.535255,-0.777861,-0.505983,0.462034,-0.728359,-0.506,0.585,0.251,0.387,0.092
12140,404.755,0.98,1,-0.34462,0.528914,-0.775556,-0.534974,0.4612,-0.707882,-0.535,0.589,0.251,0.411,0.092
12141,404.788,0.93,1,-0.343238,0.52728,-0.77728,-0.549978,0.444574,-0.707021,-0.542,0.58,0.257,0.444,0.093
12142,404.821,0.93,1,-0.367242,0.529362,-0.764794,-0.561145,0.447868,-0.696082,-0.566,0.59,0.263,0.491,0.095
12143,404.855,0.98,1,-0.361369,0.530948,-0.76649,-0.537216,0.468251,-0.701527,-0.549,0.598,0.284,0.519,0.082
12144,404.888,0.98,1,-0.364768,0.492285,-0.790316,-0.529053,0.464788,-0.709983,-0.537,0.568,0.299,0.535,0.062
12145,404.921,0.98,1,-0.399868,0.465723,-0.789435,-0.53109,0.471828,-0.703791,-0.557,0.561,0.319,0.542,0.032
12146,404.955,0.98,1,-0.38982,0.493787,-0.777313,-0.531057,0.479773,-0.698424,-0.558,0.583,0.331,0.532,0.009
12147,404.988,0.98,1,-0.379083,0.48536,-0.787859,-0.544938,0.46935,-0.694804,-0.557,0.572,0.334,0.527,-0.007
12148,405.021,0.98,1,-0.38122,0.475002,-0.793123,-0.545299,0.493647,-0.677467,-0.562,0.582,0.334,0.519,-0.013
12149,405.055,0.98,1,-0.380309,0.450268,-0.807851,-0.539874,0.465082,-0.701594,-0.547,0.545,0.33,0.512,-0.014
12150,405.088,0.98,1,-0.38266,0.447119,-0.80849,-0.544291,0.459611,-0.701787,-0.55,0.541,0.33,0.509,-0.013
12151,405.121,0.98,1,-0.376468,0.442895,-0.813705,-0.545196,0.42466,-0.72279,-0.54,0.514,0.327,0.497,-0.006
12152,405.155,0.98,1,-0.364732,0.422245,-0.829868,-0.546015,0.451796,-0.705512,-0.535,0.518,0.333,0.491,-0.007
12153,405.188,0.98,1,-0.354073,0.421897,-0.834647,-0.550325,0.428827,-0.716415,-0.528,0.502,0.341,0.483,-0.012
12154,405.221,0.98,1,-0.36235,0.428525,-0.827689,-0.550792,0.464334,-0.693558,-0.541,0.531,0.346,0.48,-0.017
12155,405.255,0.98,1,-0.373399,0.41105,-0.831632,-0.55931,0.426353,-0.710912,-0.544,0.497,0.344,0.481,-0.021
12156,405.288,0.98,1,-0.372934,0.411055,-0.831837,-0.547484,0.402429,-0.733698,-0.531,0.479,0.341,0.485,-0.022
12157,405.321,0.98,1,-0.369964,0.404812,-0.836214,-0.532097,0.414275,-0.73841,-0.52,0.48,0.342,0.489,-0.023
12158,405.355,0.98,1,-0.369048,0.410487,-0.833849,-0.552232,0.426592,-0.716282,-0.536,0.495,0.348,0.491,-0.024
12159,405.388,0.98,1,-0.363712,0.418865,-0.832025,-0.554936,0.440287,-0.705828,-0.538,0.509,0.35,0.49,-0.025
12160,405.421,0.98,1,-0.360372,0.414384,-0.835714,-0.550258,0.446765,-0.705419,-0.534,0.51,0.356,0.484,-0.028
12161,405.455,0.98,1,-0.360805,0.411804,-0.836802,-0.541257,0.451148,-0.709582,-0.528,0.509,0.36,0.482,-0.031
12162,405.488,0.98,1,-0.355159,0.412383,-0.838929,-0.532992,0.45541,-0.713107,-0.52,0.51,0.369,0.479,-0.039
12163,405.521,0.98,1,-0.35561,0.415209,-0.837343,-0.525189,0.463239,-0.713853,-0.516,0.515,0.378,0.478,-0.047
12164,405.555,0.98,1,-0.35218,0.419413,-0.836697,-0.517381,0.475595,-0.711425,-0.512,0.524,0.394,0.475,-0.058
12165,405.588,0.98,1,-0.352126,0.427944,-0.832389,-0.521997,0.493055,-0.696,-0.52,0.542,0.405,0.475,-0.067
12166,405.621,0.98,1,-0.347402,0.427474,-0.834612,-0.515928,0.502496,-0.69377,-0.514,0.547,0.412,0.475,-0.072
12167,405.655,0.98,1,-0.341003,0.430188,-0.835856,-0.512663,0.508369,-0.691908,-0.51,0.551,0.413,0.472,-0.073
12168,405.688,0.98,1,-0.342983,0.435454,-0.832311,-0.511326,0.510433,-0.691378,-0.511,0.556,0.413,0.474,-0.075
12169,405.722,0.98,1,-0.344381,0.437164,-0.830836,-0.509169,0.505474,-0.696593,-0.51,0.553,0.414,0.477,-0.076
12170,405.755,0.98,1,-0.342647,0.441671,-0.829168,-0.505633,0.507026,-0.69804,-0.507,0.556,0.418,0.478,-0.077
12171,405.788,0.98,1,-0.342019,0.441646,-0.829441,-0.504368,0.509394,-0.69723,-0.506,0.557,0.418,0.478,-0.077
12172,405.822,0.98,1,-0.346022,0.443438,-0.82682,-0.502042,0.506092,-0.701303,-0.507,0.556,0.421,0.48,-0.08
12173,405.855,0.98,1,-0.341912,0.451793,-0.824002,-0.502901,0.509436,-0.698259,-0.507,0.563,0.424,0.479,-0.082
12174,405.888,0.98,1,-0.341063,0.450728,-0.824937,-0.500736,0.51273,-0.697404,-0.505,0.564,0.429,0.482,-0.086
12175,405.922,0.98,1,-0.34094,0.450849,-0.824921,-0.496954,0.520838,-0.694092,-0.504,0.569,0.43,0.481,-0.088
12176,405.955,0.98,1,-0.343535,0.452743,-0.822805,-0.50029,0.525685,-0.688015,-0.509,0.575,0.433,0.482,-0.091
12177,405.988,0.98,1,-0.347753,0.449672,-0.822717,-0.500087,0.524336,-0.689192,-0.511,0.572,0.434,0.484,-0.095
12178,406.022,0.98,1,-0.345175,0.455519,-0.820583,-0.517726,0.53979,-0.663767,-0.527,0.591,0.432,0.481,-0.097
12179,406.055,0.98,1,-0.345364,0.455708,-0.820399,-0.504745,0.546823,-0.667994,-0.519,0.593,0.434,0.482,-0.099
12180,406.088,0.98,1,-0.349139,0.455469,-0.818933,-0.504678,0.552667,-0.663218,-0.523,0.597,0.433,0.481,-0.098
12181,406.122,0.98,1,-0.344652,0.457269,-0.819829,-0.493849,0.564464,-0.661433,-0.515,0.604,0.44,0.484,-0.102
12182,406.155,0.98,1,-0.344374,0.462567,-0.816969,-0.493022,0.56771,-0.659268,-0.516,0.609,0.443,0.483,-0.1
12183,406.188,0.98,1,-0.339972,0.467535,-0.815984,-0.493546,0.564422,-0.661695,-0.514,0.61,0.446,0.482,-0.102
12184,406.222,0.98,1,-0.337508,0.469717,-0.815754,-0.50395,0.554206,-0.662488,-0.517,0.606,0.447,0.478,-0.099
12185,406.255,0.98,1,-0.328612,0.471356,-0.818436,-0.495431,0.562899,-0.661584,-0.508,0.61,0.445,0.473,-0.098
12186,406.288,0.98,1,-0.326913,0.469177,-0.820366,-0.496044,0.560709,-0.662982,-0.507,0.607,0.441,0.474,-0.093
12187,406.322,0.98,1,-0.328665,0.462429,-0.823492,-0.502723,0.561641,-0.657137,-0.512,0.605,0.437,0.473,-0.087
12188,406.355,0.98,1,-0.325408,0.469255,-0.82092,-0.493519,0.565494,-0.660799,-0.505,0.61,0.442,0.471,-0.086
12189,406.388,0.98,1,-0.329205,0.467022,-0.820679,-0.495224,0.557348,-0.666421,-0.506,0.603,0.439,0.469,-0.083
12190,406.422,0.98,1,-0.330147,0.463504,-0.822293,-0.499393,0.553591,-0.666442,-0.508,0.599,0.434,0.47,-0.082
12191,406.455,0.98,1,-0.32831,0.462228,-0.823746,-0.502336,0.551064,-0.666323,-0.509,0.597,0.432,0.472,-0.08
12192,406.488,0.98,1,-0.339976,0.460355,-0.820055,-0.495414,0.556857,-0.66669,-0.512,0.6,0.436,0.476,-0.08
12193,406.522,0.98,1,-0.332861,0.463043,-0.821459,-0.500821,0.54684,-0.670928,-0.509,0.595,0.436,0.477,-0.077
12194,406.555,0.98,1,-0.33758,0.459272,-0.82165,-0.502855,0.546213,-0.669917,-0.513,0.593,0.435,0.482,-0.074
12195,406.588,0.98,1,-0.34747,0.45707,-0.81875,-0.500687,0.549624,-0.66875,-0.518,0.595,0.431,0.482,-0.069
12196,406.622,0.98,1,-0.342091,0.458852,-0.820017,-0.506409,0.549441,-0.664578,-0.519,0.597,0.429,0.479,-0.065
12197,406.655,0.98,1,-0.34692,0.457852,-0.818546,-0.509988,0.540473,-0.669179,-0.523,0.591,0.421,0.474,-0.056
12198,406.688,0.98,1,-0.319063,0.527405,-0.787428,-0.462448,0.536741,-0.705728,-0.482,0.619,0.416,0.47,-0.049
12199,406.722,0.98,1,-0.239062,0.548781,-0.801055,-0.44351,0.518153,-0.731311,-0.419,0.608,0.438,0.451,-0.051
12200,406.755,0.98,1,-0.202025,0.566006,-0.799264,-0.421928,0.569719,-0.705264,-0.393,0.647,0.399,0.37,-0.027
12201,406.789,0.88,1,-0.171738,0.533471,-0.8282,-0.507553,0.44882,-0.735493,-0.41,0.561,0.334,0.305,0.004
12202,406.822,0.98,1,0.033141,0.52104,-0.852889,-0.230808,0.339938,-0.911685,-0.112,0.454,0.322,0.192,0.009
12203,406.855,0.93,1,0.070617,0.516106,-0.853609,-0.203536,0.311934,-0.928046,-0.074,0.435,0.291,0.135,0.034
12204,406.889,0.98,1,0.126959,0.516871,-0.846596,-0.151076,0.475825,-0.866468,-0.014,0.525,0.316,0.096,0.017
12205,406.922,0.98,1,0.127806,0.537353,-0.833617,-0.177495,0.519451,-0.835863,-0.03,0.564,0.321,0.081,0.016
12206,406.955,0.98,1,0.100706,0.536048,-0.838159,-0.180802,0.528069,-0.829732,-0.048,0.568,0.317,0.076,0.024
12207,406.989,0.98,1,0.070197,0.544323,-0.835934,-0.199886,0.530392,-0.823851,-0.078,0.575,0.313,0.076,0.036
12208,407.022,0.98,1,0.042057,0.553064,-0.832076,-0.206374,0.521666,-0.827813,-0.099,0.575,0.305,0.07,0.047
12209,407.055,0.98,1,0.031487,0.567448,-0.822807,-0.2043,0.517951,-0.830655,-0.104,0.581,0.307,0.071,0.053
12210,407.089,0.98,1,0.034755,0.580857,-0.813264,-0.215019,0.524951,-0.823525,-0.11,0.594,0.31,0.071,0.058
12211,407.122,0.98,1,0.018829,0.588503,-0.808276,-0.235114,0.531201,-0.81397,-0.133,0.604,0.312,0.071,0.064
12212,407.155,0.98,1,-0.004835,0.591592,-0.806223,-0.253231,0.528775,-0.810105,-0.158,0.606,0.314,0.082,0.071
12213,407.189,0.98,1,-0.007978,0.589316,-0.807863,-0.261342,0.527251,-0.808522,-0.165,0.605,0.316,0.092,0.075
12214,407.222,0.98,1,-0.014229,0.595831,-0.802984,-0.268753,0.525253,-0.807392,-0.174,0.608,0.319,0.1,0.081
12215,407.255,0.98,1,-0.036019,0.591173,-0.80574,-0.276589,0.529424,-0.802003,-0.192,0.609,0.326,0.115,0.08
12216,407.289,0.98,1,-0.054296,0.572259,-0.818273,-0.298252,0.516769,-0.802493,-0.214,0.592,0.344,0.128,0.074
12217,407.322,0.98,1,-0.054891,0.559563,-0.826968,-0.299499,0.51513,-0.803083,-0.214,0.583,0.34,0.143,0.076
12218,407.355,0.98,1,-0.03246,0.560642,-0.827422,-0.294207,0.510674,-0.80787,-0.197,0.58,0.339,0.132,0.092
12219,407.389,0.98,1,-0.042731,0.579931,-0.813544,-0.29477,0.523205,-0.799604,-0.206,0.6,0.354,0.142,0.09
12220,407.422,0.98,1,-0.023601,0.564744,-0.824929,-0.314055,0.5004,-0.806827,-0.204,0.578,0.358,0.145,0.098
12221,407.455,0.98,1,-0.021167,0.560068,-0.828176,-0.332893,0.465164,-0.820246,-0.212,0.556,0.369,0.144,0.1
12222,407.489,0.98,1,0.099701,0.620627,-0.777741,-0.292435,0.553316,-0.77995,-0.123,0.646,0.371,0.14,0.102
12223,407.522,0.98,1,0.146377,0.63709,-0.756763,-0.270395,0.559727,-0.783321,-0.08,0.661,0.374,0.124,0.107
12224,407.555,0.98,1,0.147472,0.641891,-0.752481,-0.28448,0.532342,-0.797297,-0.088,0.648,0.382,0.104,0.112
12225,407.589,0.98,1,0.131088,0.648101,-0.750187,-0.298043,0.507979,-0.808163,-0.107,0.638,0.393,0.085,0.113
12226,407.622,0.98,1,0.058528,0.620565,-0.781968,-0.270582,0.503772,-0.820365,-0.132,0.612,0.401,0.077,0.107
12227,407.655,0.98,1,0.088911,0.640857,-0.762494,-0.327256,0.459031,-0.825951,-0.149,0.606,0.4,0.074,0.109
12228,407.689,0.88,1,0.089583,0.647822,-0.756506,-0.324224,0.479438,-0.815486,-0.148,0.622,0.4,0.078,0.104
12229,407.722,0.88,1,0.088438,0.649087,-0.755556,-0.341848,0.464377,-0.817003,-0.16,0.616,0.407,0.091,0.095
12230,407.755,0.88,1,0.073003,0.636538,-0.767782,-0.282765,0.538974,-0.793443,-0.134,0.645,0.417,0.097,0.09
12231,407.789,0.88,1,0.027568,0.639279,-0.76848,-0.286115,0.550787,-0.784074,-0.165,0.654,0.405,0.081,0.088
12232,407.822,0.88,1,0.003933,0.639072,-0.769137,-0.275649,0.565287,-0.777476,-0.174,0.662,0.406,0.079,0.08
12233,407.855,0.88,1,-0.017253,0.638061,-0.769792,-0.277191,0.551976,-0.78644,-0.187,0.653,0.408,0.07,0.072
12234,407.889,0.88,1,-0.017863,0.64169,-0.766756,-0.273723,0.539139,-0.796495,-0.184,0.647,0.401,0.076,0.068
12235,407.922,0.88,1,-0.056992,0.625796,-0.777902,-0.29279,0.461763,-0.837287,-0.213,0.593,0.391,0.088,0.069
12236,407.956,0.88,1,-0.109544,0.599286,-0.793004,-0.33276,0.400427,-0.853773,-0.262,0.546,0.366,0.112,0.065
12237,407.989,0.88,1,-0.109209,0.563132,-0.819119,-0.354758,0.342386,-0.870011,-0.268,0.492,0.354,0.11,0.062
12238,408.022,0.88,1,-0.163821,0.565388,-0.808393,-0.327163,0.386838,-0.862161,-0.286,0.518,0.373,0.115,0.052
12239,408.056,0.88,1,-0.155744,0.566605,-0.809137,-0.337725,0.382018,-0.860235,-0.287,0.517,0.381,0.106,0.054
12240,408.089,0.88,1,-0.102612,0.589075,-0.801537,-0.324962,0.382797,-0.864792,-0.251,0.528,0.378,0.088,0.061
12241,408.122,0.88,1,-0.114196,0.589351,-0.799765,-0.357349,0.355868,-0.863516,-0.276,0.517,0.375,0.098,0.065
12242,408.156,0.88,1,-0.125793,0.569102,-0.812588,-0.356494,0.359505,-0.862362,-0.28,0.506,0.36,0.112,0.071
12243,408.189,0.88,1,-0.114499,0.577334,-0.80844,-0.352145,0.368819,-0.860213,-0.273,0.516,0.375,0.1,0.061
12244,408.222,0.88,1,-0.105908,0.581271,-0.806788,-0.328397,0.408591,-0.851592,-0.256,0.538,0.401,0.094,0.049
12245,408.256,0.88,1,-0.119021,0.587708,-0.800271,-0.319346,0.425984,-0.846496,-0.26,0.552,0.41,0.103,0.04
12246,408.289,0.88,1,-0.114198,0.598093,-0.793249,-0.305724,0.449559,-0.839303,-0.252,0.571,0.432,0.107,0.03
12247,408.322,0.93,1,-0.119575,0.612695,-0.781221,-0.284673,0.490314,-0.823744,-0.247,0.602,0.446,0.109,0.025
12248,408.356,0.93,1,-0.118799,0.643669,-0.756027,-0.265033,0.527636,-0.807067,-0.241,0.643,0.456,0.123,0.022
12249,408.389,0.98,1,-0.09391,0.66558,-0.740395,-0.256028,0.571476,-0.779657,-0.226,0.683,0.463,0.132,0.019
12250,408.422,0.93,1,-0.090471,0.6617,-0.744291,-0.260519,0.554015,-0.790694,-0.225,0.67,0.472,0.152,0.013
12251,408.456,0.88,1,-0.111368,0.623668,-0.773715,-0.256693,0.517064,-0.81655,-0.227,0.622,0.479,0.159,0.016
12252,408.489,0.93,1,-0.095243,0.611182,-0.785739,-0.288686,0.476056,-0.830681,-0.233,0.592,0.47,0.165,0.024
12253,408.522,0.98,1,-0.12161,0.592233,-0.796537,-0.304704,0.456185,-0.836092,-0.255,0.571,0.472,0.172,0.027
12254,408.556,0.98,1,-0.10295,0.600242,-0.793165,-0.288127,0.493285,-0.820764,-0.238,0.596,0.475,0.168,0.031
12255,408.589,0.98,1,-0.095248,0.599105,-0.794985,-0.298416,0.49031,-0.818867,-0.239,0.594,0.473,0.151,0.044
12256,408.622,0.98,1,-0.076302,0.596415,-0.799042,-0.290056,0.502016,-0.814768,-0.223,0.598,0.47,0.137,0.053
12257,408.656,0.98,1,-0.039195,0.604407,-0.795711,-0.286719,0.515789,-0.807313,-0.201,0.61,0.458,0.113,0.065
12258,408.689,0.98,1,-0.04188,0.61583,-0.786765,-0.282935,0.522314,-0.804447,-0.201,0.621,0.45,0.087,0.076
12259,408.722,0.93,1,-0.038579,0.614915,-0.787649,-0.27398,0.519002,-0.809674,-0.193,0.617,0.447,0.077,0.08
12260,408.756,0.93,1,-0.032216,0.606626,-0.794335,-0.28286,0.448931,-0.847615,-0.19,0.571,0.436,0.068,0.089
12261,408.789,0.88,1,0.086203,0.655293,-0.75044,-0.249165,0.426821,-0.869334,-0.1,0.589,0.424,0.061,0.095
12262,408.822,0.93,1,0.142543,0.628801,-0.76439,-0.270797,0.336549,-0.901889,-0.077,0.525,0.398,0.087,0.106
12263,408.856,0.93,1,0.158187,0.622709,-0.766297,-0.259685,0.320468,-0.910969,-0.06,0.512,0.384,0.08,0.116
12264,408.889,0.93,1,0.136186,0.624815,-0.768804,-0.266775,0.29573,-0.917265,-0.077,0.5,0.36,0.063,0.135
12265,408.922,0.98,1,0.101378,0.622799,-0.775786,-0.30183,0.298995,-0.905263,-0.119,0.502,0.341,0.066,0.146
12266,408.956,0.98,1,0.055176,0.591546,-0.804381,-0.242785,0.313718,-0.917952,-0.108,0.484,0.327,0.062,0.147
12267,408.989,0.88,1,0.038356,0.589512,-0.806849,-0.364473,0.350288,-0.86282,-0.193,0.513,0.311,0.09,0.145
12268,409.023,0.88,1,0.013656,0.535385,-0.844497,-0.416083,0.278575,-0.865604,-0.231,0.444,0.312,0.071,0.138
12269,409.056,0.88,1,0.051761,0.541956,-0.838812,-0.375592,0.305766,-0.874893,-0.187,0.459,0.31,0.032,0.138
12270,409.089,0.88,1,0.092083,0.572211,-0.81492,-0.375838,0.374242,-0.847755,-0.169,0.517,0.322,-0.0,0.138
12271,409.123,0.88,1,0.099594,0.543349,-0.833579,-0.306399,0.310251,-0.899924,-0.119,0.458,0.332,-0.022,0.135
12272,409.156,0.88,1,0.110287,0.543741,-0.831975,-0.133636,0.260152,-0.956275,-0.013,0.422,0.348,-0.024,0.133
12273,409.189,0.88,1,0.151286,0.551308,-0.82047,-0.231286,0.274387,-0.933391,-0.046,0.44,0.347,-0.058,0.153
12274,409.223,0.88,1,0.124518,0.574273,-0.809139,-0.303139,0.270297,-0.913809,-0.103,0.456,0.36,-0.036,0.16
12275,409.256,0.88,1,0.128687,0.594469,-0.793754,-0.257792,0.332162,-0.90731,-0.076,0.499,0.371,-0.053,0.181
12276,409.289,0.88,1,0.141035,0.609425,-0.780199,-0.289204,0.317435,-0.903103,-0.088,0.503,0.36,-0.035,0.184
12277,409.323,0.88,1,0.141386,0.612211,-0.777951,-0.291861,0.358602,-0.886692,-0.09,0.528,0.359,-0.034,0.193
12278,409.356,0.88,1,0.090603,0.617718,-0.781163,-0.302962,0.393704,-0.867877,-0.128,0.55,0.348,0.004,0.189
12279,409.389,0.88,1,-0.082713,0.546509,-0.833359,-0.207399,0.311468,-0.927348,-0.163,0.453,0.34,0.025,0.181
12280,409.423,0.93,1,-0.107486,0.590207,-0.800064,-0.332468,0.207814,-0.919934,-0.25,0.434,0.357,0.059,0.152
12281,409.456,0.88,1,-0.035973,0.358715,-0.932754,-0.345152,0.43611,-0.83107,-0.213,0.423,0.377,0.086,0.114
12282,409.489,0.98,1,-0.28134,0.475572,-0.833474,-0.451335,0.444158,-0.773964,-0.428,0.52,0.322,0.238,0.046
12283,409.523,0.98,1,-0.250364,0.472888,-0.844805,-0.447197,0.420477,-0.789439,-0.403,0.5,0.321,0.28,0.041
12284,409.556,0.98,1,-0.32563,0.391309,-0.860722,-0.439506,0.414761,-0.796748,-0.432,0.453,0.29,0.33,0.072
12285,409.589,0.98,1,-0.30844,0.383777,-0.870391,-0.434686,0.38256,-0.815289,-0.415,0.427,0.272,0.346,0.089
12286,409.623,0.98,1,-0.286984,0.376557,-0.880821,-0.410162,0.365037,-0.835772,-0.386,0.408,0.27,0.348,0.092
12287,409.656,0.98,1,-0.280101,0.392421,-0.876099,-0.401118,0.363526,-0.840805,-0.378,0.415,0.268,0.346,0.09
12288,409.689,0.98,1,-0.271636,0.406703,-0.872242,-0.406355,0.360807,-0.839461,-0.377,0.422,0.271,0.342,0.084
12289,409.723,0.98,1,-0.267282,0.39874,-0.87725,-0.403958,0.362618,-0.839837,-0.373,0.417,0.269,0.335,0.08
12290,409.756,0.98,1,-0.248669,0.402319,-0.881081,-0.406792,0.353017,-0.842555,-0.363,0.413,0.268,0.333,0.076
12292,409.823,0.98,1,-0.271644,0.39049,-0.879618,-0.404468,0.355743,-0.842527,-0.374,0.409,0.272,0.332,0.069
12293,409.856,0.98,1,-0.245055,0.410324,-0.878397,-0.405318,0.354969,-0.842446,-0.361,0.418,0.274,0.33,0.069
12294,409.889,0.98,1,-0.23626,0.417034,-0.877647,-0.393182,0.374834,-0.839587,-0.351,0.432,0.276,0.327,0.068
12295,409.923,0.98,1,-0.242087,0.417476,-0.875847,-0.395479,0.373272,-0.839204,-0.356,0.432,0.277,0.325,0.067
12296,409.956,0.98,1,-0.240677,0.417758,-0.876101,-0.392927,0.376151,-0.839118,-0.354,0.433,0.278,0.323,0.064
12297,409.989,0.98,1,-0.238616,0.420305,-0.875446,-0.393738,0.376322,-0.838661,-0.353,0.435,0.277,0.322,0.063
12298,410.023,0.98,1,-0.240548,0.412476,-0.878635,-0.39023,0.37666,-0.840147,-0.352,0.43,0.278,0.322,0.061
12299,410.056,0.98,1,-0.23328,0.416775,-0.878566,-0.394671,0.374697,-0.83895,-0.351,0.432,0.279,0.324,0.06
12300,410.089,0.98,1,-0.239918,0.414337,-0.877932,-0.391168,0.381282,-0.837623,-0.352,0.434,0.281,0.325,0.058
12301,410.123,0.98,1,-0.243169,0.404419,-0.881654,-0.392806,0.377281,-0.838667,-0.354,0.426,0.28,0.327,0.056
12302,410.156,0.98,1,-0.226654,0.402722,-0.886816,-0.397941,0.358448,-0.844487,-0.346,0.414,0.275,0.328,0.057
12307,410.323,0.98,1,-0.22373,0.397823,-0.889765,-0.374589,0.358368,-0.855135,-0.33,0.409,0.307,0.312,0.056
12308,410.356,0.98,1,-0.210593,0.41021,-0.887343,-0.363913,0.370395,-0.85462,-0.319,0.421,0.317,0.308,0.057
12309,410.39,0.98,1,-0.209251,0.414675,-0.885584,-0.366452,0.379836,-0.849375,-0.32,0.429,0.322,0.302,0.06
12310,410.423,0.98,1,-0.202423,0.415131,-0.886956,-0.349185,0.383909,-0.854801,-0.307,0.43,0.315,0.292,0.064
12311,410.456,0.98,1,-0.183344,0.409756,-0.89358,-0.353624,0.379,-0.855166,-0.298,0.424,0.303,0.284,0.069
12312,410.49,0.98,1,-0.202495,0.411316,-0.888716,-0.349987,0.380688,-0.855912,-0.307,0.426,0.304,0.284,0.069
12317,410.656,0.88,1,-0.063404,0.461467,-0.884889,-0.342026,0.397329,-0.851556,-0.229,0.459,0.194,0.2,0.152
12318,410.69,0.98,1,0.125604,0.493417,-0.860676,-0.333212,0.392327,-0.85735,-0.12,0.476,0.226,0.169,0.153
12319,410.723,0.98,1,0.157475,0.412969,-0.897028,-0.256719,0.444611,-0.858147,-0.056,0.454,0.287,0.163,0.157
12320,410.756,0.98,1,0.099159,0.383557,-0.918178,-0.190207,0.447116,-0.874018,-0.051,0.434,0.33,0.151,0.182
12321,410.79,0.98,1,0.084601,0.393431,-0.915453,-0.214611,0.473968,-0.853989,-0.073,0.456,0.351,0.116,0.213
12322,410.823,0.98,1,0.045643,0.457012,-0.888288,-0.255893,0.45939,-0.850576,-0.12,0.485,0.401,0.07,0.224
12325,410.923,0.88,1,0.031824,0.581684,-0.812792,-0.217694,0.456202,-0.862838,-0.11,0.555,0.554,-0.136,0.234
12326,410.956,0.98,1,0.090355,0.717626,-0.690543,-0.161,0.498656,-0.851717,-0.046,0.668,0.568,-0.211,0.244
12335,411.257,0.98,1,0.084376,0.412612,-0.906991,-0.216786,0.296302,-0.930166,-0.072,0.368,0.102,0.035,0.066
12336,411.29,0.98,1,0.108982,0.416542,-0.902561,-0.201042,0.319369,-0.926059,-0.05,0.383,0.103,0.02,0.073
12337,411.323,0.98,1,0.099839,0.436741,-0.89403,-0.207297,0.349362,-0.913769,-0.059,0.41,0.096,0.02,0.084
12338,411.357,0.98,1,0.07749,0.441778,-0.893771,-0.171266,0.348044,-0.921701,-0.052,0.41,0.104,0.043,0.099
12339,411.39,0.98,1,0.046349,0.431475,-0.900933,-0.179114,0.356833,-0.916836,-0.073,0.409,0.123,0.066,0.111
12341,411.457,0.93,1,-0.042256,0.40638,-0.912727,-0.191238,0.373186,-0.907833,-0.128,0.405,0.167,0.103,0.112
12342,411.49,0.98,1,-0.068114,0.401831,-0.913177,-0.190476,0.36339,-0.911958,-0.141,0.397,0.196,0.109,0.101
12343,411.523,0.98,1,-0.09119,0.416814,-0.904406,-0.21597,0.394206,-0.893285,-0.169,0.424,0.231,0.136,0.092
12344,411.557,0.98,1,-0.080897,0.436801,-0.895913,-0.223309,0.404234,-0.886977,-0.169,0.441,0.251,0.142,0.084
12345,411.59,0.98,1,-0.089112,0.431132,-0.897878,-0.220059,0.397984,-0.890608,-0.171,0.434,0.257,0.144,0.085
12346,411.623,0.98,1,-0.103221,0.431165,-0.896349,-0.226482,0.40055,-0.887843,-0.183,0.436,0.266,0.149,0.085
12347,411.657,0.98,1,-0.110574,0.415816,-0.902702,-0.235155,0.395244,-0.887966,-0.191,0.425,0.268,0.155,0.084
12348,411.69,0.98,1,-0.098398,0.435662,-0.894716,-0.229309,0.395756,-0.889266,-0.182,0.436,0.28,0.156,0.083
12349,411.723,0.98,1,-0.103707,0.431125,-0.896312,-0.224888,0.396832,-0.889916,-0.182,0.434,0.29,0.152,0.08
12350,411.757,0.98,1,-0.095715,0.421195,-0.901906,-0.23246,0.387787,-0.891955,-0.181,0.424,0.293,0.144,0.082
12351,411.79,0.98,1,-0.036666,0.475503,-0.87895,-0.243043,0.392137,-0.88722,-0.157,0.457,0.305,0.147,0.089
12352,411.823,0.98,1,-0.013985,0.499459,-0.866225,-0.239002,0.398731,-0.885376,-0.143,0.474,0.319,0.136,0.099
12353,411.857,0.98,1,-0.046341,0.460353,-0.886526,-0.246684,0.399006,-0.883143,-0.164,0.452,0.31,0.14,0.1
12354,411.89,0.98,1,-0.107641,0.410632,-0.905425,-0.238386,0.399412,-0.885235,-0.191,0.425,0.301,0.143,0.096
12355,411.923,0.98,1,-0.136268,0.384072,-0.913192,-0.244329,0.406564,-0.880346,-0.209,0.415,0.301,0.155,0.086
12367,412.323,0.98,1,-0.044779,0.466225,-0.883532,-0.241773,0.354196,-0.903378,-0.159,0.43,0.301,0.112,0.074
12368,412.357,0.98,1,-0.047503,0.455175,-0.889134,-0.249312,0.346467,-0.904325,-0.164,0.42,0.295,0.117,0.069
12369,412.39,0.98,1,-0.031386,0.471916,-0.881085,-0.248441,0.340054,-0.906995,-0.155,0.426,0.295,0.12,0.064
12370,412.424,0.98,1,-0.031919,0.473011,-0.880478,-0.244966,0.338236,-0.908619,-0.154,0.426,0.293,0.121,0.06
12371,412.457,0.98,1,-0.031188,0.467739,-0.883316,-0.247438,0.337477,-0.908231,-0.154,0.422,0.295,0.127,0.054
12372,412.49,0.98,1,-0.035536,0.46537,-0.884402,-0.249755,0.338864,-0.90708,-0.158,0.422,0.297,0.133,0.046
12373,412.524,0.98,1,-0.029088,0.476084,-0.878918,-0.245989,0.333376,-0.910137,-0.153,0.425,0.297,0.135,0.04
12374,412.557,0.98,1,-0.026942,0.477444,-0.878249,-0.246777,0.335179,-0.909261,-0.152,0.427,0.295,0.133,0.034
12375,412.59,0.98,1,-0.01166,0.475866,-0.879441,-0.241762,0.340313,-0.908702,-0.141,0.428,0.295,0.133,0.027
12376,412.624,0.98,1,0.062334,0.454486,-0.88857,-0.216992,0.340188,-0.914979,-0.086,0.415,0.294,0.127,0.022
12377,412.657,0.98,1,0.088116,0.486919,-0.868991,-0.173562,0.345812,-0.922112,-0.048,0.435,0.293,0.114,0.018
12378,412.69,0.98,1,0.093015,0.46978,-0.87787,-0.160097,0.339631,-0.926833,-0.037,0.422,0.29,0.105,0.015
12379,412.724,0.98,1,0.093301,0.461649,-0.882142,-0.146048,0.339312,-0.929267,-0.029,0.416,0.29,0.095,0.013
12380,412.757,0.98,1,0.121183,0.451726,-0.883888,-0.123488,0.343504,-0.930997,-0.001,0.413,0.282,0.086,0.011
12381,412.79,0.98,1,0.13432,0.449498,-0.883125,-0.124911,0.340441,-0.931932,0.005,0.41,0.284,0.078,0.008
12382,412.824,0.98,1,0.136012,0.460327,-0.877269,-0.126676,0.328425,-0.935997,0.005,0.41,0.286,0.073,0.004
12383,412.857,0.98,1,0.138336,0.509844,-0.849071,-0.142328,0.343579,-0.928276,-0.002,0.448,0.28,0.072,0.003
12384,412.89,0.98,1,0.147481,0.541596,-0.827601,-0.199982,0.48584,-0.850862,-0.031,0.549,0.275,0.053,0.002
12385,412.924,0.98,1,-0.043865,0.487778,-0.871865,-0.247933,0.430931,-0.867656,-0.166,0.486,0.273,0.081,-0.001
12386,412.957,0.98,1,-0.068303,0.541847,-0.837697,-0.295739,0.474201,-0.82926,-0.215,0.547,0.268,0.137,-0.006
12387,412.99,0.88,1,-0.010019,0.564872,-0.825117,-0.323337,0.483794,-0.813263,-0.201,0.569,0.273,0.189,-0.024
12388,413.024,0.77,1,0.087148,0.545803,-0.833369,-0.236987,0.493103,-0.837071,-0.089,0.556,0.25,0.108,-0.039
12389,413.057,0.98,1,-0.419211,0.482231,-0.769231,-0.599635,0.384702,-0.701743,-0.606,0.533,0.291,0.48,-0.016
12390,413.09,0.98,1,-0.415186,0.450519,-0.79035,-0.624967,0.429406,-0.651941,-0.625,0.548,0.295,0.521,-0.012
12391,413.124,0.98,1,-0.416082,0.402816,-0.815239,-0.612406,0.447357,-0.651791,-0.611,0.525,0.296,0.564,-0.009
12392,413.157,0.98,1,-0.499557,0.296634,-0.813911,-0.610582,0.44618,-0.654303,-0.647,0.468,0.299,0.609,-0.016
12393,413.19,0.98,1,-0.547936,0.249941,-0.798308,-0.606618,0.466446,-0.643772,-0.675,0.461,0.324,0.645,-0.036
12394,413.224,0.98,1,-0.540212,0.26656,-0.798196,-0.58888,0.465492,-0.66071,-0.659,0.465,0.347,0.67,-0.054
12395,413.257,0.98,1,-0.546724,0.266516,-0.793765,-0.619423,0.420236,-0.663111,-0.675,0.44,0.353,0.683,-0.058
12396,413.29,0.98,1,-0.561278,0.274254,-0.780866,-0.613855,0.423667,-0.666099,-0.682,0.449,0.356,0.694,-0.055
12397,413.324,0.98,1,-0.546264,0.276054,-0.790816,-0.603428,0.438011,-0.666349,-0.668,0.456,0.361,0.702,-0.058
12398,413.357,0.98,1,-0.57275,0.278321,-0.771035,-0.623304,0.439982,-0.646458,-0.701,0.469,0.362,0.711,-0.056
12399,413.39,0.98,1,-0.569023,0.313616,-0.76017,-0.620705,0.477987,-0.621493,-0.711,0.52,0.369,0.706,-0.057
12400,413.424,0.98,1,-0.524243,0.360982,-0.771273,-0.633295,0.477222,-0.609259,-0.698,0.546,0.371,0.7,-0.056
12401,413.457,0.98,1,-0.565332,0.299979,-0.768383,-0.634962,0.486794,-0.599879,-0.72,0.522,0.375,0.704,-0.058
12402,413.491,0.98,1,-0.471504,0.425148,-0.772615,-0.658916,0.48711,-0.573196,-0.699,0.596,0.361,0.697,-0.047
12403,413.524,0.98,1,-0.461352,0.435381,-0.773044,-0.654739,0.479171,-0.584562,-0.688,0.593,0.36,0.701,-0.048
12404,413.557,0.98,1,-0.544393,0.38879,-0.743289,-0.673155,0.475753,-0.566147,-0.749,0.584,0.383,0.712,-0.061
12405,413.591,0.98,1,-0.546284,0.38985,-0.741344,-0.665028,0.485957,-0.567083,-0.747,0.59,0.395,0.707,-0.069
12406,413.624,0.98,1,-0.537617,0.407618,-0.738116,-0.680092,0.468756,-0.563687,-0.752,0.593,0.409,0.722,-0.081
12407,413.657,0.98,1,-0.541992,0.418619,-0.7287,-0.68382,0.455433,-0.570062,-0.757,0.592,0.411,0.731,-0.086
12408,413.691,0.98,1,-0.552442,0.409865,-0.725823,-0.709223,0.424642,-0.562745,-0.775,0.575,0.421,0.748,-0.095
12409,413.724,0.98,1,-0.557342,0.406159,-0.724158,-0.703298,0.439214,-0.558984,-0.777,0.583,0.425,0.757,-0.096
12410,413.757,0.98,1,-0.564672,0.385596,-0.729699,-0.716293,0.404863,-0.568339,-0.779,0.547,0.421,0.753,-0.085
12411,413.791,0.98,1,-0.597462,0.343969,-0.724379,-0.752494,0.385414,-0.53405,-0.82,0.525,0.388,0.75,-0.061
12412,413.824,0.98,1,-0.57519,0.353814,-0.737545,-0.747926,0.395394,-0.53317,-0.806,0.533,0.391,0.756,-0.061
12413,413.857,0.98,1,-0.599177,0.360442,-0.714891,-0.735962,0.391433,-0.552394,-0.811,0.535,0.402,0.767,-0.064
12414,413.891,0.98,1,-0.633472,0.343947,-0.693119,-0.732712,0.404154,-0.547533,-0.834,0.543,0.431,0.777,-0.078
12415,413.924,0.98,1,-0.601463,0.359612,-0.713388,-0.732231,0.413704,-0.541005,-0.816,0.552,0.454,0.791,-0.091
12416,413.957,0.98,1,-0.584658,0.39108,-0.710796,-0.716256,0.436119,-0.544773,-0.803,0.583,0.475,0.791,-0.101
12417,413.991,0.98,1,-0.572685,0.397104,-0.717175,-0.733631,0.405392,-0.545383,-0.802,0.566,0.507,0.81,-0.117
12418,414.024,0.98,1,-0.551268,0.448653,-0.703431,-0.795887,0.435307,-0.420799,-0.875,0.666,0.538,0.815,-0.124
12419,414.057,0.98,1,-0.517134,0.447736,-0.729455,-0.772217,0.447355,-0.451171,-0.829,0.649,0.549,0.812,-0.126
12420,414.091,0.98,1,-0.53952,0.444022,-0.715376,-0.577652,0.390249,-0.716955,-0.662,0.527,0.549,0.824,-0.134
12421,414.124,0.98,1,-0.525147,0.463676,-0.7136,-0.543452,0.43091,-0.7204,-0.64,0.558,0.543,0.814,-0.131
12422,414.157,0.98,1,-0.518958,0.459084,-0.721057,-0.552894,0.430731,-0.713288,-0.642,0.555,0.531,0.803,-0.126
12423,414.191,0.98,1,-0.527879,0.44801,-0.721547,-0.545036,0.428398,-0.720701,-0.64,0.546,0.537,0.8,-0.133
12424,414.224,0.98,1,-0.525916,0.454038,-0.719209,-0.532297,0.429528,-0.729497,-0.631,0.548,0.537,0.797,-0.134
12425,414.257,0.98,1,-0.499855,0.476706,-0.723115,-0.542132,0.446936,-0.711577,-0.628,0.572,0.537,0.786,-0.133
12426,414.291,0.98,1,-0.511126,0.481458,-0.712003,-0.56133,0.441704,-0.699862,-0.65,0.579,0.537,0.792,-0.132
12427,414.324,0.98,1,-0.490156,0.48829,-0.722025,-0.597098,0.42516,-0.68023,-0.66,0.577,0.538,0.787,-0.131
12428,414.357,0.98,1,-0.525133,0.47258,-0.707745,-0.682899,0.410855,-0.604026,-0.744,0.593,0.547,0.789,-0.133
12429,414.391,0.98,1,-0.543895,0.470274,-0.694996,-0.651136,0.40727,-0.640432,-0.73,0.581,0.556,0.793,-0.135
12430,414.424,0.98,1,-0.545118,0.480325,-0.68712,-0.666852,0.415666,-0.61849,-0.748,0.601,0.557,0.794,-0.14
12431,414.457,0.98,1,-0.528799,0.478836,-0.700777,-0.65388,0.422594,-0.627579,-0.727,0.596,0.559,0.784,-0.146
12432,414.491,0.98,1,-0.518653,0.479742,-0.707705,-0.644107,0.421676,-0.638213,-0.713,0.59,0.561,0.783,-0.15
12433,414.524,0.98,1,-0.521475,0.468971,-0.712832,-0.633195,0.427723,-0.645072,-0.705,0.584,0.567,0.779,-0.152
12434,414.558,0.98,1,-0.499697,0.463165,-0.731971,-0.620354,0.434075,-0.653253,-0.68,0.575,0.563,0.765,-0.154
12435,414.591,0.98,1,-0.50948,0.468855,-0.72153,-0.635518,0.419717,-0.648039,-0.696,0.576,0.56,0.776,-0.151
12436,414.624,0.98,1,-0.51325,0.465954,-0.720736,-0.605933,0.451153,-0.655215,-0.683,0.588,0.543,0.762,-0.144
12437,414.658,0.98,1,-0.509231,0.467248,-0.722747,-0.619714,0.444711,-0.646674,-0.689,0.588,0.557,0.773,-0.152
12438,414.691,0.98,1,-0.510398,0.462857,-0.724746,-0.631502,0.42269,-0.65003,-0.693,0.572,0.557,0.773,-0.152
12439,414.724,0.98,1,-0.504458,0.460725,-0.730243,-0.624028,0.462825,-0.629588,-0.693,0.597,0.561,0.777,-0.159
12440,414.758,0.98,1,-0.513488,0.459103,-0.724952,-0.62795,0.421117,-0.654476,-0.691,0.568,0.551,0.771,-0.149
12441,414.791,0.98,1,-0.49983,0.469814,-0.727629,-0.625314,0.432113,-0.649816,-0.685,0.58,0.559,0.769,-0.155
12442,414.824,0.98,1,-0.526895,0.46937,-0.708572,-0.605597,0.428461,-0.670577,-0.688,0.577,0.57,0.778,-0.16
12443,414.858,0.98,1,-0.541023,0.479785,-0.690725,-0.561823,0.45317,-0.692092,-0.673,0.594,0.575,0.789,-0.162
12444,414.891,0.98,1,-0.54369,0.465243,-0.698534,-0.537658,0.454009,-0.710493,-0.655,0.578,0.567,0.788,-0.158
12445,414.924,0.98,1,-0.545539,0.46735,-0.69568,-0.538724,0.451261,-0.711435,-0.657,0.578,0.559,0.778,-0.146
12446,414.958,0.98,1,-0.556573,0.450621,-0.697974,-0.506002,0.443733,-0.739637,-0.637,0.557,0.552,0.775,-0.141
12447,414.991,0.98,1,-0.544705,0.448632,-0.708538,-0.524683,0.433945,-0.732393,-0.638,0.55,0.557,0.782,-0.144
12448,415.024,0.98,1,-0.544408,0.463703,-0.698999,-0.521199,0.435513,-0.733948,-0.639,0.56,0.557,0.786,-0.143
12449,415.058,0.98,1,-0.546179,0.460119,-0.699985,-0.517724,0.433852,-0.737383,-0.637,0.556,0.555,0.788,-0.144
12450,415.091,0.98,1,-0.54207,0.462762,-0.701435,-0.525124,0.437901,-0.729717,-0.641,0.562,0.55,0.784,-0.138
12451,415.124,0.98,1,-0.549209,0.461246,-0.696865,-0.525828,0.449487,-0.722127,-0.648,0.571,0.55,0.797,-0.139
12452,415.158,0.98,1,-0.547258,0.464418,-0.696294,-0.534521,0.436634,-0.723629,-0.651,0.565,0.539,0.789,-0.13
12453,415.191,0.98,1,-0.528975,0.467484,-0.708269,-0.530209,0.443187,-0.722817,-0.637,0.567,0.53,0.792,-0.122
12454,415.224,0.98,1,-0.503878,0.459524,-0.731399,-0.526226,0.437052,-0.729432,-0.614,0.55,0.523,0.783,-0.115
12455,415.258,0.98,1,-0.521926,0.457769,-0.71975,-0.513799,0.435013,-0.739442,-0.617,0.549,0.524,0.788,-0.116
12456,415.291,0.98,1,-0.531085,0.448874,-0.718652,-0.51547,0.437337,-0.736904,-0.623,0.547,0.516,0.794,-0.11
12457,415.324,0.98,1,-0.532014,0.442684,-0.721798,-0.609953,0.441302,-0.658187,-0.691,0.57,0.513,0.794,-0.106
12458,415.358,0.98,1,-0.523687,0.444965,-0.72647,-0.779725,0.529493,-0.334165,-0.888,0.743,0.511,0.785,-0.106
12459,415.391,0.98,1,-0.498659,0.446837,-0.742749,-0.792966,0.487951,-0.364842,-0.862,0.701,0.522,0.795,-0.11
12460,415.424,0.98,1,-0.545398,0.447121,-0.708959,-0.785045,0.507206,-0.355592,-0.896,0.731,0.513,0.796,-0.104
12461,415.458,0.98,1,-0.514162,0.438618,-0.737056,-0.653209,0.457315,-0.603474,-0.716,0.589,0.504,0.801,-0.106
12462,415.491,0.98,1,-0.515226,0.443656,-0.733288,-0.746911,0.449515,-0.489959,-0.801,0.631,0.523,0.803,-0.109
12463,415.524,0.98,1,-0.543879,0.429465,-0.72094,-0.67224,0.401176,-0.622215,-0.736,0.554,0.514,0.796,-0.106
12464,415.558,0.98,1,-0.577102,0.419171,-0.700891,-0.696827,0.415769,-0.584438,-0.781,0.576,0.506,0.801,-0.106
12465,415.591,0.98,1,-0.539797,0.424558,-0.72689,-0.73276,0.385471,-0.560781,-0.779,0.562,0.505,0.804,-0.103
12466,415.624,0.98,1,-0.522601,0.421194,-0.741271,-0.761759,0.460321,-0.455882,-0.821,0.635,0.503,0.801,-0.099
12467,415.658,0.88,1,-0.543495,0.412584,-0.731018,-0.756952,0.408565,-0.509998,-0.809,0.585,0.493,0.799,-0.089
12468,415.691,0.88,1,-0.553552,0.402117,-0.729302,-0.664539,0.429588,-0.611426,-0.738,0.555,0.493,0.807,-0.095
12469,415.725,0.88,1,-0.575406,0.369308,-0.729739,-0.663389,0.456843,-0.592629,-0.753,0.558,0.483,0.804,-0.09
12470,415.758,0.98,1,-0.57439,0.358849,-0.735733,-0.668253,0.485076,-0.564039,-0.763,0.576,0.479,0.803,-0.088
12471,415.791,0.88,1,-0.570585,0.358408,-0.738902,-0.682926,0.461204,-0.566483,-0.765,0.561,0.463,0.796,-0.075
12472,415.825,0.88,1,-0.562855,0.3629,-0.742629,-0.631677,0.47975,-0.608954,-0.724,0.557,0.466,0.797,-0.078
12473,415.858,0.88,1,-0.566609,0.368425,-0.737033,-0.653118,0.43307,-0.621198,-0.732,0.533,0.464,0.801,-0.074
12474,415.891,0.88,1,-0.568315,0.366635,-0.736612,-0.710191,0.450442,-0.541047,-0.786,0.569,0.469,0.793,-0.075
12475,415.925,0.98,1,-0.579425,0.362599,-0.729924,-0.69979,0.427918,-0.571997,-0.777,0.546,0.461,0.798,-0.073
12476,415.958,0.88,1,-0.582453,0.357881,-0.729842,-0.688156,0.437609,-0.57874,-0.771,0.546,0.463,0.794,-0.076
12477,415.991,0.98,1,-0.583848,0.339429,-0.737502,-0.672595,0.433046,-0.600073,-0.754,0.524,0.466,0.794,-0.079
12478,416.025,0.98,1,-0.575205,0.358031,-0.735495,-0.659905,0.413361,-0.627422,-0.736,0.515,0.466,0.801,-0.08
12479,416.058,0.98,1,-0.567655,0.339903,-0.749823,-0.654713,0.411985,-0.633734,-0.724,0.498,0.467,0.801,-0.082
12480,416.091,0.88,1,-0.555325,0.360085,-0.749635,-0.655023,0.410627,-0.634295,-0.719,0.508,0.459,0.802,-0.074
12481,416.125,0.88,1,-0.536752,0.378568,-0.754045,-0.624251,0.423963,-0.656175,-0.689,0.517,0.466,0.805,-0.078
12482,416.158,0.88,1,-0.548114,0.376449,-0.746898,-0.621466,0.43852,-0.649215,-0.697,0.528,0.46,0.808,-0.071
12483,416.191,0.88,1,-0.54583,0.368365,-0.75258,-0.646028,0.463607,-0.606396,-0.72,0.549,0.456,0.801,-0.065
12484,416.225,0.88,1,-0.536112,0.355487,-0.765645,-0.689738,0.4281,-0.583945,-0.737,0.526,0.448,0.791,-0.06
12485,416.258,0.88,1,-0.530531,0.36903,-0.763121,-0.695427,0.400417,-0.596697,-0.734,0.515,0.443,0.792,-0.053
12486,416.291,0.88,1,-0.523436,0.37609,-0.764572,-0.638709,0.417688,-0.64621,-0.689,0.513,0.449,0.793,-0.053
12487,416.325,0.98,1,-0.51326,0.393997,-0.76245,-0.69004,0.403469,-0.600881,-0.723,0.529,0.43,0.788,-0.043
12488,416.358,0.98,1,-0.436795,0.408328,-0.801548,-0.696116,0.402687,-0.594362,-0.682,0.526,0.42,0.776,-0.034
12489,416.391,0.98,1,-0.453299,0.358263,-0.816191,-0.626769,0.409983,-0.662627,-0.631,0.479,0.369,0.759,-0.022
12490,416.425,0.98,1,-0.429066,0.388711,-0.815357,-0.668925,0.40905,-0.620659,-0.653,0.507,0.324,0.736,-0.005
12491,416.458,0.98,1,-0.424522,0.354789,-0.83301,-0.596219,0.432973,-0.67606,-0.595,0.481,0.287,0.702,0.003
12492,416.491,0.98,1,-0.372122,0.326993,-0.868677,-0.634387,0.459867,-0.621349,-0.594,0.486,0.295,0.699,0.015
12493,416.525,0.88,1,-0.32658,0.435334,-0.838946,-0.575998,0.422873,-0.699575,-0.531,0.509,0.255,0.664,0.031
12587,419.659,0.98,1,-0.272933,0.371188,-0.88754,-0.360497,0.386295,-0.84901,-0.35,0.411,0.177,0.336,-0.006
12588,419.692,0.98,1,-0.283848,0.378985,-0.880795,-0.376717,0.390307,-0.840086,-0.367,0.42,0.173,0.346,-0.005
12589,419.726,0.98,1,-0.268974,0.40227,-0.875118,-0.435424,0.405211,-0.803872,-0.397,0.448,0.188,0.375,-0.004
12590,419.759,0.98,1,-0.266891,0.400548,-0.876545,-0.473003,0.411591,-0.779013,-0.42,0.456,0.189,0.394,0.001
12591,419.792,0.98,1,-0.260494,0.399933,-0.878747,-0.477622,0.407591,-0.778297,-0.419,0.453,0.193,0.415,0.006
12592,419.826,0.98,1,-0.261099,0.402991,-0.877169,-0.48961,0.407739,-0.770734,-0.427,0.457,0.198,0.436,0.011
12593,419.859,0.98,1,-0.261976,0.403273,-0.876778,-0.491958,0.400929,-0.772808,-0.429,0.454,0.199,0.451,0.016
12594,419.892,0.98,1,-0.269005,0.39151,-0.879975,-0.49891,0.400687,-0.768465,-0.436,0.448,0.198,0.46,0.02
12595,419.926,0.98,1,-0.288888,0.385279,-0.876415,-0.504949,0.391574,-0.769218,-0.449,0.441,0.197,0.461,0.026
12596,419.959,0.98,1,-0.289714,0.383128,-0.877085,-0.5145,0.386656,-0.765367,-0.455,0.438,0.192,0.464,0.03
12597,419.992,0.98,1,-0.289244,0.382941,-0.877322,-0.512929,0.382407,-0.76855,-0.454,0.435,0.189,0.462,0.036
12598,420.026,0.98,1,-0.281754,0.384894,-0.878904,-0.493245,0.389054,-0.77804,-0.437,0.437,0.187,0.459,0.039
12599,420.059,0.98,1,-0.286972,0.378626,-0.879937,-0.487234,0.384348,-0.784143,-0.435,0.43,0.187,0.462,0.041
12600,420.092,0.98,1,-0.295669,0.374106,-0.87899,-0.490073,0.378587,-0.785175,-0.441,0.425,0.185,0.463,0.044
12601,420.126,0.98,1,-0.300967,0.366867,-0.880243,-0.489526,0.374918,-0.787274,-0.443,0.419,0.186,0.465,0.046
12602,420.159,0.98,1,-0.298408,0.368201,-0.880557,-0.490923,0.380171,-0.783878,-0.443,0.423,0.19,0.467,0.046
12603,420.193,0.98,1,-0.305886,0.369771,-0.877327,-0.496095,0.380236,-0.780583,-0.451,0.425,0.194,0.469,0.044
12608,420.359,0.98,1,-0.297601,0.373539,-0.87858,-0.514603,0.335116,-0.789228,-0.453,0.402,0.206,0.474,0.038
12609,420.393,0.98,1,-0.291404,0.380374,-0.877724,-0.510766,0.340249,-0.789525,-0.448,0.408,0.212,0.478,0.033
12610,420.426,0.98,1,-0.300154,0.386231,-0.8722,-0.508534,0.347411,-0.787844,-0.453,0.416,0.216,0.478,0.031
12611,420.459,0.98,1,-0.300197,0.389547,-0.87071,-0.503921,0.362474,-0.784013,-0.452,0.427,0.219,0.475,0.028
12612,420.493,0.98,1,-0.299445,0.393776,-0.869065,-0.498509,0.36336,-0.787057,-0.449,0.429,0.22,0.471,0.028
12613,420.526,0.98,1,-0.299233,0.39394,-0.869063,-0.499309,0.376739,-0.78023,-0.451,0.437,0.223,0.469,0.026
12614,420.559,0.98,1,-0.294058,0.394542,-0.870555,-0.494881,0.380652,-0.781151,-0.446,0.439,0.223,0.468,0.025
12615,420.593,0.98,1,-0.292635,0.401457,-0.867869,-0.484892,0.410124,-0.772449,-0.443,0.459,0.225,0.465,0.022
12616,420.626,0.98,1,-0.288075,0.410456,-0.865181,-0.47381,0.456413,-0.753121,-0.44,0.492,0.233,0.469,0.015
12617,420.659,0.98,1,-0.304531,0.429433,-0.850205,-0.454294,0.398336,-0.796834,-0.432,0.466,0.232,0.462,0.011
12618,420.693,0.98,1,-0.333528,0.418807,-0.844606,-0.446095,0.367897,-0.815874,-0.439,0.442,0.237,0.47,0.005
12619,420.726,0.98,1,-0.328956,0.395066,-0.857736,-0.460139,0.395813,-0.794735,-0.446,0.446,0.254,0.481,-0.007
12620,420.759,0.93,1,-0.335793,0.475812,-0.812924,-0.463715,0.426581,-0.776529,-0.466,0.516,0.26,0.474,-0.013
12621,420.793,0.98,1,-0.331922,0.442243,-0.833216,-0.476247,0.493947,-0.727465,-0.478,0.54,0.258,0.448,-0.022
12622,420.826,0.98,1,-0.358411,0.390061,-0.848171,-0.485934,0.470164,-0.736759,-0.489,0.497,0.262,0.455,-0.029
12623,420.859,0.98,1,-0.343397,0.343168,-0.874251,-0.490992,0.464016,-0.737303,-0.478,0.464,0.265,0.475,-0.04
12624,420.893,0.93,1,-0.36406,0.334571,-0.869208,-0.512974,0.47796,-0.71303,-0.506,0.474,0.293,0.501,-0.06
12625,420.926,0.93,1,-0.441656,0.298487,-0.846077,-0.503409,0.500378,-0.704416,-0.547,0.476,0.321,0.522,-0.079
12626,420.959,0.93,1,-0.433127,0.322518,-0.841655,-0.517227,0.5095,-0.687668,-0.556,0.498,0.367,0.562,-0.105
12627,420.993,0.93,1,-0.46048,0.325272,-0.825928,-0.512247,0.519024,-0.684263,-0.572,0.51,0.395,0.594,-0.122
12628,421.026,0.88,1,-0.329291,0.482217,-0.811809,-0.554951,0.513888,-0.654178,-0.543,0.597,0.407,0.624,-0.131
12629,421.059,0.88,1,-0.338634,0.428934,-0.837462,-0.554962,0.496665,-0.667338,-0.536,0.551,0.39,0.65,-0.117
12630,421.093,0.88,1,-0.335354,0.441118,-0.832438,-0.540022,0.48741,-0.686154,-0.523,0.549,0.377,0.632,-0.101
12631,421.126,0.88,1,-0.310157,0.430004,-0.847879,-0.538445,0.472733,-0.697568,-0.502,0.529,0.378,0.64,-0.094
12632,421.159,0.88,1,-0.351243,0.414508,-0.839531,-0.559144,0.461906,-0.688477,-0.537,0.521,0.392,0.641,-0.093
12633,421.193,0.88,1,-0.356148,0.399804,-0.84458,-0.572102,0.445172,-0.688854,-0.544,0.504,0.394,0.64,-0.089
12634,421.226,0.88,1,-0.371609,0.42085,-0.827522,-0.59683,0.451173,-0.663504,-0.576,0.529,0.408,0.644,-0.098
12635,421.26,0.88,1,-0.375751,0.438899,-0.816198,-0.592649,0.478589,-0.647858,-0.584,0.56,0.423,0.643,-0.107
12636,421.293,0.88,1,-0.380048,0.439497,-0.813883,-0.597442,0.498469,-0.628165,-0.596,0.577,0.408,0.644,-0.103
12637,421.326,0.88,1,-0.392467,0.438813,-0.80834,-0.608726,0.498397,-0.617295,-0.612,0.582,0.411,0.651,-0.1
12638,421.36,0.88,1,-0.390076,0.428407,-0.815051,-0.608269,0.497355,-0.618584,-0.608,0.573,0.393,0.642,-0.087
12639,421.393,0.88,1,-0.38147,0.423602,-0.821609,-0.589576,0.504463,-0.630807,-0.589,0.569,0.382,0.644,-0.075
12640,421.426,0.88,1,-0.391823,0.428918,-0.813943,-0.572123,0.516259,-0.637301,-0.586,0.577,0.383,0.656,-0.07
12641,421.46,0.88,1,-0.392679,0.422201,-0.817037,-0.570964,0.517896,-0.637011,-0.585,0.574,0.387,0.665,-0.065
12642,421.493,0.88,1,-0.38499,0.447246,-0.807312,-0.56035,0.501553,-0.65913,-0.573,0.574,0.399,0.672,-0.065
12643,421.526,0.88,1,-0.394003,0.469336,-0.790244,-0.594433,0.458117,-0.660892,-0.598,0.569,0.422,0.674,-0.064
12644,421.56,0.98,1,-0.443129,0.34305,-0.828223,-0.554068,0.516684,-0.652723,-0.593,0.526,0.408,0.634,-0.055
12645,421.593,0.98,1,-0.446212,0.300576,-0.84294,-0.535315,0.515619,-0.669011,-0.576,0.495,0.419,0.641,-0.071
12646,421.626,0.98,1,-0.480943,0.282101,-0.830128,-0.548832,0.508941,-0.663146,-0.604,0.487,0.426,0.642,-0.075
12647,421.66,0.98,1,-0.495727,0.263869,-0.827423,-0.554251,0.515107,-0.653812,-0.617,0.484,0.434,0.658,-0.077
12648,421.693,0.98,1,-0.533551,0.296916,-0.791937,-0.562951,0.532425,-0.632147,-0.656,0.527,0.43,0.667,-0.069
12649,421.726,0.98,1,-0.53007,0.294447,-0.795189,-0.580025,0.526731,-0.62139,-0.665,0.525,0.417,0.667,-0.057
12650,421.76,0.98,1,-0.547741,0.297153,-0.7821,-0.58494,0.519304,-0.623032,-0.678,0.526,0.411,0.681,-0.051
12651,421.793,0.98,1,-0.550735,0.291602,-0.782087,-0.607743,0.493688,-0.62203,-0.69,0.51,0.401,0.692,-0.044
12652,421.826,0.98,1,-0.547243,0.293667,-0.783763,-0.622582,0.471214,-0.624779,-0.693,0.497,0.397,0.704,-0.038
12653,421.86,0.98,1,-0.55976,0.298056,-0.773195,-0.627624,0.48342,-0.61024,-0.709,0.514,0.394,0.71,-0.031
12654,421.893,0.98,1,-0.569984,0.300066,-0.764904,-0.627206,0.492922,-0.603026,-0.719,0.525,0.388,0.715,-0.022
12655,421.926,0.98,1,-0.561324,0.293241,-0.773903,-0.629997,0.491677,-0.601131,-0.714,0.519,0.375,0.707,-0.008
12656,421.96,0.98,1,-0.574101,0.305965,-0.759469,-0.636744,0.496444,-0.59,-0.731,0.536,0.38,0.707,-0.002
12657,421.993,0.98,1,-0.571858,0.317784,-0.756301,-0.630093,0.506881,-0.588264,-0.729,0.55,0.373,0.689,0.013
12658,422.026,0.98,1,-0.574891,0.347869,-0.740599,-0.622511,0.512225,-0.591698,-0.732,0.573,0.369,0.684,0.027
12659,422.06,0.98,1,-0.593614,0.33293,-0.732653,-0.623378,0.506389,-0.595793,-0.742,0.563,0.364,0.689,0.044
12660,422.093,0.98,1,-0.609178,0.318786,-0.726139,-0.631671,0.504572,-0.588556,-0.757,0.56,0.347,0.689,0.067
12661,422.126,0.98,1,-0.603799,0.318962,-0.730541,-0.643989,0.482793,-0.593456,-0.756,0.544,0.334,0.676,0.089
12662,422.16,0.98,1,-0.60588,0.315434,-0.73035,-0.646253,0.478927,-0.594126,-0.757,0.54,0.322,0.676,0.114
12663,422.193,0.98,1,-0.622937,0.305386,-0.720201,-0.640054,0.480862,-0.599252,-0.764,0.537,0.313,0.693,0.14
12664,422.226,0.98,1,-0.598095,0.354211,-0.718899,-0.648126,0.414365,-0.638932,-0.743,0.515,0.303,0.712,0.166
12665,422.26,0.98,1,-0.577428,0.344941,-0.739995,-0.652617,0.391656,-0.648611,-0.725,0.488,0.297,0.726,0.189
12666,422.293,0.98,1,-0.56216,0.361244,-0.743962,-0.639249,0.379749,-0.668694,-0.705,0.483,0.277,0.698,0.22
12667,422.326,0.98,1,-0.541891,0.384844,-0.747161,-0.627892,0.385129,-0.676333,-0.688,0.496,0.264,0.668,0.241
12668,422.36,0.98,1,-0.528537,0.416097,-0.739941,-0.634107,0.403794,-0.659438,-0.693,0.53,0.273,0.666,0.248
12669,422.393,0.98,1,-0.510006,0.464054,-0.724257,-0.651991,0.411575,-0.636799,-0.707,0.572,0.286,0.67,0.258
12670,422.427,0.98,1,-0.502457,0.489604,-0.712618,-0.657289,0.415503,-0.628752,-0.713,0.594,0.292,0.669,0.272
12671,422.46,0.98,1,-0.517948,0.488124,-0.70247,-0.67193,0.400289,-0.62312,-0.731,0.59,0.292,0.669,0.285
12672,422.493,0.98,1,-0.50613,0.492596,-0.707942,-0.670268,0.387895,-0.632675,-0.72,0.581,0.279,0.655,0.301
12673,422.527,0.98,1,-0.490802,0.506558,-0.70888,-0.68781,0.441627,-0.576093,-0.742,0.636,0.275,0.661,0.311
12674,422.56,0.98,1,-0.495684,0.525988,-0.69111,-0.704415,0.389526,-0.593355,-0.751,0.619,0.277,0.667,0.321
12675,422.593,0.98,1,-0.491469,0.527916,-0.692649,-0.71183,0.363401,-0.601031,-0.749,0.603,0.281,0.671,0.328
12676,422.627,0.98,1,-0.494808,0.523898,-0.693322,-0.729043,0.328414,-0.600533,-0.758,0.582,0.304,0.706,0.323
12677,422.66,0.98,1,-0.4995,0.523642,-0.690144,-0.739858,0.294123,-0.605064,-0.763,0.563,0.313,0.727,0.325
12678,422.693,0.98,1,-0.50267,0.523348,-0.688062,-0.728854,0.261723,-0.632672,-0.75,0.536,0.31,0.728,0.332
12679,422.727,0.98,1,-0.503262,0.519081,-0.690856,-0.720824,0.251416,-0.645913,-0.741,0.523,0.305,0.735,0.341
12680,422.76,0.98,1,-0.513782,0.517383,-0.684356,-0.720324,0.247187,-0.648099,-0.747,0.521,0.301,0.733,0.347
12681,422.793,0.98,1,-0.50934,0.511682,-0.69192,-0.714878,0.242743,-0.655764,-0.737,0.51,0.294,0.729,0.354
12682,422.827,0.98,1,-0.502679,0.526104,-0.685951,-0.717729,0.238172,-0.654324,-0.739,0.518,0.296,0.736,0.356
12683,422.86,0.98,1,-0.509483,0.532583,-0.675857,-0.70605,0.25566,-0.660402,-0.738,0.533,0.317,0.729,0.346
12684,422.893,0.98,1,-0.507359,0.53386,-0.676447,-0.701024,0.260057,-0.66403,-0.734,0.535,0.331,0.727,0.341
12685,422.927,0.98,1,-0.527132,0.531856,-0.662767,-0.697147,0.26359,-0.666713,-0.744,0.539,0.337,0.735,0.34
12686,422.96,0.98,1,-0.525674,0.513977,-0.67786,-0.689131,0.26457,-0.674612,-0.732,0.522,0.319,0.735,0.351
12687,422.993,0.98,1,-0.523661,0.498228,-0.691048,-0.699098,0.251451,-0.669353,-0.732,0.504,0.289,0.741,0.367
12688,423.027,0.98,1,-0.532134,0.493897,-0.687676,-0.694671,0.254239,-0.6729,-0.734,0.503,0.277,0.744,0.376
12689,423.06,0.98,1,-0.5234,0.486487,-0.699559,-0.700701,0.251515,-0.667652,-0.73,0.495,0.267,0.746,0.382
12690,423.093,0.98,1,-0.541861,0.485241,-0.686241,-0.700533,0.239165,-0.672349,-0.741,0.49,0.267,0.751,0.385
12691,423.127,0.98,1,-0.539345,0.473267,-0.69651,-0.706472,0.220891,-0.672387,-0.738,0.469,0.268,0.753,0.383
12692,423.16,0.98,1,-0.544053,0.474108,-0.692263,-0.707526,0.224257,-0.670161,-0.743,0.474,0.269,0.749,0.382
12693,423.193,0.98,1,-0.552551,0.460747,-0.69455,-0.711967,0.226963,-0.664523,-0.749,0.468,0.27,0.741,0.381
12694,423.227,0.98,1,-0.550047,0.457079,-0.698947,-0.709273,0.227331,-0.667272,-0.745,0.464,0.262,0.731,0.39
12695,423.26,0.98,1,-0.555141,0.447543,-0.701087,-0.709789,0.214797,-0.670867,-0.745,0.45,0.256,0.735,0.396
12696,423.293,0.98,1,-0.542375,0.447558,-0.711,-0.715338,0.213056,-0.665507,-0.74,0.447,0.251,0.728,0.398
12697,423.327,0.98,1,-0.526104,0.449885,-0.721678,-0.722785,0.217415,-0.655982,-0.736,0.451,0.241,0.727,0.401
12698,423.36,0.98,1,-0.533088,0.418427,-0.735348,-0.715789,0.197162,-0.669905,-0.727,0.413,0.221,0.721,0.408
12699,423.393,0.98,1,-0.520579,0.417255,-0.744913,-0.708618,0.235379,-0.665175,-0.717,0.433,0.183,0.685,0.423
12700,423.427,0.98,1,-0.524857,0.401831,-0.750371,-0.716585,0.170711,-0.676287,-0.716,0.382,0.198,0.716,0.417
12757,425.327,0.98,1,-0.442487,0.234601,-0.865545,-0.484605,0.437709,-0.757343,-0.519,0.393,0.189,0.388,0.135
12758,425.361,0.98,1,-0.450653,0.239697,-0.859917,-0.509994,0.4331,-0.743189,-0.54,0.397,0.195,0.431,0.122
12759,425.394,0.98,1,-0.465234,0.244171,-0.850845,-0.570469,0.411517,-0.710787,-0.586,0.398,0.182,0.487,0.142
12760,425.427,0.98,1,-0.454712,0.238172,-0.858202,-0.605471,0.415589,-0.678741,-0.604,0.402,0.182,0.526,0.142
12763,425.527,0.98,1,-0.501913,0.225748,-0.834938,-0.65561,0.412921,-0.632196,-0.668,0.411,0.19,0.638,0.12
12764,425.561,0.98,1,-0.531758,0.207123,-0.821178,-0.662965,0.405353,-0.629418,-0.689,0.4,0.182,0.658,0.116
12767,425.661,0.88,1,-0.547331,0.25719,-0.796418,-0.690655,0.380824,-0.614791,-0.72,0.425,0.167,0.753,0.104
12769,425.728,0.98,1,-0.604787,0.276895,-0.7467,-0.768334,0.291741,-0.569693,-0.806,0.408,0.211,0.849,0.085
12770,425.761,0.98,1,-0.616922,0.275608,-0.737188,-0.76595,0.287519,-0.575025,-0.812,0.405,0.218,0.852,0.078
12773,425.861,0.88,1,-0.595349,0.264487,-0.758687,-0.736693,0.345025,-0.581585,-0.782,0.427,0.211,0.852,0.071
12775,425.928,0.88,1,-0.571076,0.27242,-0.774377,-0.732379,0.367233,-0.573377,-0.769,0.443,0.228,0.863,0.051
12776,425.961,0.88,1,-0.584473,0.278081,-0.762274,-0.755127,0.313389,-0.575822,-0.786,0.416,0.249,0.869,0.039
12777,425.994,0.88,1,-0.56603,0.29528,-0.769688,-0.709565,0.376797,-0.595434,-0.752,0.457,0.244,0.859,0.033
12778,426.028,0.88,1,-0.562789,0.280909,-0.777405,-0.7249,0.379359,-0.574984,-0.761,0.454,0.243,0.848,0.032
12779,426.061,0.88,1,-0.561654,0.292492,-0.773947,-0.715643,0.381604,-0.585007,-0.754,0.46,0.252,0.852,0.023
12780,426.094,0.88,1,-0.560233,0.285171,-0.777699,-0.715507,0.382124,-0.584834,-0.753,0.455,0.263,0.857,0.01
12781,426.128,0.88,1,-0.55573,0.312199,-0.770516,-0.725917,0.378611,-0.574194,-0.761,0.475,0.28,0.859,-0.002
12782,426.161,0.88,1,-0.555841,0.316887,-0.76852,-0.719116,0.390401,-0.574857,-0.759,0.485,0.28,0.854,-0.004
12783,426.194,0.88,1,-0.549742,0.310811,-0.775358,-0.713424,0.389653,-0.582406,-0.749,0.476,0.288,0.849,-0.011
12784,426.228,0.88,1,-0.545062,0.318103,-0.775705,-0.707591,0.387402,-0.590961,-0.742,0.477,0.292,0.854,-0.012
12785,426.261,0.88,1,-0.540575,0.322663,-0.77696,-0.709301,0.39683,-0.582597,-0.743,0.487,0.301,0.861,-0.021
12786,426.294,0.88,1,-0.548699,0.321207,-0.771852,-0.704971,0.395307,-0.588853,-0.744,0.485,0.292,0.855,-0.019
12787,426.328,0.88,1,-0.543941,0.312831,-0.77863,-0.710193,0.393857,-0.583526,-0.744,0.479,0.283,0.844,-0.011
12788,426.361,0.88,1,-0.543563,0.320756,-0.775664,-0.691981,0.400663,-0.600525,-0.732,0.483,0.276,0.838,-0.006
12789,426.394,0.88,1,-0.546439,0.316027,-0.775584,-0.690419,0.383023,-0.613689,-0.727,0.466,0.277,0.853,-0.0
12790,426.428,0.88,1,-0.538588,0.317383,-0.780507,-0.691965,0.387619,-0.609045,-0.725,0.47,0.266,0.849,0.009
12791,426.461,0.88,1,-0.540155,0.303519,-0.784926,-0.69455,0.389319,-0.605005,-0.726,0.462,0.257,0.855,0.013
12792,426.494,0.88,1,-0.540658,0.307436,-0.783053,-0.700821,0.380159,-0.603597,-0.73,0.46,0.256,0.862,0.018
12793,426.528,0.88,1,-0.542621,0.307945,-0.781494,-0.716967,0.376244,-0.586855,-0.744,0.464,0.258,0.868,0.015
12794,426.561,0.88,1,-0.546139,0.300174,-0.782066,-0.720056,0.35658,-0.595291,-0.743,0.445,0.249,0.874,0.021
12795,426.594,0.88,1,-0.541051,0.305002,-0.783733,-0.715689,0.362128,-0.597204,-0.738,0.45,0.257,0.875,0.02
12797,426.661,0.88,1,-0.536187,0.298717,-0.789475,-0.71884,0.359409,-0.595058,-0.736,0.444,0.262,0.869,0.022
12798,426.694,0.88,1,-0.537768,0.307715,-0.784931,-0.691243,0.361846,-0.625501,-0.717,0.443,0.269,0.885,0.014
12799,426.728,0.88,1,-0.537855,0.293072,-0.790456,-0.723118,0.367436,-0.584885,-0.742,0.448,0.264,0.881,0.012
12800,426.761,0.93,1,-0.542523,0.2909,-0.788064,-0.720353,0.307662,-0.621639,-0.731,0.402,0.283,0.892,0.009
12802,426.828,0.88,1,-0.529849,0.285128,-0.798725,-0.765752,0.361245,-0.532096,-0.772,0.452,0.244,0.87,0.027
12803,426.861,0.88,1,-0.530193,0.278907,-0.800691,-0.738221,0.366969,-0.566007,-0.748,0.441,0.241,0.871,0.03
12804,426.895,0.88,1,-0.532741,0.280414,-0.79847,-0.731164,0.380221,-0.56642,-0.747,0.451,0.263,0.883,0.015
12805,426.928,0.88,1,-0.556617,0.310139,-0.770709,-0.738845,0.377095,-0.558486,-0.773,0.477,0.269,0.893,0.016
12806,426.961,0.88,1,-0.550297,0.312802,-0.774162,-0.724512,0.383569,-0.572676,-0.758,0.477,0.268,0.887,0.021
12807,426.995,0.88,1,-0.545437,0.314241,-0.777014,-0.722661,0.378317,-0.578479,-0.752,0.472,0.258,0.885,0.03
12808,427.028,0.98,1,-0.559642,0.281052,-0.779622,-0.716375,0.340547,-0.608961,-0.743,0.421,0.278,0.901,0.02
12809,427.061,0.98,1,-0.561395,0.299891,-0.771298,-0.707208,0.345714,-0.616717,-0.74,0.435,0.288,0.908,0.01
12810,427.095,0.98,1,-0.562577,0.298855,-0.770839,-0.710228,0.353328,-0.60888,-0.745,0.442,0.307,0.911,-0.007
12811,427.128,0.98,1,-0.546158,0.317989,-0.77498,-0.688084,0.370569,-0.623875,-0.723,0.457,0.308,0.9,-0.011
12812,427.161,0.98,1,-0.538623,0.340744,-0.77057,-0.736712,0.383654,-0.556835,-0.765,0.5,0.311,0.891,-0.018
12813,427.195,0.98,1,-0.516524,0.360379,-0.776744,-0.690371,0.401549,-0.601786,-0.719,0.505,0.33,0.889,-0.03
12814,427.228,0.98,1,-0.527822,0.375196,-0.761992,-0.705415,0.458771,-0.540295,-0.758,0.57,0.319,0.883,-0.033
12815,427.261,0.98,1,-0.516511,0.39502,-0.759721,-0.651932,0.504677,-0.565938,-0.722,0.596,0.329,0.887,-0.046
12816,427.295,0.98,1,-0.532796,0.38931,-0.751376,-0.66069,0.515832,-0.54535,-0.744,0.609,0.335,0.883,-0.056
12817,427.328,0.98,1,-0.529604,0.384724,-0.755981,-0.687881,0.503548,-0.522741,-0.761,0.607,0.346,0.887,-0.065
12818,427.361,0.98,1,-0.517052,0.396607,-0.758525,-0.700947,0.511616,-0.496913,-0.77,0.626,0.357,0.893,-0.072
12819,427.395,0.98,1,-0.525036,0.404639,-0.748735,-0.671702,0.523743,-0.523937,-0.755,0.63,0.36,0.886,-0.069
12820,427.428,0.88,1,-0.53793,0.394378,-0.745049,-0.637946,0.487939,-0.595769,-0.72,0.582,0.372,0.906,-0.069
12821,427.461,0.88,1,-0.541761,0.372429,-0.75352,-0.64808,0.470204,-0.599083,-0.721,0.557,0.366,0.91,-0.064
12822,427.495,0.88,1,-0.545772,0.357402,-0.757889,-0.660259,0.46095,-0.592944,-0.729,0.545,0.358,0.906,-0.051
12823,427.528,0.98,1,-0.531139,0.405308,-0.744055,-0.639787,0.519492,-0.566393,-0.729,0.615,0.386,0.899,-0.08
12824,427.561,0.98,1,-0.528069,0.410223,-0.743545,-0.629068,0.531646,-0.567121,-0.723,0.623,0.412,0.883,-0.097
12825,427.595,0.98,1,-0.518215,0.423319,-0.743138,-0.631234,0.543616,-0.553196,-0.725,0.641,0.429,0.868,-0.113
12826,427.628,0.98,1,-0.513147,0.443864,-0.734619,-0.641374,0.549828,-0.535098,-0.738,0.664,0.457,0.873,-0.135
12827,427.661,0.98,1,-0.508962,0.423363,-0.74948,-0.622444,0.544026,-0.562671,-0.712,0.635,0.421,0.863,-0.107
12828,427.695,0.98,1,-0.509734,0.43377,-0.742977,-0.607924,0.555794,-0.567029,-0.706,0.647,0.425,0.867,-0.113
12829,427.728,0.98,1,-0.518375,0.424909,-0.742118,-0.622327,0.539859,-0.566799,-0.717,0.635,0.407,0.875,-0.1
12830,427.761,0.88,1,-0.516214,0.410862,-0.751476,-0.632571,0.54246,-0.552803,-0.722,0.631,0.392,0.879,-0.097
12831,427.795,0.88,1,-0.50602,0.408657,-0.759568,-0.646312,0.498736,-0.577532,-0.711,0.596,0.379,0.867,-0.091
12832,427.828,0.98,1,-0.513279,0.402974,-0.757731,-0.671591,0.474746,-0.568843,-0.729,0.585,0.379,0.874,-0.091
12833,427.861,0.98,1,-0.507454,0.351694,-0.78664,-0.681866,0.460837,-0.568056,-0.72,0.54,0.322,0.829,-0.058
12834,427.895,0.88,1,-0.510891,0.310478,-0.80162,-0.644165,0.429908,-0.632637,-0.678,0.477,0.291,0.795,-0.033
12835,427.928,0.88,1,-0.500819,0.30954,-0.80831,-0.559749,0.473925,-0.679762,-0.619,0.485,0.276,0.762,-0.02
12855,428.595,0.98,1,-0.254283,0.37101,-0.893136,-0.468388,0.379557,-0.79784,-0.404,0.418,0.176,0.404,0.056
12856,428.628,0.98,1,-0.338667,0.369605,-0.865273,-0.495819,0.416834,-0.761849,-0.474,0.45,0.163,0.403,0.065
12857,428.662,0.98,1,-0.361864,0.364313,-0.858097,-0.497547,0.406895,-0.766084,-0.487,0.443,0.165,0.415,0.063
12858,428.695,0.98,1,-0.370956,0.360522,-0.855813,-0.514457,0.380145,-0.76865,-0.499,0.428,0.166,0.435,0.064
12859,428.728,0.98,1,-0.380021,0.356185,-0.853649,-0.523033,0.376131,-0.764828,-0.509,0.425,0.165,0.452,0.063
12860,428.762,0.98,1,-0.390529,0.34602,-0.853087,-0.520803,0.361692,-0.773268,-0.511,0.41,0.164,0.465,0.064
12861,428.795,0.98,1,-0.338094,0.358013,-0.870356,-0.527126,0.347872,-0.775322,-0.484,0.405,0.162,0.478,0.07
12973,432.53,0.98,1,0.102956,0.45023,-0.886957,-0.170013,0.479244,-0.861058,-0.038,0.489,0.206,0.204,0.002
12974,432.563,0.93,1,0.095715,0.513181,-0.852927,-0.140636,0.490109,-0.860241,-0.026,0.53,0.208,0.157,0.01
12975,432.596,0.98,1,0.108594,0.527758,-0.842424,-0.115552,0.475986,-0.871828,-0.004,0.53,0.228,0.115,0.019
12976,432.63,0.98,1,0.140152,0.521146,-0.841882,-0.121733,0.412843,-0.90263,0.011,0.492,0.252,0.072,0.019
12977,432.663,0.98,1,0.161537,0.525352,-0.835411,-0.158565,0.449588,-0.879049,0.002,0.517,0.259,0.047,0.012
12978,432.696,0.98,1,0.165405,0.511715,-0.843083,-0.246581,0.356849,-0.901031,-0.047,0.462,0.254,0.01,0.017
12979,432.73,0.98,1,0.142889,0.461439,-0.875589,-0.262412,0.325399,-0.908436,-0.067,0.415,0.263,-0.027,0.017
12980,432.763,0.98,1,0.098614,0.441462,-0.891845,-0.264677,0.270479,-0.925628,-0.091,0.373,0.27,-0.048,0.021
12981,432.796,0.98,1,0.062943,0.421777,-0.904512,-0.252034,0.271669,-0.928803,-0.103,0.362,0.273,-0.06,0.024
12982,432.83,0.98,1,0.056773,0.405861,-0.91217,-0.245901,0.278645,-0.92838,-0.102,0.356,0.275,-0.06,0.027
12983,432.863,0.98,1,0.041809,0.419695,-0.906702,-0.235744,0.295005,-0.925957,-0.105,0.372,0.276,-0.064,0.03
12984,432.896,0.98,1,0.059353,0.429749,-0.900995,-0.231711,0.290003,-0.928552,-0.094,0.375,0.275,-0.061,0.033
12985,432.93,0.98,1,0.048932,0.422368,-0.905103,-0.224478,0.289548,-0.930468,-0.095,0.37,0.273,-0.056,0.035
12986,432.963,0.98,1,0.06212,0.428589,-0.901361,-0.224227,0.29466,-0.928923,-0.088,0.376,0.271,-0.055,0.034
12987,432.996,0.98,1,0.132328,0.490258,-0.861473,-0.155756,0.368301,-0.916567,-0.013,0.45,0.268,-0.045,0.025
12988,433.03,0.98,1,0.00534,0.479851,-0.877334,-0.184104,0.404392,-0.895864,-0.1,0.463,0.259,-0.035,0.021
12989,433.063,0.98,1,-0.017938,0.499846,-0.865929,-0.238858,0.40399,-0.883028,-0.146,0.477,0.245,-0.003,0.015
12990,433.096,0.98,1,-0.017435,0.488559,-0.872356,-0.219377,0.389927,-0.894333,-0.133,0.461,0.228,0.059,0.01
12991,433.13,0.98,1,-0.001053,0.630821,-0.775928,-0.112289,0.476139,-0.872171,-0.069,0.591,0.227,0.11,-0.001
13105,436.931,0.98,1,-0.215094,0.383382,-0.898194,-0.342401,0.519309,-0.782994,-0.32,0.493,0.164,0.276,-0.014
13215,440.599,0.98,1,-0.418441,0.205273,-0.884743,-0.376981,0.460664,-0.803538,-0.44,0.376,0.199,0.308,-0.029
13216,440.632,0.98,1,-0.444259,0.227142,-0.866626,-0.411562,0.467858,-0.782129,-0.479,0.399,0.199,0.349,-0.027
13217,440.665,0.98,1,-0.460233,0.229528,-0.857614,-0.472072,0.475456,-0.742354,-0.528,0.415,0.204,0.42,-0.022
13218,440.699,0.98,1,-0.46177,0.220867,-0.859061,-0.517183,0.464443,-0.718898,-0.555,0.41,0.2,0.472,-0.005
13219,440.732,0.98,1,-0.458635,0.223077,-0.860169,-0.531605,0.458088,-0.712426,-0.562,0.409,0.207,0.518,0.001
13220,440.765,0.98,1,-0.446103,0.210632,-0.869843,-0.541862,0.450266,-0.70968,-0.559,0.396,0.205,0.553,0.01
13221,440.799,0.98,1,-0.477524,0.220082,-0.850608,-0.583735,0.427539,-0.690264,-0.603,0.398,0.21,0.596,0.016
13232,441.165,0.98,1,-0.411598,0.380338,-0.828209,-0.543832,0.375387,-0.750554,-0.544,0.446,0.224,0.604,-0.013
13233,441.199,0.98,1,-0.432677,0.354337,-0.828997,-0.514129,0.38183,-0.768035,-0.535,0.432,0.219,0.583,-0.011
13234,441.232,0.98,1,-0.379853,0.375174,-0.845551,-0.506291,0.3881,-0.770096,-0.502,0.441,0.213,0.559,-0.009
13235,441.265,0.98,1,-0.309767,0.391633,-0.866411,-0.489787,0.397179,-0.776117,-0.453,0.448,0.202,0.53,-0.01
13236,441.299,0.98,1,-0.239635,0.419887,-0.875368,-0.442598,0.355545,-0.823222,-0.382,0.428,0.201,0.519,-0.014
13237,441.332,0.98,1,-0.378323,0.378196,-0.84489,-0.499867,0.411273,-0.762226,-0.5,0.457,0.196,0.503,-0.016
13238,441.366,0.98,1,-0.231346,0.427346,-0.873987,-0.440972,0.340091,-0.830591,-0.376,0.423,0.195,0.507,-0.018
13239,441.399,0.98,1,-0.24045,0.411015,-0.879347,-0.482433,0.380908,-0.788776,-0.409,0.443,0.206,0.5,-0.022
13240,441.432,0.98,1,-0.26856,0.43041,-0.861755,-0.485587,0.451865,-0.748347,-0.438,0.501,0.214,0.494,-0.023
13241,441.466,0.98,1,-0.224134,0.395303,-0.890786,-0.494535,0.450615,-0.743224,-0.414,0.478,0.204,0.469,-0.02
13242,441.499,0.98,1,-0.28153,0.438768,-0.85336,-0.495605,0.458395,-0.737733,-0.454,0.513,0.213,0.47,-0.023
13243,441.532,0.98,1,-0.273842,0.425757,-0.862404,-0.483002,0.461382,-0.744201,-0.44,0.505,0.216,0.468,-0.026
13244,441.566,0.98,1,-0.28615,0.423048,-0.859738,-0.464315,0.457805,-0.758173,-0.434,0.499,0.218,0.465,-0.025
13264,442.232,0.98,1,-0.296178,0.327565,-0.897207,-0.349027,0.454426,-0.819559,-0.359,0.427,0.25,0.271,-0.03
13265,442.266,0.98,1,-0.318431,0.362236,-0.876006,-0.399538,0.465047,-0.79,-0.407,0.461,0.253,0.31,-0.035
13266,442.299,0.98,1,-0.313244,0.437771,-0.842754,-0.424854,0.489607,-0.761436,-0.431,0.524,0.258,0.369,-0.041
13267,442.332,0.98,1,-0.350844,0.432371,-0.830641,-0.471477,0.491316,-0.732338,-0.484,0.534,0.263,0.432,-0.038
13268,442.366,0.98,1,-0.328091,0.450581,-0.830261,-0.500736,0.487892,-0.715,-0.492,0.546,0.258,0.485,-0.026
13269,442.399,0.98,1,-0.358846,0.433092,-0.826838,-0.505873,0.482459,-0.71507,-0.511,0.536,0.251,0.516,-0.016
13270,442.433,0.98,1,-0.400629,0.399593,-0.824513,-0.500002,0.442306,-0.744556,-0.521,0.492,0.248,0.534,-0.012
13271,442.466,0.98,1,-0.361313,0.40819,-0.838352,-0.523868,0.414898,-0.743923,-0.51,0.48,0.247,0.531,-0.01
13272,442.499,0.98,1,-0.360438,0.40473,-0.840403,-0.521391,0.418562,-0.743611,-0.508,0.479,0.242,0.528,-0.008
13273,442.533,0.98,1,-0.468767,0.279685,-0.837874,-0.515994,0.411473,-0.751292,-0.555,0.41,0.246,0.529,-0.012
13274,442.566,0.98,1,-0.477142,0.266596,-0.837414,-0.510112,0.407472,-0.757464,-0.554,0.4,0.245,0.528,-0.018
13275,442.599,0.98,1,-0.476253,0.266342,-0.838001,-0.528347,0.403598,-0.746966,-0.565,0.4,0.242,0.531,-0.019
13281,442.799,0.98,1,-0.386902,0.362704,-0.847793,-0.560915,0.40055,-0.724523,-0.542,0.452,0.241,0.53,-0.032
13282,442.833,0.98,1,-0.385206,0.396951,-0.833094,-0.541863,0.404476,-0.736739,-0.533,0.472,0.245,0.543,-0.036
13283,442.866,0.98,1,-0.391618,0.391092,-0.832876,-0.546008,0.388578,-0.742214,-0.537,0.46,0.239,0.553,-0.033
13284,442.899,0.98,1,-0.388336,0.385974,-0.836791,-0.549713,0.392326,-0.737493,-0.537,0.459,0.249,0.571,-0.039
13285,442.933,0.98,1,-0.398041,0.380756,-0.834619,-0.552012,0.393555,-0.735117,-0.544,0.458,0.257,0.585,-0.043
13286,442.966,0.98,1,-0.45569,0.306623,-0.835661,-0.560628,0.390451,-0.730236,-0.576,0.419,0.267,0.608,-0.049
13287,442.999,0.98,1,-0.464101,0.301542,-0.832876,-0.558166,0.396807,-0.728694,-0.58,0.421,0.266,0.615,-0.048
13288,443.033,0.98,1,-0.500636,0.288312,-0.816235,-0.583815,0.388759,-0.71276,-0.617,0.417,0.267,0.618,-0.048
13289,443.066,0.98,1,-0.493282,0.283698,-0.822307,-0.585909,0.389424,-0.710676,-0.613,0.414,0.274,0.625,-0.051
13290,443.099,0.98,1,-0.491026,0.280472,-0.82476,-0.574121,0.386147,-0.721995,-0.603,0.407,0.275,0.629,-0.054
13291,443.133,0.98,1,-0.485445,0.285408,-0.826369,-0.573575,0.380088,-0.725634,-0.599,0.405,0.278,0.628,-0.054
13292,443.166,0.98,1,-0.485316,0.290303,-0.824738,-0.574157,0.381436,-0.724465,-0.6,0.409,0.281,0.629,-0.056
13293,443.199,0.98,1,-0.486491,0.289327,-0.824389,-0.568275,0.380645,-0.729502,-0.596,0.407,0.281,0.625,-0.058
13294,443.233,0.98,1,-0.48399,0.280335,-0.828955,-0.559279,0.394383,-0.729156,-0.59,0.409,0.274,0.617,-0.053
13296,443.299,0.98,1,-0.452875,0.220542,-0.863867,-0.512178,0.406492,-0.756596,-0.537,0.369,0.262,0.585,-0.042
13297,443.333,0.98,1,-0.300221,0.207298,-0.931072,-0.472534,0.426131,-0.771443,-0.426,0.356,0.254,0.534,-0.04
13298,443.366,0.98,1,-0.213462,0.153781,-0.964772,-0.405767,0.427717,-0.80772,-0.336,0.317,0.242,0.458,-0.035
13299,443.399,0.98,1,-0.149206,0.112107,-0.98243,-0.353371,0.414332,-0.838724,-0.269,0.281,0.221,0.373,-0.031
13300,443.433,0.98,1,-0.234273,0.114205,-0.96544,-0.326515,0.40153,-0.855665,-0.299,0.276,0.212,0.304,-0.039
13321,444.133,0.98,1,-0.132648,0.382333,-0.914454,-0.258595,0.381551,-0.887439,-0.214,0.401,0.234,0.267,-0.031
13322,444.166,0.98,1,-0.111514,0.426833,-0.897428,-0.343986,0.417888,-0.840858,-0.256,0.452,0.245,0.267,-0.029
13323,444.2,0.98,1,-0.113134,0.433421,-0.894062,-0.352084,0.399758,-0.846304,-0.261,0.446,0.251,0.27,-0.025
13324,444.233,0.98,1,-0.117267,0.42927,-0.895531,-0.3535,0.400008,-0.845596,-0.264,0.444,0.253,0.271,-0.02
13325,444.266,0.98,1,-0.09663,0.454144,-0.885673,-0.360017,0.432906,-0.826427,-0.261,0.478,0.256,0.269,-0.015
13326,444.3,0.98,1,-0.175327,0.485329,-0.856572,-0.395649,0.356706,-0.8463,-0.324,0.459,0.265,0.277,-0.011
13327,444.333,0.98,1,-0.181942,0.500786,-0.846233,-0.410968,0.348458,-0.842427,-0.338,0.466,0.275,0.278,-0.008
13328,444.366,0.98,1,-0.173846,0.486652,-0.856124,-0.409409,0.342183,-0.845751,-0.33,0.453,0.28,0.275,-0.005
13329,444.4,0.98,1,-0.149901,0.476104,-0.866519,-0.401053,0.346391,-0.848039,-0.311,0.447,0.285,0.269,-0.006
13330,444.433,0.98,1,-0.0592,0.487662,-0.871023,-0.371847,0.414881,-0.830424,-0.248,0.488,0.291,0.26,-0.01
13331,444.466,0.98,1,0.012075,0.516332,-0.856303,-0.326077,0.475666,-0.816956,-0.186,0.535,0.289,0.238,-0.011
13332,444.5,0.98,1,0.024301,0.485367,-0.873973,-0.291755,0.437612,-0.850514,-0.154,0.491,0.289,0.206,-0.016
13333,444.533,0.98,1,0.022946,0.480234,-0.87684,-0.256297,0.416878,-0.872081,-0.133,0.474,0.292,0.175,-0.024
13334,444.566,0.98,1,0.046361,0.479692,-0.876211,-0.229901,0.429804,-0.873163,-0.105,0.479,0.296,0.146,-0.031
13335,444.6,0.98,1,0.08395,0.482893,-0.871646,-0.237552,0.472223,-0.848866,-0.089,0.507,0.298,0.132,-0.033
13336,444.633,0.98,1,0.088132,0.490265,-0.867106,-0.242583,0.484307,-0.840595,-0.09,0.519,0.303,0.119,-0.035
13337,444.667,0.98,1,0.099405,0.494466,-0.863494,-0.245821,0.485447,-0.838995,-0.086,0.522,0.303,0.109,-0.033
13338,444.7,0.98,1,0.111372,0.503328,-0.856888,-0.217263,0.482521,-0.848511,-0.062,0.524,0.319,0.101,-0.051
13339,444.733,0.98,1,0.137382,0.50378,-0.852838,-0.169064,0.524559,-0.834419,-0.019,0.547,0.319,0.1,-0.061
13340,444.767,0.98,1,0.13606,0.499658,-0.85547,-0.163646,0.514216,-0.841904,-0.016,0.538,0.311,0.093,-0.065
13341,444.8,0.98,1,0.139018,0.506779,-0.850793,-0.156038,0.513326,-0.843889,-0.01,0.542,0.307,0.081,-0.068
13342,444.833,0.98,1,0.138688,0.517461,-0.844393,-0.14014,0.508566,-0.849542,-0.001,0.545,0.304,0.071,-0.071
13343,444.867,0.98,1,0.164714,0.535777,-0.828138,-0.126257,0.496914,-0.858566,0.023,0.549,0.306,0.058,-0.073
13344,444.9,0.98,1,0.101635,0.534926,-0.838764,-0.114393,0.491692,-0.863223,-0.007,0.543,0.303,0.051,-0.074
13345,444.933,0.98,1,0.111468,0.537991,-0.835548,-0.100845,0.486648,-0.867758,0.006,0.542,0.302,0.043,-0.076
13346,444.967,0.98,1,0.247027,0.501431,-0.829183,-0.09732,0.491425,-0.865465,0.088,0.53,0.297,0.031,-0.073
13347,445.0,0.98,1,0.283634,0.472444,-0.834475,-0.070635,0.502646,-0.861602,0.125,0.522,0.287,0.012,-0.07
13348,445.033,0.98,1,0.309298,0.463535,-0.830343,-0.028574,0.493539,-0.869254,0.164,0.513,0.278,-0.015,-0.066
13349,445.067,0.98,1,0.345163,0.458353,-0.819009,-0.007854,0.473723,-0.880639,0.196,0.502,0.272,-0.043,-0.064
13350,445.1,0.98,1,0.32231,0.477402,-0.817437,0.010367,0.47186,-0.881612,0.193,0.509,0.272,-0.071,-0.061
13351,445.133,0.98,1,0.315096,0.471694,-0.823541,0.019866,0.458253,-0.8886,0.193,0.498,0.267,-0.089,-0.061
13352,445.167,0.98,1,0.299817,0.462905,-0.834163,0.012792,0.45628,-0.889744,0.179,0.49,0.256,-0.097,-0.065
13353,445.2,0.98,1,0.285576,0.464452,-0.83829,0.010673,0.439811,-0.898027,0.169,0.48,0.253,-0.101,-0.069
13354,445.233,0.98,1,0.274101,0.460488,-0.844287,0.010301,0.425212,-0.905035,0.161,0.469,0.249,-0.104,-0.071
13355,445.267,0.98,1,0.30304,0.460214,-0.834488,-0.011161,0.419956,-0.907476,0.166,0.468,0.253,-0.098,-0.076
13356,445.3,0.98,1,0.281844,0.46855,-0.837272,-0.002824,0.435964,-0.89996,0.159,0.48,0.264,-0.102,-0.084
13357,445.333,0.98,1,0.274171,0.484272,-0.830849,0.019986,0.466298,-0.884402,0.17,0.506,0.265,-0.107,-0.097
13358,445.367,0.98,1,0.279087,0.48884,-0.826527,-0.016952,0.475895,-0.879339,0.152,0.515,0.259,-0.095,-0.12
13359,445.4,0.98,1,0.286075,0.472134,-0.833817,-0.020954,0.459287,-0.888041,0.153,0.496,0.25,-0.084,-0.144
13360,445.433,0.98,1,0.279345,0.480293,-0.831436,-0.023096,0.465739,-0.884621,0.148,0.504,0.249,-0.073,-0.165
13361,445.467,0.98,1,0.243181,0.447223,-0.860729,-0.063431,0.439226,-0.896135,0.102,0.467,0.245,-0.052,-0.18
13362,445.5,0.98,1,0.177124,0.439165,-0.880773,-0.150688,0.398654,-0.904637,0.015,0.439,0.247,-0.022,-0.19
13363,445.533,0.98,1,0.017924,0.488367,-0.872454,-0.223522,0.41828,-0.880386,-0.117,0.477,0.239,0.026,-0.193
13364,445.567,0.98,1,0.113264,0.528092,-0.8416,-0.21338,0.456104,-0.863967,-0.059,0.523,0.235,0.115,-0.194
13365,445.6,0.98,1,-0.083633,0.555702,-0.827164,-0.266854,0.457537,-0.848203,-0.206,0.544,0.235,0.178,-0.187
13366,445.633,0.88,1,0.100698,0.562657,-0.820534,-0.241718,0.487787,-0.83883,-0.085,0.564,0.199,0.136,-0.208
13367,445.667,0.98,1,-0.407764,0.469192,-0.783319,-0.534165,0.438779,-0.722593,-0.559,0.543,0.265,0.444,-0.079
13368,445.7,0.98,1,-0.448671,0.397706,-0.800328,-0.609618,0.472918,-0.636172,-0.635,0.545,0.285,0.505,-0.08
13369,445.734,0.98,1,-0.471868,0.392627,-0.78942,-0.649447,0.476583,-0.592526,-0.682,0.561,0.315,0.605,-0.084
13370,445.767,0.88,1,-0.48042,0.41566,-0.772284,-0.674998,0.416545,-0.60899,-0.697,0.542,0.365,0.718,-0.103
13371,445.8,0.98,1,-0.513714,0.37945,-0.76949,-0.682497,0.401252,-0.610897,-0.714,0.515,0.369,0.754,-0.104
13372,445.834,0.93,1,-0.586482,0.329271,-0.740013,-0.678318,0.452595,-0.578828,-0.764,0.535,0.358,0.767,-0.111
13373,445.867,0.93,1,-0.575848,0.324989,-0.750187,-0.660251,0.481082,-0.576739,-0.75,0.546,0.342,0.765,-0.102
13374,445.9,0.88,1,-0.559214,0.353213,-0.750014,-0.669582,0.454661,-0.587318,-0.743,0.543,0.325,0.773,-0.092
13375,445.934,0.98,1,-0.599628,0.311592,-0.737128,-0.67659,0.446982,-0.585177,-0.768,0.521,0.331,0.777,-0.089
13376,445.967,0.98,1,-0.54513,0.360734,-0.756772,-0.676791,0.441569,-0.589042,-0.737,0.538,0.324,0.778,-0.086
13377,446.0,0.98,1,-0.540371,0.370688,-0.755374,-0.67597,0.439214,-0.59174,-0.734,0.541,0.322,0.775,-0.088
13378,446.034,0.98,1,-0.561791,0.348135,-0.750461,-0.7134,0.366341,-0.597373,-0.758,0.487,0.326,0.791,-0.085
13379,446.067,0.98,1,-0.4547,0.413086,-0.789055,-0.604519,0.362043,-0.709564,-0.615,0.477,0.347,0.789,-0.093
13380,446.1,0.98,1,-0.502034,0.386093,-0.773883,-0.707974,0.396486,-0.584442,-0.728,0.523,0.355,0.757,-0.103
13381,446.134,0.98,1,-0.457172,0.367997,-0.809674,-0.665181,0.479631,-0.572266,-0.682,0.55,0.359,0.735,-0.087
13382,446.167,0.82,1,-0.398455,0.511079,-0.761598,-0.542681,0.53789,-0.645113,-0.59,0.641,0.334,0.639,-0.06
13383,446.2,0.98,1,-0.059567,0.505839,-0.860569,-0.417398,0.520724,-0.744731,-0.289,0.569,0.303,0.318,-0.092
13384,446.234,0.98,1,-0.136428,0.510628,-0.848909,-0.275636,0.60618,-0.746036,-0.253,0.611,0.293,0.247,-0.09
13385,446.267,0.98,1,0.058322,0.513813,-0.855917,-0.242667,0.396227,-0.885504,-0.105,0.482,0.283,0.173,-0.087
13386,446.3,0.98,1,0.152181,0.446879,-0.881556,-0.144541,0.350882,-0.925197,0.004,0.416,0.278,0.104,-0.088
13387,446.334,0.98,1,0.207678,0.450422,-0.868326,-0.12351,0.386111,-0.914146,0.047,0.439,0.289,0.04,-0.096
13388,446.367,0.98,1,0.201602,0.428249,-0.880885,-0.119857,0.410667,-0.903873,0.046,0.439,0.286,-0.001,-0.109
13389,446.4,0.98,1,0.214648,0.432792,-0.875567,-0.144834,0.417482,-0.897069,0.039,0.447,0.281,-0.027,-0.115
13390,446.434,0.98,1,0.248763,0.418279,-0.87359,-0.099917,0.405213,-0.908746,0.083,0.433,0.276,-0.058,-0.116
13391,446.467,0.98,1,0.256773,0.421608,-0.869663,-0.079098,0.426887,-0.900839,0.1,0.447,0.271,-0.077,-0.114
13392,446.5,0.98,1,0.257114,0.436358,-0.862255,-0.075133,0.427498,-0.900889,0.103,0.456,0.262,-0.088,-0.114
13393,446.534,0.98,1,0.236415,0.44611,-0.863188,-0.063032,0.412533,-0.90876,0.098,0.451,0.261,-0.096,-0.116
13394,446.567,0.98,1,0.238527,0.443522,-0.86394,-0.052027,0.405943,-0.912416,0.105,0.446,0.257,-0.107,-0.115
13395,446.6,0.98,1,0.241132,0.479472,-0.843778,-0.043962,0.417934,-0.907413,0.112,0.474,0.252,-0.109,-0.112
13396,446.634,0.98,1,0.247,0.476766,-0.843614,-0.035628,0.39614,-0.917498,0.119,0.46,0.246,-0.113,-0.105
13397,446.667,0.98,1,0.261789,0.492309,-0.830119,-0.017637,0.463825,-0.885751,0.141,0.508,0.247,-0.117,-0.105
13398,446.7,0.98,1,0.275987,0.498679,-0.821675,0.000821,0.443801,-0.896125,0.16,0.502,0.246,-0.123,-0.101
13399,446.734,0.98,1,0.265727,0.496272,-0.826501,0.006682,0.451124,-0.892436,0.157,0.504,0.252,-0.124,-0.102
13400,446.767,0.98,1,0.274828,0.490094,-0.827211,-0.001286,0.463654,-0.886015,0.158,0.508,0.254,-0.123,-0.099
13401,446.8,0.98,1,0.278652,0.490754,-0.825538,-0.00266,0.47389,-0.88058,0.16,0.515,0.254,-0.115,-0.098
13402,446.834,0.98,1,0.238453,0.504414,-0.829884,-0.029454,0.465353,-0.884635,0.121,0.515,0.255,-0.112,-0.096
13403,446.867,0.98,1,0.242497,0.495901,-0.833833,-0.021961,0.481076,-0.876404,0.128,0.519,0.262,-0.11,-0.098
13404,446.901,0.98,1,0.252411,0.497406,-0.829985,-0.012571,0.481127,-0.876561,0.14,0.521,0.261,-0.099,-0.098
13405,446.934,0.98,1,0.251164,0.501654,-0.827804,-0.01313,0.483298,-0.875357,0.139,0.524,0.267,-0.085,-0.094
13406,446.967,0.98,1,0.238159,0.509734,-0.826711,-0.029262,0.495137,-0.868322,0.123,0.535,0.267,-0.071,-0.093
13407,447.001,0.98,1,0.224543,0.511034,-0.829713,-0.03428,0.499143,-0.865841,0.112,0.537,0.265,-0.059,-0.093
13408,447.034,0.98,1,0.201586,0.527061,-0.825573,-0.062858,0.505116,-0.86076,0.082,0.549,0.266,-0.046,-0.096
13409,447.067,0.98,1,0.194591,0.529384,-0.825765,-0.074462,0.511664,-0.855953,0.071,0.554,0.273,-0.032,-0.099
13410,447.101,0.98,1,0.19428,0.518673,-0.832607,-0.071993,0.509611,-0.857388,0.072,0.547,0.271,-0.015,-0.098
13411,447.134,0.98,1,0.173888,0.51905,-0.836869,-0.10747,0.490683,-0.864685,0.039,0.536,0.27,0.007,-0.099
13412,447.167,0.98,1,0.175178,0.517813,-0.837366,-0.078935,0.483702,-0.871666,0.056,0.53,0.268,0.022,-0.1
13413,447.201,0.98,1,0.167851,0.516185,-0.839869,-0.0646,0.491845,-0.868283,0.06,0.533,0.269,0.031,-0.104
13414,447.234,0.98,1,0.175536,0.51422,-0.839503,-0.07738,0.492552,-0.866836,0.057,0.533,0.269,0.036,-0.107
13415,447.267,0.98,1,0.169378,0.516869,-0.839141,-0.095787,0.487849,-0.867657,0.043,0.532,0.268,0.041,-0.11
13416,447.301,0.98,1,0.164804,0.505817,-0.846752,-0.093061,0.480975,-0.871781,0.042,0.521,0.268,0.045,-0.113
13417,447.334,0.98,1,0.16695,0.504565,-0.847078,-0.109884,0.487131,-0.866388,0.033,0.525,0.268,0.055,-0.116
13418,447.367,0.98,1,0.080901,0.523422,-0.848224,-0.158958,0.494997,-0.854231,-0.046,0.539,0.275,0.074,-0.121
13419,447.401,0.98,1,-0.011585,0.531579,-0.846929,-0.186905,0.500496,-0.845322,-0.117,0.548,0.286,0.101,-0.127
13420,447.434,0.98,1,-0.067338,0.494867,-0.866356,-0.217203,0.480478,-0.849684,-0.164,0.517,0.288,0.148,-0.124
13421,447.467,0.98,1,-0.098258,0.482951,-0.870117,-0.25141,0.488243,-0.83571,-0.202,0.518,0.29,0.175,-0.108
13422,447.501,0.98,1,-0.112685,0.493872,-0.862202,-0.283773,0.491939,-0.823085,-0.231,0.529,0.297,0.205,-0.1
13423,447.534,0.98,1,-0.12948,0.48616,-0.864224,-0.312191,0.490525,-0.813586,-0.257,0.527,0.295,0.238,-0.093
13424,447.567,0.98,1,-0.244299,0.441389,-0.86342,-0.359456,0.479421,-0.800591,-0.348,0.505,0.294,0.27,-0.09
13425,447.601,0.98,1,-0.262619,0.393594,-0.880974,-0.375244,0.504579,-0.777555,-0.367,0.496,0.296,0.303,-0.088
13426,447.634,0.98,1,-0.275032,0.384456,-0.881221,-0.381007,0.489131,-0.784592,-0.375,0.483,0.291,0.33,-0.08
13427,447.667,0.98,1,-0.350049,0.323128,-0.879235,-0.396401,0.482359,-0.78115,-0.422,0.452,0.295,0.351,-0.07
13428,447.701,0.93,1,-0.277365,0.395831,-0.875435,-0.408275,0.429452,-0.805532,-0.387,0.456,0.28,0.368,-0.061
13429,447.734,0.93,1,-0.274242,0.386828,-0.880429,-0.400056,0.42656,-0.811173,-0.379,0.448,0.281,0.376,-0.06
13430,447.767,0.98,1,-0.24954,0.416097,-0.87441,-0.469243,0.418371,-0.777674,-0.41,0.468,0.264,0.398,-0.045
13431,447.801,0.98,1,-0.269633,0.414389,-0.869241,-0.4627,0.42487,-0.778071,-0.418,0.471,0.252,0.404,-0.036
13432,447.834,0.98,1,-0.374846,0.358352,-0.855029,-0.472387,0.432248,-0.768122,-0.481,0.453,0.256,0.413,-0.038
13433,447.867,0.98,1,-0.378339,0.368657,-0.849089,-0.462417,0.422999,-0.779258,-0.477,0.453,0.256,0.416,-0.04
13434,447.901,0.98,1,-0.383564,0.373957,-0.844414,-0.475168,0.4218,-0.772205,-0.488,0.457,0.258,0.423,-0.043
13435,447.934,0.98,1,-0.276908,0.422546,-0.863005,-0.469889,0.427635,-0.772226,-0.428,0.479,0.257,0.42,-0.045
13436,447.968,0.98,1,-0.271054,0.436774,-0.857763,-0.477724,0.430739,-0.765666,-0.432,0.491,0.274,0.426,-0.056
13437,448.001,0.98,1,-0.384191,0.396795,-0.833637,-0.446457,0.436902,-0.780892,-0.475,0.477,0.283,0.432,-0.059
13466,448.968,0.93,1,0.076812,0.390143,-0.917545,-0.182006,0.472711,-0.862217,-0.059,0.451,0.254,0.196,-0.001
13467,449.001,0.93,1,0.126882,0.465137,-0.876099,-0.140173,0.478639,-0.86675,-0.008,0.496,0.258,0.152,0.008
13468,449.034,0.98,1,0.173438,0.476909,-0.861671,-0.12485,0.491858,-0.861677,0.028,0.512,0.259,0.083,0.019
13469,449.068,0.98,1,0.210887,0.5061,-0.836295,-0.101862,0.477462,-0.872728,0.064,0.522,0.252,0.044,0.016
13470,449.101,0.98,1,0.185053,0.527038,-0.82945,-0.066905,0.499903,-0.863493,0.07,0.545,0.255,0.027,0.018
13471,449.135,0.98,1,0.150741,0.535382,-0.831049,-0.09661,0.500535,-0.860309,0.032,0.55,0.251,0.019,0.028
13472,449.168,0.98,1,0.136554,0.540097,-0.83045,-0.109473,0.510264,-0.853022,0.016,0.558,0.252,0.018,0.033
13473,449.201,0.98,1,0.137108,0.540341,-0.8302,-0.097806,0.512673,-0.852995,0.023,0.559,0.253,0.014,0.033
13474,449.235,0.98,1,0.148278,0.532328,-0.833451,-0.091734,0.514073,-0.852827,0.034,0.555,0.247,0.01,0.034
13475,449.268,0.98,1,0.160141,0.521783,-0.837912,-0.100003,0.505435,-0.85705,0.035,0.545,0.243,-0.001,0.036
13476,449.301,0.98,1,0.149037,0.53257,-0.833161,-0.123493,0.510566,-0.850924,0.015,0.555,0.247,0.011,0.038
13477,449.335,0.98,1,0.141748,0.529202,-0.836572,-0.120666,0.516465,-0.847764,0.013,0.556,0.247,0.005,0.043
13478,449.368,0.98,1,0.129784,0.538363,-0.832659,-0.131905,0.519204,-0.84441,-0.001,0.563,0.25,0.016,0.045
13479,449.401,0.98,1,0.134267,0.546247,-0.826793,-0.131824,0.517914,-0.845215,0.001,0.567,0.253,0.023,0.048
13480,449.435,0.98,1,0.114715,0.551222,-0.826435,-0.145815,0.519273,-0.842077,-0.019,0.57,0.253,0.025,0.05
13481,449.468,0.98,1,0.105158,0.559129,-0.822385,-0.159566,0.508318,-0.846257,-0.033,0.569,0.255,0.03,0.051
13482,449.501,0.98,1,0.099772,0.558777,-0.823294,-0.166621,0.49322,-0.853798,-0.04,0.56,0.255,0.037,0.052
13483,449.535,0.98,1,0.038126,0.545935,-0.836959,-0.183209,0.487203,-0.853854,-0.086,0.548,0.256,0.052,0.049
13484,449.568,0.98,1,-0.042511,0.535006,-0.843778,-0.222354,0.479169,-0.849091,-0.155,0.54,0.251,0.081,0.044
13676,455.97,0.98,1,-0.26017,0.468749,-0.844148,-0.474753,0.392937,-0.787534,-0.423,0.486,0.227,0.356,0.005
13677,456.003,0.98,1,-0.221325,0.547655,-0.806901,-0.445216,0.43325,-0.783631,-0.397,0.553,0.233,0.355,-0.006
13678,456.037,0.98,1,-0.282297,0.546747,-0.788274,-0.393094,0.443365,-0.805546,-0.401,0.556,0.228,0.358,-0.011
13679,456.07,0.93,1,-0.304713,0.505594,-0.807171,-0.457064,0.447985,-0.768376,-0.45,0.544,0.234,0.373,-0.021
13680,456.103,0.93,1,-0.364114,0.468892,-0.804712,-0.47872,0.507819,-0.716204,-0.506,0.571,0.23,0.382,-0.021
13681,456.137,0.98,1,-0.405586,0.431549,-0.80577,-0.505922,0.492195,-0.70837,-0.542,0.548,0.227,0.397,-0.021
13682,456.17,0.98,1,-0.41269,0.422684,-0.806861,-0.532,0.468826,-0.705109,-0.558,0.533,0.22,0.414,-0.016
13683,456.203,0.98,1,-0.410664,0.408659,-0.815079,-0.524992,0.447607,-0.7239,-0.546,0.508,0.218,0.426,-0.013
13684,456.237,0.98,1,-0.406385,0.374647,-0.833361,-0.545835,0.424348,-0.722491,-0.549,0.474,0.229,0.452,-0.013
13685,456.27,0.98,1,-0.414849,0.37799,-0.827662,-0.557079,0.412776,-0.72061,-0.561,0.472,0.234,0.478,-0.01
13686,456.303,0.98,1,-0.435058,0.361435,-0.824675,-0.574613,0.39757,-0.715373,-0.58,0.458,0.228,0.495,-0.0
13687,456.337,0.98,1,-0.445128,0.36055,-0.819673,-0.576101,0.383747,-0.721697,-0.585,0.45,0.23,0.526,0.008
13688,456.37,0.98,1,-0.424065,0.381484,-0.821364,-0.565706,0.371096,-0.736386,-0.566,0.45,0.218,0.537,0.023
13689,456.403,0.98,1,-0.428682,0.362895,-0.827369,-0.562454,0.364843,-0.741981,-0.563,0.434,0.211,0.544,0.036
13690,456.437,0.98,1,-0.427726,0.354184,-0.831627,-0.583435,0.359989,-0.728019,-0.575,0.429,0.201,0.539,0.047
13691,456.47,0.98,1,-0.42422,0.358985,-0.831364,-0.593103,0.350945,-0.724614,-0.579,0.428,0.194,0.535,0.054
13692,456.503,0.98,1,-0.416261,0.353012,-0.83792,-0.572609,0.366561,-0.733316,-0.562,0.429,0.189,0.53,0.057
13699,456.737,0.98,1,-0.494519,0.323438,-0.806746,-0.533106,0.374032,-0.758879,-0.581,0.419,0.2,0.522,0.047
13700,456.77,0.98,1,-0.48975,0.311239,-0.814417,-0.525259,0.380082,-0.761341,-0.572,0.413,0.199,0.516,0.047
13701,456.803,0.98,1,-0.491652,0.312726,-0.812699,-0.524393,0.38418,-0.759879,-0.574,0.417,0.206,0.521,0.041
13703,456.87,0.98,1,-0.451741,0.345139,-0.822684,-0.530123,0.381068,-0.757468,-0.556,0.431,0.202,0.517,0.04
13704,456.904,0.98,1,-0.464124,0.336577,-0.819332,-0.525773,0.376083,-0.762971,-0.559,0.423,0.202,0.517,0.039
13719,457.404,0.98,1,0.009588,0.424764,-0.905253,-0.266739,0.45893,-0.847487,-0.146,0.467,0.234,0.272,0.001
13720,457.437,0.93,1,0.049869,0.471805,-0.880291,-0.250768,0.476711,-0.842533,-0.116,0.503,0.237,0.225,0.006
13721,457.47,0.93,1,0.034816,0.511566,-0.858538,-0.23217,0.483908,-0.84376,-0.115,0.529,0.248,0.17,0.005
13722,457.504,0.98,1,0.052195,0.520021,-0.852557,-0.247438,0.495835,-0.832419,-0.115,0.543,0.259,0.133,0.005
13723,457.537,0.98,1,0.0339,0.501792,-0.864324,-0.278932,0.422161,-0.862541,-0.141,0.491,0.285,0.107,-0.006
13724,457.57,0.98,1,0.081055,0.469084,-0.879426,-0.284678,0.363642,-0.886974,-0.115,0.441,0.288,0.094,-0.006
13725,457.604,0.98,1,0.075535,0.460616,-0.88438,-0.279693,0.364498,-0.888208,-0.115,0.436,0.297,0.099,-0.005
13726,457.637,0.98,1,0.066674,0.47415,-0.877916,-0.270419,0.369998,-0.888805,-0.115,0.446,0.3,0.102,-0.001
13727,457.67,0.98,1,0.052875,0.479818,-0.875773,-0.262303,0.371264,-0.890708,-0.118,0.449,0.305,0.105,0.004
13728,457.704,0.98,1,0.082252,0.485818,-0.870181,-0.27261,0.360438,-0.892059,-0.108,0.448,0.307,0.11,0.012
13729,457.737,0.98,1,0.081747,0.496278,-0.864307,-0.280567,0.361021,-0.889351,-0.113,0.455,0.316,0.117,0.022
13730,457.77,0.98,1,0.077894,0.499013,-0.863086,-0.278943,0.351942,-0.893492,-0.114,0.451,0.323,0.124,0.029
13731,457.804,0.98,1,0.074265,0.495776,-0.865269,-0.282551,0.349905,-0.893158,-0.118,0.448,0.33,0.127,0.031
13732,457.837,0.98,1,0.071816,0.502588,-0.861538,-0.28326,0.347635,-0.89382,-0.12,0.451,0.329,0.132,0.033
13733,457.87,0.98,1,0.07108,0.499343,-0.863484,-0.285323,0.354353,-0.890519,-0.122,0.453,0.332,0.132,0.032
13734,457.904,0.98,1,0.050091,0.503985,-0.862259,-0.294089,0.37886,-0.877483,-0.139,0.47,0.35,0.144,0.026
13735,457.937,0.98,1,0.034378,0.507381,-0.861036,-0.289641,0.37653,-0.879962,-0.146,0.47,0.354,0.156,0.021
13736,457.971,0.98,1,0.035671,0.496623,-0.867233,-0.299758,0.351117,-0.887052,-0.149,0.45,0.34,0.152,0.028
13737,458.004,0.98,1,0.027671,0.507199,-0.861385,-0.296417,0.367327,-0.881594,-0.153,0.465,0.33,0.152,0.034
13738,458.037,0.98,1,0.006294,0.511357,-0.859345,-0.315219,0.367974,-0.874775,-0.176,0.469,0.332,0.155,0.038
13739,458.071,0.98,1,0.016974,0.519699,-0.854181,-0.327767,0.368912,-0.869754,-0.178,0.476,0.336,0.164,0.04
13740,458.104,0.98,1,0.003298,0.52528,-0.850923,-0.31373,0.370715,-0.874153,-0.178,0.479,0.328,0.16,0.052
13741,458.137,0.98,1,-0.001737,0.494776,-0.869019,-0.337001,0.354486,-0.872221,-0.192,0.454,0.32,0.184,0.058
13742,458.171,0.98,1,-0.087327,0.580995,-0.809209,-0.347163,0.50437,-0.790626,-0.265,0.596,0.324,0.192,0.068
13743,458.204,0.98,1,-0.205906,0.456157,-0.86575,-0.305341,0.457751,-0.835004,-0.292,0.493,0.325,0.207,0.071
13744,458.237,0.98,1,-0.246055,0.390403,-0.887154,-0.297762,0.416424,-0.859028,-0.302,0.433,0.326,0.225,0.07
13745,458.271,0.98,1,-0.248935,0.374488,-0.893191,-0.305888,0.380748,-0.872619,-0.304,0.404,0.322,0.244,0.069
13748,458.371,0.98,1,-0.236612,0.381695,-0.89349,-0.344747,0.377626,-0.859388,-0.32,0.409,0.319,0.299,0.065
13749,458.404,0.98,1,-0.226664,0.383003,-0.895507,-0.34914,0.363496,-0.863696,-0.316,0.401,0.31,0.307,0.069
13751,458.471,0.98,1,-0.220708,0.38483,-0.896211,-0.36093,0.379668,-0.851811,-0.321,0.412,0.303,0.314,0.072
13752,458.504,0.98,1,-0.222787,0.379338,-0.898036,-0.364969,0.384079,-0.848104,-0.325,0.412,0.305,0.314,0.067
13753,458.537,0.98,1,-0.208999,0.371948,-0.904419,-0.358563,0.379845,-0.852731,-0.312,0.404,0.303,0.313,0.061
13754,458.571,0.98,1,-0.206866,0.358363,-0.910375,-0.351239,0.391711,-0.850408,-0.307,0.403,0.303,0.31,0.056
13755,458.604,0.93,1,-0.208438,0.35968,-0.909496,-0.353075,0.404627,-0.843573,-0.31,0.411,0.304,0.308,0.048
13756,458.637,0.93,1,-0.274499,0.361173,-0.891181,-0.369935,0.414696,-0.83137,-0.358,0.423,0.302,0.307,0.042
13757,458.671,0.93,1,-0.263819,0.361897,-0.894109,-0.381829,0.420861,-0.82285,-0.36,0.428,0.301,0.31,0.036
13758,458.704,0.93,1,-0.258051,0.352837,-0.899397,-0.371807,0.420582,-0.827569,-0.35,0.421,0.299,0.314,0.032
13759,458.737,0.93,1,-0.25486,0.347125,-0.902525,-0.367789,0.400697,-0.83915,-0.343,0.406,0.294,0.311,0.029
13768,459.037,0.98,1,0.052897,0.43919,-0.896836,-0.153939,0.369461,-0.916407,-0.056,0.419,0.285,0.111,-0.019
13769,459.071,0.98,1,0.062957,0.450218,-0.890696,-0.144117,0.366768,-0.919082,-0.045,0.424,0.285,0.111,-0.038
13770,459.104,0.98,1,-0.019938,0.464741,-0.885222,-0.141438,0.408256,-0.901844,-0.09,0.454,0.268,0.135,-0.042
13771,459.138,0.98,1,-0.181566,0.420403,-0.888986,-0.314123,0.418237,-0.852294,-0.277,0.449,0.262,0.162,-0.052
13773,459.204,0.77,1,0.01308,0.176776,-0.984164,-0.240206,0.442157,-0.864175,-0.122,0.323,0.278,0.186,-0.097
13774,459.238,0.98,1,-0.373517,0.311258,-0.873844,-0.517058,0.446065,-0.730532,-0.507,0.441,0.308,0.485,-0.166
13775,459.271,0.98,1,-0.313366,0.268432,-0.910904,-0.574354,0.518826,-0.633195,-0.522,0.471,0.278,0.525,-0.169
13776,459.304,0.98,1,-0.493531,0.248557,-0.833455,-0.553622,0.476768,-0.682785,-0.604,0.446,0.313,0.61,-0.189
13777,459.338,0.98,1,-0.485282,0.292362,-0.82403,-0.541001,0.496449,-0.678864,-0.599,0.483,0.345,0.646,-0.208
13778,459.371,0.98,1,-0.447026,0.297934,-0.843447,-0.524329,0.476401,-0.705778,-0.56,0.464,0.353,0.665,-0.217
13779,459.404,0.98,1,-0.444734,0.30435,-0.842367,-0.52844,0.471972,-0.705686,-0.561,0.465,0.341,0.662,-0.213
13780,459.438,0.98,1,-0.469879,0.423504,-0.774505,-0.587054,0.490137,-0.644309,-0.64,0.572,0.346,0.673,-0.209
13781,459.471,0.98,1,-0.418431,0.428408,-0.800863,-0.615526,0.435482,-0.656874,-0.617,0.535,0.312,0.68,-0.188
13782,459.504,0.98,1,-0.427253,0.41062,-0.80551,-0.600952,0.463154,-0.651417,-0.615,0.54,0.293,0.685,-0.174
13783,459.538,0.98,1,-0.45502,0.398514,-0.796332,-0.59626,0.478052,-0.644934,-0.63,0.546,0.3,0.686,-0.164
13784,459.571,0.98,1,-0.510187,0.412885,-0.754477,-0.607736,0.480868,-0.631999,-0.679,0.573,0.291,0.678,-0.15
13785,459.604,0.98,1,-0.427207,0.446055,-0.786467,-0.615757,0.450478,-0.646462,-0.629,0.559,0.289,0.668,-0.137
13786,459.638,0.98,1,-0.50873,0.304428,-0.805306,-0.565297,0.499651,-0.656344,-0.634,0.503,0.342,0.659,-0.167
13787,459.671,0.98,1,-0.368277,0.491101,-0.789425,-0.560334,0.445627,-0.69817,-0.558,0.562,0.359,0.663,-0.166
13788,459.704,0.98,1,-0.324795,0.477587,-0.816345,-0.460971,0.448112,-0.765965,-0.461,0.529,0.337,0.603,-0.149
13789,459.738,0.98,1,-0.27138,0.469498,-0.840193,-0.504085,0.512724,-0.694991,-0.468,0.569,0.345,0.555,-0.137
13790,459.771,0.82,1,-0.246349,0.455475,-0.855485,-0.453024,0.470247,-0.757389,-0.409,0.521,0.277,0.472,-0.095
13791,459.804,0.98,1,-0.050361,0.434827,-0.899104,-0.330432,0.324143,-0.886423,-0.21,0.402,0.219,0.232,-0.058
13792,459.838,0.82,1,-0.163292,0.437216,-0.884408,-0.499436,0.501379,-0.706528,-0.395,0.533,0.18,0.234,-0.025
13793,459.871,0.98,1,0.106006,0.482799,-0.869292,-0.301656,0.362377,-0.881865,-0.111,0.45,0.236,0.14,-0.024
13794,459.904,0.98,1,0.115421,0.476831,-0.871384,-0.182973,0.422176,-0.887856,-0.038,0.472,0.218,0.1,-0.02
13795,459.938,0.98,1,0.105571,0.507,-0.855457,-0.189252,0.504104,-0.842652,-0.049,0.537,0.221,0.091,-0.023
13796,459.971,0.98,1,0.052182,0.506979,-0.860377,-0.19429,0.484379,-0.853011,-0.083,0.525,0.223,0.091,-0.014
13797,460.004,0.98,1,0.035526,0.525066,-0.85032,-0.206876,0.489494,-0.847112,-0.101,0.539,0.23,0.097,-0.002
13798,460.038,0.98,1,0.031474,0.51655,-0.855678,-0.191405,0.437412,-0.878655,-0.092,0.503,0.228,0.096,0.01
13799,460.071,0.98,1,0.010452,0.511449,-0.85925,-0.212842,0.440198,-0.87231,-0.116,0.503,0.241,0.11,0.022
13800,460.104,0.98,1,-0.040603,0.497791,-0.866346,-0.166007,0.434551,-0.885216,-0.117,0.489,0.242,0.105,0.03
13801,460.138,0.98,1,-0.043212,0.479599,-0.876423,-0.155633,0.435912,-0.88643,-0.112,0.479,0.222,0.108,0.043
13802,460.171,0.98,1,-0.03044,0.471802,-0.881179,-0.140018,0.399313,-0.90606,-0.095,0.454,0.199,0.097,0.046
13803,460.205,0.98,1,-0.064694,0.452722,-0.889302,-0.212247,0.383572,-0.89879,-0.154,0.437,0.183,0.135,0.051
13804,460.238,0.98,1,-0.037711,0.474804,-0.879283,-0.244257,0.362746,-0.899307,-0.157,0.44,0.184,0.13,0.062
13805,460.271,0.98,1,-0.057399,0.51055,-0.85793,-0.286842,0.416649,-0.862627,-0.197,0.494,0.191,0.175,0.064
13806,460.305,0.98,1,-0.06027,0.549251,-0.833481,-0.311126,0.406059,-0.859254,-0.216,0.514,0.222,0.189,0.077
13807,460.338,0.98,1,-0.050536,0.556463,-0.829334,-0.335376,0.414228,-0.846131,-0.226,0.525,0.244,0.191,0.069
13808,460.371,0.98,1,-0.067366,0.550036,-0.832419,-0.327008,0.416625,-0.848227,-0.23,0.522,0.245,0.206,0.078
13809,460.405,0.98,1,-0.079235,0.558925,-0.825424,-0.329991,0.418367,-0.846212,-0.24,0.529,0.253,0.225,0.081
13810,460.438,0.98,1,-0.09473,0.572473,-0.814433,-0.316894,0.441398,-0.839492,-0.244,0.55,0.274,0.237,0.08
13811,460.471,0.98,1,-0.122822,0.55886,-0.820116,-0.316025,0.453724,-0.833224,-0.259,0.55,0.268,0.235,0.084
13812,460.505,0.98,1,-0.147025,0.551919,-0.820835,-0.317555,0.457433,-0.83061,-0.274,0.549,0.271,0.236,0.088
13813,460.538,0.98,1,-0.126123,0.563702,-0.816292,-0.317143,0.461323,-0.828614,-0.263,0.557,0.276,0.235,0.093
13814,460.571,0.98,1,-0.118826,0.559292,-0.82041,-0.31613,0.457496,-0.831119,-0.258,0.552,0.279,0.235,0.091
13815,460.605,0.98,1,-0.107935,0.542768,-0.832918,-0.308131,0.45502,-0.835471,-0.244,0.539,0.283,0.233,0.09
13816,460.638,0.98,1,-0.115396,0.542906,-0.831828,-0.309273,0.463419,-0.830417,-0.25,0.544,0.289,0.235,0.087
13817,460.671,0.98,1,-0.161349,0.57313,-0.803423,-0.351114,0.481739,-0.802899,-0.309,0.581,0.295,0.245,0.083
13818,460.705,0.98,1,-0.202308,0.588076,-0.783095,-0.377782,0.524928,-0.762713,-0.359,0.624,0.3,0.256,0.079
13819,460.738,0.98,1,-0.234184,0.57891,-0.781039,-0.420811,0.496056,-0.759504,-0.402,0.609,0.287,0.274,0.088
13820,460.771,0.98,1,-0.254695,0.565371,-0.784529,-0.468353,0.447811,-0.76165,-0.437,0.58,0.295,0.303,0.097
13821,460.805,0.98,1,-0.284974,0.532099,-0.797283,-0.534173,0.332214,-0.777363,-0.48,0.502,0.297,0.344,0.101
13822,460.838,0.98,1,-0.321245,0.514634,-0.794955,-0.54183,0.353146,-0.762698,-0.506,0.508,0.297,0.386,0.099
13823,460.871,0.98,1,-0.327815,0.515055,-0.791995,-0.567082,0.366769,-0.737494,-0.529,0.523,0.293,0.423,0.098
13824,460.905,0.93,1,-0.32623,0.534343,-0.779777,-0.561896,0.435159,-0.703498,-0.54,0.579,0.28,0.442,0.097
13825,460.938,0.93,1,-0.294525,0.539773,-0.788606,-0.565708,0.464181,-0.68155,-0.529,0.599,0.271,0.461,0.097
13826,460.971,0.93,1,-0.306039,0.529818,-0.79097,-0.556336,0.479156,-0.678896,-0.531,0.602,0.269,0.476,0.093
13827,461.005,0.93,1,-0.31459,0.536773,-0.782884,-0.56751,0.469066,-0.67669,-0.544,0.603,0.263,0.494,0.094
13828,461.038,0.98,1,-0.333908,0.5386,-0.773573,-0.567727,0.486267,-0.664252,-0.56,0.619,0.263,0.5,0.091
13829,461.071,0.98,1,-0.341255,0.534667,-0.773095,-0.570199,0.48592,-0.662385,-0.566,0.618,0.26,0.506,0.099
13830,461.105,0.98,1,-0.354995,0.538923,-0.763898,-0.568884,0.492047,-0.658985,-0.576,0.627,0.274,0.521,0.092
13831,461.138,0.98,1,-0.387052,0.495093,-0.777865,-0.593265,0.458062,-0.661979,-0.598,0.585,0.281,0.545,0.089
13832,461.171,0.98,1,-0.521536,0.358455,-0.77428,-0.614003,0.441374,-0.654362,-0.672,0.51,0.301,0.567,0.084
13833,461.205,0.98,1,-0.528063,0.354602,-0.771626,-0.620425,0.438236,-0.650401,-0.679,0.509,0.331,0.588,0.076
13834,461.238,0.98,1,-0.51891,0.377606,-0.766907,-0.620859,0.469306,-0.627921,-0.685,0.546,0.353,0.587,0.079
13835,461.271,0.98,1,-0.513698,0.426963,-0.744189,-0.619093,0.4975,-0.607632,-0.697,0.6,0.377,0.575,0.08
13836,461.305,0.98,1,-0.507296,0.435086,-0.743876,-0.620874,0.497244,-0.606023,-0.696,0.604,0.394,0.563,0.08
13837,461.338,0.98,1,-0.387274,0.52871,-0.755304,-0.627403,0.472402,-0.619032,-0.636,0.63,0.411,0.553,0.08
13838,461.372,0.98,1,-0.379198,0.519876,-0.765466,-0.618416,0.477728,-0.623969,-0.623,0.623,0.421,0.546,0.08
13839,461.405,0.98,1,-0.396949,0.506202,-0.765631,-0.620019,0.478369,-0.621883,-0.632,0.617,0.425,0.545,0.082
13840,461.438,0.98,1,-0.393908,0.507172,-0.766559,-0.62984,0.474594,-0.614867,-0.638,0.618,0.429,0.546,0.083
13841,461.472,0.98,1,-0.395541,0.509386,-0.764247,-0.638572,0.46112,-0.616113,-0.643,0.613,0.428,0.546,0.085
13842,461.505,0.98,1,-0.395724,0.507876,-0.765156,-0.637145,0.458927,-0.619219,-0.641,0.61,0.431,0.548,0.085
13843,461.538,0.98,1,-0.402046,0.542173,-0.73784,-0.633319,0.493554,-0.59608,-0.66,0.66,0.438,0.553,0.082
13844,461.572,0.98,1,-0.39713,0.595932,-0.697964,-0.623313,0.493365,-0.606689,-0.664,0.696,0.435,0.561,0.084
13845,461.605,0.98,1,-0.409029,0.589181,-0.696823,-0.654459,0.511466,-0.556854,-0.704,0.72,0.432,0.574,0.087
13846,461.638,0.98,1,-0.351516,0.592314,-0.724983,-0.660526,0.510701,-0.550354,-0.671,0.713,0.425,0.582,0.094
13847,461.672,0.98,1,-0.406465,0.590159,-0.697495,-0.661833,0.512402,-0.547194,-0.709,0.725,0.428,0.606,0.096
13848,461.705,0.98,1,-0.385929,0.592194,-0.707364,-0.640555,0.525845,-0.559621,-0.681,0.723,0.418,0.611,0.107
13849,461.738,0.98,1,-0.371909,0.561786,-0.738973,-0.660298,0.504424,-0.556384,-0.673,0.689,0.413,0.617,0.112
13850,461.772,0.98,1,-0.378815,0.560673,-0.736305,-0.658392,0.50449,-0.558579,-0.675,0.688,0.412,0.623,0.113
13851,461.805,0.98,1,-0.394359,0.5412,-0.742687,-0.657587,0.501265,-0.562417,-0.678,0.674,0.413,0.626,0.111
13852,461.838,0.98,1,-0.379003,0.563799,-0.733817,-0.656863,0.506047,-0.55897,-0.676,0.691,0.416,0.624,0.11
13853,461.872,0.98,1,-0.43756,0.538328,-0.720239,-0.658226,0.496412,-0.565962,-0.706,0.677,0.415,0.634,0.107
13854,461.905,0.98,1,-0.435589,0.561796,-0.703312,-0.656469,0.499143,-0.565601,-0.711,0.696,0.419,0.636,0.104
13855,461.938,0.98,1,-0.436146,0.571248,-0.695307,-0.656761,0.504955,-0.560075,-0.716,0.709,0.422,0.637,0.102
13856,461.972,0.98,1,-0.428222,0.573032,-0.698756,-0.660389,0.499658,-0.560561,-0.713,0.706,0.422,0.636,0.101
13857,462.005,0.98,1,-0.425957,0.574615,-0.698841,-0.657646,0.489605,-0.572528,-0.706,0.697,0.426,0.636,0.1
13858,462.038,0.98,1,-0.424639,0.575273,-0.699101,-0.655806,0.484767,-0.578723,-0.702,0.693,0.429,0.633,0.099
13859,462.072,0.98,1,-0.423548,0.57086,-0.703368,-0.655879,0.482941,-0.580165,-0.699,0.687,0.43,0.628,0.098
13860,462.105,0.98,1,-0.418871,0.574268,-0.703394,-0.651962,0.499554,-0.570432,-0.699,0.7,0.433,0.623,0.094
13861,462.138,0.98,1,-0.426081,0.571371,-0.70142,-0.645334,0.496615,-0.580446,-0.696,0.695,0.436,0.625,0.088
13862,462.172,0.98,1,-0.424792,0.572588,-0.701209,-0.649423,0.49444,-0.577736,-0.699,0.695,0.442,0.624,0.084
13863,462.205,0.98,1,-0.424968,0.567241,-0.705436,-0.650784,0.502892,-0.568841,-0.701,0.699,0.441,0.622,0.083
13864,462.238,0.98,1,-0.424783,0.564417,-0.707809,-0.650792,0.497464,-0.573585,-0.698,0.692,0.44,0.624,0.082
13865,462.272,0.98,1,-0.431155,0.559965,-0.707492,-0.656947,0.490987,-0.572147,-0.705,0.688,0.433,0.62,0.086
13866,462.305,0.98,1,-0.445173,0.546941,-0.708996,-0.653131,0.491037,-0.576458,-0.707,0.679,0.438,0.624,0.084
13867,462.338,0.93,1,-0.448402,0.547409,-0.706597,-0.649088,0.490241,-0.581677,-0.706,0.678,0.442,0.625,0.082
13868,462.372,0.98,1,-0.448994,0.550682,-0.703672,-0.656253,0.487834,-0.57563,-0.713,0.682,0.444,0.623,0.082
13869,462.405,0.98,1,-0.445503,0.556749,-0.701112,-0.647634,0.486492,-0.586426,-0.704,0.681,0.449,0.622,0.077
13870,462.439,0.98,1,-0.45785,0.557024,-0.692891,-0.645732,0.493157,-0.582947,-0.713,0.689,0.447,0.622,0.079
13871,462.472,0.98,1,-0.456324,0.552504,-0.6975,-0.640395,0.498053,-0.584669,-0.708,0.686,0.448,0.623,0.081
13872,462.505,0.98,1,-0.458074,0.550406,-0.698012,-0.644669,0.489383,-0.587287,-0.709,0.68,0.442,0.63,0.088
13873,462.539,0.98,1,-0.464721,0.551061,-0.693084,-0.642113,0.495417,-0.585024,-0.714,0.686,0.434,0.633,0.095
13874,462.572,0.98,1,-0.454719,0.552859,-0.698267,-0.653552,0.486629,-0.579709,-0.714,0.683,0.428,0.635,0.102
13875,462.605,0.98,1,-0.467051,0.552832,-0.690102,-0.649216,0.48688,-0.584351,-0.719,0.684,0.425,0.641,0.105
13876,462.639,0.98,1,-0.490038,0.539828,-0.684433,-0.597934,0.441352,-0.669092,-0.677,0.627,0.431,0.658,0.102
13877,462.672,0.98,1,-0.481687,0.528356,-0.699155,-0.659297,0.47756,-0.580745,-0.728,0.666,0.408,0.64,0.117
13878,462.705,0.98,1,-0.492222,0.528128,-0.691952,-0.653665,0.468717,-0.59416,-0.728,0.659,0.403,0.645,0.118
13879,462.739,0.98,1,-0.515055,0.516599,-0.683991,-0.659446,0.467211,-0.588936,-0.745,0.658,0.396,0.648,0.122
13880,462.772,0.98,1,-0.515237,0.518206,-0.682637,-0.656347,0.462972,-0.595706,-0.742,0.655,0.387,0.646,0.128
13881,462.805,0.98,1,-0.514921,0.519304,-0.682041,-0.654532,0.46426,-0.5967,-0.741,0.656,0.376,0.645,0.136
13882,462.839,0.98,1,-0.494526,0.528745,-0.689835,-0.666804,0.459991,-0.586328,-0.738,0.659,0.372,0.649,0.142
13883,462.872,0.98,1,-0.469529,0.483125,-0.739008,-0.695657,0.390632,-0.602883,-0.715,0.577,0.369,0.664,0.145
13884,462.905,0.98,1,-0.459488,0.485691,-0.743623,-0.689871,0.388242,-0.61102,-0.704,0.573,0.362,0.663,0.15
13885,462.939,0.98,1,-0.43767,0.487139,-0.755738,-0.662095,0.379936,-0.645971,-0.665,0.554,0.368,0.665,0.147
13886,462.972,0.98,1,-0.421034,0.528073,-0.737475,-0.670576,0.435143,-0.600815,-0.684,0.624,0.337,0.608,0.155
13887,463.005,0.98,1,-0.38979,0.537535,-0.747743,-0.610363,0.51503,-0.601832,-0.638,0.662,0.369,0.561,0.138
13888,463.039,0.88,1,-0.389366,0.534518,-0.750124,-0.664827,0.457411,-0.590576,-0.666,0.637,0.364,0.503,0.148
13889,463.072,0.88,1,-0.315229,0.578281,-0.752477,-0.642441,0.498503,-0.582034,-0.622,0.679,0.309,0.443,0.181
13890,463.105,0.77,1,-0.357721,0.583838,-0.728813,-0.582427,0.398068,-0.708745,-0.579,0.599,0.291,0.465,0.21
13891,463.139,0.98,1,0.027395,0.588942,-0.807711,-0.299714,0.498063,-0.813698,-0.166,0.591,0.343,0.239,0.103
13892,463.172,0.98,1,0.018829,0.592185,-0.805582,-0.29358,0.522184,-0.800709,-0.169,0.607,0.341,0.185,0.126
13893,463.205,0.98,1,0.003856,0.60471,-0.796436,-0.29675,0.520102,-0.800896,-0.181,0.614,0.345,0.158,0.126
13894,463.239,0.98,1,-0.030091,0.600246,-0.799249,-0.298419,0.509402,-0.807128,-0.202,0.605,0.346,0.144,0.132
13895,463.272,0.98,1,-0.037201,0.606388,-0.794298,-0.29455,0.490495,-0.820155,-0.203,0.597,0.346,0.144,0.137
13896,463.305,0.98,1,-0.030765,0.601344,-0.798398,-0.294979,0.473758,-0.829783,-0.197,0.584,0.344,0.144,0.143
13897,463.339,0.98,1,-0.001268,0.603127,-0.797644,-0.287366,0.475917,-0.831218,-0.175,0.585,0.339,0.147,0.147
13898,463.372,0.98,1,0.041349,0.591165,-0.80549,-0.269542,0.416996,-0.868021,-0.136,0.542,0.329,0.136,0.153
13899,463.405,0.98,1,0.007677,0.519826,-0.854238,-0.257481,0.33406,-0.906701,-0.141,0.451,0.34,0.127,0.155
13900,463.439,0.98,1,0.004979,0.522159,-0.852833,-0.264045,0.278784,-0.923342,-0.145,0.424,0.335,0.132,0.153
13901,463.472,0.98,1,-0.007623,0.499165,-0.866473,-0.289954,0.250521,-0.92367,-0.165,0.397,0.325,0.138,0.14
13909,463.739,0.98,1,-0.092054,0.372861,-0.923309,-0.285335,0.403722,-0.869249,-0.208,0.409,0.309,0.148,0.171
13910,463.772,0.98,1,-0.100523,0.385671,-0.917144,-0.318548,0.379909,-0.868445,-0.231,0.405,0.321,0.157,0.173
13911,463.806,0.98,1,-0.110117,0.363357,-0.92512,-0.294681,0.4158,-0.860391,-0.223,0.411,0.337,0.167,0.169
13912,463.839,0.98,1,-0.158831,0.329908,-0.930555,-0.269973,0.405663,-0.873242,-0.233,0.387,0.344,0.178,0.161
13914,463.906,0.98,1,-0.136903,0.469416,-0.872299,-0.300826,0.421797,-0.855331,-0.248,0.476,0.355,0.194,0.143
13915,463.939,0.98,1,-0.092455,0.551715,-0.828892,-0.282824,0.451129,-0.846459,-0.22,0.539,0.374,0.187,0.135
13916,463.972,0.93,1,-0.0533,0.603498,-0.795581,-0.296806,0.459999,-0.836844,-0.211,0.577,0.389,0.182,0.122
13917,464.006,0.98,1,-0.057239,0.583389,-0.810173,-0.293041,0.467988,-0.833735,-0.21,0.569,0.37,0.181,0.126
13918,464.039,0.98,1,-0.043001,0.545535,-0.836984,-0.277194,0.448238,-0.849851,-0.188,0.532,0.343,0.182,0.137
13919,464.072,0.98,1,-0.023092,0.553897,-0.832265,-0.271815,0.45867,-0.846013,-0.174,0.543,0.335,0.169,0.145
13920,464.106,0.98,1,-0.007256,0.565295,-0.824857,-0.271704,0.46404,-0.843116,-0.166,0.553,0.338,0.155,0.153
13921,464.139,0.98,1,-0.039363,0.532356,-0.845605,-0.242707,0.453814,-0.857407,-0.164,0.525,0.333,0.141,0.158
13922,464.172,0.98,1,-0.061495,0.531806,-0.844631,-0.24386,0.467381,-0.849757,-0.178,0.533,0.345,0.127,0.148
13923,464.206,0.98,1,-0.081125,0.51764,-0.851744,-0.24911,0.472846,-0.845199,-0.192,0.528,0.349,0.118,0.137
13924,464.239,0.98,1,-0.076914,0.503574,-0.860522,-0.235087,0.468753,-0.851472,-0.18,0.517,0.343,0.108,0.133
13925,464.272,0.98,1,-0.079365,0.49596,-0.864711,-0.232376,0.464803,-0.854377,-0.179,0.51,0.347,0.104,0.123
13926,464.306,0.98,1,-0.055026,0.504921,-0.86141,-0.221104,0.465587,-0.856937,-0.159,0.514,0.343,0.085,0.119
13927,464.339,0.98,1,-0.034637,0.507001,-0.861249,-0.217696,0.473754,-0.853326,-0.146,0.52,0.344,0.075,0.12
13928,464.372,0.98,1,-0.043159,0.521038,-0.852442,-0.228193,0.498528,-0.8363,-0.159,0.543,0.362,0.074,0.124
13929,464.406,0.98,1,-0.069945,0.52718,-0.84687,-0.234168,0.506295,-0.829958,-0.179,0.552,0.389,0.094,0.128
13930,464.439,0.98,1,-0.095056,0.529351,-0.843061,-0.238241,0.50462,-0.829819,-0.197,0.554,0.401,0.114,0.14
13931,464.472,0.98,1,-0.107344,0.525978,-0.843697,-0.256432,0.50158,-0.826232,-0.214,0.552,0.417,0.136,0.149
13932,464.506,0.98,1,-0.103462,0.540926,-0.834682,-0.260747,0.495567,-0.828507,-0.216,0.557,0.428,0.141,0.161
13933,464.539,0.98,1,-0.096772,0.564193,-0.819952,-0.260995,0.498279,-0.826801,-0.214,0.573,0.431,0.143,0.175
13934,464.572,0.98,1,-0.080418,0.579851,-0.810744,-0.2556,0.4919,-0.832288,-0.202,0.578,0.422,0.135,0.18
13935,464.606,0.98,1,-0.093618,0.58054,-0.808832,-0.270292,0.498687,-0.823561,-0.219,0.584,0.407,0.132,0.182
13936,464.639,0.98,1,-0.076451,0.580194,-0.810882,-0.261978,0.479464,-0.837545,-0.202,0.571,0.405,0.124,0.182
13937,464.673,0.98,1,-0.067409,0.564462,-0.822702,-0.26837,0.440252,-0.856829,-0.197,0.539,0.405,0.126,0.181
13938,464.706,0.98,1,-0.090124,0.533528,-0.840967,-0.296095,0.351244,-0.888232,-0.22,0.473,0.396,0.139,0.184
13939,464.739,0.98,1,-0.069251,0.549064,-0.832907,-0.304878,0.316321,-0.898327,-0.213,0.464,0.382,0.164,0.188
13940,464.773,0.98,1,-0.061121,0.541511,-0.838469,-0.309756,0.305718,-0.900326,-0.21,0.453,0.37,0.162,0.18
13941,464.806,0.98,1,-0.06654,0.506351,-0.859756,-0.272308,0.303379,-0.913132,-0.189,0.428,0.36,0.159,0.173
13942,464.839,0.98,1,-0.069965,0.487443,-0.870347,-0.283217,0.326599,-0.901732,-0.197,0.431,0.362,0.163,0.166
13943,464.873,0.98,1,-0.069447,0.491986,-0.867829,-0.284263,0.344601,-0.894676,-0.198,0.443,0.37,0.166,0.156
13944,464.906,0.98,1,-0.057702,0.500982,-0.863532,-0.254314,0.380358,-0.889186,-0.176,0.466,0.36,0.165,0.157
13945,464.939,0.98,1,-0.081727,0.582303,-0.808853,-0.261091,0.424053,-0.867186,-0.202,0.541,0.359,0.18,0.156
13946,464.973,0.98,1,-0.102852,0.625315,-0.773565,-0.284595,0.477268,-0.831397,-0.237,0.602,0.371,0.191,0.158
13947,465.006,0.98,1,-0.113959,0.613176,-0.781684,-0.272867,0.468603,-0.840211,-0.234,0.588,0.384,0.182,0.172
13948,465.039,0.98,1,-0.106209,0.597719,-0.794639,-0.250293,0.472226,-0.845196,-0.214,0.578,0.404,0.158,0.188
13949,465.073,0.98,1,-0.085132,0.574802,-0.813852,-0.23993,0.4667,-0.851249,-0.193,0.559,0.398,0.134,0.204
13950,465.106,0.98,1,-0.026992,0.616532,-0.786867,-0.229033,0.466921,-0.854124,-0.155,0.584,0.389,0.113,0.218
13951,465.139,0.98,1,-0.063305,0.580822,-0.811565,-0.238826,0.470679,-0.849366,-0.18,0.564,0.393,0.117,0.217
13952,465.173,0.98,1,-0.035961,0.575475,-0.817028,-0.250446,0.467617,-0.847709,-0.17,0.56,0.364,0.11,0.236
13953,465.206,0.98,1,-0.014016,0.600714,-0.799341,-0.257547,0.448089,-0.856088,-0.163,0.565,0.369,0.114,0.232
13954,465.239,0.98,1,-0.042785,0.50791,-0.860347,-0.221972,0.407855,-0.885654,-0.15,0.483,0.368,0.127,0.23
13955,465.273,0.98,1,-0.083808,0.451833,-0.888157,-0.234462,0.392834,-0.889218,-0.177,0.444,0.366,0.144,0.22
13956,465.306,0.98,1,-0.08995,0.439907,-0.893527,-0.23091,0.381872,-0.894905,-0.178,0.431,0.362,0.139,0.226
13957,465.339,0.98,1,-0.090828,0.438192,-0.894281,-0.228344,0.366751,-0.901861,-0.176,0.421,0.354,0.132,0.233
13958,465.373,0.98,1,-0.106355,0.427929,-0.897533,-0.216715,0.374699,-0.901463,-0.178,0.42,0.35,0.135,0.229
13959,465.406,0.98,1,-0.11687,0.427965,-0.896207,-0.222976,0.382059,-0.896835,-0.187,0.424,0.349,0.145,0.222
13960,465.439,0.98,1,-0.10675,0.437042,-0.893084,-0.223242,0.403621,-0.887273,-0.183,0.441,0.351,0.144,0.221
13961,465.473,0.98,1,-0.046269,0.544733,-0.837332,-0.263368,0.429074,-0.864021,-0.18,0.52,0.359,0.159,0.22
13962,465.506,0.98,1,-0.044454,0.536252,-0.842886,-0.233722,0.400088,-0.886174,-0.16,0.496,0.352,0.13,0.229
13963,465.539,0.98,1,-0.029847,0.562241,-0.826435,-0.23869,0.395784,-0.886782,-0.155,0.51,0.377,0.135,0.217
13964,465.573,0.98,1,-0.027567,0.572995,-0.819095,-0.292228,0.386427,-0.874801,-0.187,0.515,0.392,0.15,0.208
13965,465.606,0.98,1,-0.014515,0.561501,-0.827349,-0.283374,0.285914,-0.915397,-0.169,0.453,0.387,0.132,0.204
13966,465.639,0.98,1,-0.014629,0.574673,-0.818253,-0.311084,0.31771,-0.895705,-0.188,0.48,0.395,0.149,0.192
13967,465.673,0.98,1,-0.001165,0.568549,-0.822649,-0.268997,0.352521,-0.896309,-0.156,0.492,0.391,0.147,0.196
13968,465.706,0.98,1,-0.054437,0.497793,-0.865586,-0.226476,0.410398,-0.883336,-0.159,0.479,0.37,0.133,0.209
13969,465.739,0.98,1,-0.052127,0.487062,-0.87181,-0.217879,0.36745,-0.904162,-0.151,0.448,0.36,0.132,0.218
13970,465.773,0.98,1,-0.093895,0.441413,-0.892378,-0.235283,0.318573,-0.918234,-0.18,0.397,0.357,0.137,0.213
13971,465.806,0.98,1,-0.074073,0.455063,-0.887373,-0.217886,0.328777,-0.91893,-0.16,0.409,0.343,0.127,0.226
13972,465.84,0.98,1,-0.107434,0.423718,-0.8994,-0.217946,0.366313,-0.904607,-0.178,0.413,0.333,0.131,0.235
13974,465.906,0.98,1,-0.112039,0.448475,-0.886746,-0.216624,0.321806,-0.921691,-0.18,0.403,0.343,0.125,0.245
13975,465.94,0.98,1,-0.072702,0.480197,-0.874143,-0.234033,0.348053,-0.907793,-0.17,0.435,0.337,0.1,0.268
13976,465.973,0.98,1,-0.089868,0.460477,-0.883111,-0.241854,0.35106,-0.904579,-0.183,0.426,0.34,0.105,0.273
13977,466.006,0.98,1,-0.077959,0.480878,-0.873315,-0.240969,0.359799,-0.901376,-0.178,0.442,0.345,0.101,0.275
13978,466.04,0.98,1,-0.071996,0.493521,-0.866749,-0.23818,0.364792,-0.90011,-0.174,0.452,0.342,0.098,0.279
13979,466.073,0.98,1,-0.086063,0.492317,-0.866151,-0.243937,0.356532,-0.901876,-0.185,0.448,0.337,0.105,0.273
13980,466.106,0.98,1,-0.146793,0.445022,-0.883407,-0.279304,0.288046,-0.91598,-0.233,0.387,0.332,0.13,0.26
13981,466.14,0.98,1,-0.18087,0.438724,-0.880231,-0.190891,0.333947,-0.92306,-0.203,0.405,0.322,0.124,0.264
13982,466.173,0.98,1,-0.183849,0.564236,-0.804883,-0.282957,0.329087,-0.900909,-0.267,0.482,0.318,0.078,0.268
13983,466.206,0.98,1,-0.236095,0.537519,-0.809526,-0.292734,0.309822,-0.904609,-0.299,0.459,0.334,0.123,0.242
13984,466.24,0.93,1,-0.24502,0.541657,-0.804098,-0.340012,0.321109,-0.883901,-0.334,0.473,0.322,0.172,0.229
13985,466.273,0.98,1,-0.267331,0.535903,-0.800838,-0.504451,0.419888,-0.754469,-0.461,0.551,0.296,0.212,0.221
13986,466.306,0.88,1,-0.29234,0.538484,-0.790299,-0.483401,0.466187,-0.740941,-0.469,0.581,0.286,0.256,0.193
13987,466.34,0.98,1,-0.296245,0.555457,-0.776985,-0.497908,0.479115,-0.722867,-0.487,0.604,0.29,0.278,0.16
13988,466.373,0.98,1,-0.331362,0.498947,-0.800782,-0.533572,0.42422,-0.731668,-0.514,0.542,0.248,0.254,0.142
13989,466.406,0.88,1,-0.349061,0.453124,-0.820265,-0.531339,0.433972,-0.727563,-0.517,0.52,0.255,0.241,0.096
13990,466.44,0.88,1,-0.328995,0.500124,-0.801023,-0.534332,0.468295,-0.703696,-0.521,0.572,0.286,0.238,0.051
13991,466.473,0.82,1,-0.293516,0.489336,-0.821217,-0.489941,0.458274,-0.741581,-0.465,0.545,0.281,0.21,0.013
13992,466.506,0.82,1,-0.286486,0.390271,-0.874994,-0.375267,0.447226,-0.811889,-0.374,0.461,0.249,0.159,-0.012
13994,466.573,0.93,1,-0.337799,0.473481,-0.813454,-0.570096,0.421723,-0.705081,-0.539,0.533,0.175,0.6,0.099
13995,466.606,0.98,1,-0.353014,0.508346,-0.785472,-0.62027,0.440275,-0.649171,-0.596,0.584,0.227,0.668,0.1
13996,466.64,0.98,1,-0.331012,0.516487,-0.789729,-0.63367,0.449843,-0.629368,-0.597,0.598,0.257,0.704,0.11
13997,466.673,0.98,1,-0.342878,0.524287,-0.77946,-0.608968,0.463652,-0.643572,-0.59,0.607,0.25,0.638,0.14
13998,466.706,0.98,1,-0.374103,0.516591,-0.770183,-0.596925,0.467543,-0.651985,-0.599,0.605,0.242,0.604,0.164
13999,466.74,0.98,1,-0.373713,0.50949,-0.775086,-0.583465,0.465116,-0.66576,-0.586,0.595,0.249,0.595,0.167
14000,466.773,0.98,1,-0.37877,0.505267,-0.775396,-0.569446,0.462796,-0.679376,-0.578,0.587,0.253,0.588,0.164
14001,466.806,0.98,1,-0.428916,0.451229,-0.782575,-0.592622,0.459822,-0.661334,-0.616,0.563,0.249,0.587,0.16
14002,466.84,0.98,1,-0.451579,0.445693,-0.772939,-0.582415,0.464899,-0.666829,-0.623,0.564,0.257,0.594,0.151
14003,466.873,0.98,1,-0.471642,0.423559,-0.773402,-0.582553,0.469479,-0.663492,-0.633,0.556,0.26,0.599,0.144
14004,466.907,0.98,1,-0.461451,0.428428,-0.77686,-0.580982,0.465134,-0.667915,-0.625,0.554,0.261,0.607,0.136
14005,466.94,0.98,1,-0.42094,0.436209,-0.795318,-0.580414,0.471252,-0.66411,-0.601,0.556,0.257,0.606,0.133
14006,466.973,0.98,1,-0.380078,0.43891,-0.814186,-0.588886,0.455976,-0.667308,-0.579,0.543,0.255,0.606,0.13
14007,467.007,0.98,1,-0.371838,0.435494,-0.819806,-0.582357,0.452384,-0.675432,-0.568,0.536,0.259,0.61,0.127
14008,467.04,0.98,1,-0.395674,0.424946,-0.814164,-0.580024,0.441222,-0.68476,-0.577,0.524,0.264,0.61,0.124
14009,467.073,0.98,1,-0.385585,0.431532,-0.815539,-0.579048,0.451085,-0.679136,-0.573,0.533,0.27,0.608,0.12
14010,467.107,0.98,1,-0.384049,0.43391,-0.815002,-0.581505,0.449153,-0.678316,-0.574,0.534,0.273,0.61,0.118
14011,467.14,0.98,1,-0.401591,0.437397,-0.804617,-0.575886,0.455779,-0.678691,-0.583,0.542,0.28,0.607,0.113
14012,467.173,0.98,1,-0.407542,0.4454,-0.797201,-0.564483,0.464459,-0.682376,-0.581,0.551,0.289,0.609,0.105
14013,467.207,0.98,1,-0.405981,0.454091,-0.793083,-0.559107,0.463216,-0.687627,-0.578,0.555,0.302,0.602,0.092
14014,467.24,0.98,1,-0.406429,0.454898,-0.792391,-0.581236,0.393168,-0.712449,-0.581,0.513,0.319,0.588,0.079
14015,467.273,0.98,1,-0.495926,0.320915,-0.80689,-0.575205,0.386584,-0.720896,-0.611,0.434,0.34,0.587,0.063
14016,467.307,0.98,1,-0.531953,0.28749,-0.796477,-0.618619,0.442105,-0.649502,-0.672,0.467,0.361,0.59,0.046
14017,467.34,0.98,1,-0.477851,0.265251,-0.837437,-0.60458,0.421526,-0.675869,-0.621,0.426,0.349,0.548,0.047
14018,467.373,0.98,1,-0.51942,0.248507,-0.817586,-0.565802,0.46798,-0.678869,-0.627,0.447,0.362,0.544,0.037
14019,467.407,0.98,1,-0.517202,0.248566,-0.818973,-0.576596,0.469605,-0.668587,-0.634,0.45,0.373,0.542,0.026
14020,467.44,0.98,1,-0.50828,0.249644,-0.824214,-0.586102,0.496376,-0.640387,-0.642,0.471,0.382,0.538,0.013
14021,467.473,0.98,1,-0.472679,0.282564,-0.834705,-0.60911,0.46537,-0.642196,-0.632,0.469,0.39,0.533,0.001
14022,467.507,0.98,1,-0.444411,0.306421,-0.841787,-0.589143,0.432011,-0.682845,-0.596,0.451,0.394,0.532,-0.008
14023,467.54,0.98,1,-0.432888,0.333272,-0.837578,-0.565902,0.421595,-0.708529,-0.574,0.454,0.394,0.53,-0.015
14024,467.573,0.98,1,-0.423483,0.356987,-0.8326,-0.549014,0.408884,-0.72897,-0.557,0.456,0.394,0.531,-0.018
14025,467.607,0.98,1,-0.397026,0.364271,-0.842423,-0.534953,0.4006,-0.743872,-0.531,0.449,0.391,0.53,-0.016
14026,467.64,0.98,1,-0.407487,0.355023,-0.841375,-0.535291,0.400445,-0.743712,-0.537,0.445,0.392,0.526,-0.017
14027,467.673,0.98,1,-0.378202,0.396857,-0.836342,-0.545277,0.390947,-0.741508,-0.53,0.463,0.393,0.524,-0.018
14028,467.707,0.98,1,-0.357864,0.405661,-0.841054,-0.541043,0.389619,-0.745298,-0.516,0.465,0.392,0.525,-0.019
14029,467.74,0.98,1,-0.367115,0.407163,-0.836328,-0.529412,0.394921,-0.75084,-0.514,0.468,0.389,0.526,-0.021
14030,467.773,0.98,1,-0.362894,0.408911,-0.837317,-0.562463,0.389884,-0.729127,-0.534,0.472,0.383,0.525,-0.017
14031,467.807,0.98,1,-0.368005,0.418611,-0.830263,-0.565174,0.406916,-0.717634,-0.543,0.49,0.379,0.526,-0.012
14032,467.84,0.98,1,-0.330172,0.568876,-0.753237,-0.487975,0.518079,-0.702477,-0.512,0.641,0.383,0.549,-0.014
14033,467.873,0.98,1,-0.319941,0.570376,-0.756511,-0.54995,0.529119,-0.64621,-0.555,0.665,0.379,0.531,-0.01
14034,467.907,0.98,1,-0.290618,0.568806,-0.769416,-0.488236,0.533439,-0.690701,-0.49,0.647,0.379,0.478,-0.001
14035,467.94,0.98,1,-0.261585,0.537095,-0.801936,-0.464482,0.52797,-0.710988,-0.447,0.613,0.353,0.417,0.02
14036,467.973,0.88,1,-0.294831,0.51322,-0.806027,-0.612116,0.373918,-0.696778,-0.543,0.533,0.348,0.389,0.028
14037,468.007,0.98,1,0.028952,0.560254,-0.827815,-0.267866,0.403311,-0.874979,-0.139,0.515,0.36,0.256,0.019
14038,468.04,0.93,1,0.073374,0.5215,-0.850091,-0.164283,0.365994,-0.916002,-0.051,0.466,0.328,0.192,0.048
14039,468.074,0.93,1,0.117551,0.576069,-0.808905,-0.21245,0.484581,-0.848555,-0.057,0.569,0.347,0.15,0.059
14040,468.107,0.98,1,0.107752,0.586585,-0.802688,-0.251003,0.468192,-0.847227,-0.087,0.569,0.37,0.122,0.067
14041,468.14,0.98,1,0.038263,0.561741,-0.826428,-0.302738,0.467259,-0.830674,-0.158,0.556,0.38,0.117,0.068
14042,468.174,0.98,1,0.01579,0.563593,-0.825902,-0.307166,0.468383,-0.828412,-0.174,0.558,0.373,0.116,0.068
14043,468.207,0.98,1,0.001639,0.56557,-0.824699,-0.29142,0.471593,-0.832271,-0.173,0.559,0.371,0.12,0.069
14044,468.24,0.98,1,-0.012838,0.558339,-0.829513,-0.256269,0.460725,-0.84974,-0.159,0.545,0.368,0.12,0.073
14045,468.274,0.98,1,-0.040412,0.557549,-0.82916,-0.264312,0.463694,-0.845652,-0.18,0.548,0.362,0.123,0.079
14046,468.307,0.98,1,-0.041752,0.574371,-0.81753,-0.254418,0.458503,-0.851497,-0.176,0.554,0.362,0.126,0.085
14047,468.34,0.98,1,-0.038065,0.569487,-0.821119,-0.265148,0.469006,-0.842455,-0.18,0.558,0.359,0.128,0.092
14048,468.374,0.98,1,-0.03062,0.574001,-0.818282,-0.264945,0.477065,-0.837982,-0.177,0.565,0.356,0.134,0.097
14049,468.407,0.98,1,-0.032059,0.574644,-0.817775,-0.266392,0.475532,-0.838394,-0.178,0.565,0.352,0.135,0.1
14050,468.44,0.98,1,-0.04538,0.571355,-0.819448,-0.27114,0.460321,-0.845333,-0.188,0.555,0.35,0.138,0.102
14051,468.474,0.98,1,-0.034595,0.568078,-0.822247,-0.271898,0.453093,-0.848987,-0.181,0.548,0.347,0.14,0.102
14052,468.507,0.98,1,-0.05028,0.562256,-0.825433,-0.264491,0.445647,-0.855245,-0.185,0.54,0.347,0.142,0.103
14053,468.54,0.98,1,-0.050497,0.563345,-0.824677,-0.262465,0.437228,-0.8602,-0.184,0.536,0.348,0.147,0.103
14054,468.574,0.98,1,-0.02694,0.610005,-0.791939,-0.256866,0.511094,-0.820246,-0.174,0.608,0.346,0.151,0.106
14055,468.607,0.98,1,0.003054,0.598198,-0.801343,-0.264989,0.510295,-0.818156,-0.16,0.6,0.347,0.157,0.107
14056,468.64,0.98,1,-0.010923,0.584169,-0.811558,-0.266299,0.512656,-0.816253,-0.169,0.593,0.353,0.171,0.105
14057,468.674,0.98,1,-0.029843,0.588654,-0.807834,-0.28074,0.514943,-0.80995,-0.19,0.599,0.359,0.179,0.105
14058,468.707,0.98,1,-0.030426,0.589332,-0.807318,-0.311263,0.5291,-0.78941,-0.211,0.611,0.368,0.183,0.123
14059,468.74,0.98,1,-0.024636,0.594355,-0.803825,-0.275594,0.527559,-0.803573,-0.185,0.609,0.388,0.165,0.129
14060,468.774,0.98,1,-0.030474,0.595658,-0.80266,-0.267128,0.527825,-0.806252,-0.183,0.61,0.394,0.161,0.122
14061,468.807,0.98,1,-0.013646,0.594334,-0.804103,-0.264415,0.526346,-0.808112,-0.171,0.607,0.393,0.164,0.118
14062,468.84,0.98,1,-0.041685,0.603991,-0.7959,-0.274946,0.517765,-0.810138,-0.195,0.61,0.392,0.17,0.113
14063,468.874,0.98,1,-0.045451,0.604617,-0.795219,-0.27745,0.518642,-0.808722,-0.199,0.611,0.393,0.169,0.115
14064,468.907,0.98,1,-0.034858,0.602921,-0.797039,-0.280019,0.518965,-0.807629,-0.194,0.61,0.394,0.173,0.117
14065,468.94,0.98,1,-0.03081,0.601478,-0.798295,-0.282109,0.517494,-0.807846,-0.192,0.608,0.395,0.174,0.119
14066,468.974,0.98,1,-0.037502,0.599279,-0.799662,-0.28254,0.519715,-0.806268,-0.197,0.609,0.397,0.177,0.12
14067,469.007,0.98,1,-0.034159,0.600873,-0.798615,-0.286348,0.518594,-0.805646,-0.197,0.609,0.397,0.177,0.123
14068,469.04,0.98,1,-0.042157,0.608935,-0.792099,-0.299068,0.513731,-0.804139,-0.211,0.613,0.394,0.182,0.122
14069,469.074,0.98,1,-0.044845,0.619454,-0.783751,-0.307835,0.533667,-0.787678,-0.221,0.633,0.393,0.185,0.12
14070,469.107,0.98,1,0.016163,0.617326,-0.786541,-0.29311,0.530554,-0.795361,-0.173,0.628,0.391,0.181,0.121
14071,469.141,0.98,1,0.02648,0.611666,-0.790673,-0.295557,0.523032,-0.799427,-0.168,0.62,0.391,0.178,0.12
14072,469.174,0.98,1,0.038744,0.609899,-0.791531,-0.293092,0.525405,-0.798778,-0.159,0.62,0.389,0.162,0.124
14073,469.207,0.98,1,0.023099,0.601064,-0.798867,-0.274316,0.534765,-0.799235,-0.156,0.618,0.387,0.149,0.127
14074,469.241,0.98,1,0.028976,0.614803,-0.788148,-0.261083,0.541815,-0.798919,-0.145,0.63,0.393,0.134,0.127
14075,469.274,0.98,1,0.034932,0.610836,-0.790986,-0.257521,0.539713,-0.801494,-0.139,0.626,0.394,0.124,0.13
14076,469.307,0.98,1,0.016361,0.620267,-0.78422,-0.254524,0.540858,-0.80168,-0.149,0.632,0.399,0.121,0.131
14077,469.341,0.98,1,0.016448,0.617863,-0.786114,-0.252047,0.542708,-0.801212,-0.147,0.631,0.406,0.121,0.131
14078,469.374,0.98,1,0.01417,0.627802,-0.778244,-0.25276,0.54757,-0.797671,-0.15,0.641,0.413,0.122,0.133
14079,469.407,0.98,1,0.008618,0.628671,-0.777624,-0.248728,0.545541,-0.800324,-0.151,0.64,0.421,0.125,0.134
14080,469.441,0.98,1,0.014513,0.632101,-0.77475,-0.248382,0.535066,-0.807472,-0.147,0.636,0.423,0.12,0.138
14081,469.474,0.98,1,0.007023,0.631558,-0.775297,-0.242064,0.53185,-0.811505,-0.147,0.633,0.426,0.124,0.138
14082,469.507,0.98,1,0.010338,0.627906,-0.778221,-0.246266,0.53291,-0.809543,-0.148,0.631,0.426,0.126,0.14
14083,469.541,0.98,1,0.005637,0.624857,-0.780719,-0.245049,0.533218,-0.809709,-0.149,0.629,0.429,0.131,0.139
14084,469.574,0.98,1,0.003174,0.631217,-0.7756,-0.246462,0.528365,-0.812457,-0.152,0.631,0.426,0.13,0.14
14085,469.607,0.98,1,0.004174,0.635459,-0.772124,-0.249355,0.529357,-0.810927,-0.154,0.634,0.426,0.132,0.141
14086,469.641,0.98,1,0.000473,0.634912,-0.772584,-0.258325,0.52893,-0.808394,-0.162,0.635,0.426,0.131,0.141
14087,469.674,0.98,1,-0.074563,0.630893,-0.772279,-0.297535,0.54425,-0.784388,-0.235,0.647,0.422,0.135,0.141
14088,469.707,0.98,1,-0.125114,0.608642,-0.783519,-0.352511,0.492568,-0.795684,-0.294,0.609,0.421,0.142,0.141
14089,469.741,0.98,1,-0.140689,0.610086,-0.779745,-0.359914,0.495492,-0.790538,-0.309,0.613,0.42,0.164,0.135
14090,469.774,0.98,1,-0.141097,0.632003,-0.762013,-0.352351,0.55487,-0.753637,-0.315,0.664,0.418,0.188,0.133
14091,469.807,0.98,1,-0.165775,0.646851,-0.74438,-0.37246,0.584156,-0.721135,-0.352,0.699,0.423,0.237,0.133
14092,469.841,0.98,1,-0.196686,0.637627,-0.744813,-0.39716,0.579023,-0.712036,-0.387,0.696,0.433,0.27,0.137
14093,469.874,0.98,1,-0.215903,0.62352,-0.751404,-0.404076,0.57514,-0.711292,-0.401,0.687,0.437,0.297,0.139
14094,469.907,0.98,1,-0.205805,0.619481,-0.757553,-0.412515,0.573531,-0.707739,-0.399,0.683,0.437,0.318,0.143
14095,469.941,0.98,1,-0.191658,0.614438,-0.765332,-0.41285,0.561941,-0.716783,-0.387,0.671,0.44,0.331,0.146
14096,469.974,0.98,1,-0.197593,0.612895,-0.76506,-0.4298,0.560424,-0.707952,-0.403,0.673,0.438,0.338,0.15
14097,470.007,0.98,1,-0.190452,0.605083,-0.773048,-0.423342,0.554748,-0.716265,-0.391,0.662,0.438,0.345,0.149
14098,470.041,0.98,1,-0.21062,0.605091,-0.767792,-0.419989,0.544833,-0.725787,-0.4,0.656,0.439,0.351,0.145
14099,470.074,0.98,1,-0.227159,0.60261,-0.765023,-0.420859,0.552485,-0.719471,-0.412,0.661,0.445,0.356,0.141
14100,470.107,0.98,1,-0.249845,0.599825,-0.760123,-0.421167,0.553769,-0.718302,-0.426,0.663,0.449,0.361,0.137
14101,470.141,0.98,1,-0.237907,0.592659,-0.769516,-0.428166,0.538146,-0.725998,-0.419,0.647,0.447,0.361,0.135
14102,470.174,0.98,1,-0.230939,0.587937,-0.77524,-0.430223,0.535035,-0.727081,-0.415,0.642,0.45,0.363,0.129
14103,470.208,0.98,1,-0.214913,0.588786,-0.779194,-0.42873,0.539242,-0.72485,-0.404,0.643,0.45,0.365,0.125
14104,470.241,0.98,1,-0.299439,0.612696,-0.731396,-0.465039,0.540513,-0.701131,-0.49,0.678,0.446,0.372,0.12
14105,470.274,0.98,1,-0.340631,0.607723,-0.717387,-0.507875,0.485887,-0.711321,-0.536,0.653,0.451,0.399,0.112
14106,470.308,0.98,1,-0.387191,0.564813,-0.728745,-0.537664,0.481074,-0.692449,-0.577,0.634,0.432,0.427,0.111
14107,470.341,0.98,1,-0.381751,0.592908,-0.709032,-0.556046,0.45775,-0.693742,-0.589,0.643,0.42,0.481,0.112
14108,470.374,0.98,1,-0.390237,0.582205,-0.713269,-0.574887,0.468871,-0.670571,-0.609,0.65,0.414,0.525,0.105
14109,470.408,0.98,1,-0.420731,0.538808,-0.729843,-0.611001,0.484111,-0.62635,-0.65,0.646,0.396,0.576,0.107
14110,470.441,0.98,1,-0.44879,0.5141,-0.730951,-0.60707,0.500788,-0.61699,-0.664,0.645,0.372,0.6,0.115
14111,470.474,0.98,1,-0.456013,0.507746,-0.730922,-0.630668,0.486231,-0.604845,-0.683,0.64,0.358,0.629,0.119
14112,470.508,0.98,1,-0.464326,0.480438,-0.74403,-0.638163,0.460886,-0.616711,-0.681,0.605,0.344,0.658,0.122
14113,470.541,0.98,1,-0.485124,0.471105,-0.736691,-0.650032,0.452072,-0.610811,-0.7,0.601,0.343,0.686,0.121
14114,470.574,0.98,1,-0.494394,0.459347,-0.737953,-0.644411,0.456224,-0.613673,-0.7,0.595,0.339,0.686,0.12
14115,470.608,0.98,1,-0.508991,0.451505,-0.732852,-0.648373,0.455158,-0.610282,-0.711,0.594,0.344,0.695,0.114
14116,470.641,0.98,1,-0.506833,0.45618,-0.731451,-0.627513,0.467459,-0.622663,-0.697,0.599,0.353,0.693,0.103
14117,470.674,0.98,1,-0.513444,0.451179,-0.72994,-0.645309,0.465511,-0.605703,-0.715,0.601,0.365,0.709,0.09
14118,470.708,0.98,1,-0.525591,0.451018,-0.721344,-0.645469,0.455846,-0.612842,-0.72,0.597,0.372,0.716,0.081
14119,470.741,0.98,1,-0.52196,0.453848,-0.722205,-0.650274,0.462895,-0.602388,-0.724,0.605,0.376,0.717,0.075
14120,470.774,0.98,1,-0.558338,0.419854,-0.715528,-0.647214,0.444323,-0.619428,-0.735,0.575,0.38,0.722,0.071
14121,470.808,0.98,1,-0.550489,0.425144,-0.718481,-0.642357,0.452666,-0.618442,-0.729,0.581,0.381,0.723,0.071
14122,470.841,0.98,1,-0.561607,0.398997,-0.724844,-0.651609,0.445173,-0.614187,-0.736,0.562,0.385,0.729,0.067
14123,470.874,0.98,1,-0.507393,0.441678,-0.739914,-0.645569,0.452703,-0.615061,-0.705,0.583,0.388,0.729,0.065
14124,470.908,0.98,1,-0.50524,0.427507,-0.749647,-0.654756,0.449402,-0.607727,-0.707,0.574,0.393,0.737,0.061
14125,470.941,0.98,1,-0.518193,0.440717,-0.73297,-0.664345,0.446009,-0.599768,-0.726,0.587,0.398,0.746,0.057
14126,470.974,0.98,1,-0.538828,0.412867,-0.734306,-0.662393,0.445299,-0.602448,-0.732,0.571,0.4,0.75,0.057
14127,471.008,0.98,1,-0.584455,0.379086,-0.717431,-0.661991,0.444388,-0.603562,-0.756,0.557,0.407,0.758,0.055
14128,471.041,0.98,1,-0.59153,0.362502,-0.720198,-0.668269,0.44718,-0.594513,-0.764,0.552,0.417,0.76,0.051
14129,471.074,0.98,1,-0.601591,0.357747,-0.714217,-0.678562,0.433827,-0.592747,-0.775,0.545,0.426,0.757,0.048
14130,471.108,0.98,1,-0.587885,0.380295,-0.71398,-0.682425,0.444273,-0.580446,-0.776,0.567,0.428,0.761,0.045
14131,471.141,0.88,1,-0.60902,0.342044,-0.715612,-0.695188,0.463632,-0.549325,-0.801,0.567,0.441,0.775,0.034
14132,471.174,0.93,1,-0.525152,0.440525,-0.728116,-0.692038,0.443711,-0.569389,-0.753,0.598,0.424,0.763,0.051
14133,471.208,0.98,1,-0.532888,0.436221,-0.72508,-0.67957,0.441541,-0.585855,-0.746,0.59,0.433,0.767,0.043
14134,471.241,0.98,1,-0.548885,0.433645,-0.714617,-0.648875,0.445031,-0.617178,-0.732,0.583,0.444,0.763,0.035
14135,471.274,0.88,1,-0.619056,0.362755,-0.696548,-0.648054,0.464209,-0.603768,-0.772,0.566,0.453,0.77,0.027
14136,471.308,0.98,1,-0.531957,0.433814,-0.727205,-0.650498,0.435986,-0.621907,-0.72,0.573,0.438,0.763,0.041
14137,471.341,0.88,1,-0.61965,0.368193,-0.693158,-0.649926,0.455783,-0.60816,-0.773,0.564,0.455,0.775,0.028
14138,471.375,0.88,1,-0.525903,0.447073,-0.723569,-0.658984,0.434755,-0.613782,-0.725,0.583,0.441,0.773,0.04
14139,471.408,0.88,1,-0.531477,0.435426,-0.726592,-0.664514,0.43312,-0.608957,-0.73,0.577,0.436,0.783,0.042
14140,471.441,0.88,1,-0.532415,0.433802,-0.726877,-0.670297,0.433912,-0.602015,-0.736,0.578,0.434,0.782,0.043
14141,471.475,0.88,1,-0.608877,0.386338,-0.692829,-0.691185,0.423674,-0.58546,-0.794,0.565,0.434,0.793,0.044
14142,471.508,0.88,1,-0.57235,0.418137,-0.705392,-0.701774,0.416809,-0.57774,-0.782,0.577,0.415,0.786,0.058
14143,471.541,0.88,1,-0.548847,0.43587,-0.713291,-0.699657,0.417693,-0.579666,-0.768,0.583,0.401,0.788,0.069
14144,471.575,0.98,1,-0.528048,0.450802,-0.719683,-0.683817,0.419097,-0.597288,-0.744,0.584,0.386,0.771,0.079
14145,471.608,0.98,1,-0.525261,0.444228,-0.725784,-0.694129,0.41518,-0.588057,-0.748,0.579,0.378,0.772,0.08
14146,471.641,0.98,1,-0.500888,0.45035,-0.739119,-0.678011,0.407234,-0.611933,-0.717,0.566,0.362,0.754,0.085
14147,471.675,0.98,1,-0.628155,0.31173,-0.712913,-0.648479,0.385509,-0.656398,-0.75,0.471,0.359,0.769,0.08
14386,479.644,0.98,1,-0.367892,0.353332,-0.860123,-0.400139,0.432578,-0.807938,-0.431,0.44,0.236,0.317,-0.034
14387,479.677,0.98,1,-0.396119,0.332568,-0.855855,-0.436853,0.429424,-0.790414,-0.468,0.433,0.24,0.367,-0.036
14388,479.71,0.98,1,-0.396978,0.260923,-0.879959,-0.488974,0.438418,-0.754118,-0.497,0.404,0.249,0.426,-0.031
14389,479.744,0.98,1,-0.428719,0.195074,-0.882126,-0.525757,0.445657,-0.724548,-0.536,0.379,0.238,0.479,-0.011
14390,479.777,0.98,1,-0.461377,0.190532,-0.866504,-0.538783,0.42504,-0.727361,-0.56,0.369,0.225,0.513,0.007
14408,480.377,0.98,1,-0.410473,0.386866,-0.82574,-0.53968,0.359896,-0.761065,-0.54,0.44,0.228,0.551,0.043
14409,480.411,0.98,1,-0.411478,0.376933,-0.829824,-0.518146,0.389919,-0.761241,-0.529,0.449,0.228,0.552,0.046
14410,480.444,0.98,1,-0.403623,0.375783,-0.834191,-0.539324,0.450339,-0.711565,-0.548,0.491,0.227,0.56,0.053
14411,480.477,0.98,1,-0.400873,0.379954,-0.833628,-0.536587,0.447752,-0.715257,-0.544,0.491,0.227,0.561,0.056
14412,480.511,0.98,1,-0.404008,0.380663,-0.831789,-0.54886,0.438342,-0.711765,-0.553,0.488,0.225,0.559,0.061
14413,480.544,0.98,1,-0.497766,0.337644,-0.79889,-0.528824,0.446862,-0.721567,-0.594,0.476,0.229,0.559,0.06
14414,480.577,0.98,1,-0.494718,0.315848,-0.809626,-0.488685,0.388143,-0.781366,-0.554,0.417,0.233,0.555,0.062
14416,480.644,0.98,1,-0.522506,0.264471,-0.810581,-0.524338,0.446134,-0.725283,-0.598,0.433,0.239,0.544,0.069
14417,480.677,0.98,1,-0.48085,0.268649,-0.834633,-0.536263,0.412568,-0.736349,-0.575,0.409,0.242,0.534,0.071
14420,480.777,0.98,1,-0.451731,0.207711,-0.867638,-0.514643,0.402221,-0.757206,-0.537,0.359,0.262,0.548,0.059
14429,481.077,0.98,1,-0.475886,0.300167,-0.8267,-0.506023,0.394893,-0.766812,-0.552,0.411,0.323,0.568,-0.001
14430,481.111,0.98,1,-0.487477,0.302678,-0.818995,-0.527316,0.394329,-0.752624,-0.573,0.417,0.331,0.572,-0.008
14431,481.144,0.93,1,-0.483253,0.310651,-0.818512,-0.521122,0.399332,-0.754299,-0.568,0.424,0.335,0.578,-0.012
14432,481.177,0.98,1,-0.491755,0.315625,-0.811516,-0.52726,0.404439,-0.747279,-0.579,0.433,0.34,0.582,-0.015
14433,481.211,0.98,1,-0.483427,0.319973,-0.814811,-0.575442,0.406621,-0.709596,-0.607,0.445,0.344,0.579,-0.019
14434,481.244,0.98,1,-0.495999,0.31941,-0.807442,-0.577534,0.39891,-0.712267,-0.615,0.442,0.343,0.583,-0.02
14435,481.277,0.98,1,-0.496286,0.32535,-0.80489,-0.575682,0.403284,-0.711304,-0.615,0.448,0.342,0.585,-0.021
14436,481.311,0.93,1,-0.499349,0.338956,-0.797345,-0.517962,0.410264,-0.750599,-0.581,0.451,0.338,0.585,-0.016
14437,481.344,0.98,1,-0.49497,0.340931,-0.799231,-0.526777,0.413873,-0.742439,-0.585,0.455,0.345,0.589,-0.016
14438,481.378,0.98,1,-0.507701,0.327584,-0.796824,-0.514286,0.415507,-0.750242,-0.584,0.448,0.35,0.594,-0.016
14439,481.411,0.98,1,-0.489064,0.329268,-0.807712,-0.519129,0.416872,-0.746139,-0.576,0.448,0.346,0.58,-0.012
14440,481.444,0.98,1,-0.496087,0.337332,-0.800065,-0.512617,0.415751,-0.751249,-0.577,0.452,0.348,0.584,-0.013
14441,481.478,0.98,1,-0.515699,0.342303,-0.785419,-0.567789,0.406079,-0.716042,-0.625,0.462,0.361,0.594,-0.019
14442,481.511,0.98,1,-0.51869,0.337672,-0.785455,-0.557329,0.418239,-0.717259,-0.621,0.466,0.364,0.591,-0.023
14443,481.544,0.98,1,-0.524934,0.353105,-0.774443,-0.557196,0.425327,-0.713183,-0.629,0.482,0.366,0.592,-0.026
14444,481.578,0.98,1,-0.517073,0.351341,-0.780509,-0.549874,0.426256,-0.718292,-0.619,0.479,0.359,0.578,-0.023
14445,481.611,0.98,1,-0.488475,0.353336,-0.797838,-0.563363,0.413604,-0.71523,-0.607,0.469,0.357,0.57,-0.025
14446,481.644,0.98,1,-0.50861,0.343437,-0.789536,-0.559071,0.408692,-0.721395,-0.615,0.462,0.356,0.563,-0.028
14447,481.678,0.98,1,-0.483948,0.347034,-0.803344,-0.570273,0.409714,-0.711986,-0.608,0.463,0.349,0.551,-0.026
14448,481.711,0.98,1,-0.416676,0.435464,-0.797967,-0.570124,0.434445,-0.697292,-0.583,0.527,0.362,0.553,-0.032
14449,481.744,0.98,1,-0.521506,0.374681,-0.76658,-0.532395,0.513454,-0.672994,-0.632,0.553,0.367,0.556,-0.034
14450,481.778,0.98,1,-0.531198,0.371145,-0.76163,-0.481568,0.511583,-0.7116,-0.602,0.54,0.355,0.545,-0.027
14451,481.811,0.98,1,-0.523679,0.372035,-0.766387,-0.525604,0.546344,-0.652111,-0.637,0.575,0.351,0.55,-0.023
14452,481.844,0.98,1,-0.53188,0.359044,-0.766936,-0.513743,0.522267,-0.680666,-0.626,0.547,0.339,0.547,-0.015
14453,481.878,0.98,1,-0.527477,0.354871,-0.771903,-0.527895,0.532816,-0.661387,-0.635,0.555,0.335,0.551,-0.011
14454,481.911,0.98,1,-0.532048,0.3541,-0.769116,-0.531518,0.523437,-0.66596,-0.638,0.549,0.338,0.553,-0.007
14455,481.944,0.98,1,-0.528924,0.379457,-0.759112,-0.546298,0.541783,-0.638772,-0.656,0.583,0.358,0.559,-0.011
14456,481.978,0.98,1,-0.537096,0.391548,-0.74714,-0.54846,0.553722,-0.626565,-0.669,0.603,0.379,0.56,-0.016
14457,482.011,0.98,1,-0.541925,0.39031,-0.744296,-0.592284,0.546474,-0.592086,-0.704,0.611,0.397,0.594,-0.019
14458,482.044,0.98,1,-0.543413,0.404087,-0.73581,-0.583811,0.550464,-0.596786,-0.702,0.622,0.394,0.595,-0.01
14459,482.078,0.98,1,-0.524952,0.405635,-0.748255,-0.595441,0.472062,-0.650082,-0.675,0.561,0.389,0.593,0.007
14460,482.111,0.98,1,-0.513463,0.408634,-0.754569,-0.606364,0.404188,-0.684802,-0.661,0.514,0.397,0.632,0.016
14461,482.144,0.98,1,-0.4717,0.485288,-0.736203,-0.619639,0.402056,-0.674091,-0.659,0.562,0.386,0.644,0.036
14462,482.178,0.98,1,-0.465694,0.475623,-0.746266,-0.622291,0.389696,-0.678889,-0.652,0.546,0.368,0.638,0.058
14463,482.211,0.98,1,-0.471106,0.470513,-0.746108,-0.631678,0.380785,-0.675267,-0.66,0.54,0.366,0.643,0.068
14464,482.244,0.98,1,-0.479335,0.473171,-0.739153,-0.644964,0.374863,-0.665957,-0.675,0.543,0.372,0.653,0.068
14465,482.278,0.98,1,-0.462701,0.476176,-0.747773,-0.631454,0.348005,-0.692935,-0.65,0.52,0.362,0.641,0.072
14466,482.311,0.98,1,-0.441928,0.479069,-0.758414,-0.615753,0.376696,-0.692061,-0.63,0.533,0.361,0.648,0.074
14467,482.344,0.98,1,-0.446632,0.471599,-0.760338,-0.625293,0.371927,-0.686061,-0.638,0.528,0.358,0.661,0.084
14468,482.378,0.98,1,-0.433692,0.444604,-0.783734,-0.633932,0.360198,-0.684389,-0.629,0.501,0.339,0.673,0.099
14469,482.411,0.98,1,-0.436524,0.462103,-0.77195,-0.644432,0.356812,-0.676309,-0.641,0.515,0.339,0.669,0.108
14470,482.445,0.98,1,-0.433347,0.451059,-0.780228,-0.669535,0.332676,-0.664115,-0.652,0.497,0.331,0.685,0.117
14471,482.478,0.98,1,-0.434813,0.448743,-0.780748,-0.670233,0.336997,-0.661227,-0.654,0.499,0.315,0.689,0.129
14472,482.511,0.98,1,-0.475756,0.477754,-0.738517,-0.714151,0.320055,-0.622537,-0.718,0.53,0.336,0.721,0.123
14473,482.545,0.98,1,-0.473083,0.446077,-0.759742,-0.673356,0.353485,-0.649338,-0.683,0.516,0.314,0.723,0.137
14474,482.578,0.98,1,-0.478742,0.470335,-0.741344,-0.679187,0.367381,-0.635402,-0.699,0.547,0.346,0.736,0.125
14475,482.611,0.98,1,-0.441985,0.47744,-0.759408,-0.663935,0.36518,-0.652559,-0.664,0.538,0.343,0.74,0.131
14476,482.645,0.98,1,-0.443062,0.480443,-0.756882,-0.647454,0.340716,-0.681701,-0.649,0.519,0.327,0.765,0.146
14477,482.678,0.98,1,-0.447378,0.471869,-0.759732,-0.650522,0.32322,-0.687277,-0.649,0.502,0.306,0.77,0.167
14478,482.711,0.98,1,-0.549342,0.371489,-0.748478,-0.689155,0.341361,-0.639169,-0.729,0.475,0.278,0.826,0.182
14479,482.745,0.93,1,-0.545197,0.359801,-0.757168,-0.698667,0.317923,-0.640929,-0.727,0.451,0.265,0.871,0.193
14480,482.778,0.93,1,-0.530445,0.396528,-0.749262,-0.688185,0.303346,-0.659077,-0.713,0.461,0.253,0.897,0.208
14481,482.811,0.93,1,-0.532752,0.398372,-0.746643,-0.681338,0.301128,-0.667159,-0.71,0.459,0.251,0.896,0.21
14482,482.845,0.93,1,-0.545322,0.415999,-0.727715,-0.684624,0.300517,-0.664063,-0.724,0.475,0.255,0.902,0.211
14483,482.878,0.93,1,-0.516784,0.406837,-0.753272,-0.66629,0.28972,-0.68711,-0.688,0.45,0.248,0.889,0.212
14484,482.911,0.93,1,-0.539483,0.374774,-0.753991,-0.665776,0.284889,-0.689624,-0.696,0.429,0.236,0.885,0.214
14485,482.945,0.93,1,-0.539887,0.378156,-0.752011,-0.670558,0.287862,-0.68373,-0.7,0.434,0.243,0.886,0.205
14486,482.978,0.93,1,-0.542587,0.366916,-0.755626,-0.676344,0.286659,-0.678517,-0.704,0.428,0.241,0.89,0.206
14487,483.011,0.93,1,-0.563112,0.37401,-0.7369,-0.691574,0.306483,-0.654059,-0.734,0.455,0.244,0.898,0.204
14488,483.045,0.98,1,-0.556261,0.367343,-0.745407,-0.692863,0.310225,-0.650924,-0.73,0.452,0.289,0.892,0.171
14489,483.078,0.98,1,-0.570041,0.369101,-0.734042,-0.691695,0.32938,-0.642703,-0.742,0.47,0.321,0.88,0.148
14490,483.111,0.98,1,-0.586126,0.377706,-0.716795,-0.696772,0.324994,-0.639443,-0.758,0.478,0.323,0.894,0.145
14491,483.145,0.93,1,-0.561439,0.399861,-0.724498,-0.699448,0.318165,-0.639956,-0.746,0.484,0.324,0.901,0.146
14492,483.178,0.93,1,-0.528777,0.377396,-0.760241,-0.664404,0.300323,-0.684378,-0.69,0.439,0.27,0.906,0.184
14493,483.211,0.93,1,-0.538939,0.330951,-0.774607,-0.669632,0.289003,-0.684156,-0.692,0.402,0.244,0.897,0.193
14495,483.278,0.93,1,-0.567551,0.336102,-0.751613,-0.663763,0.284712,-0.691634,-0.706,0.406,0.248,0.889,0.189
14497,483.345,0.93,1,-0.544956,0.379845,-0.74749,-0.667057,0.292351,-0.685249,-0.702,0.439,0.248,0.91,0.197
14498,483.378,0.93,1,-0.562946,0.36078,-0.743593,-0.668138,0.289269,-0.685504,-0.711,0.427,0.231,0.898,0.218
14499,483.411,0.93,1,-0.548833,0.352855,-0.75781,-0.685776,0.282113,-0.670913,-0.713,0.418,0.206,0.894,0.238
14504,483.578,0.93,1,-0.516108,0.304863,-0.800432,-0.729046,0.348456,-0.589127,-0.731,0.439,0.065,0.768,0.31
14505,483.612,0.93,1,-0.48471,0.381147,-0.787263,-0.698568,0.407503,-0.58817,-0.71,0.521,0.114,0.692,0.277
14506,483.645,0.93,1,-0.40394,0.43681,-0.80376,-0.641213,0.406914,-0.65059,-0.623,0.526,0.126,0.639,0.242
14507,483.678,0.93,1,-0.406204,0.418495,-0.812317,-0.59141,0.448946,-0.669837,-0.592,0.53,0.135,0.573,0.218
14753,491.881,0.98,1,-0.253714,0.361616,-0.897142,-0.371204,0.416486,-0.829908,-0.347,0.423,0.172,0.275,-0.022
14754,491.914,0.98,1,-0.285201,0.407567,-0.867496,-0.352172,0.469483,-0.809667,-0.363,0.482,0.184,0.311,-0.027
14755,491.947,0.98,1,-0.293798,0.443819,-0.846586,-0.391944,0.482551,-0.783278,-0.398,0.517,0.199,0.357,-0.031
14756,491.981,0.98,1,-0.305528,0.469033,-0.82865,-0.445979,0.490787,-0.748486,-0.445,0.547,0.221,0.417,-0.031
14757,492.014,0.98,1,-0.341604,0.464108,-0.817258,-0.478392,0.492569,-0.726992,-0.488,0.555,0.23,0.46,-0.024
14758,492.047,0.98,1,-0.360551,0.44941,-0.817333,-0.505936,0.486354,-0.712383,-0.515,0.549,0.238,0.502,-0.016
14759,492.081,0.98,1,-0.39534,0.417231,-0.818306,-0.507235,0.468742,-0.723184,-0.53,0.522,0.242,0.539,-0.008
14760,492.114,0.98,1,-0.489352,0.296381,-0.820179,-0.498278,0.425507,-0.755422,-0.56,0.43,0.234,0.556,0.003
14761,492.147,0.98,1,-0.486389,0.284803,-0.826022,-0.507504,0.431414,-0.74587,-0.564,0.428,0.234,0.562,0.009
14762,492.181,0.98,1,-0.482268,0.348539,-0.803703,-0.506739,0.435356,-0.744097,-0.569,0.469,0.225,0.554,0.018
14763,492.214,0.98,1,-0.487827,0.262415,-0.832564,-0.508277,0.407533,-0.758664,-0.559,0.398,0.214,0.546,0.024
14764,492.247,0.98,1,-0.482562,0.331677,-0.810632,-0.489025,0.36998,-0.789917,-0.546,0.413,0.205,0.532,0.028
14765,492.281,0.98,1,-0.440262,0.360084,-0.822502,-0.494297,0.385953,-0.778917,-0.528,0.436,0.198,0.524,0.035
14766,492.314,0.98,1,-0.379717,0.385805,-0.840815,-0.503498,0.379059,-0.776404,-0.5,0.442,0.195,0.523,0.042
14767,492.347,0.98,1,-0.385588,0.381502,-0.840106,-0.504781,0.395556,-0.767289,-0.506,0.45,0.196,0.521,0.044
14768,492.381,0.98,1,-0.489529,0.323845,-0.809621,-0.503873,0.388388,-0.771536,-0.561,0.423,0.199,0.523,0.045
14769,492.414,0.98,1,-0.432632,0.369578,-0.822339,-0.509894,0.393364,-0.765032,-0.536,0.448,0.202,0.523,0.044
14770,492.447,0.98,1,-0.389527,0.390445,-0.834159,-0.5108,0.398872,-0.761567,-0.514,0.459,0.208,0.525,0.042
14771,492.481,0.98,1,-0.502677,0.289807,-0.814449,-0.515931,0.399383,-0.757831,-0.575,0.413,0.216,0.531,0.039
14772,492.514,0.98,1,-0.508245,0.281068,-0.814057,-0.514284,0.402429,-0.757339,-0.577,0.41,0.219,0.538,0.039
14773,492.548,0.98,1,-0.504987,0.28452,-0.814885,-0.528647,0.404225,-0.746414,-0.585,0.415,0.222,0.54,0.04
14774,492.581,0.98,1,-0.509215,0.272252,-0.816443,-0.531161,0.404339,-0.744565,-0.588,0.409,0.222,0.541,0.044
14775,492.614,0.98,1,-0.520938,0.258038,-0.813659,-0.533624,0.407187,-0.741245,-0.596,0.404,0.226,0.542,0.047
14776,492.648,0.98,1,-0.508508,0.26115,-0.8205,-0.532892,0.403978,-0.743524,-0.587,0.402,0.233,0.546,0.046
14783,492.881,0.98,1,-0.441475,0.395715,-0.805301,-0.525342,0.3872,-0.757689,-0.554,0.464,0.248,0.562,0.054
14784,492.914,0.98,1,-0.456232,0.380689,-0.804319,-0.537356,0.376861,-0.75447,-0.567,0.452,0.252,0.573,0.055
14785,492.948,0.98,1,-0.450899,0.395978,-0.799932,-0.549541,0.379314,-0.744396,-0.575,0.465,0.261,0.59,0.054
14786,492.981,0.98,1,-0.465242,0.372657,-0.802918,-0.549741,0.377407,-0.745217,-0.58,0.451,0.262,0.597,0.055
14787,493.014,0.98,1,-0.457787,0.376165,-0.805562,-0.551227,0.3694,-0.748126,-0.576,0.447,0.265,0.601,0.057
14807,493.681,0.98,1,-0.583817,0.285541,-0.760016,-0.607485,0.363758,-0.706146,-0.682,0.417,0.3,0.671,0.082
14808,493.715,0.98,1,-0.585482,0.284269,-0.759212,-0.609345,0.368187,-0.702237,-0.685,0.42,0.299,0.669,0.087
14809,493.748,0.98,1,-0.591443,0.268159,-0.760451,-0.621065,0.365769,-0.693175,-0.695,0.411,0.298,0.669,0.092
14810,493.781,0.98,1,-0.597426,0.267531,-0.755982,-0.619588,0.365665,-0.69455,-0.698,0.412,0.296,0.67,0.097
14811,493.815,0.98,1,-0.586004,0.266951,-0.765073,-0.631243,0.364205,-0.684753,-0.698,0.411,0.293,0.669,0.103
14812,493.848,0.98,1,-0.591923,0.261972,-0.762232,-0.634624,0.370855,-0.678026,-0.705,0.414,0.294,0.675,0.108
14813,493.881,0.98,1,-0.581796,0.280365,-0.763484,-0.650081,0.402367,-0.644589,-0.719,0.451,0.293,0.671,0.113
14814,493.915,0.98,1,-0.577463,0.28706,-0.764286,-0.64087,0.420511,-0.642228,-0.714,0.466,0.294,0.665,0.117
14815,493.948,0.98,1,-0.582619,0.292207,-0.758399,-0.646644,0.43266,-0.628218,-0.725,0.482,0.297,0.67,0.119
14816,493.981,0.98,1,-0.583973,0.291467,-0.757643,-0.650107,0.440516,-0.619117,-0.731,0.489,0.302,0.675,0.121
14817,494.015,0.98,1,-0.59421,0.284192,-0.752429,-0.652679,0.443255,-0.614439,-0.74,0.489,0.305,0.679,0.123
14818,494.048,0.98,1,-0.606473,0.289448,-0.740548,-0.647521,0.461663,-0.606288,-0.75,0.509,0.306,0.678,0.125
14819,494.081,0.98,1,-0.60508,0.337258,-0.721204,-0.658545,0.457492,-0.597511,-0.764,0.542,0.299,0.673,0.131
14820,494.115,0.98,1,-0.596832,0.356443,-0.718846,-0.660774,0.455011,-0.596944,-0.763,0.553,0.299,0.672,0.134
14821,494.148,0.98,1,-0.594952,0.369481,-0.713803,-0.672784,0.456371,-0.582313,-0.774,0.567,0.304,0.674,0.136
14822,494.181,0.98,1,-0.596486,0.363357,-0.715665,-0.672107,0.45239,-0.586187,-0.772,0.56,0.306,0.672,0.138
14823,494.215,0.98,1,-0.600174,0.359845,-0.714355,-0.668472,0.456574,-0.587099,-0.773,0.56,0.309,0.672,0.139
14824,494.248,0.98,1,-0.607073,0.354045,-0.711418,-0.661423,0.456665,-0.594959,-0.771,0.555,0.311,0.673,0.14
14825,494.281,0.98,1,-0.605666,0.349062,-0.715069,-0.663306,0.461123,-0.589398,-0.772,0.556,0.308,0.671,0.144
14826,494.315,0.98,1,-0.626541,0.345609,-0.698571,-0.664126,0.450014,-0.597012,-0.783,0.551,0.314,0.671,0.142
14827,494.348,0.98,1,-0.543446,0.429442,-0.721281,-0.670144,0.442708,-0.595748,-0.745,0.585,0.317,0.674,0.142
14828,494.381,0.98,1,-0.558497,0.406526,-0.723061,-0.677399,0.428302,-0.59807,-0.752,0.564,0.315,0.681,0.146
14829,494.415,0.98,1,-0.5704,0.395964,-0.719622,-0.674705,0.427797,-0.601467,-0.756,0.558,0.311,0.685,0.151
14830,494.448,0.98,1,-0.615537,0.325507,-0.717746,-0.656732,0.404417,-0.636514,-0.754,0.494,0.305,0.693,0.158
14831,494.481,0.98,1,-0.613284,0.311385,-0.725894,-0.66246,0.398199,-0.634495,-0.753,0.481,0.3,0.691,0.166
14832,494.515,0.98,1,-0.60543,0.29872,-0.737714,-0.664569,0.404005,-0.628591,-0.749,0.475,0.297,0.692,0.17
14833,494.548,0.98,1,-0.627364,0.276383,-0.728029,-0.669769,0.404883,-0.622479,-0.765,0.467,0.297,0.695,0.172
14834,494.581,0.98,1,-0.615035,0.278262,-0.737768,-0.673958,0.378186,-0.634631,-0.754,0.446,0.294,0.695,0.176
14835,494.615,0.98,1,-0.60729,0.282014,-0.742743,-0.677868,0.381148,-0.628666,-0.753,0.45,0.296,0.69,0.176
14836,494.648,0.98,1,-0.59863,0.286662,-0.747975,-0.675084,0.38063,-0.631967,-0.745,0.45,0.295,0.684,0.178
14837,494.681,0.98,1,-0.596788,0.288835,-0.748611,-0.671568,0.374966,-0.63906,-0.741,0.446,0.302,0.684,0.173
14838,494.715,0.98,1,-0.600855,0.293292,-0.743608,-0.667862,0.38195,-0.638807,-0.743,0.454,0.296,0.67,0.174
14839,494.748,0.98,1,-0.599648,0.279075,-0.750026,-0.678764,0.367841,-0.635588,-0.745,0.437,0.288,0.682,0.18
14840,494.782,0.98,1,-0.599271,0.285367,-0.747957,-0.675668,0.378448,-0.632653,-0.746,0.448,0.288,0.678,0.182
14841,494.815,0.98,1,-0.620162,0.295592,-0.726653,-0.65639,0.413943,-0.630717,-0.755,0.482,0.271,0.674,0.193
14842,494.848,0.98,1,-0.608049,0.309595,-0.731046,-0.683998,0.401424,-0.609102,-0.767,0.488,0.27,0.679,0.198
14843,494.882,0.98,1,-0.607205,0.336943,-0.719563,-0.674064,0.43493,-0.597054,-0.772,0.53,0.272,0.679,0.201
14844,494.915,0.98,1,-0.615083,0.333245,-0.714577,-0.675046,0.456799,-0.579351,-0.784,0.548,0.276,0.688,0.201
14845,494.948,0.98,1,-0.605805,0.347707,-0.715612,-0.682004,0.455793,-0.571947,-0.785,0.558,0.279,0.689,0.202
14846,494.982,0.98,1,-0.607987,0.339488,-0.717705,-0.665056,0.467155,-0.582638,-0.775,0.555,0.278,0.69,0.203
14847,495.015,0.98,1,-0.611756,0.330539,-0.718679,-0.687965,0.445544,-0.572883,-0.789,0.541,0.285,0.7,0.2
14848,495.048,0.98,1,-0.60292,0.337941,-0.722691,-0.683408,0.450285,-0.574627,-0.781,0.546,0.282,0.689,0.198
14849,495.082,0.98,1,-0.604458,0.358209,-0.711559,-0.691449,0.439907,-0.573045,-0.79,0.556,0.288,0.7,0.193
14850,495.115,0.98,1,-0.609851,0.355527,-0.708296,-0.664608,0.468803,-0.581824,-0.779,0.569,0.288,0.688,0.191
14851,495.148,0.98,1,-0.599312,0.352763,-0.718599,-0.672104,0.448328,-0.589303,-0.771,0.55,0.283,0.675,0.191
14852,495.182,0.98,1,-0.58732,0.376375,-0.716518,-0.69587,0.439806,-0.567747,-0.785,0.566,0.288,0.672,0.188
14853,495.215,0.98,1,-0.598559,0.358995,-0.716135,-0.683374,0.448266,-0.576245,-0.781,0.558,0.289,0.677,0.187
14854,495.248,0.98,1,-0.6082,0.322212,-0.725446,-0.668594,0.466825,-0.57884,-0.775,0.544,0.289,0.679,0.185
14855,495.282,0.98,1,-0.608102,0.333654,-0.720338,-0.676592,0.448234,-0.584217,-0.778,0.54,0.294,0.675,0.182
14856,495.315,0.98,1,-0.585163,0.373299,-0.719883,-0.67142,0.451878,-0.587368,-0.766,0.563,0.291,0.669,0.184
14857,495.348,0.98,1,-0.559071,0.423612,-0.712736,-0.669488,0.451156,-0.590122,-0.756,0.591,0.294,0.672,0.185
14858,495.382,0.98,1,-0.508767,0.462648,-0.726025,-0.671119,0.446003,-0.592183,-0.73,0.604,0.294,0.667,0.186
14859,495.415,0.98,1,-0.507256,0.460004,-0.728757,-0.687098,0.445353,-0.57407,-0.742,0.607,0.3,0.692,0.183
14860,495.448,0.98,1,-0.502929,0.447157,-0.739671,-0.673823,0.44234,-0.591861,-0.724,0.589,0.292,0.675,0.188
14861,495.482,0.98,1,-0.497097,0.45107,-0.741236,-0.667098,0.457636,-0.587835,-0.719,0.6,0.292,0.671,0.188
14862,495.515,0.98,1,-0.501404,0.459722,-0.732973,-0.703174,0.430781,-0.565662,-0.748,0.601,0.295,0.698,0.189
14863,495.548,0.98,1,-0.515411,0.452415,-0.727786,-0.684983,0.436142,-0.583591,-0.741,0.596,0.279,0.681,0.199
14864,495.582,0.98,1,-0.49998,0.441653,-0.744958,-0.692883,0.431448,-0.577725,-0.734,0.583,0.276,0.688,0.202
14865,495.615,0.98,1,-0.501435,0.429456,-0.751086,-0.687574,0.434925,-0.581448,-0.729,0.575,0.275,0.686,0.205
14866,495.648,0.98,1,-0.507989,0.420793,-0.751585,-0.706846,0.417076,-0.571329,-0.743,0.565,0.276,0.699,0.205
14867,495.682,0.98,1,-0.586264,0.366257,-0.722599,-0.701225,0.427056,-0.570882,-0.783,0.55,0.27,0.69,0.208
14868,495.715,0.98,1,-0.599576,0.354402,-0.717571,-0.68998,0.435708,-0.578001,-0.783,0.548,0.271,0.687,0.205
14869,495.748,0.98,1,-0.59992,0.334075,-0.726973,-0.684526,0.441275,-0.580259,-0.777,0.535,0.271,0.692,0.204
14870,495.782,0.98,1,-0.606824,0.298027,-0.736848,-0.680886,0.455086,-0.573838,-0.777,0.522,0.27,0.686,0.202
14871,495.815,0.98,1,-0.610572,0.288587,-0.737509,-0.682411,0.4491,-0.576736,-0.777,0.511,0.272,0.683,0.198
14872,495.849,0.98,1,-0.608576,0.295157,-0.736558,-0.669536,0.459255,-0.583786,-0.769,0.519,0.272,0.681,0.194
14873,495.882,0.98,1,-0.604185,0.288526,-0.742774,-0.669649,0.453801,-0.587907,-0.764,0.509,0.271,0.673,0.191
14874,495.915,0.98,1,-0.601707,0.296827,-0.741514,-0.672105,0.452972,-0.58574,-0.765,0.514,0.271,0.677,0.189
14875,495.949,0.98,1,-0.592928,0.291078,-0.750806,-0.678787,0.442575,-0.585983,-0.76,0.502,0.268,0.674,0.191
14876,495.982,0.98,1,-0.585669,0.29391,-0.755386,-0.674442,0.442338,-0.591156,-0.752,0.5,0.258,0.672,0.202
14877,496.015,0.98,1,-0.592478,0.292269,-0.750699,-0.662143,0.437217,-0.608612,-0.745,0.493,0.253,0.664,0.208
14878,496.049,0.98,1,-0.592518,0.318699,-0.739833,-0.656313,0.43227,-0.618382,-0.743,0.505,0.249,0.661,0.211
14879,496.082,0.98,1,-0.597732,0.323047,-0.733728,-0.585568,0.381033,-0.715489,-0.685,0.452,0.245,0.655,0.213
14880,496.115,0.98,1,-0.595306,0.317557,-0.738085,-0.581625,0.380507,-0.718976,-0.679,0.447,0.241,0.656,0.213
14881,496.149,0.98,1,-0.596539,0.315067,-0.738156,-0.606549,0.381577,-0.697494,-0.697,0.452,0.24,0.66,0.21
14882,496.182,0.98,1,-0.600253,0.345567,-0.721304,-0.678887,0.397952,-0.617047,-0.763,0.507,0.251,0.681,0.202
14883,496.215,0.98,1,-0.532128,0.374412,-0.759378,-0.693019,0.263563,-0.671014,-0.708,0.42,0.245,0.679,0.198
14884,496.249,0.98,1,-0.560876,0.36583,-0.742689,-0.694844,0.268904,-0.666995,-0.728,0.423,0.25,0.691,0.187
14885,496.282,0.98,1,-0.564762,0.357316,-0.743888,-0.692789,0.291946,-0.659402,-0.731,0.433,0.254,0.696,0.174
14886,496.315,0.98,1,-0.550765,0.364804,-0.750717,-0.657909,0.375789,-0.65264,-0.711,0.486,0.235,0.683,0.174
14887,496.349,0.98,1,-0.56747,0.343509,-0.748318,-0.654438,0.413297,-0.633164,-0.724,0.501,0.23,0.677,0.17
14888,496.382,0.98,1,-0.578261,0.329969,-0.746146,-0.645567,0.417469,-0.639503,-0.723,0.495,0.222,0.674,0.168
14889,496.415,0.98,1,-0.602345,0.300238,-0.73962,-0.634751,0.426786,-0.644162,-0.729,0.484,0.218,0.677,0.16
14890,496.449,0.98,1,-0.604218,0.267341,-0.750633,-0.630769,0.421127,-0.651753,-0.722,0.456,0.216,0.68,0.152
14891,496.482,0.98,1,-0.611388,0.260954,-0.747066,-0.630469,0.423151,-0.650732,-0.726,0.455,0.211,0.68,0.146
14892,496.515,0.98,1,-0.606664,0.244033,-0.756576,-0.625334,0.413765,-0.661631,-0.715,0.434,0.203,0.681,0.145
14893,496.549,0.98,1,-0.599127,0.236423,-0.764952,-0.632038,0.381603,-0.674468,-0.708,0.406,0.2,0.69,0.139
14894,496.582,0.98,1,-0.597928,0.241179,-0.764405,-0.640969,0.380238,-0.666766,-0.714,0.41,0.192,0.693,0.131
14906,496.982,0.98,1,-0.467396,0.229323,-0.853787,-0.51223,0.409633,-0.754865,-0.547,0.378,0.149,0.569,0.067
14915,497.282,0.98,1,-0.343986,0.331409,-0.878545,-0.512811,0.368956,-0.775175,-0.478,0.401,0.112,0.482,0.071
14920,497.449,0.93,1,-0.181767,0.397853,-0.899263,-0.426577,0.440671,-0.789836,-0.346,0.461,0.084,0.449,0.085
14921,497.482,0.98,1,-0.240889,0.415014,-0.877346,-0.452656,0.430464,-0.780899,-0.396,0.472,0.077,0.402,0.084
14929,497.749,0.98,1,-0.243519,0.392652,-0.886861,-0.430579,0.415449,-0.801251,-0.38,0.446,0.139,0.422,0.032
14930,497.782,0.98,1,-0.220982,0.428033,-0.87633,-0.463041,0.421809,-0.779532,-0.392,0.474,0.136,0.427,0.048
14931,497.816,0.98,1,-0.218605,0.428836,-0.876534,-0.46481,0.386309,-0.796691,-0.388,0.453,0.112,0.412,0.061
14932,497.849,0.98,1,-0.224968,0.411956,-0.882996,-0.452842,0.372909,-0.80986,-0.381,0.434,0.096,0.391,0.067
14933,497.882,0.98,1,-0.224976,0.394206,-0.89106,-0.452061,0.364396,-0.81416,-0.378,0.419,0.088,0.368,0.065
14934,497.916,0.98,1,-0.232106,0.420334,-0.877181,-0.441098,0.383637,-0.81133,-0.379,0.444,0.117,0.37,0.039
14935,497.949,0.98,1,-0.218396,0.443109,-0.869458,-0.438003,0.404824,-0.802665,-0.374,0.469,0.147,0.376,0.026
14936,497.982,0.98,1,-0.201046,0.461153,-0.864244,-0.417809,0.426212,-0.802358,-0.356,0.489,0.168,0.372,0.022
14937,498.016,0.98,1,-0.189912,0.456334,-0.869306,-0.419901,0.422644,-0.803153,-0.35,0.484,0.164,0.368,0.027
14938,498.049,0.98,1,-0.173762,0.451378,-0.875251,-0.418411,0.422915,-0.803788,-0.339,0.48,0.154,0.365,0.031
14939,498.083,0.98,1,-0.168731,0.448851,-0.877532,-0.427628,0.419942,-0.800489,-0.341,0.478,0.145,0.365,0.033
14940,498.116,0.98,1,-0.162539,0.440999,-0.882667,-0.420316,0.415061,-0.806882,-0.332,0.469,0.127,0.36,0.037
14941,498.149,0.98,1,-0.177509,0.435536,-0.882496,-0.409329,0.423499,-0.808145,-0.334,0.47,0.124,0.359,0.036
14942,498.183,0.98,1,-0.17558,0.43079,-0.885207,-0.407287,0.424468,-0.808668,-0.331,0.468,0.122,0.36,0.038
14943,498.216,0.98,1,-0.173254,0.428602,-0.886726,-0.407944,0.426021,-0.807519,-0.33,0.467,0.122,0.361,0.041
14944,498.249,0.98,1,-0.175245,0.427536,-0.886849,-0.411665,0.419837,-0.808869,-0.333,0.463,0.117,0.356,0.048
14945,498.283,0.98,1,-0.177297,0.432632,-0.883965,-0.405933,0.425408,-0.808855,-0.332,0.469,0.115,0.363,0.051
14946,498.316,0.93,1,-0.191853,0.426286,-0.884009,-0.421475,0.415152,-0.806231,-0.348,0.462,0.132,0.37,0.05
14947,498.349,0.93,1,-0.189001,0.429432,-0.883101,-0.430697,0.409235,-0.80438,-0.352,0.461,0.14,0.369,0.054
14948,498.383,0.98,1,-0.174342,0.430667,-0.885511,-0.421699,0.428376,-0.799164,-0.34,0.472,0.155,0.366,0.053
14949,498.416,0.98,1,-0.179045,0.438596,-0.880668,-0.420746,0.430021,-0.798783,-0.343,0.477,0.171,0.366,0.049
14950,498.449,0.98,1,-0.170665,0.45047,-0.876328,-0.410182,0.454468,-0.790702,-0.335,0.497,0.181,0.363,0.044
14951,498.483,0.98,1,-0.171675,0.438747,-0.88206,-0.403428,0.455052,-0.793834,-0.331,0.49,0.17,0.355,0.047
14952,498.516,0.98,1,-0.174442,0.443534,-0.879117,-0.408439,0.449695,-0.794325,-0.335,0.49,0.166,0.354,0.051
14953,498.549,0.98,1,-0.17393,0.453685,-0.874024,-0.406194,0.466393,-0.785801,-0.336,0.506,0.187,0.351,0.045
14954,498.583,0.98,1,-0.185238,0.467426,-0.864407,-0.406417,0.475338,-0.780307,-0.345,0.52,0.199,0.353,0.044
14955,498.616,0.98,1,-0.194596,0.47154,-0.860106,-0.413269,0.468467,-0.780863,-0.355,0.52,0.2,0.353,0.048
14956,498.649,0.98,1,-0.191142,0.46394,-0.865,-0.411658,0.462076,-0.785508,-0.35,0.511,0.187,0.35,0.06
14957,498.683,0.98,1,-0.174623,0.455026,-0.873189,-0.415589,0.441416,-0.79526,-0.34,0.493,0.17,0.351,0.075
14958,498.716,0.98,1,-0.174107,0.438678,-0.881617,-0.411164,0.424002,-0.806949,-0.334,0.472,0.164,0.35,0.086
14959,498.749,0.98,1,-0.175414,0.438698,-0.881348,-0.417308,0.411437,-0.810293,-0.337,0.466,0.164,0.347,0.092
14960,498.783,0.98,1,-0.170347,0.432337,-0.885475,-0.409613,0.413198,-0.813317,-0.329,0.462,0.17,0.341,0.095
14961,498.816,0.98,1,-0.165653,0.440464,-0.882355,-0.410166,0.407176,-0.81607,-0.327,0.463,0.169,0.336,0.099
14962,498.849,0.98,1,-0.163827,0.443484,-0.881182,-0.394099,0.424143,-0.815346,-0.318,0.473,0.172,0.332,0.099
14963,498.883,0.98,1,-0.183048,0.434659,-0.881796,-0.397646,0.435976,-0.807343,-0.331,0.476,0.192,0.328,0.093
14964,498.916,0.98,1,-0.172945,0.467388,-0.866971,-0.396365,0.442192,-0.804587,-0.328,0.498,0.219,0.331,0.084
14965,498.949,0.98,1,-0.196058,0.461633,-0.865134,-0.407916,0.459663,-0.788869,-0.35,0.508,0.253,0.34,0.074
14966,498.983,0.98,1,-0.22291,0.461139,-0.858872,-0.401768,0.46438,-0.789262,-0.362,0.512,0.26,0.337,0.067
14967,499.016,0.98,1,-0.218796,0.456155,-0.862584,-0.371488,0.462476,-0.805054,-0.34,0.504,0.253,0.336,0.062
14968,499.049,0.98,1,-0.214845,0.471209,-0.855455,-0.380196,0.466804,-0.798464,-0.345,0.516,0.261,0.34,0.063
14969,499.083,0.98,1,-0.217348,0.466584,-0.857356,-0.388171,0.456048,-0.80084,-0.35,0.508,0.25,0.339,0.067
14970,499.116,0.98,1,-0.159385,0.463907,-0.871428,-0.385788,0.419638,-0.821628,-0.312,0.481,0.192,0.322,0.097
14971,499.15,0.98,1,-0.209253,0.462605,-0.861516,-0.43485,0.428847,-0.791831,-0.371,0.494,0.227,0.343,0.077
14972,499.183,0.98,1,-0.291724,0.466874,-0.834821,-0.431443,0.477449,-0.765441,-0.424,0.533,0.214,0.363,0.081
14973,499.216,0.98,1,-0.398123,0.370948,-0.838985,-0.46736,0.474877,-0.745699,-0.5,0.49,0.209,0.396,0.083
14974,499.25,0.98,1,-0.449791,0.365653,-0.814854,-0.522957,0.455259,-0.720594,-0.565,0.491,0.202,0.448,0.094
14975,499.283,0.98,1,-0.467572,0.373199,-0.80131,-0.554296,0.440962,-0.70591,-0.596,0.495,0.187,0.477,0.121
14976,499.316,0.98,1,-0.471435,0.390155,-0.790903,-0.5711,0.439069,-0.693587,-0.612,0.509,0.192,0.504,0.133
14977,499.35,0.98,1,-0.479418,0.391098,-0.785621,-0.584936,0.421743,-0.692807,-0.624,0.503,0.194,0.524,0.139
14978,499.383,0.98,1,-0.486883,0.384843,-0.784118,-0.590478,0.411813,-0.694079,-0.63,0.494,0.202,0.546,0.139
14979,499.416,0.98,1,-0.530837,0.320849,-0.78439,-0.605116,0.390743,-0.693653,-0.655,0.449,0.204,0.557,0.137
14980,499.45,0.98,1,-0.537189,0.318931,-0.78084,-0.601332,0.383178,-0.701124,-0.655,0.442,0.201,0.563,0.137
14981,499.483,0.98,1,-0.48146,0.377416,-0.791046,-0.597588,0.377161,-0.707558,-0.624,0.466,0.196,0.559,0.137
14982,499.516,0.98,1,-0.469238,0.383711,-0.79535,-0.599722,0.368676,-0.71022,-0.617,0.463,0.19,0.555,0.137
14983,499.55,0.98,1,-0.460081,0.379848,-0.802522,-0.608197,0.357083,-0.708935,-0.615,0.454,0.186,0.546,0.135
14984,499.583,0.98,1,-0.550708,0.275282,-0.787998,-0.57004,0.373922,-0.731599,-0.635,0.404,0.179,0.527,0.134
14985,499.616,0.98,1,-0.393307,0.237232,-0.888274,-0.504693,0.421682,-0.753305,-0.501,0.382,0.174,0.493,0.134
14986,499.65,0.98,1,-0.32014,0.231271,-0.918708,-0.441579,0.419224,-0.793259,-0.419,0.363,0.164,0.434,0.133
14987,499.683,0.98,1,-0.316113,0.215266,-0.923977,-0.419893,0.43464,-0.79673,-0.404,0.361,0.189,0.384,0.104
14988,499.716,0.98,1,-0.33963,0.254878,-0.905367,-0.403344,0.445102,-0.799498,-0.411,0.39,0.197,0.352,0.087
14989,499.75,0.98,1,-0.262873,0.348532,-0.89968,-0.371733,0.436195,-0.819481,-0.354,0.428,0.207,0.332,0.074
14990,499.783,0.98,1,-0.219809,0.386092,-0.895889,-0.327088,0.371844,-0.868761,-0.301,0.406,0.217,0.321,0.067
14991,499.816,0.98,1,-0.207829,0.390521,-0.896828,-0.320226,0.375022,-0.869951,-0.29,0.409,0.22,0.315,0.065
14992,499.85,0.98,1,-0.207932,0.396881,-0.894008,-0.308403,0.370011,-0.876344,-0.284,0.409,0.222,0.312,0.064
14993,499.883,0.98,1,-0.205752,0.392359,-0.896505,-0.308484,0.367795,-0.877248,-0.282,0.405,0.222,0.312,0.062
14994,499.916,0.98,1,-0.210943,0.391602,-0.895629,-0.309339,0.366528,-0.877477,-0.285,0.404,0.224,0.312,0.061
14995,499.95,0.98,1,-0.214091,0.393516,-0.894041,-0.315592,0.357497,-0.878975,-0.29,0.401,0.221,0.311,0.063
14998,500.05,0.98,1,-0.226015,0.404485,-0.886177,-0.320615,0.368572,-0.87256,-0.301,0.414,0.233,0.327,0.062
14999,500.083,0.98,1,-0.240238,0.400222,-0.884369,-0.324541,0.379825,-0.86626,-0.312,0.419,0.242,0.328,0.062
15000,500.116,0.98,1,-0.245646,0.403866,-0.881221,-0.324931,0.387329,-0.862784,-0.316,0.426,0.247,0.327,0.066
15001,500.15,0.98,1,-0.246913,0.401175,-0.882096,-0.32452,0.38922,-0.862087,-0.317,0.425,0.252,0.325,0.068
15002,500.183,0.98,1,-0.248114,0.405567,-0.879747,-0.325775,0.391444,-0.860606,-0.319,0.429,0.259,0.328,0.069
15003,500.216,0.98,1,-0.251097,0.407107,-0.878188,-0.331958,0.388765,-0.859457,-0.324,0.43,0.257,0.332,0.068
15004,500.25,0.98,1,-0.24082,0.409403,-0.879997,-0.316149,0.38587,-0.866692,-0.309,0.427,0.241,0.329,0.07
15005,500.283,0.98,1,-0.243496,0.406377,-0.880663,-0.32148,0.38716,-0.864152,-0.313,0.427,0.256,0.331,0.063
15006,500.317,0.98,1,-0.252619,0.395561,-0.883015,-0.334575,0.374832,-0.864616,-0.324,0.415,0.248,0.327,0.06
15007,500.35,0.98,1,-0.24181,0.389077,-0.888902,-0.324923,0.37479,-0.868307,-0.312,0.41,0.234,0.325,0.063
15013,500.55,0.98,1,-0.433033,0.200257,-0.878851,-0.433907,0.430138,-0.791648,-0.479,0.361,0.189,0.381,0.029
15014,500.583,0.98,1,-0.4474,0.189007,-0.874133,-0.461487,0.460515,-0.758259,-0.508,0.379,0.181,0.42,0.023
15015,500.617,0.98,1,-0.483024,0.213686,-0.849133,-0.555335,0.44661,-0.701529,-0.59,0.403,0.169,0.491,0.033
15016,500.65,0.98,1,-0.489305,0.213674,-0.845532,-0.602046,0.429928,-0.672831,-0.623,0.401,0.146,0.549,0.065
15017,500.683,0.98,1,-0.477971,0.186559,-0.858335,-0.626718,0.422965,-0.654466,-0.631,0.383,0.124,0.585,0.086
15018,500.717,0.98,1,-0.501177,0.181074,-0.846188,-0.627331,0.420793,-0.655279,-0.645,0.381,0.115,0.619,0.096
15019,500.75,0.98,1,-0.503103,0.167379,-0.847863,-0.625587,0.409756,-0.663884,-0.641,0.365,0.115,0.639,0.097
15020,500.783,0.98,1,-0.497796,0.166003,-0.851259,-0.633732,0.405839,-0.658543,-0.643,0.362,0.115,0.66,0.094
15021,500.817,0.98,1,-0.50117,0.168876,-0.848711,-0.615796,0.411294,-0.672036,-0.633,0.364,0.113,0.664,0.086
15027,501.017,0.98,1,-0.484052,0.267112,-0.833273,-0.686823,0.356413,-0.633438,-0.674,0.402,0.154,0.767,0.031
15028,501.05,0.98,1,-0.464627,0.32111,-0.825233,-0.680417,0.358327,-0.639245,-0.664,0.434,0.154,0.765,0.029
15029,501.083,0.98,1,-0.461843,0.316737,-0.828479,-0.676208,0.356043,-0.644962,-0.658,0.428,0.138,0.745,0.037
15032,501.183,0.98,1,-0.392379,0.388629,-0.83367,-0.557377,0.380224,-0.738078,-0.544,0.455,0.114,0.651,0.043
15033,501.217,0.98,1,-0.287082,0.343398,-0.894238,-0.580331,0.396579,-0.711295,-0.495,0.432,0.088,0.598,0.048
15034,501.25,0.98,1,-0.269828,0.358845,-0.893545,-0.55585,0.393949,-0.732007,-0.47,0.434,0.081,0.528,0.056
15285,509.619,0.98,1,-0.094935,0.393142,-0.914564,-0.308067,0.407207,-0.859812,-0.223,0.424,0.181,0.278,-0.054
15286,509.653,0.98,1,-0.128593,0.508319,-0.851514,-0.405084,0.417764,-0.813253,-0.31,0.508,0.19,0.282,-0.056
15287,509.686,0.98,1,-0.070869,0.516325,-0.853455,-0.25378,0.445127,-0.858754,-0.187,0.512,0.191,0.287,-0.057
15288,509.719,0.98,1,-0.114844,0.434314,-0.893411,-0.322484,0.447615,-0.834053,-0.248,0.472,0.187,0.292,-0.051
15289,509.753,0.98,1,-0.122693,0.372181,-0.920015,-0.344001,0.404357,-0.847442,-0.258,0.414,0.195,0.297,-0.049
15290,509.786,0.98,1,-0.133962,0.36898,-0.919733,-0.34934,0.393064,-0.850566,-0.267,0.406,0.198,0.302,-0.045
15291,509.819,0.98,1,-0.131784,0.379501,-0.915757,-0.34551,0.400669,-0.84858,-0.264,0.416,0.199,0.304,-0.041
15292,509.853,0.98,1,-0.14168,0.36799,-0.918972,-0.347402,0.392206,-0.851755,-0.269,0.406,0.199,0.305,-0.037
15293,509.886,0.98,1,-0.139724,0.366528,-0.919856,-0.345586,0.398094,-0.849759,-0.268,0.408,0.2,0.303,-0.037
15335,511.286,0.98,1,0.025608,0.421397,-0.906515,-0.211778,0.40906,-0.887592,-0.103,0.434,0.216,0.229,0.001
15336,511.32,0.98,1,0.104146,0.428409,-0.897563,-0.208703,0.45631,-0.865,-0.059,0.465,0.217,0.198,0.005
15337,511.353,0.98,1,0.131335,0.451172,-0.88272,-0.173318,0.465482,-0.867921,-0.024,0.482,0.218,0.165,0.005
15338,511.387,0.98,1,0.153396,0.462054,-0.873485,-0.160191,0.479275,-0.862922,-0.004,0.497,0.23,0.126,-0.002
15339,511.42,0.98,1,0.1614,0.470119,-0.86772,-0.134829,0.468567,-0.873078,0.015,0.495,0.225,0.103,-0.013
15340,511.453,0.98,1,0.147206,0.443893,-0.883906,-0.106709,0.419362,-0.901526,0.023,0.45,0.218,0.086,-0.014
15341,511.487,0.98,1,0.167046,0.48236,-0.859898,-0.089721,0.413542,-0.906054,0.044,0.469,0.217,0.068,-0.013
15342,511.52,0.98,1,0.172617,0.488592,-0.855267,-0.074986,0.420567,-0.904157,0.055,0.477,0.22,0.056,-0.011
15343,511.553,0.98,1,0.185632,0.496272,-0.848089,-0.079689,0.417743,-0.905064,0.06,0.481,0.219,0.05,-0.01
15344,511.587,0.98,1,0.174845,0.496161,-0.850443,-0.080846,0.420434,-0.903714,0.054,0.482,0.224,0.045,-0.009
15345,511.62,0.98,1,0.182743,0.494825,-0.849561,-0.081,0.428028,-0.900128,0.058,0.485,0.224,0.04,-0.006
15346,511.653,0.98,1,0.200603,0.489944,-0.848359,-0.079311,0.429475,-0.899589,0.069,0.484,0.223,0.031,-0.004
15347,511.687,0.98,1,0.228422,0.503258,-0.833399,-0.068098,0.429842,-0.900332,0.092,0.494,0.222,0.018,-0.002
15348,511.72,0.98,1,0.23704,0.491009,-0.838285,-0.060892,0.42544,-0.902936,0.101,0.484,0.223,0.005,-0.002
15349,511.753,0.98,1,0.232692,0.48925,-0.840529,-0.043859,0.417423,-0.907653,0.108,0.478,0.222,-0.016,-0.004
15350,511.787,0.98,1,0.236563,0.484883,-0.841978,-0.037875,0.396242,-0.917365,0.112,0.464,0.224,-0.028,-0.006
15351,511.82,0.98,1,0.228239,0.470415,-0.852418,-0.041914,0.393194,-0.9185,0.105,0.454,0.225,-0.04,-0.007
15352,511.853,0.98,1,0.232255,0.481618,-0.845046,-0.049362,0.381209,-0.92317,0.103,0.454,0.23,-0.048,-0.007
15353,511.887,0.98,1,0.228003,0.485807,-0.843804,-0.050262,0.39049,-0.919234,0.1,0.461,0.234,-0.051,-0.007
15354,511.92,0.98,1,0.244068,0.484089,-0.840291,-0.087008,0.403915,-0.91065,0.089,0.469,0.238,-0.042,-0.009
15355,511.953,0.98,1,0.245487,0.489104,-0.836967,-0.09414,0.424248,-0.900639,0.087,0.484,0.24,-0.046,-0.007
15356,511.987,0.98,1,0.200913,0.523141,-0.828226,-0.12742,0.425879,-0.895763,0.043,0.503,0.239,-0.07,-0.006
15357,512.02,0.98,1,0.201377,0.52343,-0.82793,-0.169597,0.428695,-0.887388,0.019,0.507,0.246,-0.061,-0.006
15358,512.053,0.98,1,0.199433,0.545314,-0.814161,-0.088466,0.500223,-0.861366,0.066,0.558,0.259,-0.048,-0.011
15359,512.087,0.98,1,0.191498,0.550873,-0.812322,-0.096953,0.510883,-0.854165,0.057,0.567,0.264,-0.031,-0.01
15360,512.12,0.98,1,0.173519,0.552182,-0.815467,-0.095957,0.505749,-0.857327,0.046,0.564,0.269,-0.023,-0.008
15361,512.153,0.98,1,0.136139,0.553986,-0.82132,-0.118322,0.504016,-0.855551,0.011,0.563,0.27,-0.015,-0.004
15362,512.187,0.98,1,0.098847,0.501208,-0.859662,-0.139297,0.420893,-0.896351,-0.023,0.484,0.275,-0.013,-0.001
15363,512.22,0.98,1,0.104972,0.50503,-0.856695,-0.142278,0.455271,-0.878912,-0.021,0.505,0.28,-0.001,-0.0
15364,512.253,0.98,1,0.093459,0.523705,-0.846758,-0.135946,0.461597,-0.876611,-0.025,0.519,0.281,0.007,0.003
15365,512.287,0.98,1,0.076161,0.521498,-0.849847,-0.140208,0.455535,-0.879107,-0.037,0.514,0.286,0.013,0.005
15366,512.32,0.98,1,0.079708,0.534681,-0.841287,-0.130663,0.49385,-0.859674,-0.03,0.544,0.294,0.016,0.005
15367,512.353,0.98,1,0.06793,0.53762,-0.840446,-0.133599,0.497252,-0.857258,-0.039,0.547,0.295,0.019,0.005
15368,512.387,0.98,1,0.061009,0.517891,-0.853268,-0.14354,0.438484,-0.887203,-0.047,0.502,0.294,0.019,0.007
15369,512.42,0.98,1,0.070782,0.510757,-0.856806,-0.145251,0.435765,-0.888263,-0.043,0.497,0.297,0.018,0.007
15370,512.453,0.98,1,0.049386,0.519548,-0.853013,-0.155408,0.4288,-0.889932,-0.061,0.498,0.299,0.019,0.008
15371,512.487,0.98,1,0.051119,0.518182,-0.853742,-0.172618,0.433692,-0.884372,-0.07,0.501,0.302,0.015,0.007
15372,512.52,0.98,1,0.057383,0.506401,-0.860387,-0.163135,0.420785,-0.892371,-0.06,0.487,0.305,0.014,0.004
15373,512.554,0.98,1,0.07853,0.501678,-0.861483,-0.166371,0.416852,-0.893619,-0.05,0.482,0.309,0.014,0.001
15374,512.587,0.98,1,0.06547,0.499558,-0.863803,-0.162821,0.417771,-0.893844,-0.055,0.481,0.312,0.017,-0.003
15375,512.62,0.98,1,0.055682,0.491046,-0.869352,-0.163255,0.414691,-0.895198,-0.061,0.474,0.313,0.02,-0.004
15376,512.654,0.98,1,0.05885,0.492303,-0.868432,-0.162998,0.418662,-0.893394,-0.059,0.477,0.315,0.024,-0.006
15377,512.687,0.98,1,0.065135,0.492693,-0.867762,-0.173011,0.414684,-0.893367,-0.061,0.476,0.315,0.029,-0.006
15378,512.72,0.98,1,0.058463,0.479265,-0.875721,-0.167772,0.41231,-0.895463,-0.062,0.466,0.315,0.03,-0.006
15379,512.754,0.98,1,0.052608,0.473029,-0.879475,-0.193294,0.418621,-0.887352,-0.079,0.467,0.314,0.026,-0.005
15380,512.787,0.98,1,0.061971,0.470288,-0.880334,-0.198569,0.4224,-0.884392,-0.077,0.468,0.314,0.029,-0.005
15381,512.82,0.98,1,0.062492,0.472172,-0.879288,-0.221855,0.421231,-0.8794,-0.09,0.47,0.314,0.03,-0.006
15382,512.854,0.98,1,0.060263,0.470425,-0.88038,-0.211929,0.420657,-0.882119,-0.086,0.468,0.316,0.032,-0.007
15383,512.887,0.98,1,0.048992,0.47065,-0.880959,-0.217446,0.420512,-0.880844,-0.095,0.468,0.317,0.033,-0.008
15384,512.92,0.98,1,0.053941,0.475557,-0.878029,-0.210103,0.421785,-0.882017,-0.088,0.471,0.318,0.032,-0.009
15385,512.954,0.98,1,0.062041,0.473559,-0.878574,-0.214606,0.420514,-0.88154,-0.086,0.47,0.318,0.037,-0.011
15386,512.987,0.98,1,0.058805,0.462187,-0.884831,-0.211251,0.416488,-0.884257,-0.086,0.461,0.319,0.034,-0.013
15387,513.02,0.98,1,0.069928,0.455507,-0.887482,-0.223504,0.410538,-0.884027,-0.086,0.455,0.318,0.035,-0.015
15388,513.054,0.98,1,0.058641,0.466843,-0.882394,-0.222783,0.421724,-0.878929,-0.093,0.467,0.32,0.036,-0.015
15389,513.087,0.98,1,0.076299,0.461856,-0.883667,-0.212986,0.421027,-0.881688,-0.077,0.464,0.322,0.036,-0.015
15390,513.12,0.98,1,0.062279,0.465291,-0.882964,-0.221702,0.420145,-0.879958,-0.09,0.465,0.322,0.038,-0.015
15391,513.154,0.98,1,0.056294,0.475597,-0.87786,-0.196217,0.431035,-0.880743,-0.079,0.476,0.324,0.041,-0.016
15392,513.187,0.98,1,0.049404,0.482061,-0.874744,-0.194753,0.430235,-0.881459,-0.083,0.479,0.324,0.042,-0.017
15393,513.22,0.98,1,0.048255,0.484314,-0.873562,-0.202264,0.416847,-0.886187,-0.087,0.473,0.325,0.044,-0.016
15394,513.254,0.98,1,0.059409,0.480914,-0.874752,-0.204921,0.421912,-0.883175,-0.083,0.474,0.326,0.044,-0.016
15395,513.287,0.98,1,0.045389,0.468456,-0.88232,-0.205317,0.421521,-0.88327,-0.09,0.467,0.328,0.044,-0.016
15396,513.32,0.98,1,0.049295,0.478583,-0.876657,-0.199117,0.428374,-0.88139,-0.085,0.476,0.33,0.05,-0.018
15397,513.354,0.98,1,0.044465,0.511881,-0.857905,-0.197689,0.436254,-0.877839,-0.088,0.5,0.331,0.062,-0.018
15398,513.387,0.98,1,0.052727,0.531703,-0.845288,-0.201097,0.452039,-0.869035,-0.086,0.521,0.329,0.061,-0.017
15399,513.42,0.98,1,0.045046,0.533123,-0.844838,-0.191564,0.447701,-0.873423,-0.085,0.519,0.327,0.055,-0.015
15400,513.454,0.98,1,0.042813,0.526391,-0.849164,-0.197905,0.434748,-0.878537,-0.09,0.508,0.328,0.06,-0.017
15401,513.487,0.98,1,0.051171,0.525938,-0.848982,-0.156871,0.442172,-0.883106,-0.061,0.51,0.328,0.059,-0.017
15402,513.52,0.98,1,0.052883,0.551257,-0.832658,-0.179022,0.454782,-0.872424,-0.074,0.533,0.329,0.06,-0.018
15403,513.554,0.98,1,0.05368,0.577156,-0.814868,-0.163878,0.514973,-0.841396,-0.066,0.583,0.328,0.064,-0.02
15404,513.587,0.98,1,0.042236,0.582625,-0.811643,-0.160637,0.508646,-0.845858,-0.071,0.582,0.329,0.065,-0.02
15405,513.621,0.98,1,0.048429,0.569241,-0.820743,-0.168317,0.511692,-0.84252,-0.072,0.576,0.33,0.067,-0.021
15406,513.654,0.98,1,0.043068,0.57919,-0.814054,-0.160425,0.515669,-0.841635,-0.071,0.584,0.33,0.068,-0.021
15407,513.687,0.98,1,0.051524,0.576069,-0.815776,-0.161592,0.519243,-0.839211,-0.066,0.585,0.33,0.067,-0.022
15408,513.721,0.98,1,0.059695,0.578977,-0.813156,-0.15761,0.519907,-0.839557,-0.059,0.587,0.33,0.062,-0.02
15409,513.754,0.98,1,0.067375,0.569178,-0.819449,-0.143556,0.517711,-0.843426,-0.046,0.579,0.329,0.059,-0.019
15410,513.787,0.98,1,0.061572,0.571305,-0.818425,-0.152095,0.512187,-0.8453,-0.054,0.577,0.327,0.055,-0.017
15411,513.821,0.98,1,0.067101,0.558529,-0.826766,-0.150418,0.509138,-0.847439,-0.05,0.568,0.327,0.055,-0.018
15412,513.854,0.98,1,0.06075,0.558989,-0.826947,-0.134171,0.511704,-0.848621,-0.044,0.569,0.33,0.053,-0.019
15413,513.887,0.98,1,0.067831,0.557337,-0.827511,-0.119029,0.513338,-0.849892,-0.031,0.568,0.328,0.053,-0.019
15414,513.921,0.98,1,0.068079,0.544946,-0.835702,-0.119346,0.514992,-0.848846,-0.03,0.562,0.331,0.054,-0.021
15415,513.954,0.98,1,0.080317,0.527294,-0.845878,-0.124376,0.498579,-0.857875,-0.026,0.542,0.329,0.055,-0.021
15416,513.987,0.98,1,0.064063,0.520138,-0.851676,-0.132277,0.464131,-0.875834,-0.039,0.518,0.319,0.054,-0.02
15417,514.021,0.98,1,0.057177,0.508749,-0.859014,-0.135146,0.46885,-0.872878,-0.045,0.514,0.31,0.054,-0.023
15418,514.054,0.98,1,0.064248,0.507131,-0.859471,-0.141713,0.435077,-0.889171,-0.044,0.494,0.301,0.05,-0.021
15419,514.087,0.98,1,0.069291,0.513074,-0.855543,-0.14028,0.457194,-0.878234,-0.041,0.51,0.299,0.044,-0.024
15420,514.121,0.98,1,0.06937,0.511491,-0.856484,-0.138084,0.458366,-0.877971,-0.04,0.51,0.297,0.039,-0.026
15421,514.154,0.98,1,0.067516,0.513341,-0.855525,-0.147693,0.474352,-0.867858,-0.046,0.52,0.292,0.036,-0.027
15422,514.187,0.98,1,0.075552,0.531993,-0.843372,-0.146632,0.477799,-0.866145,-0.042,0.534,0.292,0.037,-0.026
15423,514.221,0.98,1,0.061565,0.523913,-0.849544,-0.157054,0.460009,-0.873914,-0.055,0.519,0.288,0.035,-0.024
15424,514.254,0.98,1,0.046537,0.506997,-0.860691,-0.158457,0.444351,-0.881728,-0.064,0.5,0.284,0.039,-0.021
15425,514.287,0.98,1,0.042208,0.485377,-0.873286,-0.166032,0.41603,-0.894065,-0.07,0.472,0.28,0.038,-0.016
15426,514.321,0.98,1,0.041509,0.478925,-0.876874,-0.175069,0.412241,-0.894096,-0.075,0.466,0.278,0.04,-0.015
15427,514.354,0.98,1,0.033541,0.481901,-0.875583,-0.165819,0.401643,-0.900659,-0.074,0.462,0.274,0.041,-0.013
15428,514.387,0.98,1,0.031236,0.473368,-0.880311,-0.164975,0.386449,-0.907436,-0.075,0.448,0.272,0.041,-0.013
15429,514.421,0.98,1,0.038454,0.474909,-0.879194,-0.16777,0.384592,-0.907713,-0.072,0.448,0.271,0.044,-0.013
15430,514.454,0.98,1,0.040025,0.475949,-0.878561,-0.174631,0.395928,-0.901524,-0.075,0.455,0.271,0.047,-0.014
15431,514.487,0.98,1,0.059556,0.470362,-0.880462,-0.199242,0.387603,-0.900037,-0.078,0.449,0.273,0.053,-0.018
15432,514.521,0.98,1,0.061546,0.470267,-0.880376,-0.203619,0.382534,-0.901225,-0.08,0.446,0.272,0.056,-0.02
15433,514.554,0.98,1,0.052243,0.475556,-0.878133,-0.197918,0.384445,-0.901682,-0.082,0.45,0.269,0.062,-0.022
15434,514.587,0.98,1,0.072924,0.506066,-0.859407,-0.190238,0.406984,-0.893405,-0.067,0.48,0.264,0.072,-0.024
15435,514.621,0.98,1,0.079304,0.526763,-0.846305,-0.147783,0.467656,-0.871469,-0.04,0.525,0.262,0.081,-0.03
15436,514.654,0.98,1,0.029633,0.464745,-0.884949,-0.121756,0.37059,-0.920782,-0.051,0.433,0.267,0.094,-0.039
15495,516.621,0.98,1,-0.328886,0.398073,-0.856371,-0.409305,0.454226,-0.791295,-0.421,0.477,0.168,0.413,-0.004
15496,516.655,0.98,1,-0.369736,0.434437,-0.821316,-0.448221,0.420504,-0.788844,-0.47,0.488,0.163,0.431,0.011
15497,516.688,0.98,1,-0.3949,0.42177,-0.816189,-0.463465,0.413743,-0.783592,-0.492,0.481,0.163,0.457,0.023
15498,516.721,0.98,1,-0.406415,0.405188,-0.818932,-0.483423,0.408359,-0.774303,-0.509,0.472,0.16,0.478,0.032
15499,516.755,0.98,1,-0.422538,0.393795,-0.816325,-0.4715,0.414707,-0.778271,-0.511,0.469,0.156,0.489,0.038
15500,516.788,0.98,1,-0.419752,0.382607,-0.823055,-0.4818,0.409746,-0.774582,-0.514,0.46,0.163,0.512,0.037
15501,516.821,0.98,1,-0.35985,0.368668,-0.857083,-0.492143,0.393989,-0.776253,-0.481,0.437,0.168,0.513,0.031
15502,516.855,0.98,1,-0.418408,0.365102,-0.831646,-0.492701,0.407218,-0.769038,-0.517,0.45,0.162,0.51,0.032
15503,516.888,0.98,1,-0.417653,0.387783,-0.8217,-0.523164,0.366321,-0.769486,-0.534,0.443,0.161,0.506,0.034
15504,516.921,0.98,1,-0.426911,0.387491,-0.817066,-0.539366,0.379215,-0.751851,-0.552,0.455,0.179,0.527,0.032
15505,516.955,0.98,1,-0.435304,0.381958,-0.815241,-0.529131,0.38333,-0.757019,-0.55,0.453,0.177,0.528,0.035
15506,516.988,0.98,1,-0.423846,0.368869,-0.827218,-0.531095,0.379569,-0.757539,-0.542,0.441,0.18,0.528,0.035
15507,517.022,0.98,1,-0.43746,0.370049,-0.819569,-0.536092,0.376437,-0.75558,-0.554,0.443,0.178,0.526,0.036
15508,517.055,0.98,1,-0.428113,0.372334,-0.82346,-0.529725,0.382239,-0.757156,-0.545,0.445,0.175,0.522,0.038
15509,517.088,0.98,1,-0.405136,0.379477,-0.831782,-0.486429,0.427029,-0.762255,-0.51,0.468,0.177,0.507,0.037
15510,517.122,0.98,1,-0.390352,0.389151,-0.834378,-0.471856,0.400687,-0.785367,-0.489,0.454,0.196,0.515,0.034
15527,517.688,0.98,1,-0.199038,0.278968,-0.939447,-0.242316,0.454801,-0.856994,-0.241,0.388,0.222,0.262,0.008
15528,517.722,0.98,1,-0.011529,0.445131,-0.895391,-0.255281,0.480929,-0.838772,-0.153,0.49,0.222,0.249,0.012
15529,517.755,0.98,1,0.061581,0.490373,-0.869334,-0.212028,0.473569,-0.854855,-0.087,0.51,0.225,0.23,0.017
15530,517.788,0.98,1,-0.002261,0.508134,-0.861275,-0.223704,0.451195,-0.863933,-0.13,0.507,0.228,0.208,0.022
15531,517.822,0.98,1,-0.003521,0.512837,-0.858479,-0.228627,0.447802,-0.864409,-0.134,0.509,0.237,0.19,0.023
15532,517.855,0.98,1,-0.019607,0.508313,-0.860949,-0.211587,0.455298,-0.864832,-0.133,0.509,0.25,0.171,0.02
15533,517.888,0.98,1,-0.013593,0.51232,-0.858687,-0.205778,0.449581,-0.869214,-0.126,0.508,0.258,0.156,0.016
15534,517.922,0.98,1,-0.012125,0.536356,-0.843904,-0.24795,0.483783,-0.83933,-0.153,0.545,0.265,0.142,0.013
15535,517.955,0.98,1,0.013215,0.528476,-0.848845,-0.267775,0.438876,-0.85772,-0.148,0.516,0.264,0.128,0.016
15536,517.988,0.98,1,0.020548,0.520595,-0.853556,-0.213442,0.388671,-0.896313,-0.11,0.479,0.268,0.116,0.019
15537,518.022,0.98,1,0.075784,0.518426,-0.851757,-0.277757,0.434311,-0.856869,-0.118,0.509,0.275,0.105,0.007
15538,518.055,0.98,1,0.108002,0.531799,-0.839956,-0.270169,0.456792,-0.847555,-0.096,0.53,0.272,0.098,0.001
15539,518.089,0.98,1,0.120556,0.526403,-0.841645,-0.235547,0.470634,-0.850307,-0.068,0.533,0.268,0.08,-0.0
15540,518.122,0.98,1,0.135851,0.514914,-0.846409,-0.232045,0.471597,-0.850736,-0.057,0.527,0.265,0.062,0.001
15541,518.155,0.98,1,0.147261,0.457587,-0.876886,-0.171413,0.377049,-0.910193,-0.014,0.437,0.261,0.024,0.003
15542,518.189,0.98,1,0.154791,0.448035,-0.880513,-0.162429,0.37982,-0.910688,-0.004,0.433,0.262,0.008,0.002
15543,518.222,0.98,1,0.116404,0.418175,-0.900877,-0.157615,0.381587,-0.910796,-0.023,0.416,0.265,0.002,0.001
15544,518.255,0.98,1,0.117213,0.419342,-0.90023,-0.143638,0.390458,-0.909346,-0.015,0.421,0.269,-0.001,0.001
15545,518.289,0.98,1,0.115017,0.413788,-0.903078,-0.141392,0.389532,-0.910095,-0.015,0.417,0.267,-0.004,0.002
15546,518.322,0.98,1,0.113866,0.411638,-0.904206,-0.136818,0.384302,-0.913013,-0.013,0.413,0.261,-0.01,0.004
15547,518.355,0.98,1,0.121498,0.409735,-0.904077,-0.136821,0.387281,-0.911753,-0.008,0.414,0.255,-0.008,0.004
15548,518.389,0.98,1,0.116363,0.408913,-0.905124,-0.136068,0.384075,-0.913221,-0.011,0.411,0.251,-0.012,0.005
15549,518.422,0.98,1,0.129672,0.415601,-0.900256,-0.141758,0.373368,-0.916788,-0.007,0.41,0.249,-0.012,0.009
15550,518.455,0.98,1,0.133214,0.449575,-0.883254,-0.219611,0.401458,-0.889158,-0.049,0.448,0.25,0.008,0.012
15551,518.489,0.98,1,0.136198,0.500414,-0.855007,-0.199049,0.366406,-0.908915,-0.036,0.457,0.247,0.021,0.018
15552,518.522,0.98,1,-0.022205,0.492913,-0.869795,-0.169773,0.342964,-0.923879,-0.107,0.436,0.245,0.047,0.018
15553,518.555,0.98,1,-0.057427,0.48325,-0.873597,-0.201261,0.371962,-0.906167,-0.144,0.448,0.245,0.082,0.014
15554,518.589,0.98,1,-0.133803,0.467546,-0.873783,-0.251407,0.366468,-0.895821,-0.214,0.44,0.236,0.129,0.017
15555,518.622,0.98,1,0.002909,0.567816,-0.82315,-0.220539,0.53921,-0.812782,-0.132,0.595,0.257,0.161,0.016
15595,519.956,0.98,1,-0.46417,0.246148,-0.850857,-0.454847,0.409023,-0.791084,-0.51,0.38,0.252,0.338,-0.036
15596,519.989,0.98,1,-0.478409,0.274156,-0.834244,-0.462556,0.443384,-0.767758,-0.531,0.421,0.256,0.361,-0.042
15597,520.022,0.98,1,-0.498289,0.2938,-0.815714,-0.478463,0.434325,-0.763174,-0.554,0.432,0.256,0.381,-0.046
15598,520.056,0.98,1,-0.501608,0.298361,-0.812016,-0.495426,0.425933,-0.757056,-0.566,0.432,0.258,0.401,-0.05
15599,520.089,0.98,1,-0.508518,0.296437,-0.808415,-0.511715,0.420687,-0.749113,-0.58,0.431,0.26,0.425,-0.049
15600,520.122,0.98,1,-0.501886,0.307958,-0.808253,-0.535499,0.404771,-0.741216,-0.59,0.431,0.257,0.438,-0.048
15601,520.156,0.98,1,-0.514635,0.317995,-0.79626,-0.54965,0.423702,-0.719973,-0.612,0.455,0.261,0.455,-0.048
15602,520.189,0.98,1,-0.505989,0.35675,-0.785306,-0.523884,0.438596,-0.730192,-0.597,0.483,0.263,0.475,-0.051
15603,520.222,0.98,1,-0.52603,0.353655,-0.773447,-0.528267,0.433449,-0.730107,-0.612,0.482,0.263,0.481,-0.052
15604,520.256,0.98,1,-0.519949,0.35042,-0.779012,-0.55384,0.425795,-0.715514,-0.623,0.479,0.263,0.495,-0.053
15605,520.289,0.98,1,-0.51741,0.34186,-0.784486,-0.56549,0.413792,-0.713441,-0.626,0.467,0.26,0.5,-0.052
15606,520.323,0.98,1,-0.519272,0.32944,-0.788559,-0.568929,0.423757,-0.704805,-0.63,0.467,0.263,0.509,-0.054
15607,520.356,0.98,1,-0.52264,0.33606,-0.783525,-0.570154,0.419969,-0.706081,-0.633,0.47,0.261,0.514,-0.052
15608,520.389,0.98,1,-0.518986,0.371167,-0.769992,-0.566824,0.445959,-0.692698,-0.639,0.509,0.259,0.519,-0.05
15609,520.423,0.98,1,-0.504981,0.356251,-0.78618,-0.572393,0.449704,-0.685662,-0.632,0.501,0.262,0.526,-0.052
15610,520.456,0.98,1,-0.515252,0.383316,-0.76654,-0.58767,0.455905,-0.668427,-0.655,0.529,0.267,0.533,-0.056
15611,520.489,0.98,1,-0.523778,0.388479,-0.758117,-0.590211,0.448172,-0.671411,-0.662,0.53,0.262,0.542,-0.055
15612,520.523,0.98,1,-0.526165,0.408464,-0.74586,-0.590057,0.449228,-0.670841,-0.667,0.544,0.262,0.553,-0.055
15613,520.556,0.98,1,-0.544301,0.402108,-0.736237,-0.582583,0.441262,-0.682557,-0.671,0.536,0.255,0.557,-0.052
15614,520.589,0.98,1,-0.542364,0.40016,-0.738724,-0.59202,0.428689,-0.68245,-0.674,0.528,0.254,0.56,-0.051
15615,520.623,0.98,1,-0.542533,0.405383,-0.735746,-0.58276,0.430804,-0.689056,-0.668,0.531,0.255,0.566,-0.052
15616,520.656,0.98,1,-0.548339,0.411481,-0.728016,-0.571297,0.43765,-0.694321,-0.667,0.538,0.271,0.58,-0.062
15617,520.689,0.98,1,-0.539251,0.405337,-0.738181,-0.581517,0.435981,-0.686847,-0.666,0.533,0.271,0.575,-0.058
15618,520.723,0.98,1,-0.503128,0.441736,-0.742786,-0.568724,0.44028,-0.694771,-0.641,0.55,0.269,0.558,-0.059
15619,520.756,0.98,1,-0.293552,0.459305,-0.838371,-0.625734,0.390559,-0.675219,-0.546,0.512,0.273,0.539,-0.059
15620,520.789,0.98,1,-0.312624,0.483455,-0.817641,-0.489429,0.427607,-0.760008,-0.47,0.524,0.273,0.485,-0.053
15621,520.823,0.98,1,-0.288215,0.468238,-0.835276,-0.443049,0.431128,-0.786026,-0.424,0.506,0.267,0.417,-0.046
15622,520.856,0.98,1,-0.094423,0.463682,-0.880956,-0.385573,0.338291,-0.858424,-0.269,0.432,0.272,0.349,-0.045
15623,520.889,0.93,1,-0.086001,0.468103,-0.879479,-0.357418,0.462412,-0.811436,-0.256,0.503,0.266,0.301,-0.05
15624,520.923,0.98,1,-0.104074,0.47695,-0.872747,-0.345918,0.474951,-0.809174,-0.261,0.515,0.272,0.274,-0.052
15625,520.956,0.98,1,-0.096731,0.462367,-0.881396,-0.345324,0.449437,-0.823867,-0.254,0.491,0.282,0.257,-0.048
15626,520.989,0.98,1,-0.080621,0.453246,-0.887732,-0.315729,0.425435,-0.848127,-0.224,0.469,0.289,0.242,-0.04
15627,521.023,0.98,1,-0.063079,0.457093,-0.887179,-0.317172,0.427665,-0.846466,-0.216,0.472,0.292,0.231,-0.031
15628,521.056,0.98,1,-0.078809,0.445443,-0.891835,-0.294215,0.433984,-0.851525,-0.211,0.467,0.294,0.222,-0.022
15629,521.089,0.98,1,-0.080628,0.445401,-0.891693,-0.288122,0.429775,-0.855733,-0.208,0.464,0.295,0.213,-0.016
15630,521.123,0.98,1,-0.071764,0.445868,-0.892217,-0.295459,0.428597,-0.85382,-0.207,0.464,0.296,0.202,-0.01
15631,521.156,0.98,1,-0.065156,0.456298,-0.887438,-0.285508,0.434499,-0.854222,-0.199,0.473,0.299,0.194,-0.007
15632,521.189,0.98,1,-0.039851,0.455116,-0.88954,-0.270532,0.444194,-0.85411,-0.176,0.476,0.301,0.186,-0.003
15633,521.223,0.98,1,0.053427,0.466093,-0.883121,-0.24501,0.450799,-0.858341,-0.11,0.485,0.303,0.179,0.001
15634,521.256,0.98,1,0.071594,0.469568,-0.879989,-0.224445,0.456874,-0.86075,-0.088,0.489,0.303,0.17,0.008
15635,521.289,0.98,1,0.065113,0.475078,-0.877531,-0.198658,0.457586,-0.866689,-0.076,0.491,0.303,0.16,0.015
15636,521.323,0.98,1,0.056495,0.472557,-0.879488,-0.181404,0.455304,-0.87166,-0.071,0.487,0.307,0.154,0.017
15637,521.356,0.98,1,0.065716,0.491693,-0.868285,-0.169274,0.457548,-0.872924,-0.059,0.499,0.326,0.147,-0.004
15638,521.389,0.98,1,0.059979,0.493216,-0.867837,-0.17607,0.445672,-0.877711,-0.066,0.493,0.321,0.16,-0.015
15694,523.257,0.98,1,-0.136319,0.402703,-0.905123,-0.307626,0.360871,-0.88042,-0.244,0.404,0.242,0.284,0.012
15695,523.29,0.98,1,-0.01889,0.441529,-0.897048,-0.305632,0.465285,-0.830722,-0.186,0.483,0.246,0.267,0.011
15696,523.323,0.98,1,0.015602,0.529954,-0.847883,-0.274285,0.414961,-0.867511,-0.15,0.503,0.249,0.23,0.012
15697,523.357,0.98,1,0.049094,0.549312,-0.834174,-0.24725,0.409852,-0.878003,-0.115,0.511,0.265,0.184,0.012
15698,523.39,0.98,1,0.089868,0.545487,-0.833287,-0.237734,0.408455,-0.881276,-0.086,0.508,0.278,0.142,0.011
15699,523.423,0.98,1,0.090465,0.504878,-0.858437,-0.253779,0.379236,-0.889818,-0.093,0.468,0.298,0.108,0.005
15700,523.457,0.98,1,0.110518,0.485176,-0.867404,-0.284817,0.367892,-0.885175,-0.099,0.453,0.298,0.098,-0.0
15701,523.49,0.98,1,0.106422,0.487685,-0.866509,-0.287315,0.363036,-0.886372,-0.103,0.452,0.3,0.093,0.002
15702,523.523,0.98,1,0.136613,0.496874,-0.857002,-0.27914,0.363044,-0.888977,-0.081,0.458,0.302,0.095,0.009
15703,523.557,0.98,1,0.137734,0.502885,-0.853309,-0.289166,0.359882,-0.887056,-0.087,0.46,0.308,0.099,0.017
15704,523.59,0.98,1,0.132512,0.507504,-0.851399,-0.269957,0.357592,-0.894009,-0.079,0.46,0.317,0.099,0.023
15705,523.624,0.98,1,0.125209,0.505049,-0.85396,-0.276447,0.36103,-0.890637,-0.086,0.461,0.324,0.101,0.03
15706,523.657,0.98,1,0.116311,0.508234,-0.853329,-0.290483,0.348221,-0.89127,-0.1,0.456,0.333,0.104,0.036
15707,523.69,0.98,1,0.106545,0.504153,-0.857017,-0.283638,0.347301,-0.89383,-0.101,0.453,0.342,0.109,0.043
15708,523.724,0.98,1,0.10591,0.491598,-0.864358,-0.287116,0.347384,-0.892686,-0.103,0.445,0.354,0.11,0.049
15709,523.757,0.98,1,0.097208,0.494159,-0.86392,-0.296366,0.337476,-0.893464,-0.113,0.442,0.359,0.104,0.057
15710,523.79,0.98,1,0.091672,0.493496,-0.864903,-0.323295,0.340829,-0.882789,-0.132,0.445,0.369,0.101,0.063
15711,523.824,0.98,1,0.071397,0.495896,-0.865442,-0.33578,0.339542,-0.878614,-0.15,0.447,0.374,0.097,0.066
15712,523.857,0.98,1,0.085153,0.505129,-0.858833,-0.316757,0.353786,-0.880057,-0.132,0.459,0.38,0.092,0.068
15713,523.89,0.98,1,0.06998,0.515825,-0.853831,-0.317302,0.358464,-0.877965,-0.142,0.468,0.385,0.095,0.071
15714,523.924,0.98,1,0.026449,0.504936,-0.862751,-0.315834,0.327518,-0.890495,-0.164,0.443,0.384,0.099,0.075
15715,523.957,0.98,1,0.045734,0.497825,-0.866071,-0.306716,0.349794,-0.885194,-0.148,0.451,0.374,0.102,0.073
15716,523.99,0.98,1,0.072398,0.508737,-0.857872,-0.287527,0.365833,-0.885152,-0.123,0.465,0.378,0.095,0.067
15717,524.024,0.98,1,0.090489,0.494944,-0.8642,-0.305371,0.359938,-0.881586,-0.122,0.455,0.365,0.096,0.066
15718,524.057,0.98,1,0.117047,0.493035,-0.8621,-0.305885,0.361683,-0.880693,-0.108,0.456,0.367,0.082,0.065
15719,524.09,0.98,1,0.107895,0.488161,-0.866059,-0.299793,0.376327,-0.876643,-0.11,0.46,0.372,0.071,0.065
15720,524.124,0.98,1,0.077032,0.470112,-0.879239,-0.289117,0.389418,-0.874508,-0.12,0.456,0.381,0.054,0.066
15721,524.157,0.98,1,-0.08723,0.522349,-0.848259,-0.316163,0.402292,-0.859187,-0.232,0.496,0.384,0.044,0.073
15722,524.19,0.98,1,-0.033263,0.516359,-0.855726,-0.328654,0.393691,-0.858484,-0.208,0.488,0.39,0.046,0.077
15723,524.224,0.98,1,-0.019154,0.525186,-0.850772,-0.338725,0.3979,-0.852609,-0.207,0.497,0.397,0.051,0.085
15724,524.257,0.98,1,-0.030808,0.516264,-0.855875,-0.339976,0.396181,-0.852911,-0.214,0.49,0.405,0.059,0.091
15725,524.29,0.98,1,-0.048693,0.504852,-0.861831,-0.326046,0.402076,-0.855587,-0.215,0.486,0.417,0.074,0.095
15726,524.324,0.98,1,0.005275,0.50859,-0.860993,-0.333585,0.391974,-0.857366,-0.189,0.483,0.425,0.083,0.103
15727,524.357,0.98,1,0.032088,0.530902,-0.846825,-0.337953,0.397511,-0.853096,-0.178,0.5,0.432,0.089,0.111
15728,524.39,0.98,1,-0.008908,0.537711,-0.843082,-0.349139,0.400037,-0.847392,-0.209,0.506,0.439,0.102,0.116
15729,524.424,0.98,1,0.011167,0.551483,-0.834112,-0.345923,0.40488,-0.84641,-0.197,0.517,0.443,0.105,0.118
15730,524.457,0.98,1,-0.004891,0.55084,-0.834597,-0.342116,0.401445,-0.849587,-0.203,0.515,0.446,0.11,0.12
15731,524.49,0.98,1,-0.001011,0.55106,-0.834465,-0.342385,0.395157,-0.852422,-0.201,0.511,0.449,0.107,0.12
15732,524.524,0.98,1,-0.001906,0.552025,-0.833826,-0.336193,0.398219,-0.853461,-0.198,0.513,0.453,0.103,0.119
15733,524.557,0.98,1,-0.014319,0.540889,-0.840972,-0.329033,0.409052,-0.851125,-0.2,0.512,0.461,0.098,0.117
15734,524.59,0.98,1,-0.019593,0.540614,-0.841043,-0.338963,0.389852,-0.856224,-0.208,0.501,0.462,0.1,0.115
15735,524.624,0.98,1,-0.022384,0.542383,-0.839833,-0.339678,0.403462,-0.84961,-0.211,0.51,0.463,0.1,0.114
15736,524.657,0.98,1,-0.024392,0.540447,-0.841024,-0.329603,0.397625,-0.856304,-0.206,0.505,0.457,0.104,0.11
15737,524.69,0.98,1,-0.001202,0.548367,-0.836237,-0.328252,0.408252,-0.851811,-0.193,0.516,0.458,0.089,0.108
15738,524.724,0.98,1,-0.03015,0.570788,-0.820543,-0.330771,0.432331,-0.838857,-0.214,0.544,0.461,0.062,0.108
15739,524.757,0.98,1,-0.057513,0.581404,-0.81158,-0.320944,0.444955,-0.836068,-0.226,0.557,0.465,0.042,0.102
15740,524.791,0.98,1,-0.089142,0.579746,-0.809906,-0.319938,0.437034,-0.840619,-0.243,0.552,0.47,0.031,0.095
15741,524.824,0.98,1,-0.113011,0.581981,-0.805312,-0.334111,0.435397,-0.835942,-0.266,0.555,0.472,0.024,0.094
15742,524.857,0.98,1,-0.109334,0.585206,-0.80348,-0.334151,0.433651,-0.836833,-0.264,0.556,0.47,0.022,0.092
15743,524.891,0.98,1,-0.106784,0.586583,-0.802819,-0.323677,0.44361,-0.835729,-0.257,0.561,0.469,0.015,0.093
15744,524.924,0.98,1,-0.100381,0.58262,-0.806522,-0.319075,0.448183,-0.835059,-0.25,0.561,0.471,0.013,0.092
15745,524.957,0.98,1,-0.110018,0.586391,-0.802522,-0.322319,0.451681,-0.831922,-0.259,0.566,0.473,0.015,0.092
15746,524.991,0.98,1,-0.127196,0.5739,-0.808987,-0.330225,0.44906,-0.830239,-0.272,0.558,0.473,0.017,0.091
15747,525.024,0.98,1,-0.143547,0.571451,-0.807984,-0.335014,0.44833,-0.828713,-0.284,0.557,0.477,0.019,0.092
15748,525.057,0.98,1,-0.142471,0.574834,-0.805771,-0.338445,0.436762,-0.833483,-0.285,0.553,0.473,0.021,0.096
15749,525.091,0.98,1,-0.134981,0.569631,-0.810741,-0.335291,0.430196,-0.838159,-0.278,0.545,0.472,0.022,0.098
15750,525.124,0.98,1,-0.101628,0.590223,-0.800817,-0.343358,0.44273,-0.828309,-0.267,0.565,0.472,0.031,0.095
15751,525.157,0.98,1,-0.155183,0.582873,-0.797607,-0.328838,0.44836,-0.831167,-0.289,0.564,0.476,0.023,0.1
15752,525.191,0.98,1,-0.111567,0.600493,-0.791809,-0.342169,0.447945,-0.825994,-0.273,0.575,0.471,0.027,0.1
15753,525.224,0.98,1,-0.110605,0.583472,-0.804566,-0.301751,0.478189,-0.824792,-0.248,0.577,0.473,0.042,0.089
15754,525.257,0.98,1,0.013006,0.657065,-0.753722,-0.184098,0.572844,-0.798723,-0.11,0.67,0.477,0.04,0.079
15755,525.291,0.98,1,0.062785,0.621672,-0.780757,-0.161532,0.559165,-0.813168,-0.062,0.638,0.481,0.052,0.074
15756,525.324,0.98,1,0.063745,0.602727,-0.795397,-0.155703,0.553795,-0.817966,-0.057,0.622,0.479,0.059,0.072
15757,525.357,0.98,1,0.068805,0.58782,-0.80606,-0.155983,0.547736,-0.821982,-0.053,0.609,0.476,0.064,0.072
15758,525.391,0.98,1,0.060224,0.590665,-0.804666,-0.171596,0.554019,-0.814627,-0.069,0.615,0.476,0.067,0.072
15759,525.424,0.98,1,0.066422,0.589606,-0.804955,-0.165012,0.539102,-0.825918,-0.06,0.605,0.475,0.072,0.069
15760,525.457,0.98,1,0.058875,0.580132,-0.812392,-0.173752,0.53761,-0.825097,-0.07,0.599,0.47,0.073,0.068
15761,525.491,0.98,1,0.053147,0.570283,-0.819728,-0.176624,0.513938,-0.839447,-0.074,0.579,0.468,0.073,0.065
15762,525.524,0.98,1,0.030641,0.541042,-0.840437,-0.186335,0.483061,-0.85553,-0.092,0.543,0.465,0.073,0.064
15763,525.557,0.98,1,0.049489,0.550204,-0.833562,-0.186556,0.471755,-0.861768,-0.081,0.542,0.458,0.077,0.063
15764,525.591,0.98,1,0.052215,0.545527,-0.836465,-0.179894,0.472907,-0.862553,-0.075,0.54,0.456,0.077,0.061
15765,525.624,0.98,1,0.071876,0.547931,-0.83343,-0.177553,0.465496,-0.867057,-0.062,0.537,0.449,0.076,0.061
15766,525.657,0.98,1,0.068052,0.54279,-0.837107,-0.17354,0.436415,-0.882851,-0.061,0.518,0.445,0.067,0.059
15767,525.691,0.98,1,0.086597,0.527474,-0.845146,-0.156226,0.411087,-0.89811,-0.04,0.494,0.439,0.064,0.057
15768,525.724,0.98,1,0.093156,0.52955,-0.843148,-0.160402,0.412513,-0.896719,-0.039,0.496,0.432,0.063,0.055
15769,525.757,0.98,1,0.104023,0.542174,-0.833803,-0.154146,0.415534,-0.896421,-0.029,0.506,0.427,0.065,0.052
15770,525.791,0.98,1,0.094241,0.510472,-0.854714,-0.161381,0.409332,-0.898,-0.038,0.483,0.42,0.069,0.052
15771,525.824,0.98,1,-0.049534,0.543469,-0.837967,-0.157637,0.298521,-0.941295,-0.116,0.442,0.409,0.078,0.05
15772,525.858,0.98,1,-0.116289,0.430568,-0.895035,-0.206402,0.261982,-0.942743,-0.174,0.36,0.398,0.112,0.044
15773,525.891,0.98,1,-0.242803,0.289085,-0.926,-0.376194,0.437219,-0.816895,-0.341,0.395,0.383,0.175,0.03
15774,525.924,0.98,1,-0.33284,0.23343,-0.913635,-0.450736,0.418008,-0.788737,-0.431,0.365,0.367,0.259,0.019
15777,526.024,0.98,1,-0.355692,0.19582,-0.913859,-0.519088,0.42316,-0.74262,-0.486,0.358,0.305,0.413,0.032
15778,526.058,0.98,1,-0.418098,0.19249,-0.887773,-0.552975,0.450811,-0.700705,-0.549,0.385,0.302,0.449,0.032
15779,526.091,0.98,1,-0.556446,0.166321,-0.814067,-0.638522,0.436841,-0.633609,-0.69,0.395,0.313,0.5,0.036
15780,526.124,0.98,1,-0.57204,0.254726,-0.77967,-0.658517,0.474346,-0.584252,-0.734,0.491,0.3,0.551,0.041
15781,526.158,0.98,1,-0.548119,0.282386,-0.787289,-0.683154,0.44597,-0.578283,-0.734,0.49,0.311,0.578,0.017
15782,526.191,0.98,1,-0.493221,0.284492,-0.822069,-0.721346,0.388025,-0.57367,-0.716,0.449,0.342,0.597,-0.035
15783,526.224,0.93,1,-0.494562,0.279774,-0.822882,-0.730363,0.462142,-0.502986,-0.746,0.51,0.399,0.707,-0.097
15784,526.258,0.98,1,-0.517828,0.294972,-0.803023,-0.719154,0.466991,-0.514526,-0.754,0.524,0.417,0.746,-0.121
15785,526.291,0.98,1,-0.516037,0.295813,-0.803866,-0.70717,0.434025,-0.558152,-0.732,0.492,0.418,0.748,-0.122
15786,526.324,0.98,1,-0.518456,0.292674,-0.803458,-0.674601,0.436809,-0.595073,-0.706,0.481,0.422,0.744,-0.13
15787,526.358,0.98,1,-0.509329,0.299763,-0.806676,-0.672744,0.441337,-0.593833,-0.701,0.487,0.421,0.745,-0.13
15788,526.391,0.98,1,-0.504635,0.292211,-0.812376,-0.652043,0.459972,-0.602715,-0.685,0.489,0.408,0.738,-0.116
15789,526.424,0.98,1,-0.489081,0.31836,-0.812063,-0.694712,0.456607,-0.555775,-0.713,0.515,0.403,0.762,-0.12
15790,526.458,0.98,1,-0.483823,0.313469,-0.8171,-0.689296,0.447546,-0.569714,-0.702,0.502,0.396,0.745,-0.114
15791,526.491,0.98,1,-0.492256,0.302181,-0.816315,-0.68789,0.453965,-0.566324,-0.707,0.5,0.389,0.739,-0.111
15792,526.524,0.98,1,-0.485862,0.299404,-0.821155,-0.689149,0.44463,-0.572169,-0.701,0.49,0.377,0.731,-0.099
15793,526.558,0.93,1,-0.4852,0.312049,-0.816827,-0.677736,0.459223,-0.574272,-0.696,0.506,0.37,0.717,-0.088
15794,526.591,0.98,1,-0.50071,0.331746,-0.799522,-0.655382,0.44771,-0.608302,-0.688,0.506,0.364,0.725,-0.077
15795,526.624,0.98,1,-0.441822,0.435071,-0.784542,-0.649577,0.487153,-0.583723,-0.673,0.593,0.362,0.724,-0.077
15796,526.658,0.98,1,-0.439694,0.446795,-0.77913,-0.656812,0.492712,-0.570818,-0.682,0.608,0.35,0.717,-0.07
15797,526.691,0.93,1,-0.436222,0.43902,-0.785476,-0.656356,0.492476,-0.571546,-0.678,0.602,0.337,0.7,-0.062
15798,526.724,0.98,1,-0.409179,0.454886,-0.790981,-0.642266,0.474987,-0.601567,-0.647,0.589,0.312,0.72,-0.038
15799,526.758,0.98,1,-0.472479,0.388942,-0.790877,-0.66317,0.358983,-0.656762,-0.665,0.477,0.301,0.749,-0.024
15800,526.791,0.98,1,-0.465414,0.376936,-0.800817,-0.650977,0.384438,-0.65455,-0.654,0.482,0.293,0.743,-0.013
15801,526.824,0.98,1,-0.464741,0.378214,-0.800606,-0.638567,0.360421,-0.679948,-0.64,0.463,0.297,0.741,-0.012
15802,526.858,0.98,1,-0.459389,0.376976,-0.80427,-0.633542,0.350144,-0.689945,-0.632,0.453,0.29,0.743,-0.006
15803,526.891,0.98,1,-0.454932,0.368692,-0.810619,-0.625314,0.349687,-0.69764,-0.622,0.445,0.286,0.742,-0.003
15804,526.924,0.98,1,-0.461068,0.372938,-0.805192,-0.612178,0.341435,-0.713204,-0.615,0.44,0.276,0.735,0.005
15805,526.958,0.98,1,-0.461321,0.364899,-0.808722,-0.623323,0.343584,-0.702438,-0.623,0.438,0.27,0.733,0.011
15806,526.991,0.98,1,-0.461293,0.364375,-0.808974,-0.621974,0.339889,-0.705425,-0.621,0.435,0.265,0.732,0.016
15807,527.025,0.98,1,-0.447915,0.349899,-0.822765,-0.606917,0.336025,-0.720235,-0.6,0.418,0.269,0.73,0.016
15808,527.058,0.98,1,-0.440813,0.367271,-0.819021,-0.612683,0.346817,-0.710167,-0.603,0.437,0.278,0.734,0.01
15809,527.091,0.98,1,-0.450569,0.384372,-0.805758,-0.605515,0.349682,-0.714895,-0.607,0.45,0.29,0.737,0.004
15810,527.125,0.98,1,-0.448649,0.361736,-0.817228,-0.609924,0.326894,-0.721896,-0.602,0.421,0.289,0.76,0.007
15811,527.158,0.88,1,-0.459868,0.349563,-0.816289,-0.578415,0.319086,-0.750746,-0.585,0.403,0.29,0.777,0.009
15812,527.191,0.98,1,-0.458269,0.356738,-0.81408,-0.600647,0.304189,-0.739386,-0.598,0.402,0.293,0.794,0.005
15813,527.225,0.98,1,-0.456567,0.351934,-0.817122,-0.607098,0.308162,-0.73244,-0.602,0.403,0.29,0.803,0.008
15814,527.258,0.88,1,-0.450485,0.360374,-0.816819,-0.597233,0.333765,-0.729325,-0.596,0.422,0.294,0.806,0.007
15815,527.291,0.88,1,-0.462863,0.364281,-0.80812,-0.589206,0.329505,-0.737742,-0.598,0.422,0.304,0.808,0.003
15816,527.325,0.88,1,-0.457349,0.35332,-0.816086,-0.606293,0.317997,-0.728894,-0.603,0.41,0.297,0.806,0.005
15818,527.391,0.88,1,-0.464346,0.35521,-0.811301,-0.591153,0.318963,-0.740811,-0.597,0.41,0.301,0.803,0.006
15819,527.425,0.88,1,-0.448299,0.367781,-0.814718,-0.588352,0.318308,-0.743318,-0.587,0.415,0.301,0.8,0.009
15820,527.458,0.88,1,-0.457826,0.371263,-0.807811,-0.589385,0.316936,-0.743086,-0.594,0.418,0.302,0.794,0.011
15822,527.525,0.88,1,-0.458591,0.354904,-0.814701,-0.582847,0.32879,-0.743093,-0.589,0.414,0.312,0.802,0.003
15824,527.591,0.88,1,-0.482134,0.34665,-0.8046,-0.593682,0.326407,-0.735527,-0.61,0.412,0.316,0.801,0.002
15825,527.625,0.88,1,-0.470686,0.338035,-0.814977,-0.59837,0.326215,-0.731804,-0.605,0.406,0.317,0.794,0.004
15827,527.691,0.88,1,-0.505894,0.339073,-0.793159,-0.644302,0.305583,-0.701067,-0.656,0.407,0.308,0.783,0.015
15828,527.725,0.88,1,-0.45726,0.374993,-0.806408,-0.586756,0.328099,-0.740316,-0.594,0.427,0.32,0.791,0.006
15829,527.758,0.88,1,-0.51458,0.326118,-0.793004,-0.62798,0.320447,-0.709193,-0.65,0.406,0.311,0.78,0.013
15830,527.791,0.88,1,-0.462205,0.38649,-0.798118,-0.602933,0.332838,-0.725045,-0.61,0.441,0.324,0.793,0.004
15832,527.858,0.88,1,-0.526333,0.349465,-0.775144,-0.603742,0.321822,-0.729332,-0.644,0.42,0.31,0.784,0.015
15833,527.891,0.88,1,-0.454048,0.387656,-0.802224,-0.596137,0.33565,-0.729356,-0.601,0.441,0.319,0.787,0.011
15834,527.925,0.88,1,-0.439477,0.405985,-0.801271,-0.596606,0.332253,-0.730527,-0.595,0.449,0.314,0.784,0.017
15835,527.958,0.88,1,-0.445675,0.413487,-0.793979,-0.605281,0.328888,-0.724892,-0.605,0.455,0.311,0.786,0.021
15836,527.991,0.88,1,-0.446248,0.394573,-0.803228,-0.603552,0.324894,-0.728127,-0.601,0.439,0.317,0.79,0.019
15837,528.025,0.88,1,-0.457623,0.395128,-0.796527,-0.614904,0.319419,-0.721016,-0.615,0.44,0.319,0.794,0.018
15838,528.058,0.88,1,-0.469179,0.388884,-0.792869,-0.625002,0.314209,-0.714595,-0.628,0.436,0.325,0.805,0.015
15839,528.092,0.88,1,-0.472636,0.388705,-0.790901,-0.618055,0.305965,-0.72415,-0.624,0.43,0.324,0.805,0.017
15840,528.125,0.88,1,-0.45601,0.409825,-0.789999,-0.600795,0.321395,-0.73195,-0.607,0.448,0.338,0.804,0.01
15841,528.158,0.88,1,-0.450413,0.424606,-0.78539,-0.600028,0.319515,-0.733401,-0.605,0.456,0.341,0.808,0.011
15842,528.192,0.88,1,-0.449221,0.419648,-0.78873,-0.577898,0.324113,-0.748989,-0.589,0.451,0.346,0.802,0.009
15843,528.225,0.88,1,-0.448393,0.426985,-0.785257,-0.596771,0.313282,-0.738728,-0.601,0.452,0.338,0.807,0.016
15844,528.258,0.88,1,-0.444742,0.423646,-0.789131,-0.593838,0.319366,-0.738486,-0.597,0.453,0.338,0.807,0.015
15845,528.292,0.88,1,-0.447936,0.41678,-0.790979,-0.599152,0.303792,-0.740762,-0.6,0.44,0.338,0.811,0.015
15846,528.325,0.88,1,-0.454614,0.397375,-0.797132,-0.596287,0.297705,-0.745529,-0.598,0.423,0.33,0.813,0.016
15847,528.358,0.88,1,-0.47921,0.382509,-0.789964,-0.610929,0.315557,-0.726078,-0.623,0.432,0.324,0.82,0.012
15848,528.392,0.88,1,-0.479897,0.37111,-0.794969,-0.634666,0.303156,-0.710842,-0.637,0.421,0.32,0.827,0.013
15849,528.425,0.88,1,-0.483733,0.372846,-0.791826,-0.641617,0.303171,-0.704567,-0.645,0.424,0.319,0.829,0.014
15850,528.458,0.88,1,-0.47259,0.388946,-0.79081,-0.628498,0.307407,-0.714486,-0.632,0.433,0.326,0.826,0.01
15851,528.492,0.88,1,-0.494964,0.362569,-0.789655,-0.629624,0.302737,-0.715489,-0.642,0.416,0.321,0.827,0.012
15852,528.525,0.88,1,-0.474997,0.391022,-0.78834,-0.639616,0.315209,-0.701096,-0.642,0.443,0.332,0.837,0.004
15853,528.558,0.88,1,-0.495613,0.371465,-0.7851,-0.629795,0.30008,-0.716456,-0.643,0.421,0.333,0.834,0.001
15854,528.592,0.88,1,-0.544403,0.368806,-0.753398,-0.61615,0.30418,-0.726521,-0.665,0.427,0.346,0.838,-0.008
15855,528.625,0.88,1,-0.507875,0.399789,-0.763041,-0.624686,0.290376,-0.724878,-0.651,0.434,0.348,0.838,-0.01
15856,528.658,0.88,1,-0.501859,0.382813,-0.775623,-0.630239,0.300815,-0.715757,-0.649,0.43,0.347,0.846,-0.015
15857,528.692,0.88,1,-0.498552,0.413021,-0.762142,-0.622088,0.310919,-0.718565,-0.648,0.455,0.353,0.847,-0.019
15858,528.725,0.88,1,-0.525236,0.372361,-0.765163,-0.638855,0.31332,-0.702634,-0.671,0.437,0.346,0.845,-0.015
15859,528.758,0.88,1,-0.535918,0.367535,-0.760072,-0.641195,0.327595,-0.693938,-0.681,0.446,0.349,0.844,-0.016
15860,528.792,0.98,1,-0.527036,0.392039,-0.754015,-0.650378,0.331191,-0.683609,-0.686,0.466,0.351,0.847,-0.017
15861,528.825,0.88,1,-0.52598,0.380252,-0.760758,-0.633411,0.317131,-0.705845,-0.669,0.444,0.348,0.835,-0.014
15862,528.858,0.88,1,-0.528946,0.370349,-0.763582,-0.636943,0.310638,-0.705555,-0.671,0.434,0.353,0.844,-0.021
15863,528.892,0.88,1,-0.529266,0.378589,-0.759308,-0.632369,0.316825,-0.706917,-0.67,0.443,0.36,0.839,-0.023
15864,528.925,0.98,1,-0.529372,0.375799,-0.760619,-0.622066,0.325807,-0.711958,-0.664,0.445,0.359,0.839,-0.025
15865,528.958,0.93,1,-0.529416,0.379095,-0.758951,-0.625961,0.336136,-0.703694,-0.669,0.455,0.357,0.844,-0.027
15866,528.992,0.88,1,-0.543164,0.36353,-0.756848,-0.627609,0.343938,-0.698437,-0.677,0.452,0.349,0.843,-0.024
15867,529.025,0.88,1,-0.52878,0.365792,-0.76589,-0.618525,0.344264,-0.706335,-0.662,0.449,0.356,0.845,-0.031
15868,529.058,0.88,1,-0.527077,0.359761,-0.76991,-0.620755,0.329898,-0.711217,-0.659,0.436,0.343,0.846,-0.025
15869,529.092,0.88,1,-0.528911,0.363166,-0.767049,-0.621088,0.334359,-0.70884,-0.662,0.441,0.351,0.843,-0.028
15870,529.125,0.88,1,-0.561611,0.341894,-0.75346,-0.623871,0.318939,-0.713486,-0.68,0.423,0.34,0.842,-0.023
15871,529.158,0.88,1,-0.597581,0.326333,-0.732396,-0.617259,0.321047,-0.718276,-0.697,0.42,0.359,0.843,-0.037
15872,529.192,0.88,1,-0.619298,0.312653,-0.720221,-0.675901,0.364889,-0.640323,-0.761,0.462,0.363,0.841,-0.043
15873,529.225,0.88,1,-0.63382,0.291419,-0.716483,-0.718618,0.346608,-0.602869,-0.798,0.45,0.359,0.854,-0.044
15874,529.259,0.88,1,-0.618038,0.345393,-0.70621,-0.733406,0.345816,-0.585258,-0.808,0.491,0.369,0.865,-0.04
15875,529.292,0.88,1,-0.560754,0.378843,-0.736229,-0.728399,0.37018,-0.576544,-0.776,0.518,0.368,0.851,-0.021
15876,529.325,0.88,1,-0.536268,0.418711,-0.73287,-0.725641,0.461925,-0.509971,-0.793,0.616,0.375,0.843,-0.035
15877,529.359,0.88,1,-0.577205,0.404469,-0.709393,-0.697808,0.506717,-0.506263,-0.809,0.643,0.414,0.853,-0.068
15878,529.392,0.98,1,-0.559849,0.406631,-0.721956,-0.806204,0.430391,-0.405955,-0.881,0.638,0.451,0.856,-0.091
15879,529.425,0.98,1,-0.556572,0.403151,-0.726427,-0.796636,0.401517,-0.451836,-0.854,0.599,0.482,0.878,-0.115
15880,529.459,0.98,1,-0.557604,0.406892,-0.723544,-0.792946,0.416727,-0.444495,-0.858,0.614,0.487,0.873,-0.123
15881,529.492,0.98,1,-0.557548,0.410539,-0.721525,-0.786158,0.388546,-0.480612,-0.841,0.587,0.484,0.874,-0.124
15882,529.525,0.98,1,-0.546066,0.415556,-0.72741,-0.761691,0.434328,-0.480818,-0.825,0.613,0.48,0.874,-0.127
15883,529.559,0.98,1,-0.557866,0.413182,-0.719768,-0.775547,0.434628,-0.45785,-0.847,0.624,0.458,0.865,-0.114
15884,529.592,0.98,1,-0.552393,0.410407,-0.725554,-0.650651,0.454184,-0.608581,-0.734,0.575,0.465,0.858,-0.106
15885,529.625,0.98,1,-0.497761,0.405522,-0.766672,-0.682911,0.409632,-0.604843,-0.711,0.536,0.411,0.832,-0.094
15886,529.659,0.93,1,-0.426331,0.402957,-0.809857,-0.680618,0.434523,-0.589872,-0.669,0.539,0.38,0.782,-0.088
15887,529.692,0.88,1,-0.430335,0.460168,-0.776568,-0.623403,0.50783,-0.594539,-0.655,0.615,0.429,0.803,-0.124
15888,529.725,0.93,1,-0.267231,0.539945,-0.798152,-0.394017,0.461335,-0.794934,-0.393,0.561,0.337,0.433,-0.09
15889,529.759,0.88,1,-0.365423,0.497103,-0.786991,-0.509821,0.554283,-0.657916,-0.545,0.629,0.342,0.452,-0.08
15890,529.792,0.93,1,0.053124,0.45333,-0.889758,-0.244016,0.45314,-0.857392,-0.109,0.479,0.303,0.258,-0.078
15891,529.825,0.98,1,0.07178,0.49626,-0.865201,-0.149354,0.466434,-0.871856,-0.045,0.506,0.289,0.205,-0.062
15892,529.859,0.98,1,0.068138,0.509261,-0.85791,-0.161516,0.524521,-0.835937,-0.055,0.548,0.292,0.173,-0.043
15893,529.892,0.93,1,0.115848,0.522415,-0.844785,-0.170498,0.512382,-0.841662,-0.032,0.55,0.303,0.146,-0.019
15894,529.925,0.93,1,0.129163,0.545061,-0.828387,-0.158868,0.528198,-0.834127,-0.018,0.573,0.312,0.122,0.001
15895,529.959,0.98,1,0.122198,0.558998,-0.820115,-0.153548,0.538693,-0.828391,-0.019,0.587,0.324,0.087,0.008
15896,529.992,0.98,1,0.134643,0.571245,-0.809661,-0.167383,0.541653,-0.823769,-0.02,0.598,0.334,0.073,0.007
15897,530.025,0.98,1,0.119141,0.569655,-0.813203,-0.175828,0.53748,-0.824742,-0.035,0.594,0.34,0.066,0.011
15898,530.059,0.98,1,0.099374,0.565076,-0.819032,-0.167963,0.503358,-0.847596,-0.041,0.57,0.342,0.059,0.017
15899,530.092,0.98,1,0.083396,0.5601,-0.824217,-0.192605,0.490623,-0.849819,-0.065,0.561,0.337,0.058,0.028
15900,530.125,0.98,1,0.062503,0.538055,-0.840589,-0.180579,0.46505,-0.866671,-0.069,0.531,0.331,0.053,0.036
15901,530.159,0.98,1,0.083074,0.505767,-0.858661,-0.176406,0.437395,-0.881797,-0.054,0.497,0.337,0.046,0.039
15902,530.192,0.98,1,0.060631,0.491368,-0.868839,-0.200079,0.401974,-0.893524,-0.079,0.469,0.343,0.05,0.039
15903,530.225,0.98,1,0.064759,0.494375,-0.866833,-0.201535,0.411473,-0.888861,-0.078,0.476,0.347,0.053,0.04
15904,530.259,0.98,1,0.116684,0.490833,-0.863405,-0.207047,0.419684,-0.88374,-0.052,0.48,0.346,0.045,0.045
15905,530.292,0.98,1,0.099329,0.501027,-0.859713,-0.20647,0.450437,-0.868606,-0.062,0.503,0.343,0.034,0.05
15906,530.326,0.98,1,0.089023,0.522407,-0.848037,-0.211344,0.514396,-0.831102,-0.073,0.553,0.34,0.022,0.052
15907,530.359,0.98,1,0.08208,0.529367,-0.844413,-0.191687,0.509583,-0.838798,-0.065,0.553,0.333,0.009,0.054
15908,530.392,0.98,1,0.075026,0.518006,-0.852081,-0.179523,0.497002,-0.848976,-0.061,0.538,0.329,-0.008,0.052
15909,530.426,0.98,1,0.088803,0.508217,-0.856639,-0.168351,0.475701,-0.863346,-0.046,0.52,0.318,-0.02,0.055
15910,530.459,0.98,1,0.104444,0.516405,-0.849951,-0.158496,0.500509,-0.851099,-0.032,0.539,0.311,-0.026,0.056
15911,530.492,0.98,1,0.10707,0.518166,-0.848552,-0.163683,0.474571,-0.864865,-0.033,0.525,0.309,-0.032,0.058
15912,530.526,0.98,1,0.097865,0.516496,-0.850679,-0.169806,0.468165,-0.867172,-0.042,0.52,0.306,-0.032,0.057
15913,530.559,0.98,1,0.089644,0.520774,-0.848975,-0.168604,0.471298,-0.865709,-0.046,0.525,0.305,-0.025,0.056
15914,530.592,0.98,1,0.084633,0.514024,-0.85359,-0.17881,0.46343,-0.867905,-0.055,0.516,0.305,-0.018,0.056
15915,530.626,0.98,1,0.087676,0.5112,-0.854978,-0.201563,0.463641,-0.862791,-0.066,0.516,0.305,0.006,0.055
15916,530.659,0.98,1,0.066206,0.507986,-0.858817,-0.219801,0.441032,-0.87016,-0.089,0.502,0.302,0.022,0.059
15917,530.692,0.98,1,0.082914,0.501821,-0.860989,-0.215042,0.411982,-0.885453,-0.076,0.482,0.297,0.013,0.067
15918,530.726,0.98,1,0.079413,0.513847,-0.854198,-0.20794,0.450557,-0.868193,-0.074,0.51,0.3,0.013,0.07
15919,530.759,0.98,1,0.096598,0.50194,-0.859491,-0.218829,0.440723,-0.870561,-0.071,0.499,0.308,0.016,0.072
15920,530.792,0.98,1,0.106185,0.481906,-0.869765,-0.245542,0.416961,-0.87513,-0.08,0.476,0.319,0.034,0.072
15921,530.826,0.98,1,0.028933,0.490266,-0.871093,-0.294393,0.377798,-0.877839,-0.151,0.461,0.321,0.077,0.073
15922,530.859,0.98,1,-0.05774,0.485738,-0.872195,-0.337396,0.373264,-0.864198,-0.224,0.459,0.312,0.122,0.072
15923,530.892,0.93,1,-0.250223,0.55883,-0.790631,-0.3808,0.401375,-0.833001,-0.371,0.534,0.314,0.225,0.061
15924,530.926,0.93,1,-0.33227,0.556828,-0.761274,-0.411374,0.406853,-0.815624,-0.441,0.549,0.336,0.282,0.058
15925,530.959,0.93,1,-0.34457,0.553456,-0.75826,-0.479721,0.393825,-0.784072,-0.491,0.551,0.35,0.349,0.044
15926,530.992,0.93,1,-0.351229,0.543141,-0.762651,-0.498235,0.398789,-0.769889,-0.506,0.551,0.376,0.41,0.014
15927,531.026,0.93,1,-0.365657,0.508916,-0.779294,-0.519916,0.389027,-0.76049,-0.522,0.528,0.375,0.48,-0.0
15928,531.059,0.98,1,-0.357939,0.448214,-0.819136,-0.551151,0.347831,-0.75845,-0.523,0.467,0.376,0.545,-0.015
15929,531.092,0.98,1,-0.356081,0.437266,-0.825836,-0.597728,0.336311,-0.727747,-0.551,0.462,0.359,0.619,-0.013
15930,531.126,0.98,1,-0.41634,0.419271,-0.806767,-0.598944,0.35,-0.720254,-0.587,0.467,0.361,0.649,-0.016
15931,531.159,0.98,1,-0.432887,0.466877,-0.771126,-0.598232,0.352741,-0.719508,-0.605,0.503,0.366,0.658,-0.016
15932,531.192,0.98,1,-0.435796,0.455267,-0.776411,-0.607119,0.367167,-0.704695,-0.614,0.507,0.362,0.666,-0.017
15933,531.226,0.98,1,-0.420173,0.48278,-0.76836,-0.596945,0.485269,-0.638882,-0.626,0.603,0.341,0.647,-0.011
15934,531.259,0.98,1,-0.422874,0.477449,-0.770208,-0.586949,0.48659,-0.647086,-0.619,0.597,0.35,0.664,-0.017
15935,531.292,0.93,1,-0.436553,0.467558,-0.768642,-0.594611,0.501028,-0.628815,-0.636,0.606,0.358,0.69,-0.024
15936,531.326,0.98,1,-0.555355,0.35069,-0.754054,-0.614443,0.497398,-0.612417,-0.708,0.555,0.378,0.735,-0.036
15937,531.359,0.98,1,-0.515246,0.439673,-0.73567,-0.682988,0.396812,-0.613244,-0.726,0.555,0.406,0.773,-0.05
15938,531.392,0.98,1,-0.51379,0.419286,-0.748478,-0.675781,0.390948,-0.624883,-0.714,0.533,0.405,0.795,-0.059
15939,531.426,0.98,1,-0.503593,0.400217,-0.76565,-0.690265,0.385868,-0.612078,-0.714,0.518,0.391,0.809,-0.059
15940,531.459,0.98,1,-0.49409,0.423622,-0.759223,-0.680201,0.384969,-0.623799,-0.704,0.529,0.391,0.815,-0.06
15941,531.493,0.98,1,-0.508085,0.408819,-0.758101,-0.68931,0.374306,-0.620279,-0.715,0.517,0.386,0.812,-0.061
15942,531.526,0.98,1,-0.506841,0.404381,-0.761307,-0.671668,0.349384,-0.653294,-0.695,0.49,0.388,0.827,-0.067
15943,531.559,0.88,1,-0.486149,0.384452,-0.784765,-0.664827,0.33506,-0.667638,-0.67,0.46,0.371,0.834,-0.054
15944,531.593,0.98,1,-0.527335,0.332308,-0.781978,-0.673917,0.309604,-0.670807,-0.691,0.416,0.352,0.83,-0.042
15945,531.626,0.88,1,-0.477744,0.379476,-0.792312,-0.664185,0.327791,-0.671871,-0.662,0.45,0.358,0.831,-0.046
15946,531.659,0.88,1,-0.486352,0.381213,-0.786218,-0.666562,0.323493,-0.671601,-0.669,0.45,0.356,0.827,-0.049
15947,531.693,0.88,1,-0.538509,0.322544,-0.778443,-0.652298,0.303524,-0.694536,-0.68,0.402,0.34,0.82,-0.041
15948,531.726,0.88,1,-0.487602,0.388189,-0.782019,-0.660175,0.318151,-0.680404,-0.665,0.45,0.349,0.839,-0.049
15949,531.759,0.98,1,-0.536541,0.330363,-0.77652,-0.655824,0.30676,-0.689778,-0.683,0.41,0.338,0.836,-0.046
15950,531.793,0.88,1,-0.487379,0.336549,-0.805727,-0.689462,0.338019,-0.640614,-0.683,0.436,0.333,0.834,-0.043
15951,531.826,0.88,1,-0.509482,0.325942,-0.79636,-0.666152,0.322545,-0.672463,-0.675,0.416,0.317,0.836,-0.034
15952,531.859,0.88,1,-0.507378,0.31277,-0.802958,-0.682015,0.324802,-0.655255,-0.684,0.412,0.309,0.84,-0.027
15953,531.893,0.88,1,-0.503296,0.320654,-0.802418,-0.670296,0.315739,-0.671575,-0.672,0.408,0.314,0.839,-0.029
15954,531.926,0.88,1,-0.485824,0.35797,-0.797391,-0.662335,0.330985,-0.672132,-0.663,0.438,0.309,0.826,-0.027
15955,531.959,0.88,1,-0.529117,0.33088,-0.781379,-0.660608,0.316265,-0.680863,-0.683,0.417,0.305,0.834,-0.025
15956,531.993,0.88,1,-0.531105,0.334089,-0.77866,-0.667285,0.31198,-0.676313,-0.689,0.418,0.304,0.832,-0.027
15957,532.026,0.88,1,-0.540572,0.342227,-0.768546,-0.654275,0.332343,-0.679318,-0.69,0.436,0.315,0.833,-0.036
15958,532.059,0.88,1,-0.519495,0.326559,-0.78961,-0.647311,0.336652,-0.683852,-0.67,0.423,0.319,0.84,-0.041
15959,532.093,0.88,1,-0.500541,0.332396,-0.799357,-0.628995,0.370932,-0.683209,-0.651,0.443,0.318,0.819,-0.043
15960,532.126,0.98,1,-0.510768,0.343489,-0.788119,-0.627147,0.339855,-0.700846,-0.653,0.43,0.342,0.807,-0.05
15961,532.159,0.98,1,-0.537484,0.337555,-0.772767,-0.637073,0.313661,-0.704098,-0.672,0.415,0.346,0.808,-0.053
15962,532.193,0.98,1,-0.530403,0.341929,-0.77573,-0.639988,0.323895,-0.696784,-0.672,0.425,0.339,0.804,-0.048
15963,532.226,0.98,1,-0.519106,0.329543,-0.788625,-0.636198,0.316983,-0.703402,-0.659,0.409,0.335,0.802,-0.046
15964,532.259,0.98,1,-0.521828,0.336445,-0.783901,-0.66226,0.291481,-0.690254,-0.677,0.403,0.322,0.785,-0.037
15965,532.293,0.98,1,-0.515615,0.346561,-0.783605,-0.633813,0.318893,-0.70469,-0.658,0.42,0.332,0.802,-0.046
15966,532.326,0.98,1,-0.524825,0.344332,-0.778456,-0.62343,0.326229,-0.71057,-0.657,0.423,0.332,0.801,-0.049
15967,532.359,0.98,1,-0.524673,0.342235,-0.779483,-0.619308,0.321984,-0.716089,-0.653,0.418,0.335,0.804,-0.05
15969,532.426,0.98,1,-0.510278,0.336587,-0.791408,-0.639707,0.302111,-0.706756,-0.655,0.403,0.318,0.796,-0.039
15971,532.493,0.98,1,-0.517784,0.330977,-0.788894,-0.642198,0.320475,-0.696331,-0.663,0.413,0.312,0.783,-0.037
15972,532.526,0.98,1,-0.5149,0.33773,-0.787919,-0.649446,0.323413,-0.688203,-0.668,0.421,0.313,0.789,-0.037
15973,532.56,0.98,1,-0.53028,0.315918,-0.786765,-0.645184,0.329771,-0.689194,-0.673,0.412,0.319,0.798,-0.039
15978,532.726,0.98,1,-0.547834,0.316438,-0.774432,-0.639716,0.312349,-0.702283,-0.677,0.403,0.32,0.815,-0.039
15979,532.76,0.98,1,-0.518464,0.328347,-0.789546,-0.639355,0.312402,-0.702589,-0.66,0.406,0.319,0.81,-0.035
15985,532.96,0.88,1,-0.456057,0.376671,-0.806307,-0.63367,0.410646,-0.655616,-0.641,0.494,0.266,0.78,-0.007
15986,532.993,0.88,1,-0.481645,0.314081,-0.818151,-0.628333,0.333592,-0.70279,-0.63,0.403,0.264,0.798,-0.006
15989,533.093,0.88,1,-0.494267,0.339938,-0.800089,-0.660786,0.309052,-0.683995,-0.661,0.412,0.264,0.797,-0.001
15994,533.26,0.88,1,-0.508387,0.334877,-0.793348,-0.69918,0.2858,-0.655336,-0.695,0.405,0.245,0.786,0.01
15996,533.326,0.88,1,-0.559001,0.311801,-0.768308,-0.70391,0.301052,-0.643334,-0.73,0.41,0.272,0.822,-0.005
16011,533.827,0.98,1,-0.513248,0.321681,-0.795674,-0.683455,0.333506,-0.649356,-0.692,0.426,0.338,0.834,-0.059
16012,533.86,0.98,1,-0.523889,0.316331,-0.79087,-0.682977,0.335136,-0.649019,-0.698,0.425,0.34,0.83,-0.061
16013,533.893,0.98,1,-0.530186,0.290899,-0.796417,-0.675383,0.341902,-0.653422,-0.694,0.412,0.34,0.832,-0.062
16015,533.96,0.98,1,-0.543408,0.33822,-0.76832,-0.658671,0.359129,-0.661195,-0.699,0.454,0.355,0.842,-0.068
16016,533.993,0.98,1,-0.546927,0.344242,-0.763131,-0.638351,0.366048,-0.677139,-0.689,0.458,0.366,0.844,-0.076
16017,534.027,0.98,1,-0.539358,0.340861,-0.770004,-0.644304,0.360594,-0.674421,-0.687,0.452,0.363,0.844,-0.076
16018,534.06,0.98,1,-0.538924,0.358465,-0.762275,-0.643675,0.351523,-0.67979,-0.687,0.458,0.366,0.843,-0.077
16019,534.093,0.98,1,-0.545395,0.331664,-0.769768,-0.637967,0.368285,-0.676288,-0.686,0.451,0.359,0.847,-0.075
16020,534.127,0.98,1,-0.541912,0.352851,-0.762777,-0.622145,0.440133,-0.647471,-0.69,0.512,0.332,0.834,-0.066
16021,534.16,0.98,1,-0.545694,0.335024,-0.7681,-0.618396,0.40124,-0.675717,-0.679,0.472,0.364,0.853,-0.086
16022,534.193,0.98,1,-0.546202,0.333014,-0.768613,-0.614518,0.405842,-0.676506,-0.677,0.473,0.356,0.857,-0.087
16023,534.227,0.98,1,-0.550605,0.324191,-0.769242,-0.605413,0.391436,-0.693003,-0.669,0.455,0.36,0.85,-0.087
16024,534.26,0.93,1,-0.538197,0.298834,-0.788062,-0.622788,0.381809,-0.682904,-0.668,0.433,0.345,0.845,-0.081
16025,534.293,0.93,1,-0.552494,0.312037,-0.772906,-0.659292,0.407781,-0.631703,-0.712,0.474,0.351,0.852,-0.086
16026,534.327,0.98,1,-0.536637,0.357317,-0.764425,-0.705704,0.454056,-0.543888,-0.76,0.555,0.36,0.84,-0.093
16027,534.36,0.98,1,-0.564096,0.38301,-0.731505,-0.697154,0.473901,-0.537954,-0.782,0.594,0.385,0.847,-0.107
16028,534.393,0.98,1,-0.538516,0.386545,-0.748722,-0.698826,0.453023,-0.553546,-0.76,0.573,0.405,0.85,-0.118
16029,534.427,0.98,1,-0.558943,0.388839,-0.732384,-0.716731,0.450642,-0.532183,-0.79,0.586,0.414,0.858,-0.125
16030,534.46,0.98,1,-0.551184,0.391624,-0.736768,-0.706705,0.435713,-0.557425,-0.771,0.569,0.436,0.862,-0.139
16031,534.493,0.98,1,-0.54702,0.405805,-0.732183,-0.703502,0.435374,-0.561725,-0.768,0.576,0.45,0.868,-0.148
16032,534.527,0.98,1,-0.542376,0.417245,-0.729202,-0.691519,0.472755,-0.546172,-0.769,0.609,0.461,0.861,-0.157
16033,534.56,0.98,1,-0.545932,0.415949,-0.727286,-0.737281,0.466991,-0.488197,-0.812,0.628,0.472,0.854,-0.158
16034,534.593,0.98,1,-0.533186,0.42725,-0.730185,-0.726336,0.496877,-0.474921,-0.807,0.654,0.482,0.858,-0.164
16035,534.627,0.98,1,-0.546754,0.434185,-0.715922,-0.685137,0.478804,-0.548939,-0.772,0.625,0.489,0.861,-0.164
16036,534.66,0.98,1,-0.537151,0.440011,-0.719624,-0.695574,0.476732,-0.537498,-0.776,0.63,0.495,0.856,-0.159
16037,534.693,0.98,1,-0.530592,0.44173,-0.723427,-0.676234,0.488872,-0.551101,-0.758,0.631,0.511,0.858,-0.163
16038,534.727,0.98,1,-0.531001,0.446222,-0.720363,-0.699823,0.461388,-0.545316,-0.771,0.622,0.516,0.861,-0.171
16039,534.76,0.98,1,-0.517396,0.445104,-0.730878,-0.677602,0.488606,-0.549654,-0.751,0.63,0.519,0.852,-0.173
16040,534.794,0.98,1,-0.54552,0.441014,-0.712681,-0.711126,0.443395,-0.545619,-0.785,0.613,0.525,0.871,-0.18
16041,534.827,0.98,1,-0.54274,0.447324,-0.710869,-0.715439,0.467543,-0.519182,-0.797,0.639,0.529,0.867,-0.181
16042,534.86,0.98,1,-0.544547,0.442095,-0.712756,-0.741011,0.468609,-0.480946,-0.822,0.652,0.527,0.871,-0.183
16043,534.894,0.98,1,-0.5281,0.457617,-0.71533,-0.757582,0.498633,-0.42123,-0.847,0.699,0.519,0.866,-0.182
16044,534.927,0.98,1,-0.526385,0.451426,-0.720509,-0.641891,0.507595,-0.574737,-0.734,0.637,0.519,0.857,-0.183
16045,534.96,0.98,1,-0.531832,0.442598,-0.721985,-0.589156,0.519488,-0.618892,-0.696,0.622,0.522,0.856,-0.185
16046,534.994,0.98,1,-0.524158,0.445284,-0.725935,-0.542518,0.527203,-0.654011,-0.658,0.614,0.524,0.863,-0.196
16047,535.027,0.98,1,-0.546063,0.448858,-0.707348,-0.519217,0.506331,-0.688507,-0.652,0.6,0.527,0.873,-0.207
16048,535.06,0.98,1,-0.550202,0.454538,-0.700481,-0.556699,0.515685,-0.651272,-0.686,0.623,0.538,0.872,-0.214
16049,535.094,0.98,1,-0.544296,0.439621,-0.714476,-0.629729,0.491225,-0.601781,-0.728,0.616,0.538,0.864,-0.212
16050,535.127,0.98,1,-0.556712,0.444366,-0.701862,-0.629956,0.492323,-0.600644,-0.739,0.623,0.541,0.868,-0.214
16051,535.16,0.98,1,-0.546407,0.441712,-0.711569,-0.675298,0.502918,-0.539486,-0.774,0.647,0.557,0.882,-0.227
16052,535.194,0.98,1,-0.571896,0.425629,-0.701267,-0.650373,0.480181,-0.588592,-0.758,0.612,0.56,0.882,-0.229
16053,535.227,0.98,1,-0.570077,0.445312,-0.690441,-0.684253,0.520078,-0.511193,-0.807,0.677,0.566,0.89,-0.236
16054,535.26,0.98,1,-0.561458,0.451401,-0.693543,-0.658794,0.494691,-0.566808,-0.769,0.644,0.561,0.884,-0.234
16055,535.294,0.98,1,-0.566539,0.453231,-0.688197,-0.661067,0.496239,-0.562794,-0.776,0.649,0.572,0.89,-0.245
16056,535.327,0.98,1,-0.553997,0.441852,-0.705588,-0.655951,0.497182,-0.567924,-0.76,0.635,0.57,0.879,-0.242
16057,535.36,0.98,1,-0.563819,0.446891,-0.694548,-0.653134,0.500433,-0.568316,-0.767,0.644,0.57,0.882,-0.245
16058,535.394,0.98,1,-0.561241,0.451771,-0.693478,-0.628245,0.512564,-0.585309,-0.749,0.646,0.578,0.889,-0.252
16059,535.427,0.98,1,-0.565679,0.452474,-0.689402,-0.656596,0.501319,-0.563526,-0.773,0.651,0.579,0.889,-0.253
16060,535.46,0.98,1,-0.560588,0.451547,-0.694152,-0.654726,0.504969,-0.562441,-0.769,0.651,0.577,0.885,-0.251
16061,535.494,0.98,1,-0.566537,0.446553,-0.69255,-0.664223,0.503482,-0.552552,-0.78,0.652,0.579,0.886,-0.253
16062,535.527,0.98,1,-0.553349,0.450618,-0.700534,-0.655345,0.519678,-0.54814,-0.769,0.661,0.58,0.886,-0.251
16063,535.56,0.98,1,-0.562398,0.452762,-0.691892,-0.658113,0.515719,-0.548563,-0.777,0.663,0.58,0.886,-0.25
16064,535.594,0.98,1,-0.54864,0.456949,-0.700137,-0.663984,0.537266,-0.520068,-0.782,0.684,0.579,0.877,-0.248
16065,535.627,0.98,1,-0.551977,0.457025,-0.69746,-0.661356,0.528871,-0.531887,-0.779,0.676,0.579,0.882,-0.248
16066,535.66,0.98,1,-0.531755,0.452022,-0.716179,-0.655879,0.526616,-0.540831,-0.757,0.662,0.567,0.871,-0.238
16067,535.694,0.98,1,-0.558632,0.44589,-0.699365,-0.667741,0.524996,-0.527732,-0.785,0.669,0.573,0.878,-0.239
16068,535.727,0.98,1,-0.551394,0.441902,-0.707592,-0.668723,0.519889,-0.531531,-0.778,0.66,0.567,0.881,-0.234
16069,535.76,0.98,1,-0.559052,0.441235,-0.701978,-0.654863,0.517059,-0.551184,-0.769,0.653,0.579,0.888,-0.238
16070,535.794,0.98,1,-0.559714,0.446341,-0.698212,-0.667156,0.526683,-0.526791,-0.786,0.671,0.576,0.89,-0.239
16071,535.827,0.98,1,-0.570596,0.434824,-0.696669,-0.675424,0.507098,-0.535401,-0.791,0.653,0.565,0.889,-0.235
16072,535.86,0.98,1,-0.565236,0.429096,-0.704546,-0.666517,0.50767,-0.545917,-0.778,0.643,0.573,0.896,-0.244
16073,535.894,0.98,1,-0.569774,0.438226,-0.695209,-0.662137,0.514201,-0.545136,-0.782,0.655,0.569,0.895,-0.241
16074,535.927,0.98,1,-0.567185,0.439279,-0.69666,-0.664099,0.512883,-0.543989,-0.782,0.655,0.563,0.887,-0.238
16075,535.961,0.98,1,-0.5645,0.4379,-0.699703,-0.65091,0.511741,-0.560747,-0.767,0.646,0.568,0.892,-0.239
16076,535.994,0.98,1,-0.571997,0.443717,-0.689881,-0.654354,0.53459,-0.534822,-0.786,0.674,0.57,0.889,-0.241
16077,536.027,0.98,1,-0.565145,0.452691,-0.689697,-0.637303,0.525114,-0.564003,-0.765,0.662,0.567,0.886,-0.241
16078,536.061,0.98,1,-0.565946,0.430847,-0.702905,-0.625749,0.498465,-0.599975,-0.741,0.62,0.562,0.883,-0.239
16079,536.094,0.98,1,-0.573583,0.428473,-0.69815,-0.641541,0.507883,-0.574874,-0.762,0.634,0.567,0.886,-0.244
16080,536.127,0.98,1,-0.573681,0.423243,-0.701253,-0.648747,0.521384,-0.554334,-0.772,0.645,0.568,0.892,-0.242
16081,536.161,0.98,1,-0.570158,0.430387,-0.699776,-0.654033,0.513282,-0.555681,-0.773,0.645,0.562,0.891,-0.236
16082,536.194,0.98,1,-0.573542,0.423928,-0.700952,-0.632482,0.51324,-0.580131,-0.755,0.632,0.555,0.885,-0.233
16083,536.227,0.98,1,-0.578302,0.418948,-0.700036,-0.636437,0.479444,-0.604219,-0.75,0.603,0.549,0.875,-0.225
16084,536.261,0.98,1,-0.574505,0.421259,-0.701773,-0.636135,0.502526,-0.585491,-0.755,0.622,0.551,0.881,-0.23
16085,536.294,0.98,1,-0.579392,0.422105,-0.697232,-0.63242,0.502356,-0.589647,-0.755,0.623,0.547,0.88,-0.228
16086,536.327,0.98,1,-0.573216,0.422813,-0.701892,-0.633868,0.510211,-0.581288,-0.755,0.629,0.552,0.887,-0.232
16087,536.361,0.98,1,-0.577159,0.420396,-0.70011,-0.639255,0.51578,-0.570371,-0.764,0.635,0.556,0.885,-0.232
16088,536.394,0.98,1,-0.567442,0.42682,-0.704155,-0.626365,0.500064,-0.597999,-0.742,0.619,0.552,0.881,-0.231
16089,536.427,0.98,1,-0.570879,0.414116,-0.708946,-0.628994,0.487549,-0.605527,-0.74,0.601,0.551,0.881,-0.23
16090,536.461,0.98,1,-0.572516,0.415061,-0.707071,-0.614339,0.503154,-0.607802,-0.734,0.61,0.551,0.878,-0.23
16091,536.494,0.98,1,-0.550465,0.438929,-0.710162,-0.604471,0.503351,-0.617457,-0.716,0.617,0.552,0.881,-0.233
16092,536.527,0.98,1,-0.534592,0.436874,-0.723431,-0.586922,0.500398,-0.636493,-0.69,0.603,0.541,0.874,-0.225
16093,536.561,0.98,1,-0.527632,0.429387,-0.732961,-0.616342,0.495768,-0.611831,-0.705,0.603,0.527,0.863,-0.217
16094,536.594,0.98,1,-0.544598,0.441775,-0.712916,-0.59806,0.511393,-0.617091,-0.71,0.622,0.524,0.888,-0.222
16095,536.627,0.98,1,-0.555821,0.433811,-0.709134,-0.586531,0.489502,-0.645266,-0.701,0.598,0.517,0.886,-0.216
16096,536.661,0.98,1,-0.564317,0.425403,-0.707516,-0.582132,0.483277,-0.653885,-0.7,0.589,0.52,0.892,-0.219
16097,536.694,0.98,1,-0.554048,0.427446,-0.714368,-0.564649,0.496706,-0.659132,-0.684,0.592,0.504,0.883,-0.206
16098,536.727,0.98,1,-0.526366,0.434852,-0.730645,-0.585861,0.498071,-0.63929,-0.682,0.598,0.488,0.872,-0.195
16099,536.761,0.98,1,-0.510034,0.419096,-0.751149,-0.568177,0.525402,-0.633347,-0.662,0.599,0.473,0.861,-0.185
16100,536.794,0.98,1,-0.499746,0.449876,-0.740179,-0.563206,0.557244,-0.610146,-0.667,0.641,0.464,0.842,-0.173
16101,536.827,0.98,1,-0.480753,0.411896,-0.774091,-0.647723,0.500863,-0.5741,-0.697,0.595,0.403,0.831,-0.149
16102,536.861,0.98,1,-0.504216,0.325831,-0.799751,-0.699055,0.418378,-0.579898,-0.717,0.495,0.355,0.841,-0.126
16103,536.894,0.98,1,-0.551323,0.290713,-0.782003,-0.669405,0.389465,-0.632624,-0.712,0.448,0.325,0.819,-0.102
16104,536.927,0.88,1,-0.553718,0.288224,-0.781232,-0.670418,0.370772,-0.642703,-0.71,0.433,0.295,0.803,-0.079
16105,536.961,0.98,1,-0.556948,0.30081,-0.774159,-0.678775,0.328963,-0.656542,-0.712,0.415,0.271,0.799,-0.061
16106,536.994,0.88,1,-0.546975,0.314166,-0.775962,-0.671898,0.352946,-0.65114,-0.707,0.437,0.257,0.795,-0.05
16107,537.028,0.88,1,-0.548008,0.329564,-0.768814,-0.646991,0.392179,-0.65391,-0.699,0.469,0.248,0.791,-0.046
16108,537.061,0.98,1,-0.561876,0.312248,-0.766026,-0.681525,0.316932,-0.659604,-0.717,0.416,0.266,0.81,-0.05
16109,537.094,0.88,1,-0.549019,0.350113,-0.758946,-0.638548,0.411872,-0.65009,-0.7,0.496,0.264,0.813,-0.054
16110,537.128,0.98,1,-0.556378,0.335667,-0.760113,-0.702302,0.352025,-0.618749,-0.74,0.463,0.273,0.817,-0.054
16111,537.161,0.93,1,-0.561006,0.34158,-0.754053,-0.657918,0.402718,-0.636367,-0.72,0.491,0.263,0.819,-0.049
16112,537.194,0.98,1,-0.568319,0.324619,-0.756066,-0.662479,0.325438,-0.674694,-0.71,0.426,0.283,0.836,-0.053
16113,537.228,0.93,1,-0.575462,0.322499,-0.751557,-0.663596,0.324167,-0.674207,-0.715,0.426,0.281,0.838,-0.049
16114,537.261,0.93,1,-0.579543,0.314019,-0.752012,-0.662762,0.316124,-0.678832,-0.715,0.415,0.273,0.833,-0.043
16115,537.294,0.93,1,-0.571923,0.310261,-0.759369,-0.664209,0.315099,-0.677893,-0.71,0.41,0.272,0.842,-0.042
16116,537.328,0.93,1,-0.568243,0.316072,-0.759736,-0.660874,0.342907,-0.667578,-0.711,0.433,0.271,0.842,-0.04
16117,537.361,0.93,1,-0.57399,0.318458,-0.7544,-0.652081,0.32844,-0.683313,-0.706,0.423,0.268,0.836,-0.039
16118,537.394,0.93,1,-0.56828,0.319743,-0.758171,-0.639009,0.32171,-0.698692,-0.692,0.415,0.273,0.841,-0.039
16119,537.428,0.88,1,-0.555408,0.329097,-0.763686,-0.650715,0.335042,-0.681408,-0.696,0.431,0.275,0.835,-0.038
16120,537.461,0.93,1,-0.556617,0.336189,-0.759707,-0.597366,0.32738,-0.732104,-0.658,0.419,0.293,0.843,-0.046
16121,537.494,0.93,1,-0.559651,0.333651,-0.758595,-0.647357,0.325241,-0.689309,-0.695,0.427,0.275,0.841,-0.033
16122,537.528,0.93,1,-0.557727,0.347085,-0.753971,-0.628779,0.325101,-0.706361,-0.682,0.431,0.282,0.843,-0.034
16123,537.561,0.93,1,-0.56122,0.334491,-0.757065,-0.639219,0.320202,-0.699192,-0.689,0.422,0.271,0.841,-0.026
16124,537.594,0.93,1,-0.565887,0.328047,-0.756411,-0.626676,0.318409,-0.711262,-0.682,0.415,0.268,0.842,-0.023
16126,537.661,0.93,1,-0.564874,0.330064,-0.756291,-0.645938,0.32165,-0.692318,-0.696,0.423,0.265,0.841,-0.023
16127,537.694,0.93,1,-0.563911,0.335987,-0.754399,-0.645121,0.333828,-0.687297,-0.698,0.435,0.269,0.837,-0.026
16128,537.728,0.93,1,-0.572656,0.338311,-0.746733,-0.655662,0.349164,-0.669471,-0.714,0.452,0.293,0.854,-0.047
16129,537.761,0.98,1,-0.589238,0.319347,-0.74217,-0.653791,0.330911,-0.680482,-0.718,0.429,0.302,0.863,-0.06
16130,537.794,0.98,1,-0.579217,0.329729,-0.74551,-0.667998,0.362269,-0.65003,-0.729,0.46,0.312,0.872,-0.072
16131,537.828,0.98,1,-0.578764,0.332511,-0.744626,-0.655053,0.354671,-0.667169,-0.718,0.453,0.311,0.87,-0.067
16132,537.861,0.98,1,-0.568885,0.336404,-0.750468,-0.660631,0.352447,-0.662833,-0.716,0.454,0.311,0.871,-0.064
16133,537.894,0.98,1,-0.576775,0.341055,-0.742302,-0.654094,0.35175,-0.669651,-0.717,0.456,0.298,0.866,-0.056
16134,537.928,0.98,1,-0.575754,0.33781,-0.744575,-0.659928,0.35644,-0.661397,-0.721,0.459,0.301,0.879,-0.061
16135,537.961,0.98,1,-0.57991,0.327051,-0.746151,-0.664818,0.339252,-0.665526,-0.723,0.441,0.287,0.883,-0.051
16136,537.994,0.98,1,-0.580425,0.332032,-0.743547,-0.659559,0.343213,-0.66872,-0.721,0.446,0.297,0.874,-0.056
16137,538.028,0.93,1,-0.571369,0.325515,-0.753378,-0.657231,0.347498,-0.668799,-0.713,0.442,0.288,0.873,-0.05
16138,538.061,0.93,1,-0.574269,0.33147,-0.74856,-0.655139,0.345294,-0.671986,-0.713,0.445,0.293,0.883,-0.053
16139,538.095,0.98,1,-0.579453,0.329329,-0.745504,-0.653379,0.346389,-0.673134,-0.715,0.445,0.287,0.877,-0.048
16140,538.128,0.93,1,-0.566696,0.341561,-0.749794,-0.645333,0.358651,-0.674474,-0.705,0.457,0.288,0.868,-0.051
16141,538.161,0.93,1,-0.566117,0.33584,-0.75281,-0.641881,0.353331,-0.680548,-0.7,0.448,0.283,0.866,-0.046
16142,538.195,0.93,1,-0.570542,0.331388,-0.751441,-0.641155,0.347526,-0.684212,-0.701,0.442,0.267,0.847,-0.029
16143,538.228,0.88,1,-0.568899,0.325965,-0.75505,-0.634065,0.345448,-0.691829,-0.694,0.434,0.263,0.847,-0.025
16144,538.261,0.88,1,-0.560608,0.328432,-0.760165,-0.628248,0.342403,-0.698616,-0.684,0.431,0.263,0.858,-0.022
16145,538.295,0.88,1,-0.563144,0.328676,-0.758182,-0.643052,0.335268,-0.688534,-0.695,0.43,0.255,0.846,-0.018
16146,538.328,0.93,1,-0.553482,0.328349,-0.765405,-0.636719,0.35732,-0.683309,-0.688,0.442,0.262,0.833,-0.028
16147,538.361,0.93,1,-0.564471,0.314489,-0.763196,-0.637677,0.361229,-0.680355,-0.694,0.438,0.255,0.828,-0.034
16148,538.395,0.93,1,-0.56186,0.306964,-0.768171,-0.641827,0.343992,-0.685367,-0.692,0.421,0.254,0.826,-0.032
16149,538.428,0.93,1,-0.55636,0.319253,-0.767164,-0.649149,0.339777,-0.680557,-0.694,0.427,0.258,0.84,-0.032
16150,538.461,0.93,1,-0.560396,0.3232,-0.762561,-0.637272,0.339055,-0.692045,-0.689,0.427,0.267,0.856,-0.035
16151,538.495,0.98,1,-0.561105,0.320182,-0.763312,-0.63206,0.346047,-0.693363,-0.686,0.429,0.276,0.837,-0.041
16152,538.528,0.98,1,-0.559456,0.318197,-0.765349,-0.626695,0.351739,-0.695366,-0.682,0.43,0.287,0.844,-0.057
16153,538.561,0.98,1,-0.553417,0.326869,-0.766085,-0.613692,0.36464,-0.7003,-0.672,0.441,0.311,0.851,-0.075
16154,538.595,0.93,1,-0.574961,0.314528,-0.755309,-0.65205,0.346469,-0.674382,-0.709,0.433,0.287,0.854,-0.06
16155,538.628,0.93,1,-0.568993,0.312631,-0.760598,-0.638305,0.326601,-0.697064,-0.692,0.413,0.265,0.847,-0.039
16156,538.661,0.93,1,-0.563166,0.315514,-0.763737,-0.613911,0.343255,-0.710837,-0.674,0.42,0.261,0.85,-0.03
16157,538.695,0.98,1,-0.559239,0.321265,-0.764225,-0.611539,0.325609,-0.721109,-0.668,0.411,0.259,0.852,-0.02
16162,538.861,0.98,1,-0.577845,0.269227,-0.770462,-0.673028,0.339092,-0.657305,-0.719,0.403,0.232,0.826,-0.007
16163,538.895,0.93,1,-0.562043,0.280587,-0.778061,-0.666751,0.348659,-0.658696,-0.708,0.413,0.21,0.796,0.01
16164,538.928,0.88,1,-0.523115,0.280161,-0.804898,-0.660191,0.361773,-0.658231,-0.68,0.413,0.192,0.75,0.019
16165,538.961,0.88,1,-0.523519,0.302817,-0.796385,-0.660063,0.356833,-0.66105,-0.682,0.425,0.188,0.732,0.021
16166,538.995,0.93,1,-0.438241,0.296627,-0.848503,-0.666847,0.353297,-0.656122,-0.633,0.408,0.19,0.739,0.019
16168,539.061,0.88,1,-0.429878,0.331169,-0.83996,-0.652764,0.346404,-0.673723,-0.621,0.421,0.17,0.738,0.009
16169,539.095,0.98,1,-0.452115,0.315343,-0.834357,-0.628866,0.392081,-0.671417,-0.623,0.439,0.153,0.709,0.017
16177,539.362,0.98,1,-0.425476,0.365152,-0.828031,-0.594263,0.359766,-0.719319,-0.583,0.438,0.23,0.733,-0.043
16178,539.395,0.98,1,-0.448947,0.356091,-0.81954,-0.632287,0.348089,-0.692132,-0.621,0.436,0.235,0.746,-0.028
16179,539.428,0.98,1,-0.423832,0.370958,-0.826291,-0.650845,0.338355,-0.679645,-0.62,0.44,0.24,0.758,-0.021
16180,539.462,0.98,1,-0.410014,0.326548,-0.851619,-0.652652,0.346878,-0.673588,-0.609,0.416,0.238,0.761,-0.016
16181,539.495,0.98,1,-0.454131,0.328692,-0.828086,-0.676979,0.33252,-0.656605,-0.651,0.419,0.232,0.751,-0.011
16182,539.528,0.98,1,-0.487221,0.314721,-0.814596,-0.648393,0.362798,-0.669301,-0.653,0.428,0.23,0.728,-0.01
16183,539.562,0.98,1,-0.475023,0.323467,-0.818366,-0.630702,0.38348,-0.674654,-0.637,0.442,0.241,0.714,-0.017
16184,539.595,0.98,1,-0.570203,0.25733,-0.78016,-0.598951,0.392649,-0.697915,-0.669,0.414,0.279,0.707,-0.043
16185,539.628,0.98,1,-0.566918,0.267775,-0.779038,-0.595769,0.391618,-0.701209,-0.666,0.419,0.282,0.688,-0.044
16186,539.662,0.98,1,-0.542547,0.28553,-0.79001,-0.571524,0.390832,-0.721533,-0.635,0.421,0.3,0.673,-0.054
16187,539.695,0.98,1,-0.538198,0.303968,-0.786095,-0.556367,0.390642,-0.733386,-0.624,0.429,0.315,0.663,-0.062
16188,539.728,0.98,1,-0.539591,0.305246,-0.784644,-0.556997,0.383808,-0.736509,-0.625,0.425,0.313,0.658,-0.058
16189,539.762,0.98,1,-0.538527,0.30665,-0.784828,-0.565494,0.375846,-0.734136,-0.629,0.422,0.305,0.658,-0.049
16190,539.795,0.98,1,-0.534148,0.307943,-0.78731,-0.566528,0.356432,-0.742968,-0.624,0.41,0.293,0.657,-0.039
16192,539.862,0.98,1,-0.526847,0.316491,-0.788838,-0.566096,0.354865,-0.744047,-0.619,0.413,0.278,0.651,-0.031
16193,539.895,0.98,1,-0.51387,0.319954,-0.795969,-0.565733,0.36668,-0.738575,-0.613,0.421,0.265,0.639,-0.026
16194,539.928,0.93,1,-0.530102,0.303779,-0.79165,-0.561553,0.366897,-0.74165,-0.619,0.412,0.253,0.631,-0.018
16195,539.962,0.93,1,-0.509635,0.324648,-0.796791,-0.566438,0.352447,-0.744935,-0.609,0.414,0.246,0.622,-0.013
16196,539.995,0.93,1,-0.533956,0.301824,-0.789806,-0.573692,0.354957,-0.738162,-0.627,0.406,0.247,0.617,-0.013
16199,540.095,0.98,1,-0.517661,0.305047,-0.799358,-0.582442,0.363556,-0.727041,-0.624,0.413,0.221,0.575,0.001
16200,540.128,0.98,1,-0.50603,0.337243,-0.793852,-0.579376,0.368053,-0.727228,-0.62,0.434,0.225,0.574,-0.001
16201,540.162,0.98,1,-0.496428,0.366783,-0.786784,-0.561171,0.414954,-0.716171,-0.613,0.48,0.221,0.577,-0.0
16202,540.195,0.98,1,-0.50546,0.361728,-0.783366,-0.571414,0.419114,-0.70557,-0.626,0.483,0.22,0.575,0.002
16203,540.228,0.98,1,-0.508079,0.360244,-0.782355,-0.561249,0.417247,-0.714776,-0.62,0.479,0.227,0.584,-0.003
16204,540.262,0.98,1,-0.51074,0.374025,-0.774113,-0.551403,0.425224,-0.717732,-0.619,0.492,0.239,0.597,-0.011
16205,540.295,0.98,1,-0.511327,0.368235,-0.776497,-0.55681,0.421709,-0.715628,-0.621,0.487,0.235,0.595,-0.009
16206,540.329,0.98,1,-0.516173,0.343079,-0.784769,-0.559053,0.410849,-0.720182,-0.62,0.464,0.226,0.595,-0.008
16207,540.362,0.98,1,-0.500468,0.358186,-0.788184,-0.568184,0.406668,-0.715394,-0.618,0.471,0.224,0.592,-0.009
16208,540.395,0.98,1,-0.504578,0.356403,-0.78637,-0.582895,0.39632,-0.70934,-0.629,0.466,0.224,0.592,-0.008
16209,540.429,0.98,1,-0.501154,0.350571,-0.791167,-0.578139,0.391986,-0.715613,-0.622,0.458,0.22,0.592,-0.007
16210,540.462,0.98,1,-0.492044,0.359447,-0.7929,-0.574068,0.395475,-0.716969,-0.615,0.464,0.217,0.592,-0.005
16211,540.495,0.98,1,-0.502477,0.352572,-0.789436,-0.583647,0.396202,-0.708788,-0.627,0.463,0.218,0.598,-0.004
16212,540.529,0.98,1,-0.497685,0.349413,-0.793864,-0.574347,0.400353,-0.714033,-0.618,0.461,0.213,0.598,0.001
16213,540.562,0.98,1,-0.49475,0.346266,-0.797071,-0.563483,0.416796,-0.713279,-0.611,0.468,0.201,0.587,0.008
16214,540.595,0.98,1,-0.429119,0.373695,-0.822319,-0.522908,0.439294,-0.730471,-0.55,0.482,0.188,0.56,0.014
16215,540.629,0.98,1,-0.498207,0.33138,-0.801235,-0.504549,0.446059,-0.73923,-0.577,0.467,0.188,0.549,0.017
16216,540.662,0.98,1,-0.317971,0.475962,-0.819972,-0.470462,0.410237,-0.781263,-0.458,0.505,0.199,0.554,0.014
16217,540.695,0.98,1,-0.293999,0.421494,-0.857851,-0.507257,0.377617,-0.774659,-0.456,0.455,0.162,0.509,0.022
16218,540.729,0.98,1,-0.2308,0.408717,-0.882996,-0.480627,0.377962,-0.791292,-0.402,0.439,0.168,0.495,0.027
16220,540.795,0.93,1,-0.294551,0.462028,-0.836522,-0.431283,0.425903,-0.795363,-0.419,0.498,0.2,0.467,0.021
16221,540.829,0.98,1,-0.294734,0.471748,-0.831015,-0.457627,0.464496,-0.75817,-0.442,0.532,0.202,0.457,0.022
16222,540.862,0.98,1,-0.27686,0.453159,-0.847346,-0.463723,0.423286,-0.778325,-0.427,0.494,0.198,0.448,0.026
16223,540.895,0.98,1,-0.27848,0.433936,-0.856825,-0.479701,0.395692,-0.783145,-0.433,0.468,0.197,0.443,0.03
16224,540.929,0.98,1,-0.284956,0.429244,-0.857058,-0.48881,0.37453,-0.787904,-0.44,0.455,0.193,0.439,0.036
16225,540.962,0.98,1,-0.273768,0.437831,-0.856362,-0.486033,0.374709,-0.789535,-0.432,0.459,0.193,0.437,0.041
16226,540.995,0.98,1,-0.296174,0.424577,-0.855579,-0.498005,0.361378,-0.788287,-0.45,0.446,0.194,0.437,0.045
16227,541.029,0.98,1,-0.291173,0.421728,-0.858699,-0.502768,0.357473,-0.787044,-0.449,0.442,0.192,0.436,0.048
16228,541.062,0.98,1,-0.305783,0.41775,-0.85556,-0.504644,0.35201,-0.788304,-0.458,0.438,0.185,0.433,0.053
16229,541.095,0.98,1,-0.294883,0.413699,-0.861334,-0.517313,0.343613,-0.783784,-0.459,0.431,0.177,0.432,0.058
16230,541.129,0.98,1,-0.300974,0.405431,-0.863157,-0.517992,0.344789,-0.782819,-0.462,0.428,0.171,0.429,0.063
16231,541.162,0.98,1,-0.280302,0.394334,-0.875175,-0.493954,0.355602,-0.793446,-0.434,0.422,0.155,0.418,0.072
16232,541.195,0.98,1,-0.275668,0.371928,-0.886384,-0.506273,0.358681,-0.784242,-0.438,0.412,0.137,0.413,0.078
16233,541.229,0.98,1,-0.276972,0.345898,-0.89646,-0.506583,0.366773,-0.780289,-0.437,0.402,0.128,0.41,0.083
16251,541.829,0.98,1,-0.301147,0.359084,-0.883385,-0.512501,0.353915,-0.782359,-0.454,0.404,0.104,0.422,0.107
16252,541.862,0.98,1,-0.30327,0.362699,-0.881179,-0.503652,0.364659,-0.783172,-0.451,0.412,0.12,0.43,0.106
16253,541.896,0.98,1,-0.307192,0.361722,-0.880221,-0.516147,0.359093,-0.777588,-0.461,0.41,0.126,0.435,0.108
16254,541.929,0.98,1,-0.30546,0.361672,-0.880845,-0.516928,0.357139,-0.77797,-0.46,0.409,0.122,0.443,0.115
16255,541.962,0.98,1,-0.297519,0.384152,-0.87402,-0.521913,0.342878,-0.781051,-0.46,0.414,0.113,0.444,0.12
16350,545.13,0.98,1,-0.018914,0.509314,-0.860373,-0.309758,0.456106,-0.834276,-0.192,0.518,0.167,0.247,-0.02
16351,545.163,0.98,1,-0.113139,0.510004,-0.852699,-0.328685,0.424772,-0.843525,-0.255,0.504,0.163,0.253,-0.03
16352,545.197,0.98,1,-0.116917,0.518295,-0.847172,-0.262814,0.518108,-0.813937,-0.225,0.558,0.169,0.26,-0.041
16678,556.067,0.98,1,-0.460594,0.330334,-0.823852,-0.463802,0.473932,-0.748516,-0.531,0.473,0.243,0.404,-0.056
16679,556.1,0.98,1,-0.496431,0.364013,-0.788068,-0.511031,0.466197,-0.722155,-0.588,0.503,0.246,0.437,-0.055
16680,556.133,0.98,1,-0.508921,0.355598,-0.783932,-0.52934,0.468411,-0.707383,-0.608,0.505,0.254,0.48,-0.051
16681,556.167,0.98,1,-0.536654,0.292673,-0.79142,-0.548619,0.472514,-0.689745,-0.632,0.477,0.254,0.512,-0.047
16682,556.2,0.98,1,-0.510228,0.352997,-0.784258,-0.563974,0.45339,-0.690196,-0.63,0.5,0.244,0.536,-0.038
16683,556.233,0.98,1,-0.483661,0.358146,-0.798626,-0.570358,0.420799,-0.705422,-0.611,0.478,0.243,0.551,-0.031
16684,556.267,0.98,1,-0.499605,0.291771,-0.815638,-0.587554,0.379749,-0.714542,-0.618,0.414,0.259,0.554,-0.033
16685,556.3,0.98,1,-0.458516,0.219237,-0.861219,-0.510338,0.431074,-0.744131,-0.543,0.385,0.262,0.525,-0.027
16686,556.333,0.98,1,-0.248456,0.1604,-0.95527,-0.443673,0.428996,-0.786839,-0.378,0.326,0.248,0.464,-0.016
16687,556.367,0.98,1,-0.149388,0.131576,-0.979985,-0.385437,0.426808,-0.818091,-0.289,0.301,0.224,0.381,0.001
16688,556.4,0.98,1,-0.139656,0.1145,-0.983558,-0.324662,0.422557,-0.846192,-0.249,0.285,0.2,0.295,0.009
16689,556.433,0.98,1,-0.191516,0.129078,-0.972965,-0.307475,0.414289,-0.856635,-0.266,0.289,0.203,0.265,-0.011
16690,556.467,0.98,1,-0.209877,0.160657,-0.964438,-0.306486,0.423967,-0.852243,-0.277,0.311,0.206,0.247,-0.024
16691,556.5,0.98,1,-0.098838,0.302389,-0.948046,-0.28521,0.431761,-0.855709,-0.21,0.387,0.213,0.22,-0.032
16692,556.533,0.98,1,0.0111,0.260249,-0.965478,-0.223361,0.4323,-0.873628,-0.115,0.36,0.222,0.191,-0.036
16701,556.833,0.98,1,0.187647,0.400556,-0.896852,0.021141,0.284331,-0.958493,0.112,0.354,0.211,-0.029,-0.026
16705,556.967,0.98,1,0.198764,0.427333,-0.881975,0.025851,0.300548,-0.953416,0.122,0.378,0.216,-0.036,-0.022
16706,557.0,0.98,1,0.22971,0.439434,-0.868407,-0.014476,0.369186,-0.929243,0.119,0.423,0.213,-0.028,-0.021
16707,557.034,0.98,1,0.23914,0.44044,-0.865347,0.010322,0.327385,-0.944835,0.137,0.401,0.212,-0.027,-0.021
16708,557.067,0.98,1,0.23576,0.439722,-0.866638,-0.013485,0.369543,-0.929116,0.123,0.423,0.212,-0.029,-0.021
16709,557.1,0.98,1,0.234526,0.43381,-0.869946,-0.014002,0.368264,-0.929616,0.122,0.419,0.209,-0.03,-0.021
16710,557.134,0.98,1,0.232298,0.443671,-0.86556,-0.012158,0.368889,-0.929394,0.122,0.425,0.211,-0.031,-0.021
16711,557.167,0.98,1,0.245785,0.461944,-0.852172,-0.024523,0.385274,-0.922477,0.124,0.445,0.212,-0.032,-0.022
16712,557.2,0.98,1,0.254941,0.476228,-0.841553,-0.014216,0.413478,-0.910403,0.137,0.47,0.209,-0.031,-0.021
16713,557.234,0.98,1,0.24755,0.473299,-0.845403,-0.017339,0.417443,-0.908537,0.131,0.47,0.209,-0.032,-0.021
16714,557.267,0.98,1,0.252234,0.480056,-0.840193,-0.017099,0.423703,-0.90564,0.134,0.478,0.209,-0.034,-0.021
16715,557.3,0.98,1,0.25298,0.486916,-0.836011,-0.010893,0.429543,-0.902981,0.138,0.485,0.209,-0.037,-0.022
16716,557.334,0.98,1,0.250746,0.491087,-0.834242,-0.011834,0.429171,-0.903146,0.137,0.487,0.209,-0.039,-0.022
16717,557.367,0.98,1,0.248235,0.488056,-0.836768,-0.019319,0.413567,-0.910269,0.13,0.476,0.208,-0.043,-0.024
16718,557.4,0.98,1,0.238156,0.482128,-0.84311,-0.016306,0.417091,-0.908718,0.126,0.474,0.21,-0.044,-0.025
16719,557.434,0.98,1,0.250778,0.480092,-0.840608,-0.023065,0.436959,-0.899186,0.13,0.485,0.209,-0.05,-0.025
16720,557.467,0.98,1,0.253201,0.474663,-0.842962,-0.030616,0.44375,-0.895627,0.127,0.486,0.211,-0.057,-0.025
16721,557.5,0.98,1,0.25518,0.471094,-0.844366,-0.031572,0.444664,-0.895141,0.128,0.485,0.212,-0.057,-0.025
16722,557.534,0.98,1,0.262992,0.48504,-0.834009,-0.037432,0.441378,-0.89654,0.13,0.492,0.21,-0.062,-0.026
16723,557.567,0.98,1,0.259608,0.4592,-0.849553,-0.035086,0.445868,-0.894411,0.128,0.479,0.21,-0.065,-0.029
16724,557.6,0.98,1,0.262171,0.460013,-0.848324,-0.019205,0.439489,-0.898043,0.138,0.476,0.209,-0.07,-0.032
16725,557.634,0.98,1,0.275211,0.454889,-0.846956,-0.020488,0.435324,-0.900041,0.145,0.471,0.21,-0.076,-0.036
16726,557.667,0.98,1,0.275459,0.456788,-0.845853,-0.012742,0.446476,-0.894705,0.15,0.479,0.212,-0.081,-0.039
16727,557.7,0.98,1,0.283849,0.4526,-0.84533,-0.068176,0.391655,-0.917583,0.122,0.447,0.211,-0.079,-0.04
16728,557.734,0.98,1,0.301327,0.453592,-0.838723,-0.074987,0.407939,-0.909925,0.129,0.458,0.206,-0.089,-0.041
16729,557.767,0.98,1,0.315096,0.456604,-0.832002,-0.060732,0.387752,-0.919761,0.144,0.449,0.208,-0.094,-0.042
16730,557.8,0.98,1,0.31098,0.457035,-0.833313,-0.071326,0.394358,-0.916185,0.136,0.453,0.208,-0.095,-0.043
16731,557.834,0.98,1,0.310373,0.464615,-0.829338,-0.086513,0.368718,-0.925507,0.127,0.443,0.21,-0.097,-0.042
16732,557.867,0.98,1,0.30283,0.476001,-0.825661,-0.069547,0.419723,-0.904984,0.134,0.478,0.213,-0.106,-0.041
16733,557.9,0.98,1,0.287082,0.477913,-0.83017,-0.105039,0.393543,-0.913285,0.104,0.464,0.209,-0.104,-0.038
16734,557.934,0.98,1,0.28971,0.47591,-0.830408,-0.106369,0.397437,-0.911444,0.105,0.465,0.209,-0.103,-0.036
16735,557.967,0.98,1,0.270065,0.475615,-0.837171,-0.109343,0.415677,-0.902916,0.092,0.473,0.206,-0.105,-0.034
16736,558.0,0.98,1,0.268583,0.483144,-0.833328,-0.127997,0.440156,-0.888751,0.081,0.492,0.21,-0.109,-0.031
16737,558.034,0.98,1,0.264564,0.489302,-0.831017,-0.140299,0.433275,-0.890275,0.072,0.492,0.209,-0.108,-0.031
16738,558.067,0.98,1,0.26629,0.48763,-0.831449,-0.129838,0.444551,-0.886294,0.079,0.497,0.211,-0.107,-0.031
16739,558.1,0.98,1,0.257885,0.483753,-0.836348,-0.141627,0.433315,-0.890045,0.067,0.488,0.211,-0.104,-0.029
16740,558.134,0.98,1,0.286583,0.503699,-0.814958,-0.127736,0.441238,-0.888253,0.093,0.507,0.213,-0.111,-0.029
16741,558.167,0.98,1,0.27236,0.493906,-0.825758,-0.137262,0.411654,-0.900944,0.078,0.483,0.211,-0.114,-0.027
16742,558.201,0.98,1,0.285359,0.496868,-0.819568,-0.139553,0.40892,-0.901836,0.085,0.484,0.211,-0.115,-0.028
16743,558.234,0.98,1,0.287551,0.490454,-0.82266,-0.132072,0.389765,-0.911395,0.089,0.47,0.21,-0.115,-0.026
16744,558.267,0.98,1,0.297029,0.478793,-0.826154,-0.128472,0.38222,-0.915097,0.097,0.459,0.211,-0.116,-0.025
16745,558.301,0.98,1,0.301849,0.483843,-0.821452,-0.127388,0.387171,-0.913165,0.1,0.465,0.212,-0.116,-0.025
16746,558.334,0.98,1,0.317777,0.490315,-0.811547,-0.120103,0.394961,-0.910813,0.114,0.475,0.214,-0.113,-0.024
16747,558.367,0.98,1,0.31339,0.488368,-0.814422,-0.125101,0.377255,-0.917621,0.108,0.463,0.214,-0.115,-0.023
16748,558.401,0.98,1,0.325651,0.487725,-0.809985,-0.123248,0.371783,-0.920102,0.116,0.461,0.213,-0.116,-0.021
16749,558.434,0.98,1,0.329992,0.492537,-0.805303,-0.12128,0.37945,-0.917229,0.121,0.469,0.213,-0.118,-0.02
16750,558.467,0.98,1,0.333462,0.495516,-0.802039,-0.119034,0.396526,-0.910273,0.125,0.48,0.214,-0.118,-0.019
16751,558.501,0.98,1,0.327793,0.494729,-0.804857,-0.123512,0.388441,-0.913159,0.118,0.475,0.214,-0.115,-0.018
16752,558.534,0.98,1,0.319813,0.492074,-0.809681,-0.132904,0.381624,-0.914713,0.108,0.469,0.213,-0.115,-0.016
16753,558.567,0.98,1,0.314203,0.490034,-0.813107,-0.142589,0.391448,-0.909086,0.099,0.473,0.215,-0.115,-0.015
16754,558.601,0.98,1,0.300496,0.494904,-0.815336,-0.124858,0.402387,-0.906915,0.102,0.48,0.215,-0.11,-0.016
16755,558.634,0.98,1,0.311593,0.495755,-0.81064,-0.117005,0.406286,-0.906224,0.113,0.484,0.212,-0.108,-0.016
16756,558.667,0.98,1,0.321872,0.500683,-0.803564,-0.115638,0.418252,-0.90094,0.12,0.494,0.214,-0.105,-0.014
16757,558.701,0.98,1,0.295496,0.472561,-0.830282,0.003676,0.439403,-0.898283,0.171,0.485,0.223,-0.12,-0.02
16758,558.734,0.98,1,0.188264,0.475198,-0.859502,-0.03939,0.417977,-0.907603,0.084,0.468,0.221,-0.099,-0.023
16799,560.101,0.98,1,-0.074779,0.423571,-0.902771,-0.314158,0.399561,-0.861195,-0.217,0.437,0.161,0.254,0.053
16800,560.134,0.93,1,0.007296,0.495692,-0.868468,-0.252589,0.39767,-0.882076,-0.139,0.472,0.16,0.205,0.061
16801,560.168,0.93,1,-0.004856,0.447233,-0.894404,-0.349141,0.302305,-0.886968,-0.196,0.398,0.162,0.115,0.076
16802,560.201,0.98,1,0.003795,0.469324,-0.883018,-0.219349,0.347777,-0.911558,-0.12,0.427,0.181,0.05,0.086
16803,560.234,0.98,1,0.148454,0.504582,-0.850505,-0.160681,0.283088,-0.945538,-0.007,0.413,0.189,-0.017,0.09
16804,560.268,0.98,1,0.205559,0.477155,-0.85444,-0.220266,0.270595,-0.937156,-0.008,0.395,0.206,-0.074,0.092
16805,560.301,0.98,1,0.191116,0.53736,-0.821413,-0.17615,0.460185,-0.870173,0.009,0.533,0.219,-0.078,0.087
16806,560.334,0.98,1,0.189419,0.540765,-0.819569,-0.166985,0.473084,-0.865048,0.013,0.542,0.219,-0.083,0.088
16807,560.368,0.98,1,0.188795,0.539124,-0.820793,-0.17047,0.470208,-0.865936,0.011,0.539,0.228,-0.07,0.09
16808,560.401,0.98,1,0.170251,0.54793,-0.819016,-0.171081,0.450358,-0.876304,-0.0,0.532,0.242,-0.065,0.095
16809,560.435,0.98,1,0.179636,0.545741,-0.818473,-0.165598,0.449703,-0.877693,0.008,0.531,0.246,-0.057,0.101
16810,560.468,0.98,1,0.17918,0.522045,-0.833885,-0.160639,0.472778,-0.866416,0.011,0.529,0.237,-0.06,0.105
16811,560.501,0.98,1,0.067377,0.526431,-0.847544,-0.182193,0.495441,-0.84932,-0.068,0.542,0.228,-0.07,0.102
16812,560.535,0.98,1,0.041463,0.546613,-0.836358,-0.169055,0.507681,-0.844796,-0.076,0.56,0.217,-0.042,0.089
16813,560.568,0.98,1,-0.01739,0.406078,-0.913673,-0.079884,0.246696,-0.965795,-0.052,0.334,0.208,0.003,0.078
17022,567.537,0.98,1,-0.381365,0.35083,-0.855266,-0.435675,0.454627,-0.776854,-0.464,0.458,0.231,0.356,-0.003
17023,567.57,0.98,1,-0.455888,0.382745,-0.803537,-0.480592,0.434833,-0.761546,-0.539,0.481,0.259,0.412,-0.013
17024,567.603,0.98,1,-0.488455,0.398557,-0.77625,-0.512022,0.45095,-0.73108,-0.586,0.513,0.267,0.447,-0.016
17025,567.637,0.98,1,-0.502014,0.375439,-0.77912,-0.550467,0.475896,-0.685937,-0.623,0.526,0.267,0.485,-0.015
17026,567.67,0.98,1,-0.492099,0.383704,-0.781415,-0.564939,0.475075,-0.674646,-0.628,0.533,0.281,0.519,-0.021
17027,567.703,0.98,1,-0.457887,0.416155,-0.785592,-0.589209,0.465256,-0.660582,-0.627,0.547,0.287,0.536,-0.025
17028,567.737,0.93,1,-0.411249,0.484579,-0.772047,-0.575222,0.502012,-0.645835,-0.608,0.608,0.307,0.554,-0.031
17029,567.77,0.93,1,-0.285541,0.49103,-0.823017,-0.438661,0.464151,-0.769507,-0.427,0.54,0.336,0.54,-0.039
17030,567.803,0.98,1,-0.244959,0.477667,-0.8437,-0.596132,0.378565,-0.708036,-0.497,0.504,0.308,0.448,-0.022
17031,567.837,0.93,1,-0.207485,0.46358,-0.86142,-0.439517,0.438669,-0.783833,-0.375,0.502,0.263,0.332,0.002
17032,567.87,0.88,1,-0.140205,0.44225,-0.885865,-0.443272,0.480401,-0.756786,-0.341,0.512,0.23,0.252,0.011
17033,567.903,0.77,1,-0.205041,0.498176,-0.842483,-0.509144,0.516376,-0.688569,-0.436,0.585,0.219,0.243,0.017
17034,567.937,0.98,1,0.188209,0.454775,-0.870493,-0.268869,0.336237,-0.902582,-0.045,0.42,0.254,0.059,-0.01
17035,567.97,0.98,1,0.189462,0.460763,-0.867065,-0.249392,0.306503,-0.918618,-0.034,0.406,0.247,0.004,-0.0
17036,568.003,0.98,1,0.145159,0.474773,-0.868055,-0.216518,0.335333,-0.916881,-0.04,0.426,0.26,-0.026,0.017
17037,568.037,0.98,1,0.083344,0.463849,-0.881985,-0.237476,0.327982,-0.914348,-0.086,0.415,0.269,-0.048,0.037
17038,568.07,0.98,1,0.045446,0.435329,-0.899124,-0.26582,0.287045,-0.920296,-0.121,0.378,0.272,-0.056,0.049
17039,568.103,0.98,1,0.059552,0.440622,-0.895715,-0.265109,0.259611,-0.928611,-0.112,0.366,0.268,-0.051,0.055
17040,568.137,0.98,1,0.070534,0.471298,-0.879149,-0.275738,0.251475,-0.927755,-0.113,0.381,0.271,-0.047,0.06
17041,568.17,0.98,1,0.07252,0.503329,-0.861046,-0.272289,0.301832,-0.91365,-0.112,0.426,0.283,-0.048,0.067
17042,568.204,0.98,1,0.072485,0.503637,-0.860869,-0.265402,0.296478,-0.917422,-0.108,0.423,0.285,-0.05,0.072
17043,568.237,0.98,1,0.060365,0.504893,-0.861068,-0.252803,0.308721,-0.916942,-0.108,0.429,0.287,-0.05,0.075
17044,568.27,0.98,1,0.118869,0.512616,-0.85035,-0.280346,0.288644,-0.915473,-0.091,0.426,0.291,-0.054,0.078
17045,568.304,0.98,1,0.122267,0.514596,-0.848671,-0.2762,0.289747,-0.916384,-0.087,0.428,0.292,-0.062,0.079
17046,568.337,0.98,1,0.137282,0.480559,-0.866151,-0.236025,0.2725,-0.932757,-0.055,0.396,0.29,-0.079,0.084
17047,568.37,0.98,1,0.119712,0.485122,-0.866214,-0.225458,0.277922,-0.933771,-0.059,0.401,0.286,-0.092,0.088
17048,568.404,0.98,1,0.110378,0.470134,-0.875666,-0.212977,0.27591,-0.937291,-0.057,0.39,0.292,-0.102,0.089
17049,568.437,0.98,1,0.12808,0.457696,-0.879835,-0.213336,0.266937,-0.939804,-0.047,0.379,0.294,-0.112,0.09
17050,568.47,0.98,1,0.120276,0.454855,-0.882406,-0.228328,0.278974,-0.932759,-0.059,0.384,0.297,-0.11,0.091
17051,568.504,0.98,1,0.121472,0.446316,-0.886593,-0.22097,0.272528,-0.93643,-0.055,0.376,0.301,-0.113,0.092
17052,568.537,0.98,1,0.143086,0.445093,-0.883979,-0.22193,0.275397,-0.935363,-0.043,0.377,0.304,-0.119,0.093
17053,568.57,0.98,1,0.140832,0.460355,-0.876493,-0.231668,0.279518,-0.931772,-0.05,0.388,0.307,-0.109,0.094
17054,568.604,0.98,1,0.126935,0.467532,-0.874815,-0.236508,0.2715,-0.932926,-0.061,0.388,0.305,-0.106,0.097
17055,568.637,0.98,1,0.116841,0.449186,-0.885765,-0.235006,0.276454,-0.931851,-0.065,0.38,0.308,-0.111,0.096
17056,568.67,0.98,1,0.141645,0.46967,-0.871405,-0.236226,0.281752,-0.929953,-0.052,0.395,0.309,-0.111,0.096
17057,568.704,0.98,1,0.114591,0.465465,-0.877617,-0.227375,0.280262,-0.932606,-0.062,0.391,0.31,-0.104,0.095
17058,568.737,0.98,1,0.138854,0.48399,-0.863987,-0.221564,0.297522,-0.92865,-0.046,0.411,0.311,-0.108,0.094
17059,568.77,0.98,1,0.11966,0.480033,-0.869051,-0.251733,0.322648,-0.91243,-0.074,0.423,0.319,-0.103,0.087
17060,568.804,0.98,1,0.135475,0.50107,-0.854737,-0.221309,0.334769,-0.915943,-0.048,0.441,0.32,-0.108,0.085
17061,568.837,0.98,1,0.193369,0.516477,-0.834182,-0.244265,0.366685,-0.897706,-0.029,0.472,0.321,-0.113,0.084
17062,568.87,0.98,1,0.203954,0.515235,-0.832428,-0.23503,0.374909,-0.896774,-0.018,0.475,0.319,-0.113,0.081
17063,568.904,0.98,1,0.198643,0.525915,-0.827015,-0.237239,0.388726,-0.890287,-0.022,0.489,0.32,-0.114,0.078
17064,568.937,0.98,1,0.213783,0.532384,-0.819063,-0.23477,0.389638,-0.890542,-0.012,0.495,0.321,-0.116,0.077
17065,568.97,0.98,1,0.210216,0.551983,-0.806922,-0.231133,0.409263,-0.882656,-0.012,0.517,0.322,-0.117,0.075
17066,569.004,0.98,1,0.217887,0.553669,-0.803726,-0.219147,0.420937,-0.88022,-0.001,0.525,0.326,-0.117,0.074
17067,569.037,0.98,1,0.224555,0.555536,-0.800597,-0.196685,0.44454,-0.873899,0.017,0.538,0.325,-0.12,0.072
17068,569.07,0.98,1,0.234497,0.561572,-0.793503,-0.199223,0.46266,-0.863861,0.021,0.554,0.323,-0.123,0.07
17069,569.104,0.98,1,0.236617,0.560215,-0.793833,-0.184594,0.456126,-0.87056,0.031,0.548,0.325,-0.127,0.067
17070,569.137,0.98,1,0.253327,0.551091,-0.795062,-0.184998,0.447722,-0.874826,0.041,0.539,0.33,-0.135,0.064
17071,569.17,0.98,1,0.226509,0.559199,-0.79749,-0.206984,0.443894,-0.871846,0.012,0.541,0.339,-0.139,0.062
17072,569.204,0.98,1,0.228898,0.574169,-0.786089,-0.181594,0.481006,-0.857704,0.029,0.571,0.341,-0.143,0.06
17073,569.237,0.98,1,0.21493,0.558382,-0.801258,-0.193807,0.45804,-0.867547,0.013,0.547,0.341,-0.14,0.057
17074,569.271,0.98,1,0.231909,0.572496,-0.786426,-0.12281,0.501505,-0.856394,0.066,0.579,0.343,-0.146,0.053
17075,569.304,0.98,1,0.238762,0.576358,-0.78154,-0.119592,0.487165,-0.865083,0.072,0.573,0.343,-0.137,0.049
17076,569.337,0.98,1,0.235151,0.574798,-0.78378,-0.124226,0.492926,-0.861157,0.067,0.576,0.344,-0.136,0.047
17077,569.371,0.98,1,0.237978,0.575296,-0.782561,-0.122348,0.495329,-0.860046,0.07,0.578,0.345,-0.135,0.045
17078,569.404,0.98,1,0.243444,0.571718,-0.783501,-0.129632,0.476089,-0.86979,0.069,0.565,0.342,-0.126,0.045
17079,569.437,0.98,1,0.237232,0.574071,-0.783686,-0.131697,0.479568,-0.867566,0.064,0.568,0.341,-0.121,0.045
17080,569.471,0.98,1,0.243821,0.571474,-0.783561,-0.142462,0.495573,-0.856803,0.062,0.577,0.341,-0.116,0.047
17081,569.504,0.98,1,0.204473,0.600198,-0.773274,-0.234174,0.385782,-0.892376,-0.018,0.534,0.339,-0.12,0.057
17082,569.537,0.93,1,0.146014,0.562717,-0.813652,-0.237102,0.331068,-0.913333,-0.053,0.478,0.341,-0.119,0.056
17083,569.571,0.93,1,0.134699,0.558134,-0.818744,-0.24533,0.339386,-0.908092,-0.064,0.479,0.352,-0.111,0.049
17084,569.604,0.93,1,0.134806,0.558352,-0.818578,-0.258847,0.358685,-0.896852,-0.072,0.491,0.355,-0.096,0.045
17085,569.637,0.93,1,0.106695,0.561439,-0.820611,-0.280184,0.352485,-0.892889,-0.101,0.49,0.361,-0.072,0.044
17086,569.671,0.98,1,0.074184,0.549983,-0.831875,-0.300991,0.329664,-0.894833,-0.131,0.471,0.36,-0.048,0.046
17087,569.704,0.98,1,0.047985,0.540824,-0.839766,-0.338353,0.293907,-0.893944,-0.166,0.449,0.365,-0.024,0.051
17088,569.737,0.98,1,0.009128,0.539896,-0.841682,-0.349802,0.280352,-0.893891,-0.194,0.441,0.376,0.007,0.057
17089,569.771,0.98,1,-0.006477,0.538415,-0.842655,-0.346203,0.291039,-0.891875,-0.201,0.446,0.386,0.028,0.061
17090,569.804,0.98,1,-0.004918,0.553159,-0.833061,-0.288228,0.368253,-0.88392,-0.169,0.493,0.394,0.044,0.058
17091,569.837,0.98,1,0.021871,0.543768,-0.838951,-0.260221,0.392701,-0.882083,-0.138,0.498,0.392,0.061,0.057
17092,569.871,0.98,1,0.005229,0.526835,-0.849952,-0.27024,0.379462,-0.884861,-0.152,0.481,0.392,0.07,0.058
17093,569.904,0.98,1,0.01957,0.526355,-0.85004,-0.265943,0.382312,-0.884936,-0.141,0.482,0.391,0.078,0.057
17094,569.937,0.98,1,0.003084,0.527227,-0.849719,-0.259877,0.389449,-0.883625,-0.147,0.486,0.389,0.081,0.056
17095,569.971,0.98,1,0.037042,0.530432,-0.846918,-0.256057,0.392607,-0.883343,-0.126,0.49,0.389,0.083,0.054
17096,570.004,0.98,1,0.000504,0.530757,-0.847524,-0.24292,0.397498,-0.884865,-0.139,0.492,0.393,0.085,0.051
17097,570.037,0.98,1,0.001278,0.532983,-0.846125,-0.249303,0.399412,-0.882224,-0.143,0.495,0.394,0.088,0.051
17098,570.071,0.98,1,0.017368,0.536544,-0.843693,-0.240648,0.3912,-0.888285,-0.128,0.492,0.392,0.09,0.054
17099,570.104,0.98,1,-0.009009,0.530872,-0.847404,-0.248121,0.396752,-0.883756,-0.147,0.492,0.391,0.096,0.05
17100,570.137,0.98,1,0.002595,0.527396,-0.849616,-0.243774,0.391899,-0.887124,-0.138,0.487,0.383,0.105,0.05
17101,570.171,0.98,1,0.083766,0.53076,-0.843373,-0.255406,0.397052,-0.881543,-0.099,0.493,0.385,0.108,0.051
17102,570.204,0.98,1,0.043436,0.532846,-0.845097,-0.253629,0.405909,-0.878015,-0.121,0.499,0.384,0.118,0.049
17103,570.237,0.98,1,0.028998,0.523054,-0.851806,-0.249887,0.400742,-0.881455,-0.127,0.49,0.381,0.13,0.048
17104,570.271,0.98,1,0.021362,0.519626,-0.854126,-0.246425,0.394733,-0.885133,-0.129,0.484,0.377,0.139,0.047
17105,570.304,0.98,1,0.015031,0.51986,-0.854119,-0.252335,0.390673,-0.885269,-0.136,0.482,0.371,0.145,0.047
17106,570.337,0.98,1,0.000709,0.524339,-0.851509,-0.258119,0.379216,-0.888577,-0.147,0.479,0.357,0.15,0.052
17107,570.371,0.93,1,0.004816,0.522774,-0.852457,-0.280224,0.374478,-0.883878,-0.157,0.477,0.34,0.161,0.064
17108,570.404,0.98,1,0.015582,0.523436,-0.851922,-0.298205,0.376417,-0.877146,-0.162,0.48,0.343,0.155,0.083
17109,570.438,0.98,1,0.035415,0.521931,-0.852252,-0.283409,0.368731,-0.885278,-0.142,0.474,0.359,0.141,0.077
17110,570.471,0.98,1,0.052948,0.515376,-0.855327,-0.297867,0.356316,-0.885615,-0.14,0.464,0.352,0.141,0.077
17111,570.504,0.98,1,0.051883,0.512261,-0.857262,-0.292402,0.360326,-0.885814,-0.137,0.464,0.349,0.142,0.074
17112,570.538,0.98,1,0.051539,0.509084,-0.859172,-0.301964,0.350776,-0.886439,-0.142,0.458,0.345,0.146,0.071
17113,570.571,0.98,1,0.053213,0.515682,-0.855126,-0.313553,0.348104,-0.883464,-0.149,0.461,0.343,0.154,0.065
17114,570.604,0.93,1,0.028244,0.504619,-0.86288,-0.319796,0.366476,-0.873743,-0.166,0.465,0.337,0.169,0.069
17115,570.638,0.93,1,0.015352,0.517608,-0.85548,-0.321231,0.374958,-0.869608,-0.175,0.477,0.349,0.166,0.079
17116,570.671,0.98,1,0.019584,0.521565,-0.852987,-0.331055,0.382816,-0.86247,-0.18,0.485,0.352,0.17,0.085
17117,570.704,0.98,1,0.017022,0.52602,-0.850302,-0.336885,0.376538,-0.862976,-0.185,0.485,0.349,0.172,0.092
17118,570.738,0.93,1,0.018177,0.530114,-0.847731,-0.346506,0.38067,-0.857336,-0.19,0.491,0.349,0.176,0.096
17119,570.771,0.98,1,-0.015494,0.531191,-0.84711,-0.336476,0.375832,-0.863443,-0.203,0.488,0.356,0.183,0.098
17120,570.804,0.98,1,-0.09689,0.635836,-0.765719,-0.347435,0.538946,-0.76735,-0.282,0.654,0.363,0.207,0.091
17121,570.838,0.98,1,-0.200368,0.540827,-0.81692,-0.319978,0.495918,-0.807266,-0.31,0.568,0.36,0.23,0.088
17122,570.871,0.98,1,-0.248664,0.471147,-0.846278,-0.376923,0.486017,-0.78849,-0.365,0.53,0.353,0.27,0.09
17123,570.904,0.93,1,-0.257987,0.434851,-0.862756,-0.390462,0.468465,-0.792515,-0.373,0.5,0.337,0.304,0.094
17124,570.938,0.93,1,-0.247419,0.430508,-0.868013,-0.399003,0.455748,-0.79567,-0.371,0.489,0.326,0.329,0.099
17125,570.971,0.93,1,-0.219375,0.418528,-0.881311,-0.398643,0.421108,-0.814709,-0.349,0.46,0.317,0.34,0.101
17126,571.004,0.93,1,-0.222284,0.401441,-0.888502,-0.370663,0.400092,-0.838174,-0.331,0.435,0.312,0.351,0.1
17127,571.038,0.93,1,-0.214957,0.405193,-0.888601,-0.374144,0.392353,-0.840283,-0.328,0.432,0.311,0.354,0.097
17128,571.071,0.93,1,-0.218988,0.401919,-0.889104,-0.367703,0.384102,-0.846912,-0.326,0.425,0.305,0.355,0.093
17129,571.104,0.93,1,-0.222763,0.397539,-0.890135,-0.359756,0.376562,-0.853684,-0.322,0.418,0.304,0.354,0.089
17130,571.138,0.93,1,-0.217157,0.395727,-0.892324,-0.360232,0.384204,-0.850071,-0.32,0.421,0.299,0.354,0.085
17131,571.171,0.93,1,-0.247673,0.387767,-0.88786,-0.399549,0.435939,-0.806423,-0.365,0.453,0.297,0.354,0.081
17132,571.204,0.93,1,-0.27809,0.431236,-0.858313,-0.400506,0.439348,-0.804095,-0.388,0.482,0.298,0.359,0.075
17133,571.238,0.93,1,-0.280324,0.427555,-0.859427,-0.421205,0.441188,-0.792427,-0.402,0.484,0.292,0.368,0.073
17134,571.271,0.93,1,-0.305001,0.421887,-0.853806,-0.430779,0.441663,-0.786997,-0.422,0.484,0.288,0.383,0.069
17135,571.304,0.98,1,-0.307039,0.411682,-0.858047,-0.431776,0.444613,-0.784786,-0.423,0.48,0.282,0.396,0.067
17136,571.338,0.98,1,-0.362849,0.363968,-0.857827,-0.47531,0.460035,-0.749966,-0.481,0.474,0.283,0.408,0.063
17137,571.371,0.98,1,-0.368281,0.403069,-0.837798,-0.488957,0.462521,-0.739591,-0.498,0.502,0.279,0.419,0.062
17138,571.404,0.98,1,-0.378465,0.399349,-0.835036,-0.49829,0.455687,-0.737602,-0.509,0.498,0.281,0.445,0.063
17139,571.438,0.98,1,-0.380656,0.398657,-0.83437,-0.522955,0.455348,-0.720539,-0.526,0.502,0.283,0.468,0.067
17140,571.471,0.98,1,-0.403114,0.387571,-0.829028,-0.527622,0.446335,-0.722772,-0.54,0.493,0.276,0.482,0.075
17141,571.505,0.98,1,-0.408173,0.386744,-0.826936,-0.527728,0.397569,-0.750628,-0.535,0.461,0.272,0.497,0.085
17142,571.538,0.98,1,-0.458615,0.3006,-0.836249,-0.529589,0.377672,-0.759539,-0.554,0.402,0.275,0.501,0.095
17143,571.571,0.98,1,-0.446328,0.327119,-0.832937,-0.553948,0.373583,-0.744028,-0.565,0.418,0.285,0.5,0.102
17144,571.605,0.98,1,-0.393331,0.395477,-0.829993,-0.545911,0.375965,-0.748753,-0.537,0.455,0.289,0.494,0.113
17145,571.638,0.98,1,-0.390263,0.412191,-0.823282,-0.572775,0.383697,-0.724366,-0.557,0.475,0.296,0.492,0.124
17146,571.671,0.98,1,-0.474869,0.327459,-0.816866,-0.573798,0.38653,-0.722047,-0.598,0.434,0.301,0.491,0.13
17147,571.705,0.98,1,-0.479331,0.356135,-0.802129,-0.525443,0.438223,-0.729294,-0.581,0.478,0.309,0.488,0.132
17148,571.738,0.98,1,-0.31399,0.529694,-0.787931,-0.562528,0.341961,-0.752745,-0.517,0.515,0.352,0.54,0.117
17149,571.771,0.98,1,-0.282215,0.523689,-0.803806,-0.549955,0.358008,-0.754573,-0.49,0.515,0.354,0.531,0.12
17150,571.805,0.98,1,-0.27998,0.534474,-0.797464,-0.535085,0.353575,-0.767248,-0.48,0.516,0.363,0.521,0.118
17151,571.838,0.98,1,-0.244682,0.514219,-0.822015,-0.519237,0.351817,-0.778857,-0.445,0.496,0.363,0.506,0.118
17152,571.871,0.98,1,-0.217289,0.51189,-0.831116,-0.513564,0.357768,-0.779906,-0.426,0.495,0.362,0.488,0.116
17153,571.905,0.98,1,-0.20488,0.507366,-0.837021,-0.500123,0.349006,-0.79251,-0.408,0.484,0.368,0.479,0.11
17154,571.938,0.98,1,-0.178692,0.505374,-0.844196,-0.488617,0.35621,-0.796472,-0.386,0.484,0.37,0.465,0.103
17155,571.971,0.98,1,-0.184765,0.498233,-0.847128,-0.481895,0.351709,-0.802544,-0.384,0.476,0.375,0.457,0.094
17156,572.005,0.98,1,-0.204403,0.511387,-0.834687,-0.471072,0.359493,-0.805516,-0.391,0.488,0.376,0.45,0.086
17157,572.038,0.98,1,-0.16226,0.497142,-0.852362,-0.458793,0.35479,-0.814637,-0.357,0.472,0.375,0.438,0.079
17158,572.071,0.98,1,-0.179351,0.499699,-0.847428,-0.450131,0.347489,-0.822577,-0.36,0.469,0.379,0.433,0.069
17159,572.105,0.98,1,-0.179388,0.494582,-0.850416,-0.43323,0.349086,-0.830934,-0.349,0.465,0.38,0.43,0.061
17160,572.138,0.98,1,-0.188829,0.499707,-0.845362,-0.434718,0.339369,-0.834175,-0.355,0.463,0.378,0.426,0.055
17161,572.171,0.98,1,-0.195993,0.486991,-0.851133,-0.431855,0.324996,-0.841355,-0.355,0.447,0.378,0.423,0.046
17162,572.205,0.98,1,-0.1911,0.474264,-0.859392,-0.424826,0.318762,-0.847298,-0.346,0.435,0.38,0.426,0.037
17163,572.238,0.98,1,-0.184363,0.475484,-0.860189,-0.422011,0.320476,-0.848058,-0.341,0.436,0.384,0.427,0.03
17164,572.271,0.98,1,-0.210038,0.497082,-0.841899,-0.421618,0.319809,-0.848505,-0.358,0.45,0.396,0.428,0.026
17165,572.305,0.98,1,-0.2246,0.496335,-0.838574,-0.420482,0.362208,-0.831866,-0.369,0.475,0.408,0.435,0.023
17166,572.338,0.98,1,-0.212195,0.505889,-0.836092,-0.462762,0.367622,-0.806663,-0.39,0.489,0.41,0.435,0.023
17167,572.371,0.98,1,-0.249261,0.50941,-0.823633,-0.452474,0.362974,-0.814565,-0.405,0.489,0.422,0.439,0.021
17168,572.405,0.93,1,-0.259675,0.510932,-0.819461,-0.459952,0.372745,-0.805919,-0.417,0.498,0.426,0.435,0.02
17169,572.438,0.93,1,-0.246552,0.505733,-0.826708,-0.452961,0.348485,-0.8206,-0.402,0.478,0.427,0.433,0.024
17170,572.471,0.93,1,-0.290661,0.494869,-0.818914,-0.443395,0.350159,-0.8251,-0.42,0.475,0.425,0.427,0.026
17171,572.505,0.93,1,-0.292047,0.497136,-0.817046,-0.430404,0.331844,-0.839424,-0.411,0.464,0.43,0.423,0.025
17172,572.538,0.93,1,-0.313165,0.494961,-0.810519,-0.440623,0.324133,-0.837131,-0.429,0.461,0.432,0.429,0.022
17173,572.571,0.93,1,-0.341939,0.477852,-0.809157,-0.429685,0.362438,-0.827048,-0.441,0.474,0.443,0.435,0.017
17174,572.605,0.93,1,-0.348474,0.482148,-0.803803,-0.459131,0.376138,-0.80481,-0.465,0.49,0.45,0.443,0.013
17175,572.638,0.93,1,-0.338873,0.488479,-0.804086,-0.465898,0.390152,-0.794179,-0.466,0.503,0.454,0.445,0.011
17176,572.672,0.93,1,-0.346948,0.488738,-0.800476,-0.480472,0.392351,-0.784352,-0.481,0.507,0.455,0.447,0.011
17177,572.705,0.93,1,-0.338965,0.491695,-0.802084,-0.486762,0.391115,-0.781084,-0.481,0.509,0.458,0.454,0.01
17178,572.738,0.93,1,-0.343621,0.486528,-0.803253,-0.448048,0.350589,-0.822399,-0.453,0.476,0.447,0.448,0.018
17179,572.772,0.93,1,-0.358743,0.481667,-0.799562,-0.493668,0.385401,-0.779589,-0.495,0.502,0.449,0.45,0.019
17180,572.805,0.98,1,-0.256068,0.521693,-0.813797,-0.477348,0.385546,-0.789616,-0.429,0.515,0.452,0.451,0.017
17181,572.838,0.98,1,-0.249169,0.521912,-0.815796,-0.479878,0.380286,-0.790632,-0.426,0.512,0.447,0.454,0.019
17182,572.872,0.98,1,-0.268609,0.506312,-0.81945,-0.461587,0.365395,-0.808346,-0.422,0.492,0.436,0.448,0.027
17183,572.905,0.98,1,-0.266627,0.508702,-0.818616,-0.475296,0.368102,-0.799121,-0.43,0.497,0.429,0.453,0.033
17184,572.938,0.98,1,-0.271049,0.506302,-0.818652,-0.477191,0.359478,-0.801913,-0.433,0.491,0.422,0.453,0.037
17185,572.972,0.98,1,-0.28277,0.506079,-0.814816,-0.47685,0.361336,-0.801281,-0.439,0.493,0.42,0.459,0.036
17186,573.005,0.98,1,-0.311029,0.504293,-0.805574,-0.514091,0.364033,-0.776653,-0.481,0.502,0.417,0.478,0.03
17187,573.038,0.98,1,-0.319803,0.477574,-0.818321,-0.548867,0.350576,-0.758842,-0.503,0.484,0.409,0.486,0.025
17188,573.072,0.93,1,-0.324139,0.468626,-0.821781,-0.545697,0.362801,-0.755374,-0.504,0.485,0.392,0.487,0.026
17189,573.105,0.93,1,-0.328453,0.456353,-0.826958,-0.535757,0.332936,-0.775963,-0.494,0.458,0.375,0.483,0.028
17190,573.138,0.93,1,-0.313341,0.482178,-0.818121,-0.509111,0.376412,-0.774028,-0.477,0.495,0.373,0.487,0.024
17191,573.172,0.93,1,-0.346265,0.450872,-0.822687,-0.43553,0.513321,-0.73947,-0.464,0.553,0.33,0.448,0.033
17192,573.205,0.93,1,-0.426169,0.359047,-0.83034,-0.425184,0.486826,-0.763033,-0.491,0.488,0.325,0.441,0.032
17193,573.238,0.98,1,-0.431175,0.342366,-0.834789,-0.421312,0.445707,-0.789836,-0.483,0.452,0.321,0.435,0.03
17194,573.272,0.98,1,-0.428556,0.328417,-0.841713,-0.439886,0.432491,-0.787053,-0.49,0.437,0.317,0.434,0.028
17195,573.305,0.98,1,-0.431883,0.33211,-0.838558,-0.436296,0.436911,-0.786609,-0.491,0.442,0.312,0.432,0.027
17196,573.338,0.98,1,-0.415324,0.347744,-0.840583,-0.43774,0.432096,-0.788464,-0.482,0.446,0.306,0.426,0.027
17197,573.372,0.98,1,-0.419184,0.336693,-0.843162,-0.429481,0.439943,-0.788668,-0.48,0.444,0.305,0.42,0.025
17198,573.405,0.98,1,-0.305447,0.436236,-0.846404,-0.429351,0.430161,-0.794116,-0.421,0.486,0.306,0.41,0.021
17199,573.438,0.98,1,-0.280037,0.451953,-0.846946,-0.424624,0.43692,-0.792967,-0.406,0.497,0.306,0.397,0.017
17200,573.472,0.98,1,-0.266161,0.460266,-0.846943,-0.427993,0.435113,-0.792148,-0.401,0.5,0.302,0.392,0.011
17201,573.505,0.98,1,-0.259293,0.449946,-0.854585,-0.425131,0.43024,-0.79634,-0.393,0.49,0.295,0.39,0.006
17202,573.538,0.98,1,-0.255775,0.437989,-0.861827,-0.435087,0.426073,-0.793197,-0.395,0.481,0.294,0.388,0.005
17203,573.572,0.98,1,-0.255613,0.436927,-0.862413,-0.43176,0.423858,-0.796196,-0.393,0.479,0.29,0.387,0.003
17204,573.605,0.98,1,-0.257562,0.438224,-0.861175,-0.422619,0.423511,-0.801269,-0.388,0.478,0.287,0.378,0.003
17205,573.638,0.93,1,-0.240991,0.455828,-0.856822,-0.401455,0.432707,-0.807217,-0.368,0.49,0.291,0.368,0.004
17206,573.672,0.93,1,-0.314566,0.294069,-0.902536,-0.389068,0.400256,-0.829711,-0.386,0.381,0.289,0.35,-0.007
17207,573.705,0.93,1,-0.137715,0.205695,-0.968878,-0.32086,0.40243,-0.857379,-0.246,0.321,0.284,0.309,-0.011
17209,573.772,0.98,1,0.03003,0.115486,-0.992855,-0.156484,0.408194,-0.899383,-0.067,0.27,0.284,0.171,-0.02
17210,573.805,0.98,1,0.069549,0.148307,-0.986493,-0.131557,0.402786,-0.90579,-0.033,0.283,0.291,0.112,-0.022
17211,573.839,0.98,1,0.160134,0.395439,-0.904425,-0.099689,0.384135,-0.917879,0.033,0.404,0.305,0.053,-0.03
17222,574.205,0.98,1,-0.064029,0.281775,-0.957342,-0.141553,0.442585,-0.885484,-0.111,0.375,0.275,0.028,-0.046
17224,574.272,0.98,1,-0.253679,0.236328,-0.937975,-0.369598,0.421783,-0.827947,-0.339,0.357,0.302,0.187,-0.063
17225,574.305,0.93,1,-0.281951,0.264266,-0.922316,-0.442896,0.439431,-0.781501,-0.402,0.392,0.283,0.238,-0.055
17226,574.339,0.88,1,-0.276966,0.433517,-0.857527,-0.466532,0.421124,-0.777819,-0.427,0.482,0.254,0.228,-0.062
17227,574.372,0.88,1,-0.234326,0.413434,-0.879866,-0.400933,0.184573,-0.897321,-0.343,0.325,0.23,0.221,-0.079
17229,574.439,0.88,1,-0.292418,0.382448,-0.876485,-0.383776,0.404892,-0.829927,-0.377,0.432,0.212,0.284,-0.127
17230,574.472,0.98,1,-0.423463,0.351676,-0.834867,-0.507555,0.456102,-0.730998,-0.536,0.476,0.257,0.536,-0.003
17231,574.505,0.98,1,-0.463977,0.30676,-0.831038,-0.560759,0.476567,-0.677077,-0.597,0.479,0.284,0.592,0.006
17232,574.539,0.98,1,-0.486951,0.240103,-0.839779,-0.564292,0.472631,-0.676901,-0.606,0.439,0.295,0.631,0.006
17233,574.572,0.98,1,-0.526084,0.235606,-0.817145,-0.589938,0.477242,-0.651316,-0.65,0.452,0.279,0.663,0.024
17234,574.605,0.98,1,-0.528995,0.281096,-0.800718,-0.605629,0.480767,-0.634095,-0.669,0.488,0.274,0.687,0.039
17235,574.639,0.93,1,-0.508601,0.282998,-0.813165,-0.606906,0.475399,-0.636915,-0.656,0.482,0.275,0.703,0.041
17236,574.672,0.98,1,-0.496457,0.331048,-0.802457,-0.636902,0.466042,-0.614134,-0.675,0.513,0.246,0.732,0.048
17237,574.705,0.93,1,-0.493684,0.343602,-0.798883,-0.629934,0.437264,-0.641859,-0.662,0.497,0.241,0.74,0.048
17238,574.739,0.98,1,-0.503314,0.308537,-0.807143,-0.640345,0.411378,-0.648634,-0.666,0.459,0.228,0.752,0.063
17239,574.772,0.98,1,-0.562784,0.272896,-0.780258,-0.671559,0.372749,-0.640365,-0.715,0.427,0.214,0.756,0.083
17240,574.805,0.93,1,-0.551911,0.29784,-0.7789,-0.695183,0.360851,-0.621697,-0.727,0.44,0.21,0.747,0.092
17241,574.839,0.93,1,-0.535907,0.298176,-0.78987,-0.700615,0.366872,-0.611999,-0.723,0.443,0.198,0.732,0.097
17242,574.872,0.93,1,-0.570669,0.223156,-0.790278,-0.669238,0.399265,-0.626664,-0.719,0.414,0.213,0.753,0.09
17244,574.939,0.93,1,-0.576353,0.259467,-0.774916,-0.67914,0.39526,-0.618496,-0.733,0.439,0.217,0.756,0.085
17245,574.972,0.88,1,-0.577039,0.217256,-0.78729,-0.690589,0.396917,-0.604603,-0.739,0.416,0.218,0.75,0.083
17246,575.006,0.93,1,-0.563557,0.307883,-0.766558,-0.688092,0.400681,-0.604966,-0.74,0.477,0.216,0.752,0.083
17247,575.039,0.93,1,-0.551817,0.314108,-0.77255,-0.664215,0.409006,-0.625725,-0.716,0.477,0.218,0.775,0.082
17248,575.072,0.93,1,-0.554428,0.310446,-0.772161,-0.682582,0.405517,-0.607978,-0.731,0.479,0.215,0.775,0.089
17249,575.106,0.93,1,-0.555724,0.330402,-0.762893,-0.68356,0.402201,-0.609082,-0.735,0.49,0.21,0.754,0.097
17250,575.139,0.98,1,-0.559069,0.342281,-0.755173,-0.71075,0.326405,-0.623133,-0.744,0.452,0.232,0.763,0.088
17251,575.172,0.98,1,-0.463103,0.439021,-0.769933,-0.6276,0.365195,-0.687569,-0.642,0.504,0.233,0.704,0.083
17252,575.206,0.98,1,-0.401889,0.455107,-0.794583,-0.591101,0.423791,-0.686296,-0.591,0.536,0.226,0.634,0.081
17253,575.239,0.82,1,-0.36676,0.506626,-0.780267,-0.584673,0.458734,-0.669119,-0.581,0.588,0.239,0.657,0.098
17254,575.272,0.98,1,-0.163977,0.474895,-0.864631,-0.420124,0.445659,-0.790496,-0.339,0.508,0.264,0.343,-0.003
17255,575.306,0.77,1,-0.240893,0.461275,-0.85393,-0.452397,0.335685,-0.826228,-0.391,0.443,0.222,0.38,0.032
17256,575.339,0.93,1,-0.001389,0.454802,-0.890592,-0.268152,0.253119,-0.92953,-0.147,0.371,0.255,0.201,0.045
17257,575.372,0.93,1,0.028715,0.488635,-0.872016,-0.221399,0.363727,-0.904812,-0.108,0.447,0.248,0.168,0.064
17258,575.406,0.98,1,0.02466,0.52146,-0.852919,-0.219161,0.435296,-0.873204,-0.112,0.506,0.262,0.161,0.068
17259,575.439,0.98,1,-0.005351,0.52909,-0.848549,-0.239004,0.458893,-0.855742,-0.142,0.525,0.269,0.161,0.076
17260,575.472,0.98,1,-0.015742,0.546213,-0.837498,-0.25369,0.466287,-0.847477,-0.159,0.541,0.275,0.167,0.086
17261,575.506,0.98,1,-0.033194,0.546169,-0.837017,-0.271697,0.473372,-0.837914,-0.18,0.547,0.282,0.172,0.099
17262,575.539,0.98,1,-0.037883,0.561051,-0.826914,-0.284901,0.478446,-0.830615,-0.192,0.56,0.292,0.177,0.107
17263,575.572,0.98,1,-0.05402,0.539848,-0.840027,-0.272567,0.44631,-0.852358,-0.191,0.528,0.282,0.171,0.117
17264,575.606,0.98,1,-0.059586,0.522551,-0.850523,-0.280009,0.421919,-0.862311,-0.196,0.504,0.276,0.17,0.121
17265,575.639,0.98,1,-0.061566,0.487537,-0.870929,-0.277862,0.425871,-0.861061,-0.194,0.485,0.275,0.159,0.127
17266,575.672,0.98,1,-0.065437,0.471262,-0.879562,-0.280653,0.416389,-0.864786,-0.196,0.471,0.271,0.152,0.138
17267,575.706,0.98,1,-0.062195,0.473421,-0.878638,-0.287202,0.42558,-0.858136,-0.199,0.478,0.269,0.158,0.136
17268,575.739,0.98,1,-0.056651,0.474344,-0.878515,-0.286479,0.415599,-0.863254,-0.195,0.472,0.267,0.16,0.14
17269,575.772,0.98,1,-0.064369,0.486533,-0.871288,-0.280678,0.411715,-0.867012,-0.196,0.477,0.272,0.163,0.137
17270,575.806,0.98,1,-0.093277,0.482022,-0.87118,-0.301287,0.42364,-0.854257,-0.225,0.483,0.276,0.168,0.135
17271,575.839,0.98,1,-0.092975,0.465085,-0.88037,-0.290599,0.390262,-0.873641,-0.215,0.454,0.26,0.168,0.137
17272,575.872,0.98,1,-0.098838,0.462536,-0.881074,-0.30011,0.404111,-0.864077,-0.225,0.461,0.257,0.182,0.135
17273,575.906,0.98,1,-0.102046,0.471526,-0.875928,-0.298263,0.388138,-0.872002,-0.225,0.457,0.264,0.19,0.135
17274,575.939,0.98,1,-0.084674,0.488734,-0.868314,-0.300671,0.386091,-0.872084,-0.218,0.466,0.273,0.198,0.128
17275,575.973,0.98,1,-0.0737,0.484816,-0.871505,-0.30138,0.373,-0.87752,-0.211,0.456,0.263,0.196,0.126
17276,576.006,0.98,1,-0.075259,0.498528,-0.863601,-0.294476,0.385863,-0.874296,-0.21,0.471,0.26,0.195,0.125
17277,576.039,0.98,1,-0.074404,0.488271,-0.869514,-0.291083,0.376727,-0.879402,-0.206,0.459,0.254,0.19,0.125
17278,576.073,0.98,1,-0.076632,0.487853,-0.869556,-0.295147,0.378205,-0.877411,-0.21,0.46,0.26,0.192,0.119
17279,576.106,0.98,1,-0.089859,0.48036,-0.872456,-0.30052,0.376916,-0.87614,-0.22,0.456,0.27,0.198,0.115
17280,576.139,0.98,1,-0.081566,0.483639,-0.871459,-0.30405,0.37473,-0.87586,-0.217,0.457,0.281,0.197,0.114
17281,576.173,0.98,1,-0.088969,0.487963,-0.868318,-0.313398,0.373804,-0.872956,-0.227,0.46,0.29,0.199,0.117
17282,576.206,0.98,1,-0.094224,0.511813,-0.853914,-0.322592,0.397081,-0.859221,-0.239,0.488,0.302,0.2,0.119
17283,576.239,0.98,1,-0.179871,0.542633,-0.820485,-0.366808,0.453961,-0.812017,-0.323,0.548,0.317,0.208,0.119
17284,576.273,0.98,1,-0.203809,0.543762,-0.814116,-0.392117,0.467161,-0.792468,-0.355,0.562,0.33,0.224,0.119
17285,576.306,0.98,1,-0.237395,0.535094,-0.810752,-0.401598,0.475904,-0.782454,-0.381,0.565,0.35,0.256,0.113
17286,576.339,0.98,1,-0.278444,0.516451,-0.809782,-0.440511,0.490088,-0.752173,-0.431,0.572,0.329,0.299,0.115
17287,576.373,0.98,1,-0.289813,0.520951,-0.802882,-0.472357,0.482618,-0.737536,-0.459,0.577,0.325,0.335,0.111
17288,576.406,0.98,1,-0.304145,0.505817,-0.807245,-0.489872,0.483475,-0.72545,-0.478,0.573,0.326,0.365,0.111
17289,576.439,0.98,1,-0.302164,0.506783,-0.807383,-0.510168,0.469334,-0.720732,-0.489,0.568,0.33,0.388,0.111
17290,576.473,0.98,1,-0.342805,0.499915,-0.795342,-0.51797,0.4626,-0.71952,-0.517,0.566,0.333,0.406,0.114
17291,576.506,0.98,1,-0.431585,0.418765,-0.79898,-0.530219,0.458675,-0.713081,-0.567,0.526,0.333,0.419,0.115
17292,576.539,0.98,1,-0.419922,0.419475,-0.804802,-0.52211,0.445997,-0.726972,-0.551,0.514,0.329,0.428,0.117
17293,576.573,0.98,1,-0.387374,0.454143,-0.802306,-0.536014,0.437889,-0.721763,-0.545,0.53,0.324,0.436,0.115
17294,576.606,0.98,1,-0.330682,0.475633,-0.815121,-0.532642,0.432153,-0.727692,-0.51,0.532,0.32,0.438,0.112
17295,576.639,0.98,1,-0.316741,0.471196,-0.823195,-0.534439,0.427958,-0.728853,-0.502,0.525,0.313,0.438,0.108
17296,576.673,0.98,1,-0.319954,0.466372,-0.824698,-0.530907,0.423697,-0.733906,-0.5,0.519,0.312,0.442,0.102
17297,576.706,0.98,1,-0.323179,0.469535,-0.82164,-0.521855,0.428588,-0.737549,-0.497,0.523,0.31,0.443,0.096
17298,576.739,0.98,1,-0.325231,0.482675,-0.813173,-0.527499,0.424183,-0.73608,-0.503,0.53,0.306,0.446,0.092
17299,576.773,0.98,1,-0.333151,0.506881,-0.795036,-0.544253,0.434391,-0.7177,-0.526,0.557,0.305,0.449,0.088
17300,576.806,0.98,1,-0.332676,0.521516,-0.785714,-0.542979,0.441807,-0.71413,-0.528,0.571,0.306,0.452,0.082
17301,576.839,0.98,1,-0.341669,0.515274,-0.785974,-0.546147,0.445257,-0.709556,-0.536,0.571,0.305,0.459,0.076
17302,576.873,0.98,1,-0.343463,0.508812,-0.789394,-0.545424,0.440561,-0.713035,-0.534,0.564,0.304,0.468,0.072
17303,576.906,0.98,1,-0.34833,0.506807,-0.788551,-0.554285,0.442527,-0.704938,-0.544,0.566,0.306,0.475,0.071
17304,576.939,0.98,1,-0.344351,0.504082,-0.792038,-0.550551,0.440978,-0.708824,-0.538,0.562,0.31,0.475,0.073
17305,576.973,0.98,1,-0.336983,0.507697,-0.792898,-0.566424,0.441773,-0.695701,-0.545,0.568,0.317,0.472,0.077
17306,577.006,0.98,1,-0.338155,0.518595,-0.785309,-0.554258,0.442165,-0.705186,-0.539,0.573,0.326,0.466,0.082
17307,577.039,0.98,1,-0.329508,0.521109,-0.787318,-0.545188,0.446904,-0.709258,-0.529,0.574,0.336,0.462,0.083
17308,577.073,0.98,1,-0.335332,0.526628,-0.781163,-0.543272,0.465623,-0.698606,-0.536,0.591,0.338,0.468,0.073
17309,577.106,0.98,1,-0.334033,0.529303,-0.77991,-0.541408,0.478145,-0.69156,-0.537,0.6,0.35,0.466,0.068
17310,577.14,0.98,1,-0.333379,0.531957,-0.778383,-0.550561,0.488107,-0.677226,-0.546,0.611,0.357,0.465,0.063
17311,577.173,0.98,1,-0.353643,0.542211,-0.762197,-0.538728,0.52191,-0.661348,-0.56,0.642,0.362,0.462,0.061
17312,577.206,0.98,1,-0.347957,0.534102,-0.770494,-0.524598,0.520941,-0.673362,-0.544,0.631,0.365,0.455,0.061
17313,577.24,0.98,1,-0.348083,0.535936,-0.769163,-0.533198,0.519168,-0.667955,-0.55,0.633,0.366,0.45,0.062
17314,577.273,0.98,1,-0.345344,0.52988,-0.774574,-0.540397,0.513782,-0.666333,-0.551,0.627,0.366,0.447,0.062
17315,577.306,0.98,1,-0.338479,0.528596,-0.778472,-0.510417,0.517915,-0.686469,-0.525,0.62,0.37,0.442,0.063
17316,577.34,0.98,1,-0.332576,0.527548,-0.78172,-0.515527,0.52484,-0.67733,-0.527,0.625,0.374,0.441,0.06
17317,577.373,0.98,1,-0.330336,0.528602,-0.781958,-0.517458,0.532952,-0.669477,-0.529,0.631,0.375,0.44,0.059
17318,577.406,0.98,1,-0.313062,0.521093,-0.794011,-0.537578,0.515471,-0.667308,-0.527,0.617,0.376,0.445,0.055
17319,577.44,0.98,1,-0.345324,0.488249,-0.801476,-0.513534,0.469915,-0.717957,-0.514,0.563,0.379,0.444,0.05
17320,577.473,0.98,1,-0.370656,0.418106,-0.829338,-0.509788,0.411071,-0.755736,-0.507,0.482,0.373,0.442,0.049
17321,577.506,0.98,1,-0.358509,0.403668,-0.841738,-0.505336,0.421421,-0.753021,-0.496,0.477,0.369,0.44,0.047
17322,577.54,0.98,1,-0.410522,0.428113,-0.805103,-0.533405,0.441069,-0.72176,-0.554,0.518,0.365,0.439,0.043
17323,577.573,0.98,1,-0.48122,0.395378,-0.782371,-0.55355,0.448663,-0.701629,-0.609,0.517,0.351,0.455,0.047
17324,577.606,0.98,1,-0.533637,0.339776,-0.774458,-0.576916,0.451856,-0.680437,-0.652,0.498,0.346,0.491,0.034
17325,577.64,0.98,1,-0.536221,0.270077,-0.799704,-0.619243,0.447078,-0.645492,-0.674,0.461,0.335,0.545,0.03
17326,577.673,0.98,1,-0.557506,0.251194,-0.791257,-0.672335,0.422161,-0.608067,-0.721,0.448,0.314,0.615,0.034
17327,577.706,0.98,1,-0.57667,0.223007,-0.785951,-0.697512,0.417933,-0.582074,-0.75,0.438,0.31,0.679,0.033
17328,577.74,0.98,1,-0.61242,0.285506,-0.737176,-0.691578,0.432657,-0.578384,-0.781,0.5,0.328,0.708,0.026
17329,577.773,0.98,1,-0.598924,0.297398,-0.743535,-0.716913,0.413876,-0.561019,-0.79,0.499,0.338,0.736,0.02
17330,577.806,0.93,1,-0.580942,0.294387,-0.758843,-0.716013,0.419756,-0.557791,-0.778,0.497,0.36,0.758,0.003
17331,577.84,0.88,1,-0.564965,0.252915,-0.785397,-0.713045,0.4135,-0.566202,-0.757,0.458,0.376,0.776,-0.01
17332,577.873,0.98,1,-0.580282,0.340923,-0.739624,-0.738711,0.42698,-0.52153,-0.808,0.547,0.38,0.766,-0.015
17333,577.906,0.98,1,-0.583874,0.320571,-0.745872,-0.75944,0.430358,-0.487896,-0.828,0.547,0.389,0.748,-0.028
17334,577.94,0.98,1,-0.594758,0.294516,-0.748013,-0.778279,0.419283,-0.467422,-0.846,0.531,0.395,0.756,-0.042
17335,577.973,0.98,1,-0.596516,0.301152,-0.74396,-0.772095,0.434492,-0.463774,-0.848,0.547,0.406,0.754,-0.051
17336,578.006,0.98,1,-0.620248,0.304815,-0.722759,-0.76933,0.447168,-0.456258,-0.867,0.568,0.415,0.746,-0.057
17337,578.04,0.98,1,-0.612038,0.341997,-0.713055,-0.767624,0.452787,-0.453583,-0.869,0.598,0.417,0.744,-0.065
17338,578.073,0.98,1,-0.602818,0.333006,-0.725063,-0.766414,0.453002,-0.455411,-0.859,0.587,0.437,0.741,-0.077
17339,578.106,0.98,1,-0.609246,0.319993,-0.725551,-0.773308,0.447757,-0.448897,-0.867,0.579,0.451,0.746,-0.09
17340,578.14,0.98,1,-0.616353,0.330056,-0.714963,-0.773135,0.44666,-0.450285,-0.873,0.588,0.466,0.742,-0.106
17341,578.173,0.98,1,-0.61473,0.28891,-0.73392,-0.777893,0.422995,-0.464712,-0.86,0.536,0.459,0.738,-0.11
17342,578.207,0.98,1,-0.587752,0.293038,-0.754106,-0.764051,0.438051,-0.473642,-0.833,0.537,0.469,0.735,-0.119
17343,578.24,0.98,1,-0.604349,0.287366,-0.74309,-0.766477,0.440137,-0.467752,-0.847,0.541,0.477,0.736,-0.126
17344,578.273,0.98,1,-0.598517,0.301183,-0.742338,-0.754061,0.457602,-0.47116,-0.84,0.559,0.481,0.735,-0.13
17345,578.307,0.98,1,-0.610695,0.34708,-0.711749,-0.759158,0.471918,-0.4483,-0.868,0.615,0.483,0.741,-0.134
17346,578.34,0.98,1,-0.600838,0.362734,-0.712333,-0.762259,0.47678,-0.437769,-0.87,0.631,0.486,0.743,-0.138
17347,578.373,0.98,1,-0.592764,0.339282,-0.730424,-0.765788,0.47954,-0.428497,-0.865,0.615,0.492,0.745,-0.143
17348,578.407,0.98,1,-0.598014,0.337655,-0.72689,-0.778925,0.467052,-0.418495,-0.877,0.612,0.499,0.753,-0.148
17349,578.44,0.88,1,-0.602498,0.331013,-0.726241,-0.772457,0.42693,-0.470149,-0.855,0.565,0.499,0.755,-0.148
17350,578.473,0.88,1,-0.603145,0.313456,-0.733458,-0.763604,0.430088,-0.481594,-0.844,0.549,0.495,0.771,-0.146
17351,578.507,0.88,1,-0.588437,0.30112,-0.750379,-0.751497,0.418161,-0.510288,-0.816,0.518,0.488,0.781,-0.142
17352,578.54,0.88,1,-0.588037,0.298914,-0.751574,-0.72569,0.390173,-0.566691,-0.784,0.482,0.478,0.785,-0.134
17353,578.573,0.88,1,-0.589896,0.294107,-0.752013,-0.667945,0.356019,-0.653529,-0.73,0.433,0.475,0.786,-0.131
17354,578.607,0.88,1,-0.587518,0.29452,-0.753711,-0.66502,0.351719,-0.658818,-0.725,0.429,0.478,0.792,-0.132
17355,578.64,0.88,1,-0.595582,0.289299,-0.749391,-0.665134,0.350217,-0.659503,-0.73,0.426,0.47,0.789,-0.128
17356,578.673,0.88,1,-0.605327,0.288043,-0.742032,-0.675096,0.339748,-0.654841,-0.742,0.422,0.466,0.783,-0.127
17357,578.707,0.98,1,-0.629297,0.283804,-0.723492,-0.708301,0.360307,-0.607032,-0.788,0.451,0.459,0.772,-0.12
17358,578.74,0.98,1,-0.638568,0.278124,-0.71755,-0.70658,0.356377,-0.611343,-0.791,0.445,0.465,0.771,-0.125
17359,578.773,0.98,1,-0.639325,0.284292,-0.714452,-0.701564,0.383323,-0.600726,-0.795,0.47,0.464,0.766,-0.123
17360,578.807,0.98,1,-0.627534,0.291223,-0.722073,-0.668733,0.424336,-0.610521,-0.772,0.493,0.468,0.774,-0.129
17361,578.84,0.88,1,-0.617198,0.291089,-0.730981,-0.688482,0.412354,-0.596621,-0.777,0.487,0.466,0.773,-0.126
17362,578.873,0.98,1,-0.625547,0.299409,-0.720448,-0.692439,0.421675,-0.585422,-0.79,0.505,0.458,0.768,-0.121
17363,578.907,0.98,1,-0.625198,0.292328,-0.723651,-0.68883,0.409552,-0.598147,-0.782,0.488,0.452,0.78,-0.119
17364,578.94,0.98,1,-0.639585,0.26294,-0.722353,-0.706326,0.343363,-0.619037,-0.787,0.425,0.453,0.774,-0.127
17365,578.973,0.98,1,-0.631868,0.278262,-0.723403,-0.705362,0.360539,-0.610308,-0.787,0.447,0.45,0.773,-0.13
17366,579.007,0.98,1,-0.64176,0.287963,-0.710789,-0.703676,0.356538,-0.61459,-0.793,0.453,0.448,0.773,-0.127
17367,579.04,0.98,1,-0.637299,0.277969,-0.718737,-0.675838,0.38311,-0.629659,-0.772,0.456,0.452,0.776,-0.129
17368,579.073,0.88,1,-0.625607,0.278999,-0.728544,-0.655697,0.383892,-0.650145,-0.749,0.448,0.465,0.791,-0.132
17369,579.107,0.88,1,-0.611933,0.294736,-0.73394,-0.648102,0.393877,-0.651786,-0.738,0.461,0.468,0.787,-0.131
17370,579.14,0.88,1,-0.62199,0.263231,-0.737454,-0.657474,0.440813,-0.611075,-0.759,0.481,0.455,0.781,-0.122
17371,579.173,0.88,1,-0.630143,0.274052,-0.726509,-0.705444,0.447003,-0.550034,-0.808,0.514,0.453,0.785,-0.116
17372,579.207,0.88,1,-0.645597,0.264894,-0.716265,-0.708213,0.446354,-0.546994,-0.82,0.513,0.444,0.781,-0.11
17373,579.24,0.88,1,-0.66224,0.262289,-0.701885,-0.730342,0.428052,-0.532327,-0.846,0.51,0.434,0.782,-0.104
17374,579.274,0.88,1,-0.659552,0.270669,-0.701234,-0.734483,0.423434,-0.53032,-0.847,0.513,0.432,0.777,-0.099
17375,579.307,0.88,1,-0.56502,0.390508,-0.726812,-0.740034,0.454265,-0.495977,-0.818,0.605,0.401,0.768,-0.083
17376,579.34,0.98,1,-0.453133,0.430657,-0.780516,-0.699516,0.369229,-0.611839,-0.691,0.521,0.418,0.778,-0.085
17377,579.374,0.98,1,-0.484976,0.412637,-0.771057,-0.661566,0.508639,-0.551014,-0.714,0.609,0.474,0.817,-0.13
17378,579.407,0.98,1,-0.234893,0.475043,-0.848033,-0.444603,0.473826,-0.760143,-0.4,0.533,0.361,0.462,-0.075
17379,579.44,0.77,1,-0.400184,0.440881,-0.803416,-0.428059,0.416145,-0.80224,-0.476,0.49,0.384,0.435,-0.064
17380,579.474,0.93,1,-0.039851,0.511872,-0.858137,-0.21617,0.302153,-0.928426,-0.142,0.428,0.325,0.232,-0.021
17381,579.507,0.77,1,-0.214902,0.506154,-0.835239,-0.395264,0.409883,-0.822048,-0.353,0.505,0.298,0.221,0.003
17382,579.54,0.98,1,0.143723,0.512634,-0.846493,-0.125595,0.382396,-0.915423,0.01,0.47,0.319,0.11,0.007
17383,579.574,0.98,1,0.165477,0.500206,-0.849948,-0.145167,0.420824,-0.895452,0.012,0.486,0.309,0.082,0.006
17384,579.607,0.98,1,0.139371,0.519696,-0.842907,-0.155625,0.482955,-0.861705,-0.01,0.532,0.309,0.07,0.018
17385,579.64,0.98,1,0.133922,0.549781,-0.824503,-0.161037,0.534632,-0.8296,-0.016,0.58,0.314,0.066,0.029
17386,579.674,0.98,1,0.127497,0.558053,-0.819952,-0.194461,0.52436,-0.828994,-0.041,0.581,0.309,0.064,0.034
17387,579.707,0.98,1,0.099909,0.56902,-0.816232,-0.211293,0.537758,-0.816193,-0.068,0.596,0.313,0.067,0.033
17388,579.74,0.98,1,0.095476,0.582403,-0.807274,-0.232809,0.518879,-0.822535,-0.084,0.594,0.327,0.083,0.025
17389,579.774,0.98,1,0.069232,0.575686,-0.814734,-0.247526,0.522254,-0.816077,-0.109,0.593,0.325,0.094,0.017
17390,579.807,0.98,1,0.072209,0.573927,-0.815717,-0.246648,0.545174,-0.801218,-0.107,0.605,0.321,0.107,0.01
17391,579.84,0.98,1,0.058606,0.564814,-0.823134,-0.265208,0.54296,-0.79678,-0.127,0.6,0.32,0.122,0.004
17392,579.874,0.98,1,0.03018,0.52325,-0.851645,-0.296224,0.456223,-0.839114,-0.156,0.525,0.32,0.136,0.002
17393,579.907,0.98,1,0.034687,0.510023,-0.859461,-0.287173,0.452009,-0.844523,-0.147,0.514,0.32,0.153,0.0
17394,579.94,0.98,1,0.017363,0.513179,-0.858106,-0.303183,0.458424,-0.83542,-0.167,0.521,0.325,0.172,-0.002
17395,579.974,0.98,1,-0.006478,0.517339,-0.855756,-0.32928,0.4541,-0.827869,-0.197,0.523,0.324,0.186,0.002
17396,580.007,0.98,1,-0.029344,0.526892,-0.849426,-0.362139,0.448232,-0.817278,-0.231,0.529,0.324,0.198,0.007
17397,580.04,0.98,1,-0.079149,0.526761,-0.846321,-0.399529,0.437644,-0.805509,-0.282,0.528,0.325,0.209,0.014
17398,580.074,0.98,1,-0.101791,0.534824,-0.83881,-0.364503,0.453872,-0.813104,-0.275,0.539,0.333,0.222,0.015
17399,580.107,0.98,1,-0.10833,0.54164,-0.833601,-0.370725,0.460928,-0.806293,-0.284,0.549,0.342,0.242,0.013
17400,580.14,0.93,1,-0.10917,0.53344,-0.838763,-0.373181,0.448179,-0.812325,-0.284,0.536,0.344,0.268,0.014
17401,580.174,0.98,1,-0.12797,0.572484,-0.809867,-0.383658,0.518226,-0.764362,-0.314,0.606,0.335,0.277,0.036
17402,580.207,0.98,1,-0.150386,0.540109,-0.82805,-0.405514,0.518575,-0.752754,-0.338,0.59,0.329,0.291,0.048
17403,580.24,0.98,1,-0.176026,0.497806,-0.849237,-0.425182,0.455224,-0.782298,-0.353,0.529,0.322,0.297,0.058
17404,580.274,0.98,1,-0.188403,0.483684,-0.854725,-0.430933,0.424315,-0.796401,-0.359,0.503,0.318,0.301,0.062
17405,580.307,0.98,1,-0.209337,0.469261,-0.857888,-0.469881,0.454964,-0.756451,-0.398,0.52,0.32,0.309,0.069
17406,580.34,0.98,1,-0.198721,0.499528,-0.843198,-0.442722,0.496101,-0.746914,-0.383,0.559,0.318,0.317,0.07
17407,580.374,0.98,1,-0.200058,0.505762,-0.839155,-0.425023,0.497689,-0.756083,-0.373,0.561,0.32,0.328,0.067
17408,580.407,0.98,1,-0.193048,0.51348,-0.836104,-0.427118,0.478302,-0.767331,-0.369,0.554,0.324,0.334,0.065
17409,580.441,0.98,1,-0.207365,0.502183,-0.839531,-0.420704,0.476266,-0.772126,-0.372,0.546,0.324,0.338,0.061
17410,580.474,0.98,1,-0.204689,0.493867,-0.845102,-0.431332,0.461599,-0.775164,-0.374,0.533,0.323,0.339,0.062
17411,580.507,0.98,1,-0.189958,0.494229,-0.848324,-0.436826,0.455197,-0.775873,-0.368,0.529,0.322,0.34,0.064
17412,580.541,0.98,1,-0.196146,0.489196,-0.849832,-0.43935,0.458856,-0.772284,-0.373,0.529,0.323,0.339,0.069
17413,580.574,0.98,1,-0.208051,0.490289,-0.846363,-0.432645,0.460588,-0.775034,-0.376,0.53,0.325,0.339,0.074
17414,580.607,0.98,1,-0.239613,0.502648,-0.830621,-0.443748,0.472391,-0.761534,-0.405,0.549,0.331,0.343,0.074
17415,580.641,0.98,1,-0.262805,0.500755,-0.824729,-0.470311,0.46569,-0.749627,-0.436,0.551,0.343,0.353,0.061
17416,580.674,0.98,1,-0.304743,0.500843,-0.810116,-0.482962,0.501548,-0.717772,-0.476,0.581,0.345,0.365,0.056
17417,580.707,0.93,1,-0.293168,0.491422,-0.820096,-0.499463,0.490027,-0.71443,-0.477,0.569,0.304,0.377,0.066
17418,580.741,0.98,1,-0.297158,0.493899,-0.817167,-0.502683,0.466548,-0.727766,-0.478,0.556,0.306,0.388,0.053
17419,580.774,0.98,1,-0.257084,0.55215,-0.793119,-0.472576,0.494473,-0.729499,-0.447,0.602,0.281,0.387,0.052
17420,580.807,0.88,1,-0.263734,0.511225,-0.817981,-0.48951,0.464088,-0.738242,-0.451,0.56,0.253,0.369,0.07
17421,580.841,0.98,1,-0.270048,0.507715,-0.818107,-0.535391,0.446197,-0.717123,-0.483,0.556,0.284,0.367,0.066
17422,580.874,0.98,1,-0.259489,0.511234,-0.819332,-0.538113,0.505028,-0.67482,-0.49,0.597,0.284,0.362,0.065
17423,580.907,0.98,1,-0.243639,0.492878,-0.835291,-0.52097,0.489001,-0.69962,-0.462,0.569,0.283,0.355,0.066
17424,580.941,0.98,1,-0.225895,0.511551,-0.829028,-0.546318,0.480134,-0.686301,-0.471,0.579,0.292,0.352,0.078
17425,580.974,0.88,1,-0.229146,0.503937,-0.83279,-0.527033,0.484818,-0.697989,-0.459,0.573,0.293,0.348,0.087
17426,581.007,0.98,1,-0.22671,0.512348,-0.828313,-0.519409,0.486498,-0.702519,-0.454,0.578,0.294,0.345,0.104
17427,581.041,0.88,1,-0.175318,0.489056,-0.854452,-0.532895,0.40343,-0.743819,-0.417,0.509,0.292,0.341,0.124
17428,581.074,0.93,1,-0.186664,0.531003,-0.826555,-0.544083,0.403142,-0.735833,-0.437,0.539,0.348,0.36,0.109
17429,581.107,0.93,1,-0.193437,0.519147,-0.832507,-0.521847,0.445883,-0.727231,-0.43,0.554,0.379,0.357,0.094
17430,581.141,0.93,1,-0.217962,0.494631,-0.841328,-0.501294,0.390851,-0.771971,-0.419,0.502,0.368,0.343,0.105
17431,581.174,0.98,1,-0.20704,0.504809,-0.838035,-0.494772,0.404555,-0.769114,-0.412,0.515,0.381,0.34,0.101
17432,581.207,0.98,1,-0.182654,0.515764,-0.837034,-0.486728,0.417192,-0.767493,-0.395,0.527,0.378,0.328,0.1
17433,581.241,0.98,1,-0.19388,0.525178,-0.828612,-0.473435,0.399953,-0.784791,-0.392,0.521,0.37,0.316,0.098
17434,581.274,0.98,1,-0.207045,0.53209,-0.820983,-0.466742,0.391145,-0.793195,-0.395,0.52,0.372,0.303,0.093
17435,581.307,0.98,1,-0.162579,0.551197,-0.818383,-0.461114,0.386289,-0.798846,-0.368,0.525,0.372,0.288,0.089
17436,581.341,0.98,1,-0.140804,0.547242,-0.825046,-0.452856,0.388868,-0.802311,-0.35,0.522,0.37,0.273,0.088
17437,581.374,0.98,1,-0.108543,0.538025,-0.835911,-0.431253,0.375184,-0.820523,-0.315,0.504,0.373,0.248,0.078
17438,581.407,0.98,1,-0.084123,0.549094,-0.831517,-0.371031,0.378134,-0.848145,-0.265,0.504,0.365,0.214,0.068
17439,581.441,0.98,1,-0.067327,0.532637,-0.843662,-0.351099,0.359017,-0.864775,-0.24,0.481,0.339,0.197,0.066
17440,581.474,0.98,1,-0.004476,0.507228,-0.861801,-0.332936,0.318809,-0.88742,-0.191,0.441,0.326,0.178,0.059
17441,581.508,0.98,1,0.002518,0.488269,-0.87269,-0.311508,0.284744,-0.906578,-0.172,0.41,0.31,0.163,0.058
17442,581.541,0.98,1,-0.043822,0.504268,-0.862435,-0.313292,0.268742,-0.910838,-0.199,0.411,0.303,0.165,0.055
17443,581.574,0.98,1,-0.052077,0.491118,-0.869535,-0.317257,0.264207,-0.910792,-0.205,0.401,0.295,0.173,0.054
17444,581.608,0.98,1,-0.087246,0.480216,-0.8728,-0.360985,0.443112,-0.820574,-0.259,0.499,0.282,0.17,0.061
17445,581.641,0.98,1,-0.089234,0.480272,-0.872569,-0.381996,0.468306,-0.796724,-0.275,0.517,0.273,0.165,0.062
17446,581.674,0.98,1,-0.085571,0.477341,-0.874542,-0.383868,0.428272,-0.818064,-0.271,0.491,0.262,0.149,0.068
17447,581.708,0.98,1,-0.084765,0.482163,-0.871971,-0.456904,0.442916,-0.771404,-0.318,0.513,0.264,0.151,0.065
17448,581.741,0.98,1,-0.0623,0.446297,-0.892714,-0.455942,0.353457,-0.816814,-0.294,0.438,0.253,0.145,0.071
17449,581.774,0.93,1,-0.087237,0.42157,-0.90259,-0.406913,0.315716,-0.857173,-0.274,0.397,0.234,0.14,0.078
17450,581.808,0.88,1,-0.05299,0.425969,-0.903185,-0.459044,0.295039,-0.837992,-0.286,0.393,0.228,0.156,0.066
17451,581.841,0.88,1,-0.062818,0.412888,-0.908613,-0.440141,0.280406,-0.853023,-0.278,0.375,0.216,0.136,0.06
17452,581.874,0.88,1,-0.038655,0.410504,-0.911039,-0.46944,0.309788,-0.826836,-0.284,0.393,0.21,0.139,0.047
17454,581.941,0.93,1,0.033711,0.457785,-0.888424,-0.233293,0.295273,-0.926492,-0.11,0.393,0.238,0.121,0.02
17455,581.974,0.88,1,-0.043394,0.473326,-0.879818,-0.368281,0.283548,-0.885421,-0.229,0.405,0.245,0.129,0.027
17456,582.008,0.88,1,-0.029202,0.491681,-0.870286,-0.451194,0.387679,-0.803821,-0.279,0.484,0.25,0.129,0.041
17457,582.041,0.93,1,-0.042453,0.494849,-0.867942,-0.467306,0.39886,-0.789009,-0.298,0.495,0.255,0.129,0.059
17458,582.074,0.88,1,-0.029483,0.511768,-0.858617,-0.481135,0.320055,-0.816133,-0.296,0.461,0.257,0.128,0.069
17459,582.108,0.88,1,-0.077368,0.500897,-0.862042,-0.438246,0.364248,-0.821744,-0.297,0.475,0.26,0.125,0.079
17460,582.141,0.88,1,-0.048927,0.480683,-0.875528,-0.445464,0.386137,-0.80775,-0.286,0.476,0.261,0.148,0.088
17461,582.174,0.88,1,-0.01885,0.453284,-0.891167,-0.454018,0.278577,-0.846323,-0.266,0.399,0.247,0.152,0.108
17462,582.208,0.88,1,-0.032163,0.449128,-0.892888,-0.462855,0.27786,-0.841759,-0.278,0.397,0.24,0.146,0.111
17463,582.241,0.88,1,-0.051106,0.430896,-0.900953,-0.461541,0.267736,-0.845752,-0.285,0.38,0.242,0.138,0.108
17476,582.675,0.93,1,0.113908,0.487078,-0.865898,-0.149459,0.34059,-0.928257,-0.02,0.432,0.274,-0.186,0.146
17477,582.708,0.93,1,0.12911,0.542471,-0.830094,-0.155433,0.382153,-0.910933,-0.015,0.488,0.28,-0.216,0.145
17478,582.741,0.93,1,0.134097,0.536975,-0.832872,-0.145735,0.398868,-0.905354,-0.007,0.494,0.281,-0.242,0.145
17479,582.775,0.93,1,0.154517,0.536738,-0.82948,-0.138096,0.40449,-0.904056,0.009,0.497,0.278,-0.258,0.143
17480,582.808,0.93,1,0.161651,0.541629,-0.824929,-0.138988,0.406155,-0.903172,0.013,0.502,0.289,-0.26,0.136
17481,582.841,0.93,1,0.160464,0.543134,-0.82417,-0.14215,0.396789,-0.906836,0.011,0.497,0.303,-0.258,0.124
17482,582.875,0.93,1,0.145985,0.541537,-0.827904,-0.14409,0.400509,-0.904892,0.001,0.498,0.309,-0.245,0.115
17483,582.908,0.93,1,0.133879,0.542842,-0.829095,-0.147706,0.400033,-0.90452,-0.008,0.498,0.314,-0.233,0.109
17484,582.941,0.93,1,0.141547,0.547468,-0.824769,-0.15205,0.404002,-0.902033,-0.006,0.504,0.318,-0.227,0.105
17485,582.975,0.93,1,0.143259,0.554062,-0.820056,-0.156956,0.409281,-0.898807,-0.008,0.511,0.319,-0.221,0.104
17486,583.008,0.93,1,0.131141,0.556204,-0.820633,-0.16975,0.416068,-0.893349,-0.023,0.516,0.317,-0.212,0.102
17487,583.041,0.93,1,0.031881,0.548882,-0.835292,-0.185634,0.415754,-0.89033,-0.089,0.51,0.317,-0.193,0.102
17488,583.075,0.98,1,-0.085959,0.542293,-0.835781,-0.231353,0.404167,-0.884943,-0.182,0.503,0.33,-0.134,0.1
17489,583.108,0.88,1,-0.114555,0.54526,-0.830403,-0.293704,0.401102,-0.867672,-0.236,0.508,0.344,-0.043,0.1
17490,583.141,0.88,1,-0.062227,0.615614,-0.785587,-0.303168,0.420653,-0.855068,-0.219,0.563,0.358,0.02,0.112
17491,583.175,0.98,1,-0.071682,0.636029,-0.768328,-0.19654,0.469411,-0.860828,-0.163,0.596,0.383,0.113,0.108
17492,583.208,0.98,1,-0.202418,0.638607,-0.742434,-0.457586,0.32684,-0.826916,-0.398,0.552,0.416,0.223,0.085
17493,583.241,0.98,1,-0.30084,0.57745,-0.758977,-0.466636,0.535929,-0.703585,-0.483,0.651,0.423,0.364,0.063
17494,583.275,0.98,1,-0.305655,0.538683,-0.785109,-0.480508,0.514125,-0.710485,-0.484,0.613,0.371,0.396,0.076
17495,583.308,0.98,1,-0.292788,0.538149,-0.790361,-0.492981,0.498539,-0.713042,-0.482,0.604,0.349,0.416,0.077
17496,583.341,0.98,1,-0.286381,0.541027,-0.790743,-0.508074,0.495539,-0.704487,-0.488,0.606,0.344,0.429,0.075
17497,583.375,0.98,1,-0.31149,0.54644,-0.777417,-0.533048,0.480143,-0.696651,-0.52,0.608,0.355,0.422,0.079
17498,583.408,0.98,1,-0.319064,0.529025,-0.78634,-0.538116,0.468183,-0.700882,-0.523,0.591,0.361,0.44,0.064
17499,583.441,0.98,1,-0.324418,0.509412,-0.797027,-0.5469,0.456503,-0.701787,-0.527,0.572,0.357,0.452,0.061
17500,583.475,0.98,1,-0.336197,0.517053,-0.787165,-0.534933,0.492894,-0.686223,-0.534,0.601,0.348,0.466,0.059
17501,583.508,0.98,1,-0.332051,0.51275,-0.791726,-0.539253,0.479066,-0.692605,-0.531,0.589,0.348,0.462,0.066
17502,583.541,0.98,1,-0.336682,0.520535,-0.784658,-0.532605,0.485174,-0.693497,-0.532,0.597,0.35,0.464,0.067
17503,583.575,0.98,1,-0.333891,0.517865,-0.787612,-0.528673,0.483415,-0.697721,-0.526,0.593,0.353,0.462,0.067
17504,583.608,0.98,1,-0.335679,0.524345,-0.782549,-0.519481,0.485125,-0.703416,-0.522,0.597,0.361,0.46,0.066
17505,583.641,0.98,1,-0.325883,0.520123,-0.789476,-0.512361,0.491791,-0.704009,-0.511,0.596,0.366,0.453,0.065
17506,583.675,0.98,1,-0.315398,0.52779,-0.788645,-0.506581,0.492179,-0.70791,-0.502,0.598,0.37,0.447,0.064
17507,583.708,0.98,1,-0.316203,0.519807,-0.79361,-0.50025,0.493727,-0.711325,-0.497,0.593,0.375,0.441,0.061
17508,583.742,0.98,1,-0.319651,0.523136,-0.790033,-0.490249,0.49602,-0.716673,-0.493,0.595,0.375,0.435,0.057
17509,583.775,0.98,1,-0.320444,0.524171,-0.789025,-0.485814,0.492915,-0.721817,-0.49,0.593,0.378,0.428,0.053
17510,583.808,0.98,1,-0.301773,0.518635,-0.799969,-0.478143,0.488507,-0.72989,-0.471,0.582,0.381,0.423,0.048
17511,583.842,0.98,1,-0.302231,0.521758,-0.797762,-0.471601,0.486672,-0.735352,-0.467,0.582,0.381,0.415,0.047
17512,583.875,0.98,1,-0.284061,0.570726,-0.770442,-0.484923,0.522357,-0.701422,-0.481,0.639,0.382,0.408,0.045
17513,583.908,0.98,1,-0.2835,0.575443,-0.767133,-0.477459,0.52307,-0.705996,-0.477,0.641,0.386,0.403,0.042
17514,583.942,0.98,1,-0.281226,0.574808,-0.768445,-0.49905,0.529089,-0.686305,-0.492,0.649,0.386,0.399,0.039
17515,583.975,0.98,1,-0.299962,0.539522,-0.786727,-0.529657,0.463829,-0.710159,-0.506,0.591,0.402,0.409,0.026
17516,584.008,0.98,1,-0.308018,0.542225,-0.78174,-0.53304,0.47285,-0.701628,-0.516,0.6,0.409,0.409,0.023
17517,584.042,0.93,1,-0.279689,0.55601,-0.782705,-0.539753,0.52765,-0.655936,-0.518,0.646,0.389,0.392,0.014
17518,584.075,0.98,1,-0.287859,0.549631,-0.784246,-0.552079,0.480725,-0.681258,-0.52,0.613,0.412,0.412,0.004
17519,584.108,0.93,1,-0.29305,0.546365,-0.784606,-0.52508,0.418301,-0.741158,-0.492,0.564,0.424,0.423,-0.008
17520,584.142,0.93,1,-0.302228,0.543092,-0.783396,-0.535091,0.428933,-0.727801,-0.506,0.572,0.4,0.443,-0.011
17521,584.175,0.93,1,-0.307729,0.519129,-0.797376,-0.546884,0.389786,-0.740935,-0.507,0.534,0.381,0.46,-0.02
17522,584.208,0.98,1,-0.257684,0.467401,-0.845657,-0.56781,0.374772,-0.732896,-0.482,0.49,0.398,0.493,-0.044
17523,584.242,0.98,1,-0.238189,0.502302,-0.83124,-0.557746,0.477318,-0.679034,-0.485,0.575,0.43,0.462,-0.066
17524,584.275,0.93,1,-0.260476,0.618564,-0.741303,-0.544645,0.577911,-0.607767,-0.538,0.726,0.401,0.411,-0.057
17525,584.308,0.98,1,-0.099514,0.524026,-0.845868,-0.512564,0.5836,-0.629833,-0.393,0.644,0.455,0.368,-0.072
17526,584.342,0.88,1,-0.021202,0.495895,-0.868123,-0.503399,0.579364,-0.641035,-0.335,0.619,0.446,0.367,-0.063
17527,584.375,0.93,1,-0.076647,0.498751,-0.86335,-0.462592,0.57625,-0.673754,-0.337,0.61,0.511,0.419,-0.081
17528,584.408,0.93,1,-0.120585,0.399898,-0.908593,-0.453324,0.602327,-0.657039,-0.351,0.569,0.544,0.443,-0.088
17529,584.442,0.93,1,-0.188517,0.444966,-0.875481,-0.546892,0.538489,-0.641045,-0.452,0.575,0.504,0.442,-0.055
17530,584.475,0.98,1,-0.503498,0.459651,-0.731581,-0.547507,0.500192,-0.670854,-0.643,0.6,0.479,0.416,-0.038
17531,584.508,0.93,1,-0.477341,0.503264,-0.720327,-0.542483,0.485631,-0.685474,-0.628,0.613,0.515,0.433,-0.066
17532,584.542,0.93,1,-0.127601,0.420065,-0.898478,-0.579643,0.519626,-0.627697,-0.434,0.552,0.505,0.429,-0.067
17533,584.575,0.98,1,-0.226553,0.362181,-0.904157,-0.566145,0.552124,-0.612077,-0.482,0.543,0.486,0.419,-0.057
17534,584.608,0.98,1,-0.254518,0.370608,-0.893236,-0.558707,0.583988,-0.588901,-0.502,0.572,0.501,0.43,-0.065
17535,584.642,0.93,1,-0.421806,0.46339,-0.779326,-0.560618,0.565594,-0.604823,-0.617,0.639,0.481,0.422,-0.055
17536,584.675,0.93,1,-0.408828,0.415139,-0.812723,-0.539219,0.549771,-0.637961,-0.579,0.587,0.47,0.411,-0.049
17537,584.708,0.93,1,-0.272294,0.475601,-0.836457,-0.495474,0.552642,-0.670144,-0.471,0.599,0.526,0.411,-0.072
17538,584.742,0.98,1,-0.39064,0.256416,-0.884111,-0.424669,0.468225,-0.774869,-0.457,0.412,0.568,0.366,-0.085
17539,584.775,0.93,1,-0.096804,0.586832,-0.803901,-0.360081,0.451467,-0.816406,-0.275,0.57,0.56,0.317,-0.092
17540,584.808,0.93,1,-0.055788,0.569842,-0.819858,-0.327507,0.478224,-0.814887,-0.23,0.57,0.531,0.258,-0.083
17541,584.842,0.93,1,-0.012702,0.574871,-0.818146,-0.301602,0.508948,-0.806231,-0.191,0.588,0.521,0.21,-0.074
17542,584.875,0.98,1,-0.046283,0.535211,-0.843449,-0.284322,0.490247,-0.823905,-0.196,0.551,0.494,0.169,-0.06
17543,584.909,0.98,1,-0.058574,0.535024,-0.842804,-0.330195,0.470697,-0.818178,-0.23,0.544,0.471,0.148,-0.044
17544,584.942,0.98,1,-0.029646,0.545786,-0.8374,-0.281521,0.465482,-0.83909,-0.184,0.543,0.44,0.13,-0.022
17545,584.975,0.98,1,-0.042887,0.534319,-0.844194,-0.273679,0.449572,-0.850285,-0.185,0.526,0.42,0.122,-0.006
17546,585.009,0.98,1,0.012991,0.565971,-0.824323,-0.256886,0.471244,-0.843765,-0.145,0.556,0.412,0.114,-0.001
17547,585.042,0.98,1,0.006569,0.560743,-0.827964,-0.27921,0.458708,-0.843581,-0.162,0.548,0.404,0.116,0.004
17548,585.075,0.98,1,0.008591,0.56859,-0.822576,-0.267023,0.456946,-0.848468,-0.153,0.55,0.403,0.116,0.008
17549,585.109,0.98,1,0.074259,0.580053,-0.811187,-0.26326,0.451471,-0.852566,-0.113,0.555,0.404,0.122,0.013
17550,585.142,0.98,1,0.134265,0.57643,-0.806041,-0.278387,0.438889,-0.854328,-0.087,0.549,0.395,0.104,0.022
17551,585.175,0.98,1,0.099871,0.54964,-0.82941,-0.259126,0.441185,-0.859191,-0.094,0.531,0.391,0.088,0.026
17552,585.209,0.98,1,0.164516,0.575371,-0.801176,-0.262018,0.462649,-0.846937,-0.059,0.562,0.384,0.064,0.028
17553,585.242,0.98,1,0.1234,0.593958,-0.794975,-0.260633,0.44838,-0.855,-0.083,0.563,0.382,0.048,0.031
17554,585.275,0.98,1,0.106331,0.597188,-0.795022,-0.268163,0.438104,-0.857994,-0.098,0.56,0.381,0.039,0.035
17555,585.309,0.98,1,0.093761,0.603339,-0.791954,-0.267197,0.430076,-0.862346,-0.104,0.558,0.381,0.023,0.039
17556,585.342,0.98,1,0.111866,0.600082,-0.792078,-0.267141,0.428663,-0.863066,-0.094,0.556,0.384,0.012,0.038
17557,585.375,0.98,1,0.116639,0.608152,-0.785204,-0.286172,0.431691,-0.855423,-0.103,0.565,0.387,0.004,0.036
17558,585.409,0.98,1,0.11243,0.620467,-0.776131,-0.267763,0.450947,-0.85144,-0.095,0.582,0.389,0.004,0.03
17559,585.442,0.98,1,0.113652,0.611282,-0.78321,-0.274746,0.451547,-0.848893,-0.098,0.577,0.393,-0.001,0.03
17560,585.475,0.98,1,0.113394,0.616294,-0.779309,-0.279739,0.452713,-0.846638,-0.102,0.582,0.393,0.006,0.029
17561,585.509,0.98,1,0.121935,0.60621,-0.785902,-0.274401,0.436047,-0.857069,-0.093,0.565,0.394,0.004,0.034
17562,585.542,0.98,1,0.119487,0.601637,-0.789782,-0.275983,0.433522,-0.857841,-0.095,0.561,0.398,0.005,0.039
17563,585.575,0.98,1,0.116821,0.607003,-0.786066,-0.282823,0.436554,-0.854068,-0.101,0.567,0.401,-0.004,0.049
17564,585.609,0.98,1,0.123733,0.610872,-0.782001,-0.279472,0.433701,-0.856621,-0.095,0.568,0.404,-0.0,0.054
17565,585.642,0.98,1,0.096239,0.615173,-0.782497,-0.27797,0.437857,-0.854994,-0.111,0.571,0.408,0.005,0.06
17566,585.675,0.98,1,0.092331,0.610629,-0.786516,-0.287768,0.429621,-0.855929,-0.118,0.565,0.406,0.015,0.068
17567,585.709,0.98,1,0.105099,0.617371,-0.77962,-0.315551,0.430666,-0.845549,-0.129,0.573,0.403,0.022,0.073
17568,585.742,0.98,1,0.094034,0.624539,-0.775312,-0.332371,0.412994,-0.847918,-0.146,0.569,0.399,0.024,0.083
17569,585.775,0.93,1,0.084851,0.644724,-0.759692,-0.341599,0.401967,-0.849549,-0.158,0.577,0.402,0.039,0.087
17570,585.809,0.93,1,0.085184,0.654265,-0.751453,-0.356011,0.321388,-0.877477,-0.165,0.54,0.392,0.066,0.098
17571,585.842,0.93,1,0.05482,0.641323,-0.76531,-0.355593,0.314417,-0.880168,-0.181,0.526,0.397,0.068,0.101
17572,585.875,0.93,1,0.037309,0.643699,-0.764369,-0.355459,0.296924,-0.886276,-0.19,0.518,0.375,0.09,0.111
17573,585.909,0.88,1,0.012693,0.642808,-0.765922,-0.303672,0.327406,-0.894756,-0.173,0.529,0.371,0.081,0.128
17574,585.942,0.88,1,-0.017813,0.638781,-0.769183,-0.266153,0.432992,-0.861209,-0.172,0.582,0.366,0.085,0.132
17575,585.976,0.88,1,-0.037071,0.615733,-0.787083,-0.265052,0.37594,-0.887928,-0.178,0.535,0.354,0.092,0.134
17576,586.009,0.88,1,-0.056361,0.608622,-0.791456,-0.246553,0.430255,-0.868385,-0.181,0.559,0.339,0.106,0.126
17577,586.042,0.88,1,-0.074136,0.580909,-0.810585,-0.258752,0.43958,-0.860126,-0.197,0.548,0.339,0.123,0.107
17578,586.076,0.88,1,-0.071557,0.574537,-0.815345,-0.244899,0.422583,-0.87261,-0.185,0.534,0.341,0.126,0.111
17579,586.109,0.88,1,-0.017716,0.596769,-0.802217,-0.255575,0.404795,-0.877965,-0.161,0.538,0.323,0.105,0.144
17580,586.142,0.88,1,-0.035868,0.593305,-0.804178,-0.228155,0.436551,-0.870269,-0.156,0.551,0.323,0.063,0.161
17581,586.176,0.88,1,-0.012449,0.565999,-0.824312,-0.340892,0.429587,-0.83621,-0.21,0.54,0.307,0.067,0.181
17582,586.209,0.98,1,-0.044805,0.536032,-0.843008,-0.311045,0.443612,-0.840511,-0.208,0.527,0.295,0.04,0.202
17583,586.242,0.98,1,-0.005793,0.543383,-0.839465,-0.288763,0.460209,-0.839538,-0.174,0.539,0.291,0.028,0.211
17584,586.276,0.98,1,-0.016838,0.538647,-0.842364,-0.307377,0.42049,-0.853644,-0.189,0.515,0.285,0.03,0.222
17585,586.309,0.98,1,-0.003083,0.53303,-0.84609,-0.328168,0.405164,-0.853316,-0.193,0.504,0.283,0.027,0.228
17586,586.342,0.98,1,-0.026529,0.530928,-0.847002,-0.332662,0.396502,-0.855642,-0.208,0.499,0.28,0.027,0.227
17587,586.376,0.98,1,-0.036105,0.537328,-0.8426,-0.31927,0.463021,-0.826848,-0.21,0.54,0.286,0.033,0.218
17588,586.409,0.98,1,-0.015963,0.556575,-0.830644,-0.375521,0.446081,-0.812401,-0.234,0.548,0.291,0.04,0.209
17589,586.442,0.98,1,-0.031107,0.571635,-0.819918,-0.446354,0.278937,-0.850272,-0.278,0.471,0.298,0.077,0.189
17590,586.476,0.98,1,-0.169384,0.569921,-0.804052,-0.405527,0.319019,-0.856607,-0.333,0.491,0.321,0.104,0.149
17591,586.509,0.98,1,-0.103725,0.577378,-0.809862,-0.385978,0.349013,-0.853939,-0.286,0.508,0.347,0.113,0.109
17592,586.542,0.82,1,0.10546,0.684363,-0.721475,-0.276432,0.473552,-0.836262,-0.109,0.639,0.368,0.089,0.086
17593,586.576,0.93,1,-0.445609,0.445904,-0.776275,-0.556336,0.328763,-0.763154,-0.577,0.466,0.325,0.367,0.059
17594,586.609,0.93,1,-0.454293,0.488766,-0.744799,-0.580592,0.265129,-0.769818,-0.599,0.462,0.318,0.401,0.062
17595,586.642,0.88,1,-0.475352,0.478635,-0.738207,-0.629988,0.298427,-0.716977,-0.65,0.49,0.307,0.44,0.06
17596,586.676,0.93,1,-0.442796,0.492381,-0.749329,-0.628976,0.426351,-0.650088,-0.654,0.581,0.296,0.52,0.063
17597,586.709,0.93,1,-0.447573,0.457762,-0.768201,-0.6567,0.388978,-0.646097,-0.663,0.539,0.259,0.587,0.096
17598,586.742,0.98,1,-0.4488,0.410145,-0.793952,-0.665351,0.258871,-0.70021,-0.641,0.421,0.222,0.646,0.131
17607,587.042,0.98,1,-0.509439,0.287452,-0.811076,-0.583439,0.377439,-0.719124,-0.62,0.41,0.131,0.619,0.212
17608,587.076,0.98,1,-0.486145,0.278959,-0.828157,-0.582227,0.391626,-0.712489,-0.606,0.411,0.121,0.604,0.219
17614,587.276,0.98,1,-0.489114,0.330518,-0.807171,-0.592838,0.394097,-0.702304,-0.622,0.448,0.19,0.641,0.185
17615,587.309,0.98,1,-0.479475,0.35104,-0.804285,-0.591875,0.398819,-0.700448,-0.619,0.462,0.199,0.638,0.176
17616,587.343,0.93,1,-0.496925,0.344608,-0.796436,-0.579952,0.4014,-0.708896,-0.621,0.46,0.206,0.628,0.169
17617,587.376,0.93,1,-0.526553,0.295041,-0.797303,-0.574959,0.408211,-0.709074,-0.631,0.437,0.217,0.619,0.162
17618,587.409,0.93,1,-0.520793,0.306298,-0.796841,-0.575208,0.419799,-0.702071,-0.631,0.451,0.234,0.622,0.15
17619,587.443,0.93,1,-0.514955,0.31604,-0.796831,-0.582064,0.421776,-0.695203,-0.634,0.459,0.249,0.625,0.138
17620,587.476,0.93,1,-0.525554,0.291754,-0.799169,-0.592416,0.41899,-0.688107,-0.645,0.446,0.263,0.629,0.125
17621,587.509,0.93,1,-0.533819,0.301748,-0.789927,-0.590295,0.433869,-0.680669,-0.653,0.464,0.292,0.644,0.104
17622,587.543,0.88,1,-0.553967,0.315486,-0.770447,-0.617088,0.435738,-0.655236,-0.688,0.485,0.333,0.675,0.08
17623,587.576,0.88,1,-0.452469,0.41437,-0.789664,-0.658842,0.340285,-0.670919,-0.65,0.477,0.357,0.702,0.077
17624,587.609,0.98,1,-0.442429,0.397206,-0.804043,-0.652907,0.343101,-0.675273,-0.637,0.464,0.365,0.704,0.075
17625,587.643,0.93,1,-0.448689,0.387172,-0.805466,-0.641145,0.336939,-0.689496,-0.63,0.451,0.366,0.696,0.075
17626,587.676,0.88,1,-0.463546,0.392786,-0.794257,-0.646867,0.388412,-0.656277,-0.653,0.494,0.374,0.693,0.069
17627,587.709,0.93,1,-0.543577,0.334146,-0.769981,-0.66758,0.433798,-0.605108,-0.722,0.509,0.377,0.667,0.066
17628,587.743,0.93,1,-0.500229,0.337689,-0.797332,-0.653792,0.414877,-0.632798,-0.679,0.484,0.381,0.645,0.058
17629,587.776,0.93,1,-0.487078,0.32722,-0.809741,-0.660773,0.393661,-0.63907,-0.67,0.462,0.376,0.646,0.055
17630,587.809,0.93,1,-0.463447,0.321114,-0.825895,-0.651009,0.39301,-0.649408,-0.647,0.451,0.368,0.626,0.06
17631,587.843,0.93,1,-0.475519,0.330488,-0.815267,-0.652149,0.395149,-0.646961,-0.657,0.461,0.373,0.626,0.056
17632,587.876,0.93,1,-0.473715,0.326382,-0.817967,-0.667939,0.378397,-0.640838,-0.664,0.45,0.372,0.625,0.059
17633,587.909,0.93,1,-0.482785,0.327575,-0.812166,-0.676914,0.368136,-0.637388,-0.675,0.447,0.368,0.627,0.062
17634,587.943,0.93,1,-0.464729,0.31463,-0.827668,-0.656254,0.378819,-0.652554,-0.648,0.438,0.367,0.627,0.064
17635,587.976,0.93,1,-0.462175,0.320389,-0.826889,-0.669011,0.392231,-0.631331,-0.66,0.455,0.367,0.628,0.065
17636,588.009,0.98,1,-0.460683,0.307223,-0.832697,-0.645502,0.392672,-0.655084,-0.639,0.44,0.358,0.619,0.071
17637,588.043,0.98,1,-0.464179,0.316026,-0.827445,-0.668733,0.373318,-0.642985,-0.656,0.438,0.359,0.619,0.07
17638,588.076,0.98,1,-0.466758,0.322291,-0.823569,-0.668972,0.377137,-0.640503,-0.66,0.446,0.371,0.629,0.063
17639,588.109,0.98,1,-0.471849,0.325529,-0.819383,-0.680554,0.381016,-0.625838,-0.673,0.455,0.369,0.63,0.065
17640,588.143,0.98,1,-0.488997,0.323683,-0.810007,-0.663136,0.370715,-0.650247,-0.668,0.444,0.368,0.63,0.068
17641,588.176,0.98,1,-0.479307,0.334401,-0.811444,-0.666584,0.352999,-0.656549,-0.663,0.438,0.364,0.627,0.073
17642,588.21,0.98,1,-0.476581,0.333864,-0.813268,-0.689681,0.342163,-0.638174,-0.677,0.436,0.36,0.618,0.08
17643,588.243,0.98,1,-0.475399,0.319799,-0.819588,-0.686143,0.32088,-0.652874,-0.668,0.41,0.353,0.611,0.086
17689,589.777,0.98,1,-0.458624,0.346602,-0.818249,-0.615169,0.355405,-0.703743,-0.614,0.432,0.2,0.509,0.099
17690,589.81,0.98,1,-0.47826,0.343709,-0.808165,-0.570595,0.457074,-0.682279,-0.613,0.493,0.196,0.491,0.097
17691,589.843,0.98,1,-0.446103,0.351033,-0.823266,-0.564696,0.460822,-0.684662,-0.591,0.494,0.199,0.48,0.094
17692,589.877,0.98,1,-0.449925,0.379039,-0.808639,-0.575214,0.464791,-0.673126,-0.605,0.518,0.203,0.473,0.092
17693,589.91,0.98,1,-0.462701,0.394661,-0.79382,-0.601833,0.453299,-0.657509,-0.633,0.529,0.206,0.474,0.092
17694,589.943,0.98,1,-0.451426,0.396526,-0.799363,-0.594814,0.441616,-0.671693,-0.618,0.518,0.205,0.473,0.095
17695,589.977,0.98,1,-0.449081,0.396497,-0.800698,-0.61267,0.430778,-0.662621,-0.628,0.515,0.207,0.476,0.097
17696,590.01,0.98,1,-0.451285,0.398124,-0.798649,-0.609976,0.436082,-0.661636,-0.628,0.519,0.206,0.476,0.1
17697,590.043,0.98,1,-0.449184,0.391744,-0.802976,-0.624012,0.42963,-0.652708,-0.635,0.514,0.207,0.478,0.101
17698,590.077,0.98,1,-0.444282,0.394922,-0.804145,-0.613181,0.413684,-0.672959,-0.621,0.501,0.205,0.477,0.104
17699,590.11,0.98,1,-0.450423,0.395558,-0.800408,-0.607089,0.426241,-0.670643,-0.623,0.509,0.205,0.479,0.106
17700,590.143,0.98,1,-0.447743,0.408056,-0.795624,-0.606544,0.434641,-0.665727,-0.625,0.523,0.205,0.477,0.109
17701,590.177,0.98,1,-0.449769,0.397876,-0.799627,-0.606138,0.409354,-0.681929,-0.619,0.499,0.208,0.477,0.111
17702,590.21,0.98,1,-0.453633,0.393092,-0.79981,-0.606067,0.388808,-0.69391,-0.617,0.482,0.207,0.472,0.114
17703,590.243,0.98,1,-0.445459,0.397832,-0.802058,-0.60725,0.379096,-0.698236,-0.612,0.478,0.211,0.466,0.113
17704,590.277,0.98,1,-0.377116,0.490874,-0.785383,-0.539466,0.382922,-0.749898,-0.538,0.517,0.229,0.463,0.106
17705,590.31,0.98,1,-0.335014,0.455659,-0.824706,-0.591238,0.347159,-0.727955,-0.538,0.477,0.228,0.422,0.109
17706,590.343,0.98,1,-0.23844,0.515687,-0.82293,-0.425264,0.433729,-0.794374,-0.389,0.531,0.23,0.322,0.103
17707,590.377,0.93,1,-0.217823,0.481403,-0.849002,-0.375459,0.404717,-0.833807,-0.339,0.485,0.217,0.247,0.101
17708,590.41,0.88,1,-0.063184,0.522503,-0.850293,-0.383001,0.273708,-0.882266,-0.252,0.431,0.211,0.198,0.108
17709,590.444,0.82,1,0.011146,0.556386,-0.830849,-0.409543,0.35521,-0.840298,-0.234,0.499,0.215,0.178,0.119
17710,590.477,0.93,1,0.13262,0.484761,-0.864534,-0.205808,0.342853,-0.916567,-0.041,0.435,0.198,0.093,0.13
17711,590.51,0.93,1,0.189829,0.49497,-0.847921,-0.156797,0.390542,-0.907134,0.019,0.467,0.238,-0.003,0.107
17712,590.544,0.98,1,0.106004,0.547021,-0.83038,-0.226407,0.45013,-0.863784,-0.071,0.532,0.297,-0.007,0.091
17713,590.577,0.98,1,0.080715,0.547008,-0.833227,-0.233274,0.462834,-0.8552,-0.09,0.539,0.307,-0.008,0.096
17714,590.61,0.98,1,0.063112,0.545518,-0.835719,-0.236293,0.454722,-0.858716,-0.102,0.533,0.309,-0.002,0.101
17715,590.644,0.98,1,0.059707,0.546506,-0.835324,-0.239437,0.440107,-0.865434,-0.105,0.526,0.312,-0.001,0.102
17716,590.677,0.98,1,0.060358,0.552696,-0.831195,-0.226353,0.442849,-0.867553,-0.097,0.53,0.316,0.002,0.101
17717,590.71,0.98,1,0.042743,0.551637,-0.832989,-0.23065,0.432238,-0.871763,-0.11,0.523,0.318,0.009,0.1
17718,590.744,0.98,1,0.034141,0.561393,-0.826845,-0.235425,0.435729,-0.868744,-0.118,0.532,0.321,0.016,0.101
17719,590.777,0.98,1,0.033955,0.570141,-0.820845,-0.233812,0.448284,-0.862771,-0.118,0.544,0.32,0.025,0.102
17720,590.81,0.98,1,0.019145,0.566079,-0.824129,-0.239623,0.443166,-0.86382,-0.13,0.539,0.322,0.034,0.102
17721,590.844,0.98,1,0.008481,0.573356,-0.819263,-0.248989,0.445661,-0.859878,-0.142,0.545,0.323,0.048,0.101
17722,590.877,0.98,1,0.002452,0.575483,-0.81781,-0.252668,0.461273,-0.850521,-0.149,0.556,0.325,0.06,0.102
17723,590.91,0.98,1,-0.016956,0.572446,-0.819767,-0.255487,0.453735,-0.853728,-0.161,0.55,0.326,0.066,0.1
17724,590.944,0.98,1,-0.013376,0.568464,-0.8226,-0.259023,0.442999,-0.858289,-0.161,0.542,0.328,0.076,0.098
17725,590.977,0.98,1,-0.010506,0.568572,-0.822567,-0.262276,0.441087,-0.858285,-0.161,0.541,0.328,0.081,0.094
17726,591.01,0.98,1,-0.02164,0.555358,-0.83133,-0.262956,0.433457,-0.861957,-0.167,0.529,0.329,0.084,0.089
17727,591.044,0.98,1,-0.045549,0.546154,-0.836445,-0.265107,0.429763,-0.863147,-0.181,0.521,0.33,0.087,0.086
17728,591.077,0.98,1,-0.044323,0.51823,-0.854092,-0.312416,0.390983,-0.865753,-0.205,0.486,0.327,0.091,0.081
17729,591.11,0.98,1,-0.051632,0.521262,-0.851833,-0.315332,0.39226,-0.864117,-0.211,0.489,0.325,0.101,0.077
17730,591.144,0.98,1,-0.068903,0.5424,-0.83729,-0.307283,0.40665,-0.860356,-0.218,0.51,0.326,0.114,0.075
17731,591.177,0.98,1,-0.081994,0.548658,-0.832016,-0.306529,0.404184,-0.861786,-0.225,0.512,0.324,0.123,0.073
17732,591.21,0.98,1,-0.074638,0.563249,-0.822909,-0.304684,0.410188,-0.859601,-0.222,0.525,0.324,0.131,0.071
17733,591.244,0.98,1,-0.058396,0.559538,-0.826745,-0.309183,0.407073,-0.859475,-0.215,0.521,0.329,0.146,0.067
17734,591.277,0.98,1,-0.06522,0.535084,-0.842278,-0.310982,0.391464,-0.866052,-0.217,0.497,0.33,0.16,0.064
17735,591.31,0.98,1,-0.066709,0.531165,-0.844638,-0.3177,0.382247,-0.867729,-0.221,0.49,0.328,0.17,0.065
17736,591.344,0.98,1,-0.06059,0.509192,-0.858517,-0.328983,0.370044,-0.868814,-0.222,0.471,0.329,0.179,0.063
17737,591.377,0.98,1,-0.074277,0.511103,-0.856304,-0.329388,0.381978,-0.863479,-0.231,0.479,0.331,0.189,0.062
17738,591.41,0.98,1,-0.075482,0.493801,-0.866293,-0.350798,0.365195,-0.862307,-0.242,0.461,0.326,0.195,0.063
17739,591.444,0.98,1,-0.079208,0.51761,-0.851942,-0.363179,0.36947,-0.855332,-0.254,0.479,0.325,0.21,0.064
17740,591.477,0.93,1,-0.105318,0.586729,-0.802906,-0.369028,0.493747,-0.787421,-0.29,0.597,0.319,0.225,0.073
17741,591.511,0.98,1,-0.116244,0.579465,-0.806665,-0.345521,0.517022,-0.783137,-0.283,0.604,0.328,0.219,0.096
17742,591.544,0.93,1,-0.112556,0.574331,-0.810848,-0.352616,0.520325,-0.777768,-0.285,0.603,0.337,0.23,0.097
17743,591.577,0.93,1,-0.102061,0.56923,-0.815819,-0.365014,0.515607,-0.775186,-0.286,0.598,0.338,0.237,0.108
17744,591.611,0.93,1,-0.108257,0.561392,-0.820438,-0.380401,0.516242,-0.767326,-0.299,0.596,0.336,0.241,0.116
17745,591.644,0.93,1,-0.095205,0.567256,-0.81802,-0.397594,0.504181,-0.766629,-0.302,0.595,0.336,0.243,0.121
17746,591.677,0.93,1,-0.075621,0.574737,-0.814837,-0.396527,0.510516,-0.76298,-0.291,0.603,0.337,0.243,0.126
17747,591.711,0.93,1,-0.0906,0.563586,-0.821074,-0.392294,0.506861,-0.767592,-0.295,0.593,0.341,0.239,0.125
17748,591.744,0.93,1,-0.08238,0.567693,-0.819108,-0.394712,0.510059,-0.764226,-0.293,0.598,0.343,0.234,0.125
17749,591.777,0.98,1,-0.024031,0.582798,-0.812261,-0.366236,0.528707,-0.765728,-0.242,0.614,0.353,0.221,0.115
17750,591.811,0.98,1,-0.004674,0.589429,-0.807806,-0.358975,0.531338,-0.767344,-0.227,0.618,0.351,0.201,0.104
17751,591.844,0.98,1,-0.019666,0.578412,-0.815508,-0.340878,0.515717,-0.786026,-0.221,0.599,0.34,0.178,0.099
17752,591.877,0.98,1,-0.025266,0.580566,-0.813821,-0.312012,0.49999,-0.807873,-0.205,0.588,0.337,0.16,0.092
17753,591.911,0.98,1,-0.04371,0.58257,-0.811604,-0.304177,0.490187,-0.816819,-0.21,0.583,0.34,0.154,0.089
17754,591.944,0.98,1,-0.052329,0.588168,-0.807044,-0.30484,0.488828,-0.817386,-0.216,0.585,0.338,0.158,0.083
17755,591.977,0.98,1,-0.053142,0.595488,-0.801604,-0.310498,0.502986,-0.806595,-0.222,0.599,0.339,0.158,0.079
17756,592.011,0.98,1,0.010194,0.608935,-0.793155,-0.322564,0.518232,-0.792078,-0.195,0.618,0.336,0.153,0.08
17757,592.044,0.98,1,0.099975,0.615404,-0.781846,-0.288522,0.518589,-0.804873,-0.118,0.621,0.331,0.138,0.083
17758,592.077,0.98,1,0.101262,0.614568,-0.782338,-0.277702,0.555245,-0.783955,-0.112,0.641,0.33,0.109,0.087
17759,592.111,0.98,1,0.093444,0.620343,-0.778744,-0.271731,0.543658,-0.794102,-0.113,0.637,0.331,0.081,0.092
17760,592.144,0.98,1,0.069938,0.616246,-0.784442,-0.307917,0.525776,-0.792935,-0.15,0.627,0.33,0.066,0.097
17761,592.177,0.98,1,0.038349,0.633547,-0.772753,-0.291411,0.52966,-0.79658,-0.16,0.638,0.329,0.055,0.101
17762,592.211,0.98,1,0.033265,0.60943,-0.792141,-0.244371,0.545228,-0.801879,-0.132,0.627,0.329,0.035,0.104
17763,592.244,0.98,1,0.05074,0.617745,-0.78474,-0.238993,0.539427,-0.807404,-0.118,0.628,0.331,0.041,0.103
17764,592.277,0.98,1,0.057845,0.614217,-0.787014,-0.253389,0.537045,-0.804597,-0.122,0.626,0.332,0.043,0.101
17765,592.311,0.98,1,0.06473,0.610041,-0.789722,-0.254633,0.519627,-0.815567,-0.118,0.613,0.334,0.034,0.101
17766,592.344,0.98,1,0.05491,0.613026,-0.788153,-0.265824,0.525939,-0.807915,-0.131,0.62,0.336,0.032,0.101
17767,592.377,0.98,1,0.060246,0.608507,-0.791258,-0.251769,0.528665,-0.810633,-0.119,0.617,0.336,0.034,0.097
17768,592.411,0.98,1,0.059852,0.606683,-0.792687,-0.259026,0.517498,-0.815538,-0.123,0.61,0.334,0.03,0.096
17769,592.444,0.98,1,0.044159,0.606176,-0.794104,-0.265129,0.513281,-0.816241,-0.136,0.607,0.332,0.039,0.093
17770,592.477,0.98,1,0.040782,0.601658,-0.797712,-0.265545,0.517869,-0.813202,-0.139,0.607,0.335,0.035,0.093
17771,592.511,0.98,1,0.034176,0.598484,-0.800406,-0.266474,0.520724,-0.811072,-0.143,0.607,0.333,0.041,0.091
17772,592.544,0.98,1,0.029709,0.625543,-0.779624,-0.255432,0.506982,-0.823239,-0.14,0.615,0.336,0.044,0.088
17773,592.577,0.98,1,0.039983,0.619399,-0.784058,-0.263813,0.502984,-0.823049,-0.138,0.61,0.339,0.047,0.085
17774,592.611,0.98,1,0.016366,0.619123,-0.785124,-0.265957,0.509817,-0.81814,-0.154,0.614,0.339,0.054,0.083
17775,592.644,0.98,1,0.01523,0.614686,-0.788625,-0.279681,0.510354,-0.813214,-0.164,0.612,0.339,0.064,0.083
17776,592.678,0.98,1,0.036192,0.604424,-0.79584,-0.285773,0.514638,-0.808382,-0.154,0.609,0.345,0.073,0.082
17777,592.711,0.98,1,0.039551,0.594382,-0.80321,-0.285781,0.523398,-0.802735,-0.152,0.608,0.344,0.081,0.084
17778,592.744,0.98,1,0.048833,0.596385,-0.801212,-0.290151,0.527204,-0.798667,-0.15,0.612,0.348,0.091,0.084
17779,592.778,0.98,1,0.057735,0.596541,-0.800503,-0.284152,0.529934,-0.799017,-0.141,0.614,0.349,0.099,0.083
17780,592.811,0.98,1,0.058028,0.607062,-0.792533,-0.274885,0.530892,-0.801618,-0.135,0.62,0.349,0.103,0.084
17781,592.844,0.98,1,0.061447,0.6025,-0.79575,-0.273889,0.527172,-0.804409,-0.132,0.615,0.35,0.101,0.084
17782,592.878,0.98,1,0.057846,0.605392,-0.793823,-0.278888,0.52821,-0.802007,-0.138,0.618,0.351,0.103,0.083
17783,592.911,0.98,1,0.043798,0.602919,-0.796599,-0.295301,0.527256,-0.796742,-0.157,0.617,0.352,0.103,0.079
17784,592.944,0.98,1,0.038894,0.602704,-0.797016,-0.294366,0.524035,-0.79921,-0.159,0.615,0.353,0.102,0.075
17785,592.978,0.98,1,0.052069,0.607695,-0.792462,-0.288222,0.521856,-0.802866,-0.147,0.616,0.352,0.104,0.073
17786,593.011,0.98,1,0.047979,0.595452,-0.801957,-0.27257,0.518738,-0.810319,-0.138,0.605,0.352,0.106,0.068
17787,593.044,0.98,1,0.058379,0.595477,-0.801249,-0.282322,0.527315,-0.801395,-0.139,0.611,0.353,0.098,0.067
17788,593.078,0.98,1,0.034575,0.586228,-0.809408,-0.283233,0.528602,-0.800225,-0.153,0.606,0.355,0.082,0.066
17789,593.111,0.98,1,0.036719,0.585761,-0.809652,-0.267805,0.535973,-0.800633,-0.143,0.608,0.355,0.079,0.066
17790,593.144,0.98,1,0.03829,0.580814,-0.813135,-0.261599,0.531846,-0.805423,-0.137,0.602,0.356,0.077,0.063
17791,593.178,0.98,1,0.040013,0.582059,-0.812161,-0.256132,0.52511,-0.811576,-0.132,0.598,0.354,0.075,0.061
17792,593.211,0.98,1,0.040734,0.58241,-0.811874,-0.254282,0.522429,-0.813885,-0.131,0.597,0.353,0.074,0.06
17793,593.244,0.98,1,0.045101,0.580484,-0.813022,-0.260156,0.520411,-0.813321,-0.131,0.595,0.353,0.076,0.06
17794,593.278,0.98,1,0.039995,0.583621,-0.81104,-0.270361,0.524493,-0.807349,-0.141,0.6,0.354,0.077,0.058
17795,593.311,0.98,1,0.028899,0.58313,-0.811864,-0.26711,0.515581,-0.814143,-0.145,0.594,0.354,0.074,0.058
17796,593.344,0.98,1,0.010952,0.597609,-0.801713,-0.263378,0.517018,-0.814447,-0.155,0.604,0.355,0.079,0.057
17797,593.378,0.98,1,-0.108362,0.61481,-0.781195,-0.323588,0.492422,-0.807968,-0.265,0.609,0.362,0.106,0.051
17798,593.411,0.98,1,-0.195462,0.570175,-0.797932,-0.357052,0.472262,-0.805905,-0.332,0.576,0.362,0.134,0.053
17799,593.444,0.98,1,-0.223319,0.580059,-0.783365,-0.418405,0.423928,-0.803257,-0.384,0.564,0.368,0.208,0.052
17800,593.478,0.98,1,-0.181712,0.648732,-0.739004,-0.480066,0.398593,-0.781448,-0.411,0.603,0.36,0.299,0.054
17801,593.511,0.88,1,-0.324772,0.369587,-0.870591,-0.535242,0.405713,-0.740886,-0.49,0.448,0.351,0.34,0.063
17802,593.544,0.82,1,-0.370532,0.333962,-0.866704,-0.580243,0.40016,-0.709359,-0.543,0.436,0.322,0.332,0.062
17809,593.778,0.98,1,-0.615187,0.305866,-0.72663,-0.722785,0.44174,-0.531458,-0.816,0.536,0.386,0.742,0.011
17810,593.811,0.98,1,-0.595078,0.338247,-0.729021,-0.714565,0.489016,-0.500261,-0.817,0.592,0.411,0.745,0.013
17811,593.845,0.98,1,-0.592031,0.341269,-0.730092,-0.715129,0.486538,-0.501868,-0.815,0.592,0.408,0.726,0.019
17812,593.878,0.98,1,-0.587616,0.343357,-0.732676,-0.706783,0.504485,-0.495936,-0.811,0.604,0.417,0.723,0.012
17813,593.911,0.98,1,-0.585725,0.364579,-0.723884,-0.70583,0.508784,-0.492892,-0.815,0.623,0.426,0.729,0.002
17814,593.945,0.98,1,-0.572317,0.38994,-0.721387,-0.718321,0.504548,-0.479006,-0.822,0.64,0.437,0.736,-0.008
17815,593.978,0.98,1,-0.597637,0.371328,-0.710595,-0.719814,0.49045,-0.491249,-0.831,0.622,0.439,0.74,-0.011
17816,594.011,0.98,1,-0.56866,0.386368,-0.726186,-0.709417,0.503144,-0.493532,-0.809,0.63,0.436,0.734,-0.011
17817,594.045,0.98,1,-0.603459,0.383794,-0.698955,-0.730761,0.498742,-0.466095,-0.853,0.648,0.436,0.738,-0.013
17818,594.078,0.93,1,-0.62332,0.363935,-0.692115,-0.743223,0.49827,-0.446482,-0.876,0.648,0.44,0.726,-0.016
17819,594.111,0.98,1,-0.626238,0.362421,-0.690273,-0.781531,0.493725,-0.381373,-0.92,0.674,0.457,0.734,-0.032
17820,594.145,0.98,1,-0.605713,0.344067,-0.717446,-0.794353,0.495486,-0.351421,-0.919,0.666,0.466,0.747,-0.047
17821,594.178,0.98,1,-0.611789,0.370974,-0.698636,-0.795431,0.459598,-0.395043,-0.91,0.65,0.487,0.762,-0.066
17822,594.211,0.88,1,-0.575111,0.384768,-0.721943,-0.786434,0.462443,-0.409472,-0.877,0.643,0.503,0.765,-0.079
17823,594.245,0.88,1,-0.592108,0.397187,-0.701177,-0.799787,0.449494,-0.397865,-0.902,0.656,0.518,0.77,-0.086
17824,594.278,0.93,1,-0.597042,0.389334,-0.701398,-0.796201,0.43448,-0.42106,-0.893,0.633,0.511,0.777,-0.088
17825,594.311,0.93,1,-0.629379,0.417812,-0.655221,-0.802197,0.431929,-0.412211,-0.93,0.672,0.519,0.781,-0.103
17826,594.345,0.93,1,-0.630478,0.401112,-0.664535,-0.805318,0.423127,-0.415242,-0.926,0.652,0.524,0.776,-0.112
17827,594.378,0.98,1,-0.646869,0.39216,-0.654042,-0.795456,0.418903,-0.437917,-0.923,0.639,0.51,0.769,-0.111
17828,594.411,0.88,1,-0.635979,0.383257,-0.66981,-0.77923,0.433001,-0.453112,-0.9,0.629,0.516,0.759,-0.114
17829,594.445,0.98,1,-0.638024,0.396514,-0.660077,-0.774379,0.4264,-0.46746,-0.897,0.63,0.524,0.764,-0.123
17830,594.478,0.88,1,-0.629642,0.402059,-0.664756,-0.759153,0.426367,-0.491831,-0.876,0.622,0.525,0.759,-0.127
17831,594.511,0.88,1,-0.630826,0.409813,-0.658872,-0.758943,0.434788,-0.484732,-0.882,0.636,0.525,0.761,-0.133
17832,594.545,0.98,1,-0.625831,0.413314,-0.661444,-0.726038,0.454898,-0.51569,-0.854,0.635,0.541,0.769,-0.145
17833,594.578,0.98,1,-0.622723,0.41392,-0.663993,-0.722602,0.441753,-0.531696,-0.844,0.621,0.547,0.763,-0.148
17834,594.611,0.98,1,-0.623388,0.429899,-0.653127,-0.716278,0.44968,-0.533605,-0.846,0.638,0.56,0.778,-0.16
17835,594.645,0.88,1,-0.625399,0.434576,-0.648089,-0.72084,0.456784,-0.521285,-0.856,0.651,0.562,0.785,-0.165
17836,594.678,0.88,1,-0.631709,0.429043,-0.645651,-0.722007,0.455658,-0.520655,-0.86,0.649,0.557,0.785,-0.164
17837,594.711,0.88,1,-0.627725,0.44197,-0.640799,-0.718626,0.474887,-0.507995,-0.864,0.674,0.565,0.779,-0.171
17838,594.745,0.88,1,-0.633546,0.438276,-0.6376,-0.706803,0.505135,-0.495246,-0.869,0.694,0.571,0.779,-0.174
17839,594.778,0.88,1,-0.628269,0.434536,-0.645335,-0.695212,0.507187,-0.509354,-0.853,0.684,0.571,0.772,-0.171
17840,594.811,0.88,1,-0.628786,0.434452,-0.644887,-0.695082,0.480945,-0.534372,-0.843,0.66,0.58,0.776,-0.176
17841,594.845,0.88,1,-0.642457,0.427006,-0.636329,-0.6796,0.488239,-0.547509,-0.841,0.658,0.58,0.786,-0.177
17842,594.878,0.88,1,-0.617849,0.425895,-0.660966,-0.698089,0.525003,-0.486871,-0.854,0.692,0.578,0.775,-0.173
17843,594.912,0.88,1,-0.633771,0.437146,-0.638152,-0.695218,0.522394,-0.493738,-0.865,0.703,0.582,0.795,-0.178
17844,594.945,0.88,1,-0.62217,0.41275,-0.665238,-0.683277,0.520038,-0.512536,-0.837,0.67,0.571,0.803,-0.178
17845,594.978,0.88,1,-0.616549,0.414451,-0.669401,-0.693915,0.509692,-0.508623,-0.839,0.665,0.571,0.814,-0.175
17846,595.012,0.88,1,-0.611652,0.396186,-0.684776,-0.67789,0.514952,-0.52468,-0.817,0.646,0.562,0.808,-0.168
17847,595.045,0.98,1,-0.610439,0.402972,-0.681893,-0.725982,0.493661,-0.4788,-0.856,0.658,0.553,0.811,-0.163
17848,595.078,0.98,1,-0.645739,0.427248,-0.632835,-0.745835,0.493008,-0.447965,-0.91,0.705,0.553,0.824,-0.165
17849,595.112,0.98,1,-0.642511,0.420978,-0.640279,-0.753984,0.486402,-0.4415,-0.912,0.698,0.552,0.831,-0.168
17850,595.145,0.88,1,-0.630028,0.397892,-0.666894,-0.705353,0.491132,-0.511143,-0.848,0.646,0.535,0.83,-0.158
17851,595.178,0.88,1,-0.642871,0.377592,-0.666439,-0.723465,0.480872,-0.495339,-0.866,0.636,0.534,0.826,-0.157
17852,595.212,0.88,1,-0.642585,0.380717,-0.664936,-0.725817,0.478195,-0.494488,-0.868,0.638,0.528,0.826,-0.15
17853,595.245,0.88,1,-0.64634,0.386549,-0.657894,-0.73016,0.491608,-0.47454,-0.882,0.66,0.527,0.821,-0.145
17854,595.278,0.88,1,-0.649736,0.387727,-0.653844,-0.741181,0.483218,-0.465994,-0.893,0.661,0.519,0.819,-0.135
17855,595.312,0.88,1,-0.646905,0.389184,-0.655782,-0.720298,0.489008,-0.491978,-0.872,0.653,0.518,0.831,-0.129
17856,595.345,0.88,1,-0.666843,0.387369,-0.636605,-0.724462,0.471536,-0.5028,-0.885,0.646,0.508,0.834,-0.116
17857,595.378,0.88,1,-0.67218,0.377868,-0.636702,-0.729056,0.470282,-0.497305,-0.89,0.642,0.496,0.835,-0.107
17858,595.412,0.88,1,-0.663242,0.39746,-0.634142,-0.738771,0.4835,-0.469515,-0.904,0.674,0.492,0.832,-0.104
17859,595.445,0.88,1,-0.712373,0.30984,-0.629701,-0.744959,0.462225,-0.481024,-0.92,0.607,0.49,0.849,-0.107
17860,595.478,0.88,1,-0.666738,0.326262,-0.670085,-0.741403,0.473814,-0.475208,-0.888,0.61,0.476,0.822,-0.09
17861,595.512,0.88,1,-0.668032,0.321485,-0.671104,-0.720126,0.479183,-0.5018,-0.869,0.599,0.476,0.831,-0.088
17862,595.545,0.88,1,-0.653345,0.320839,-0.685713,-0.752495,0.429201,-0.499538,-0.87,0.564,0.486,0.84,-0.093
17863,595.578,0.88,1,-0.615751,0.355122,-0.703377,-0.727708,0.476338,-0.493501,-0.843,0.607,0.489,0.828,-0.091
17864,595.612,0.88,1,-0.615603,0.367218,-0.697269,-0.720639,0.463139,-0.515927,-0.834,0.6,0.498,0.838,-0.098
17865,595.645,0.88,1,-0.616098,0.344645,-0.708268,-0.724308,0.454328,-0.518618,-0.83,0.577,0.481,0.835,-0.092
17866,595.678,0.88,1,-0.610391,0.356834,-0.707172,-0.720919,0.471783,-0.507638,-0.831,0.599,0.483,0.832,-0.092
17867,595.712,0.88,1,-0.614442,0.329316,-0.716946,-0.726445,0.443904,-0.524621,-0.824,0.557,0.495,0.847,-0.104
17868,595.745,0.88,1,-0.621008,0.356408,-0.698085,-0.745883,0.430008,-0.508676,-0.848,0.578,0.488,0.836,-0.093
17869,595.778,0.88,1,-0.616923,0.359846,-0.699941,-0.745534,0.4352,-0.504757,-0.847,0.583,0.482,0.829,-0.087
17870,595.812,0.88,1,-0.626605,0.354885,-0.693847,-0.722485,0.455031,-0.520539,-0.838,0.588,0.495,0.826,-0.095
17871,595.845,0.88,1,-0.626095,0.356313,-0.693575,-0.767057,0.414122,-0.490027,-0.867,0.577,0.505,0.831,-0.096
17872,595.878,0.88,1,-0.702774,0.333279,-0.628517,-0.749712,0.396824,-0.529587,-0.898,0.562,0.516,0.855,-0.105
17873,595.912,0.88,1,-0.684229,0.326197,-0.652247,-0.747003,0.390361,-0.53815,-0.877,0.542,0.511,0.843,-0.097
17874,595.945,0.88,1,-0.669541,0.365237,-0.646774,-0.737774,0.38641,-0.553513,-0.865,0.559,0.519,0.863,-0.101
17875,595.979,0.88,1,-0.636495,0.364722,-0.679597,-0.749156,0.3842,-0.539588,-0.849,0.551,0.508,0.837,-0.09
17876,596.012,0.88,1,-0.649175,0.380615,-0.658562,-0.735363,0.406711,-0.542058,-0.856,0.58,0.515,0.84,-0.093
17877,596.045,0.88,1,-0.636764,0.374709,-0.673888,-0.7362,0.406425,-0.541137,-0.846,0.571,0.515,0.84,-0.096
17878,596.079,0.88,1,-0.658381,0.366142,-0.657628,-0.728353,0.38534,-0.566582,-0.848,0.551,0.528,0.851,-0.11
17879,596.112,0.88,1,-0.654935,0.385757,-0.649809,-0.720385,0.39429,-0.570596,-0.845,0.569,0.544,0.855,-0.124
17880,596.145,0.88,1,-0.648705,0.383904,-0.657114,-0.720487,0.392579,-0.571647,-0.839,0.564,0.547,0.852,-0.13
17881,596.179,0.88,1,-0.66469,0.391352,-0.63642,-0.713577,0.406961,-0.570255,-0.852,0.584,0.555,0.848,-0.144
17882,596.212,0.88,1,-0.673989,0.369118,-0.639915,-0.711576,0.429488,-0.556058,-0.859,0.589,0.568,0.844,-0.157
17883,596.245,0.98,1,-0.639223,0.399595,-0.657053,-0.703893,0.409645,-0.580281,-0.826,0.579,0.572,0.847,-0.163
17884,596.279,0.98,1,-0.678042,0.352356,-0.645062,-0.725678,0.465056,-0.507065,-0.884,0.617,0.563,0.835,-0.156
17885,596.312,0.98,1,-0.6583,0.392181,-0.642523,-0.728355,0.434273,-0.530007,-0.869,0.614,0.557,0.843,-0.155
17886,596.345,0.98,1,-0.646672,0.39219,-0.654219,-0.724835,0.424588,-0.542531,-0.853,0.599,0.554,0.833,-0.15
17887,596.379,0.98,1,-0.654785,0.394497,-0.644693,-0.728484,0.412443,-0.546993,-0.86,0.595,0.547,0.843,-0.146
17888,596.412,0.98,1,-0.664765,0.37679,-0.645071,-0.737738,0.4591,-0.494944,-0.888,0.633,0.554,0.84,-0.152
17889,596.445,0.98,1,-0.651467,0.40386,-0.642252,-0.746881,0.419454,-0.515972,-0.879,0.618,0.552,0.844,-0.148
17890,596.479,0.88,1,-0.636004,0.391279,-0.665131,-0.74187,0.443234,-0.503163,-0.868,0.62,0.548,0.828,-0.14
17891,596.512,0.88,1,-0.646828,0.407961,-0.644345,-0.73049,0.414356,-0.542857,-0.859,0.606,0.553,0.847,-0.151
17892,596.545,0.88,1,-0.619971,0.417539,-0.664302,-0.704402,0.44038,-0.556671,-0.826,0.613,0.557,0.84,-0.149
17893,596.579,0.98,1,-0.649016,0.40573,-0.643553,-0.706783,0.391839,-0.588999,-0.833,0.574,0.555,0.853,-0.148
17894,596.612,0.98,1,-0.636887,0.424056,-0.643856,-0.699876,0.39948,-0.592106,-0.825,0.588,0.57,0.866,-0.157
17895,596.645,0.88,1,-0.616332,0.437386,-0.65485,-0.714089,0.411895,-0.566057,-0.828,0.608,0.573,0.875,-0.157
17896,596.679,0.98,1,-0.615376,0.444937,-0.650649,-0.706907,0.420583,-0.568676,-0.826,0.617,0.589,0.893,-0.168
17897,596.712,0.98,1,-0.613365,0.437615,-0.657477,-0.721075,0.428717,-0.544291,-0.838,0.625,0.601,0.913,-0.178
17898,596.745,0.98,1,-0.612361,0.436392,-0.659224,-0.78199,0.395732,-0.481547,-0.885,0.63,0.607,0.928,-0.181
17899,596.779,0.98,1,-0.612234,0.432698,-0.661772,-0.758895,0.395355,-0.517468,-0.86,0.612,0.607,0.928,-0.18
17900,596.812,0.98,1,-0.614591,0.434302,-0.658529,-0.759797,0.411695,-0.503206,-0.869,0.629,0.605,0.942,-0.184
17901,596.845,0.98,1,-0.608988,0.431641,-0.665447,-0.741527,0.432162,-0.5132,-0.853,0.632,0.595,0.936,-0.181
17902,596.879,0.98,1,-0.633868,0.421246,-0.648663,-0.76525,0.41261,-0.494111,-0.886,0.63,0.602,0.947,-0.191
17903,596.912,0.98,1,-0.624892,0.435919,-0.647676,-0.741913,0.449291,-0.497697,-0.873,0.658,0.613,0.947,-0.206
17904,596.945,0.98,1,-0.618159,0.439848,-0.65147,-0.733292,0.452098,-0.507829,-0.862,0.656,0.626,0.942,-0.215
17905,596.979,0.98,1,-0.611663,0.449408,-0.651077,-0.744353,0.424138,-0.515796,-0.86,0.643,0.638,0.931,-0.217
17906,597.012,0.98,1,-0.616226,0.449276,-0.646851,-0.741673,0.455472,-0.492409,-0.873,0.671,0.659,0.942,-0.242
17907,597.045,0.98,1,-0.618014,0.470879,-0.629549,-0.741617,0.467215,-0.481368,-0.886,0.701,0.67,0.942,-0.251
17908,597.079,0.98,1,-0.620297,0.462979,-0.633152,-0.744443,0.459725,-0.484208,-0.885,0.69,0.69,0.943,-0.273
17909,597.112,0.98,1,-0.608807,0.466876,-0.641389,-0.781193,0.412402,-0.468681,-0.897,0.67,0.695,0.929,-0.274
17910,597.146,0.98,1,-0.620244,0.477462,-0.622357,-0.783239,0.388424,-0.485452,-0.903,0.663,0.695,0.938,-0.278
17911,597.179,0.98,1,-0.641262,0.46398,-0.611151,-0.742591,0.427069,-0.515918,-0.887,0.669,0.674,0.928,-0.258
17912,597.212,0.98,1,-0.647108,0.470891,-0.599593,-0.718979,0.420396,-0.553476,-0.87,0.658,0.636,0.912,-0.228
17913,597.246,0.98,1,-0.59841,0.433331,-0.673892,-0.702933,0.403655,-0.585618,-0.802,0.587,0.598,0.871,-0.189
17914,597.279,0.88,1,-0.611219,0.428929,-0.665155,-0.7094,0.57292,-0.410506,-0.887,0.75,0.626,0.913,-0.217
17915,597.312,0.98,1,-0.342698,0.457971,-0.820257,-0.628728,0.285474,-0.72333,-0.562,0.449,0.38,0.608,-0.052
17916,597.346,0.93,1,-0.392658,0.310746,-0.865596,-0.618527,0.401589,-0.675389,-0.581,0.433,0.417,0.587,-0.057
17917,597.379,0.88,1,-0.490152,0.239843,-0.83799,-0.730279,0.43218,-0.529068,-0.729,0.457,0.463,0.595,-0.08
17918,597.412,0.88,1,-0.447606,0.272404,-0.85173,-0.659618,0.484635,-0.574486,-0.66,0.488,0.468,0.554,-0.079
17919,597.446,0.88,1,-0.455183,0.323627,-0.829502,-0.62669,0.465583,-0.624894,-0.64,0.497,0.449,0.486,-0.067
17920,597.479,0.88,1,-0.297033,0.438697,-0.848125,-0.462581,0.408425,-0.786898,-0.435,0.478,0.375,0.375,-0.037
17921,597.512,0.93,1,-0.270886,0.456836,-0.847303,-0.575563,0.320037,-0.752531,-0.487,0.452,0.343,0.368,-0.02
17922,597.546,0.93,1,-0.279554,0.471171,-0.836569,-0.391486,0.436051,-0.810308,-0.387,0.504,0.335,0.369,-0.003
17923,597.579,0.98,1,-0.217758,0.475664,-0.852247,-0.412692,0.425463,-0.805398,-0.363,0.498,0.329,0.361,0.011
17924,597.612,0.98,1,-0.208223,0.49439,-0.843932,-0.414944,0.43136,-0.801093,-0.362,0.513,0.335,0.361,0.015
17925,597.646,0.98,1,-0.216779,0.487972,-0.845512,-0.434371,0.431282,-0.79077,-0.379,0.512,0.336,0.362,0.017
17926,597.679,0.93,1,-0.258993,0.505161,-0.823246,-0.43273,0.459579,-0.775585,-0.408,0.543,0.341,0.366,0.014
17927,597.712,0.98,1,-0.25938,0.503353,-0.824232,-0.447543,0.456011,-0.769259,-0.418,0.542,0.343,0.371,0.012
17928,597.746,0.93,1,-0.273202,0.494055,-0.825391,-0.460226,0.442559,-0.769632,-0.431,0.531,0.337,0.379,0.017
17929,597.779,0.93,1,-0.280723,0.490226,-0.82515,-0.461885,0.434264,-0.773354,-0.435,0.524,0.336,0.386,0.02
17930,597.812,0.98,1,-0.292707,0.49487,-0.818185,-0.496264,0.449644,-0.742659,-0.468,0.544,0.334,0.39,0.024
17931,597.846,0.98,1,-0.30326,0.507436,-0.806562,-0.497739,0.452535,-0.739911,-0.478,0.556,0.341,0.397,0.017
17932,597.879,0.98,1,-0.296356,0.519712,-0.801294,-0.490546,0.478159,-0.728511,-0.475,0.578,0.35,0.405,0.005
17933,597.912,0.98,1,-0.29628,0.545091,-0.784279,-0.467214,0.558265,-0.685603,-0.479,0.644,0.365,0.417,-0.013
17934,597.946,0.98,1,-0.307228,0.578092,-0.755924,-0.467927,0.559176,-0.684373,-0.494,0.668,0.377,0.43,-0.03
17935,597.979,0.98,1,-0.360114,0.541709,-0.759519,-0.500664,0.404845,-0.765138,-0.514,0.556,0.42,0.478,-0.057
17936,598.012,0.98,1,-0.464108,0.529074,-0.710412,-0.542718,0.455889,-0.705423,-0.618,0.608,0.444,0.509,-0.08
17937,598.046,0.98,1,-0.458165,0.538064,-0.707511,-0.54925,0.486195,-0.679661,-0.628,0.636,0.445,0.543,-0.094
17938,598.079,0.98,1,-0.476184,0.521896,-0.707724,-0.615847,0.494132,-0.613649,-0.691,0.655,0.435,0.589,-0.103
17939,598.112,0.98,1,-0.465204,0.527609,-0.710784,-0.652634,0.511026,-0.559394,-0.722,0.685,0.444,0.637,-0.122
17940,598.146,0.98,1,-0.494078,0.495255,-0.714569,-0.682218,0.50556,-0.528193,-0.758,0.678,0.456,0.678,-0.144
17941,598.179,0.98,1,-0.497153,0.465525,-0.732205,-0.682815,0.514658,-0.518548,-0.756,0.665,0.472,0.714,-0.164
17942,598.213,0.98,1,-0.499888,0.469094,-0.728054,-0.702423,0.50956,-0.49694,-0.776,0.674,0.489,0.734,-0.179
17943,598.246,0.98,1,-0.521356,0.390478,-0.758759,-0.678643,0.532941,-0.505389,-0.759,0.631,0.495,0.742,-0.192
17944,598.279,0.98,1,-0.555692,0.377488,-0.740749,-0.678018,0.55271,-0.484564,-0.789,0.649,0.503,0.738,-0.205
17945,598.313,0.98,1,-0.539994,0.403907,-0.738421,-0.663067,0.55933,-0.497487,-0.772,0.662,0.525,0.742,-0.222
17946,598.346,0.98,1,-0.51612,0.485487,-0.705636,-0.707601,0.573258,-0.413129,-0.83,0.758,0.509,0.755,-0.226
17947,598.379,0.98,1,-0.525884,0.5171,-0.675317,-0.693371,0.566394,-0.44546,-0.827,0.768,0.529,0.782,-0.241
17948,598.413,0.98,1,-0.535782,0.517591,-0.667111,-0.702785,0.545966,-0.456086,-0.834,0.758,0.535,0.778,-0.241
17949,598.446,0.98,1,-0.590746,0.469665,-0.656075,-0.700633,0.547759,-0.457245,-0.859,0.74,0.518,0.773,-0.237
17950,598.479,0.98,1,-0.576671,0.486635,-0.656229,-0.696533,0.546945,-0.464428,-0.849,0.745,0.523,0.765,-0.237
17951,598.513,0.98,1,-0.577496,0.47668,-0.662778,-0.687363,0.555475,-0.467952,-0.841,0.74,0.516,0.761,-0.237
17952,598.546,0.98,1,-0.564976,0.476705,-0.673464,-0.668966,0.566782,-0.480877,-0.819,0.735,0.521,0.749,-0.237
17953,598.579,0.98,1,-0.559446,0.486672,-0.670947,-0.703728,0.55912,-0.438352,-0.85,0.756,0.518,0.747,-0.238
17954,598.613,0.98,1,-0.56535,0.475284,-0.674155,-0.72535,0.542439,-0.423825,-0.866,0.747,0.53,0.747,-0.243
17955,598.646,0.98,1,-0.587168,0.455563,-0.669101,-0.74391,0.508189,-0.433984,-0.879,0.718,0.556,0.761,-0.259
17956,598.679,0.98,1,-0.607232,0.475767,-0.63633,-0.735952,0.517048,-0.437077,-0.897,0.746,0.564,0.759,-0.263
17957,598.713,0.98,1,-0.602322,0.475464,-0.641203,-0.73189,0.520592,-0.439683,-0.89,0.745,0.571,0.759,-0.268
17958,598.746,0.98,1,-0.59704,0.485953,-0.638273,-0.735118,0.503627,-0.45383,-0.884,0.736,0.577,0.765,-0.271
17959,598.779,0.98,1,-0.565527,0.48108,-0.669881,-0.707268,0.505809,-0.493892,-0.83,0.703,0.572,0.758,-0.271
17960,598.813,0.98,1,-0.552345,0.506666,-0.66197,-0.702756,0.49243,-0.513465,-0.818,0.704,0.598,0.769,-0.285
17961,598.846,0.98,1,-0.541199,0.500836,-0.675475,-0.686971,0.506856,-0.520738,-0.799,0.7,0.588,0.766,-0.279
17962,598.879,0.98,1,-0.569905,0.483506,-0.664403,-0.713074,0.474462,-0.516151,-0.827,0.682,0.59,0.769,-0.275
17963,598.913,0.98,1,-0.563878,0.440261,-0.698722,-0.713749,0.450809,-0.536035,-0.802,0.625,0.58,0.771,-0.274
17964,598.946,0.98,1,-0.546551,0.465039,-0.696435,-0.696244,0.498689,-0.516288,-0.798,0.671,0.581,0.757,-0.273
17965,598.979,0.98,1,-0.540649,0.437502,-0.718534,-0.689092,0.49101,-0.532974,-0.777,0.638,0.559,0.743,-0.261
17966,599.013,0.98,1,-0.502508,0.491372,-0.711365,-0.681771,0.499915,-0.534109,-0.76,0.672,0.567,0.749,-0.262
17967,599.046,0.98,1,-0.396424,0.486725,-0.778426,-0.630626,0.469461,-0.617994,-0.634,0.6,0.55,0.727,-0.245
17968,599.079,0.93,1,-0.303268,0.494905,-0.814308,-0.622907,0.446647,-0.642256,-0.566,0.574,0.536,0.701,-0.224
17969,599.113,0.88,1,-0.423762,0.500307,-0.755062,-0.563458,0.474921,-0.675992,-0.604,0.598,0.504,0.575,-0.193
17970,599.146,0.77,1,-0.452985,0.497786,-0.739604,-0.603113,0.598174,-0.527676,-0.695,0.713,0.549,0.546,-0.213
17971,599.179,0.93,1,0.003213,0.479117,-0.877745,-0.285945,0.297274,-0.910969,-0.157,0.41,0.358,0.286,-0.07
17972,599.213,0.93,1,0.019355,0.474202,-0.880203,-0.22355,0.320449,-0.920509,-0.113,0.416,0.342,0.222,-0.059
17973,599.246,0.93,1,0.044365,0.457549,-0.888077,-0.203343,0.367308,-0.907599,-0.088,0.431,0.351,0.164,-0.049
17974,599.279,0.98,1,0.084247,0.475654,-0.875589,-0.210094,0.457566,-0.863999,-0.072,0.492,0.365,0.119,-0.039
17975,599.313,0.98,1,0.09241,0.489624,-0.867023,-0.217727,0.45688,-0.862471,-0.072,0.501,0.375,0.077,-0.031
17976,599.346,0.98,1,0.071832,0.479412,-0.874645,-0.194786,0.429244,-0.881934,-0.07,0.477,0.374,0.072,-0.033
17977,599.38,0.98,1,0.042385,0.477323,-0.877705,-0.198137,0.424664,-0.883404,-0.088,0.473,0.371,0.072,-0.033
17978,599.413,0.98,1,0.043498,0.490289,-0.870474,-0.17907,0.425637,-0.886999,-0.077,0.48,0.367,0.073,-0.034
17979,599.446,0.98,1,0.038882,0.482111,-0.875247,-0.188667,0.404969,-0.894653,-0.084,0.465,0.36,0.074,-0.031
17980,599.48,0.98,1,0.018525,0.47851,-0.877887,-0.186842,0.407377,-0.893943,-0.095,0.464,0.358,0.073,-0.027
17981,599.513,0.98,1,0.023085,0.474821,-0.879779,-0.200282,0.395776,-0.896241,-0.099,0.456,0.354,0.068,-0.021
17982,599.546,0.98,1,0.0423,0.482,-0.87515,-0.199693,0.398533,-0.895151,-0.089,0.462,0.354,0.063,-0.014
17983,599.58,0.98,1,0.043793,0.50379,-0.862715,-0.183724,0.409894,-0.893438,-0.08,0.48,0.36,0.064,-0.014
17984,599.613,0.98,1,0.042911,0.510747,-0.858659,-0.171703,0.419735,-0.891258,-0.073,0.489,0.371,0.07,-0.019
17985,599.646,0.98,1,0.033356,0.537448,-0.842637,-0.145462,0.514777,-0.844894,-0.066,0.558,0.37,0.077,-0.023
17986,599.68,0.98,1,0.005216,0.537695,-0.843123,-0.139954,0.534583,-0.833447,-0.08,0.569,0.368,0.079,-0.023
17987,599.713,0.98,1,0.038917,0.543517,-0.838496,-0.151432,0.515478,-0.843416,-0.067,0.562,0.366,0.082,-0.024
17988,599.746,0.98,1,0.033972,0.544236,-0.838244,-0.155486,0.499449,-0.852276,-0.072,0.553,0.365,0.086,-0.025
17989,599.78,0.98,1,0.044484,0.53794,-0.841808,-0.170388,0.496746,-0.851006,-0.074,0.549,0.361,0.087,-0.024
17990,599.813,0.98,1,0.036304,0.534379,-0.844465,-0.191948,0.493422,-0.848346,-0.092,0.546,0.361,0.089,-0.025
17991,599.846,0.98,1,0.033689,0.538367,-0.842037,-0.187819,0.505449,-0.842167,-0.091,0.555,0.361,0.092,-0.027
17992,599.88,0.98,1,0.030022,0.535362,-0.844089,-0.187643,0.509669,-0.839659,-0.093,0.555,0.359,0.095,-0.028
17993,599.913,0.98,1,0.029345,0.535097,-0.844281,-0.190036,0.513163,-0.836989,-0.095,0.558,0.359,0.1,-0.032
17994,599.946,0.98,1,0.033727,0.539667,-0.841203,-0.202886,0.507421,-0.837473,-0.1,0.558,0.359,0.106,-0.034
17995,599.98,0.98,1,0.024274,0.53951,-0.84163,-0.204579,0.512138,-0.834183,-0.107,0.56,0.359,0.109,-0.036
17996,600.013,0.98,1,0.021885,0.539784,-0.841519,-0.209727,0.512835,-0.832475,-0.112,0.561,0.357,0.113,-0.037
17997,600.046,0.98,1,0.078297,0.526886,-0.846322,-0.202119,0.50849,-0.83701,-0.073,0.551,0.353,0.118,-0.037
17998,600.08,0.98,1,0.139317,0.512174,-0.847507,-0.189622,0.469631,-0.862259,-0.029,0.521,0.349,0.111,-0.035
17999,600.113,0.98,1,0.151777,0.529575,-0.834574,-0.172929,0.478951,-0.86064,-0.012,0.537,0.347,0.107,-0.035
18000,600.146,0.98,1,0.153132,0.550611,-0.820597,-0.176893,0.487343,-0.855106,-0.014,0.555,0.342,0.091,-0.033
18001,600.18,0.98,1,0.141747,0.545803,-0.825837,-0.178574,0.502102,-0.846171,-0.022,0.56,0.34,0.08,-0.032
18002,600.213,0.98,1,0.148209,0.546615,-0.824164,-0.178295,0.494498,-0.850696,-0.018,0.556,0.333,0.065,-0.025
18003,600.246,0.98,1,0.157626,0.540719,-0.826303,-0.173255,0.483621,-0.857959,-0.009,0.546,0.33,0.056,-0.019
18004,600.28,0.98,1,0.163155,0.518161,-0.839577,-0.171985,0.477875,-0.861427,-0.005,0.53,0.328,0.05,-0.016
18005,600.313,0.98,1,0.163897,0.512897,-0.842659,-0.165885,0.484959,-0.85866,-0.001,0.53,0.329,0.051,-0.017
18006,600.346,0.98,1,0.152119,0.520977,-0.839906,-0.175123,0.479236,-0.860038,-0.014,0.532,0.327,0.051,-0.014
18007,600.38,0.98,1,0.174817,0.551623,-0.815568,-0.162057,0.499297,-0.851141,0.008,0.563,0.327,0.048,-0.01
18008,600.413,0.98,1,0.159535,0.564647,-0.809767,-0.155143,0.514314,-0.843452,0.003,0.578,0.328,0.045,-0.008
18009,600.447,0.98,1,0.170037,0.567896,-0.805345,-0.146767,0.521459,-0.840559,0.014,0.585,0.333,0.044,-0.006
18010,600.48,0.98,1,0.149555,0.569594,-0.808205,-0.14661,0.523101,-0.839566,0.002,0.586,0.339,0.046,-0.006
18011,600.513,0.98,1,0.133498,0.590693,-0.795776,-0.161252,0.521389,-0.837944,-0.017,0.598,0.345,0.051,-0.007
18012,600.547,0.98,1,0.008296,0.581904,-0.813215,-0.203263,0.490634,-0.847326,-0.117,0.573,0.359,0.076,-0.016
18013,600.58,0.98,1,-0.012021,0.597656,-0.801663,-0.245933,0.474427,-0.845243,-0.155,0.577,0.37,0.111,-0.021
18014,600.613,0.98,1,-0.027001,0.572561,-0.819417,-0.315871,0.492727,-0.81083,-0.207,0.579,0.38,0.179,-0.029
18015,600.647,0.93,1,-0.111537,0.544436,-0.831354,-0.377507,0.40242,-0.833994,-0.286,0.517,0.369,0.272,-0.029
18016,600.68,0.93,1,-0.281679,0.540829,-0.792566,-0.462591,0.396509,-0.792963,-0.439,0.534,0.364,0.339,-0.016
18017,600.713,0.93,1,-0.297935,0.541917,-0.785851,-0.492133,0.427026,-0.758586,-0.473,0.56,0.368,0.388,-0.018
18018,600.747,0.93,1,-0.323529,0.549599,-0.77024,-0.496572,0.49627,-0.712132,-0.505,0.614,0.358,0.423,-0.023
18019,600.78,0.98,1,-0.451388,0.534626,-0.71444,-0.549735,0.463958,-0.694647,-0.618,0.617,0.376,0.482,-0.035
18020,600.813,0.98,1,-0.521137,0.467761,-0.713874,-0.613153,0.482084,-0.625811,-0.703,0.617,0.374,0.539,-0.027
18021,600.847,0.98,1,-0.505152,0.424793,-0.751247,-0.635873,0.46117,-0.61886,-0.694,0.574,0.344,0.583,-0.005
18022,600.88,0.98,1,-0.534351,0.386053,-0.751952,-0.655681,0.466599,-0.593606,-0.724,0.565,0.324,0.633,0.012
18023,600.913,0.98,1,-0.584877,0.33495,-0.738733,-0.671656,0.468037,-0.574299,-0.763,0.549,0.314,0.677,0.025
18024,600.947,0.98,1,-0.548126,0.320418,-0.772587,-0.685833,0.435103,-0.583369,-0.738,0.508,0.32,0.714,0.031
18025,600.98,0.98,1,-0.574863,0.323771,-0.751468,-0.718672,0.386251,-0.578205,-0.772,0.49,0.33,0.734,0.036
18026,601.013,0.98,1,-0.56608,0.303332,-0.766514,-0.714429,0.39166,-0.579822,-0.76,0.477,0.333,0.742,0.032
18027,601.047,0.98,1,-0.571112,0.315854,-0.757673,-0.711477,0.37935,-0.591518,-0.76,0.476,0.327,0.741,0.038
18028,601.08,0.98,1,-0.624704,0.300588,-0.720689,-0.701105,0.384926,-0.600236,-0.787,0.479,0.329,0.748,0.043
18029,601.113,0.98,1,-0.637071,0.241579,-0.73197,-0.672568,0.375036,-0.637966,-0.763,0.423,0.32,0.733,0.058
18030,601.147,0.98,1,-0.560936,0.26839,-0.783146,-0.619184,0.418886,-0.664188,-0.684,0.443,0.313,0.709,0.067
18031,601.18,0.98,1,-0.36659,0.52514,-0.76801,-0.587615,0.418282,-0.692639,-0.579,0.573,0.328,0.656,0.064
18032,601.213,0.98,1,-0.310581,0.518739,-0.796523,-0.586328,0.409263,-0.699088,-0.54,0.555,0.321,0.561,0.073
18033,601.247,0.88,1,-0.328921,0.558504,-0.761501,-0.54159,0.457151,-0.705473,-0.536,0.606,0.335,0.515,0.077
18034,601.28,0.82,1,-0.403557,0.536404,-0.741223,-0.553584,0.423668,-0.716973,-0.581,0.582,0.323,0.494,0.092
18035,601.313,0.93,1,-0.165748,0.531125,-0.830923,-0.275362,0.527937,-0.803405,-0.264,0.575,0.327,0.197,0.062
18036,601.347,0.98,1,0.063452,0.558245,-0.827246,-0.220903,0.3786,-0.898812,-0.091,0.497,0.333,0.117,0.074
18037,601.38,0.98,1,0.126703,0.542971,-0.830138,-0.251892,0.425037,-0.869422,-0.074,0.518,0.338,0.076,0.068
18038,601.413,0.98,1,0.103944,0.601435,-0.792131,-0.217393,0.534003,-0.817056,-0.07,0.614,0.338,0.073,0.066
18039,601.447,0.98,1,0.062641,0.60943,-0.790361,-0.203662,0.546305,-0.812448,-0.088,0.625,0.34,0.068,0.072
18040,601.48,0.98,1,0.062212,0.610105,-0.789875,-0.204089,0.540311,-0.81634,-0.088,0.622,0.336,0.067,0.078
18041,601.513,0.98,1,0.021354,0.602201,-0.798059,-0.188663,0.541913,-0.818985,-0.103,0.616,0.332,0.064,0.082
18042,601.547,0.98,1,0.037346,0.590791,-0.80596,-0.202718,0.535981,-0.81953,-0.101,0.606,0.328,0.059,0.085
18043,601.58,0.98,1,0.041752,0.591218,-0.80543,-0.212746,0.525311,-0.823885,-0.105,0.601,0.323,0.064,0.087
18044,601.614,0.98,1,0.028204,0.597829,-0.801127,-0.216391,0.512688,-0.830859,-0.115,0.597,0.319,0.067,0.089
18045,601.647,0.98,1,0.023046,0.595174,-0.803266,-0.217854,0.510027,-0.832113,-0.119,0.594,0.317,0.065,0.091
18046,601.68,0.98,1,0.02787,0.587384,-0.808829,-0.220124,0.51397,-0.829084,-0.117,0.592,0.318,0.06,0.095
18047,601.714,0.98,1,0.023496,0.602122,-0.798058,-0.235752,0.525252,-0.817637,-0.131,0.609,0.335,0.067,0.093
18048,601.747,0.98,1,0.008253,0.629785,-0.776726,-0.238861,0.542472,-0.8054,-0.145,0.638,0.355,0.083,0.082
18049,601.78,0.98,1,-0.000978,0.609445,-0.792827,-0.23405,0.531708,-0.813946,-0.145,0.618,0.355,0.085,0.08
18050,601.814,0.98,1,0.001321,0.575683,-0.817672,-0.244068,0.478562,-0.843451,-0.145,0.566,0.348,0.085,0.083
18051,601.847,0.98,1,-0.022242,0.561346,-0.827282,-0.240702,0.453771,-0.857994,-0.155,0.542,0.35,0.092,0.08
18052,601.88,0.98,1,-0.023615,0.563339,-0.825888,-0.250012,0.4542,-0.8551,-0.161,0.544,0.36,0.095,0.078
18053,601.914,0.98,1,-0.046298,0.559811,-0.827326,-0.250875,0.439001,-0.862751,-0.174,0.534,0.361,0.103,0.08
18054,601.947,0.98,1,-0.05375,0.556399,-0.829175,-0.250575,0.464948,-0.849138,-0.179,0.547,0.367,0.102,0.081
18055,601.98,0.98,1,-0.050345,0.555352,-0.83009,-0.278667,0.46436,-0.840663,-0.194,0.548,0.365,0.1,0.079
18056,602.014,0.98,1,-0.036917,0.537032,-0.842754,-0.26481,0.46153,-0.846679,-0.177,0.534,0.349,0.09,0.086
18057,602.047,0.98,1,-0.042098,0.543483,-0.838364,-0.244884,0.459512,-0.853745,-0.168,0.535,0.352,0.09,0.081
18058,602.08,0.98,1,-0.05727,0.535411,-0.842648,-0.263605,0.457355,-0.849317,-0.187,0.531,0.363,0.103,0.072
18059,602.114,0.98,1,-0.059036,0.559872,-0.826474,-0.263474,0.487285,-0.832547,-0.192,0.563,0.373,0.099,0.082
18060,602.147,0.98,1,-0.056134,0.564481,-0.823535,-0.278479,0.491348,-0.825243,-0.2,0.57,0.371,0.095,0.087
18061,602.18,0.98,1,-0.051344,0.565294,-0.82329,-0.284386,0.481861,-0.828815,-0.2,0.565,0.378,0.098,0.083
18062,602.214,0.98,1,-0.077504,0.537134,-0.839929,-0.302381,0.450402,-0.840062,-0.222,0.531,0.397,0.105,0.081
18063,602.247,0.98,1,-0.075287,0.512062,-0.855643,-0.362509,0.394576,-0.844333,-0.252,0.49,0.408,0.113,0.083
18064,602.28,0.98,1,-0.064144,0.508482,-0.85868,-0.38414,0.358891,-0.850667,-0.256,0.47,0.413,0.119,0.087
18065,602.314,0.98,1,-0.064056,0.500878,-0.863144,-0.39204,0.352948,-0.849548,-0.26,0.462,0.42,0.131,0.082
18066,602.347,0.98,1,-0.066485,0.517733,-0.852955,-0.320059,0.433509,-0.842397,-0.224,0.511,0.43,0.122,0.082
18067,602.38,0.98,1,-0.058065,0.540353,-0.839433,-0.313209,0.449031,-0.836822,-0.218,0.533,0.429,0.111,0.093
18068,602.414,0.98,1,-0.049484,0.54834,-0.83479,-0.320144,0.458885,-0.828814,-0.219,0.544,0.431,0.108,0.098
18069,602.447,0.98,1,-0.02824,0.573526,-0.8187,-0.322297,0.453152,-0.83113,-0.209,0.557,0.427,0.111,0.1
18070,602.48,0.98,1,-0.053826,0.564101,-0.823949,-0.312049,0.453825,-0.834667,-0.217,0.55,0.429,0.106,0.099
18071,602.514,0.98,1,-0.051287,0.539093,-0.840683,-0.317764,0.434753,-0.842625,-0.216,0.524,0.426,0.113,0.096
18072,602.547,0.98,1,-0.019547,0.557845,-0.829715,-0.326953,0.416592,-0.848265,-0.204,0.526,0.421,0.129,0.089
18073,602.58,0.98,1,0.012407,0.590321,-0.807073,-0.35045,0.411073,-0.841549,-0.202,0.546,0.418,0.145,0.083
18074,602.614,0.98,1,-0.078932,0.549876,-0.831508,-0.35977,0.379187,-0.852516,-0.255,0.504,0.423,0.148,0.079
18075,602.647,0.98,1,-0.115978,0.532659,-0.838346,-0.360277,0.381375,-0.851325,-0.275,0.496,0.429,0.159,0.074
18076,602.681,0.98,1,-0.116659,0.539036,-0.834165,-0.368356,0.374832,-0.850773,-0.28,0.497,0.435,0.171,0.068
18077,602.714,0.98,1,-0.100226,0.530796,-0.841552,-0.334762,0.40337,-0.851603,-0.251,0.504,0.436,0.18,0.061
18078,602.747,0.98,1,-0.118509,0.528925,-0.840354,-0.329394,0.420081,-0.845595,-0.26,0.513,0.443,0.185,0.057
18079,602.781,0.98,1,-0.12595,0.523189,-0.842858,-0.333324,0.432364,-0.837829,-0.267,0.517,0.444,0.189,0.061
18080,602.814,0.98,1,-0.130805,0.519955,-0.844119,-0.325513,0.438559,-0.83768,-0.265,0.518,0.446,0.19,0.063
18081,602.847,0.98,1,-0.130073,0.546514,-0.827287,-0.329176,0.461791,-0.823646,-0.271,0.548,0.449,0.18,0.065
18082,602.881,0.98,1,-0.126322,0.56712,-0.813891,-0.315188,0.523143,-0.79182,-0.268,0.596,0.448,0.183,0.068
18083,602.914,0.98,1,-0.132276,0.556583,-0.820194,-0.315454,0.526746,-0.789321,-0.271,0.592,0.437,0.182,0.072
18084,602.947,0.98,1,-0.151016,0.564259,-0.811669,-0.300688,0.544286,-0.78316,-0.276,0.607,0.433,0.182,0.078
18085,602.981,0.88,1,-0.144782,0.573127,-0.806575,-0.309399,0.550961,-0.775058,-0.28,0.618,0.433,0.186,0.077
18086,603.014,0.98,1,-0.116541,0.579155,-0.806844,-0.319549,0.542864,-0.776651,-0.269,0.616,0.434,0.178,0.086
18087,603.047,0.98,1,-0.171638,0.551462,-0.816351,-0.287108,0.529559,-0.798208,-0.277,0.59,0.443,0.184,0.077
18088,603.081,0.98,1,-0.176526,0.557177,-0.811414,-0.317123,0.541717,-0.778445,-0.301,0.605,0.498,0.177,0.068
18089,603.114,0.98,1,-0.147381,0.608888,-0.779445,-0.337851,0.528365,-0.778901,-0.302,0.63,0.552,0.159,0.066
18090,603.147,0.98,1,-0.127232,0.608242,-0.783488,-0.325426,0.529501,-0.783407,-0.281,0.628,0.573,0.154,0.072
18091,603.181,0.98,1,-0.116455,0.599453,-0.791893,-0.319947,0.519202,-0.792504,-0.269,0.615,0.586,0.157,0.084
18092,603.214,0.98,1,-0.114648,0.637923,-0.761518,-0.292439,0.583182,-0.757878,-0.262,0.677,0.578,0.158,0.096
18093,603.247,0.98,1,-0.091723,0.649206,-0.755062,-0.276085,0.587642,-0.760562,-0.238,0.684,0.545,0.151,0.109
18094,603.281,0.98,1,-0.082159,0.642589,-0.761794,-0.268178,0.589486,-0.761962,-0.226,0.68,0.535,0.147,0.112
18095,603.314,0.98,1,-0.080649,0.653663,-0.752476,-0.284875,0.578113,-0.764612,-0.236,0.682,0.547,0.138,0.118
18096,603.347,0.88,1,-0.074311,0.649132,-0.757037,-0.26448,0.577117,-0.772649,-0.218,0.676,0.537,0.135,0.124
18097,603.381,0.93,1,-0.09448,0.619097,-0.77961,-0.28689,0.56634,-0.772627,-0.241,0.652,0.529,0.152,0.119
18098,603.414,0.98,1,-0.077648,0.610941,-0.787859,-0.294947,0.558412,-0.775359,-0.234,0.642,0.492,0.149,0.126
18099,603.447,0.98,1,-0.059238,0.626015,-0.777557,-0.286285,0.556219,-0.780167,-0.218,0.649,0.477,0.139,0.122
18100,603.481,0.98,1,-0.034318,0.6113,-0.790655,-0.278035,0.539792,-0.794557,-0.195,0.628,0.456,0.13,0.121
18101,603.514,0.98,1,-0.034048,0.589889,-0.806766,-0.266138,0.539706,-0.798679,-0.185,0.613,0.439,0.138,0.113
18102,603.547,0.98,1,-0.011625,0.578436,-0.815645,-0.274003,0.541079,-0.795082,-0.176,0.607,0.421,0.127,0.113
18103,603.581,0.98,1,0.124341,0.59029,-0.797557,-0.239607,0.530261,-0.813273,-0.071,0.608,0.404,0.118,0.109
18104,603.614,0.98,1,0.173965,0.56645,-0.805525,-0.230909,0.51637,-0.824647,-0.035,0.586,0.368,0.091,0.103
18105,603.647,0.98,1,0.198843,0.545705,-0.814044,-0.215317,0.501829,-0.837739,-0.01,0.565,0.338,0.06,0.091
18106,603.681,0.98,1,0.208043,0.555824,-0.804846,-0.190375,0.500023,-0.844828,0.011,0.569,0.328,0.03,0.085
18107,603.714,0.98,1,0.191465,0.577349,-0.793732,-0.215221,0.510095,-0.832756,-0.015,0.589,0.327,0.02,0.083
18108,603.747,0.98,1,0.181562,0.583707,-0.791405,-0.196546,0.48912,-0.849783,-0.009,0.579,0.328,0.009,0.084
18109,603.781,0.98,1,0.163038,0.576032,-0.801003,-0.21506,0.448743,-0.867398,-0.031,0.551,0.332,-0.001,0.088
18110,603.814,0.98,1,0.173789,0.564414,-0.806991,-0.217119,0.444886,-0.86887,-0.026,0.542,0.328,-0.009,0.091
18111,603.848,0.98,1,0.163856,0.566489,-0.807614,-0.222349,0.422978,-0.878436,-0.035,0.531,0.321,-0.018,0.097
18112,603.881,0.98,1,0.156316,0.574851,-0.803189,-0.233514,0.420975,-0.876499,-0.046,0.535,0.313,-0.017,0.102
18113,603.914,0.98,1,0.18371,0.582157,-0.79205,-0.251541,0.395026,-0.883562,-0.04,0.528,0.298,-0.031,0.113
18114,603.948,0.98,1,0.18375,0.584543,-0.790282,-0.243924,0.41133,-0.878242,-0.036,0.538,0.294,-0.031,0.114
18115,603.981,0.98,1,0.177529,0.578095,-0.796423,-0.243953,0.403055,-0.882062,-0.04,0.529,0.29,-0.027,0.116
18116,604.014,0.98,1,0.177582,0.579571,-0.795338,-0.225119,0.416266,-0.880934,-0.028,0.536,0.291,-0.026,0.117
18117,604.048,0.98,1,0.172582,0.583029,-0.793909,-0.22864,0.419089,-0.878685,-0.034,0.54,0.294,-0.012,0.122
18118,604.081,0.98,1,0.155628,0.562367,-0.812111,-0.224579,0.416342,-0.881036,-0.041,0.524,0.288,-0.01,0.128
18119,604.114,0.98,1,0.144855,0.560116,-0.815652,-0.218985,0.423151,-0.879198,-0.044,0.526,0.275,-0.012,0.137
18120,604.148,0.98,1,0.124882,0.58434,-0.801843,-0.260368,0.392829,-0.881983,-0.08,0.526,0.264,-0.005,0.138
18121,604.181,0.98,1,-0.022888,0.570306,-0.821113,-0.206084,0.365725,-0.90762,-0.132,0.496,0.251,-0.023,0.145
18122,604.214,0.98,1,-0.119857,0.558083,-0.821083,-0.300956,0.440125,-0.846,-0.247,0.54,0.247,0.015,0.136
18123,604.248,0.98,1,-0.065155,0.471552,-0.879428,-0.34769,0.474722,-0.808549,-0.24,0.511,0.249,0.085,0.119
18124,604.281,0.82,1,0.06081,0.504643,-0.861184,-0.298895,0.522644,-0.798439,-0.142,0.554,0.269,0.096,0.098
18125,604.314,0.93,1,-0.317802,0.287877,-0.903398,-0.512629,0.427106,-0.744844,-0.467,0.409,0.226,0.336,0.108
18126,604.348,0.93,1,-0.296306,0.304176,-0.905361,-0.502579,0.448504,-0.739093,-0.452,0.429,0.243,0.36,0.104
18127,604.381,0.88,1,-0.283246,0.403563,-0.870005,-0.39838,0.497771,-0.770401,-0.394,0.502,0.223,0.302,0.095
18128,604.414,0.98,1,-0.367207,0.394682,-0.84225,-0.653245,0.436062,-0.618967,-0.61,0.517,0.238,0.527,0.015
18129,604.448,0.88,1,-0.311159,0.365993,-0.877057,-0.665128,0.429492,-0.610853,-0.581,0.491,0.258,0.542,0.009
18130,604.481,0.88,1,-0.31025,0.346777,-0.88515,-0.637157,0.427678,-0.641188,-0.556,0.47,0.266,0.549,-0.006
18131,604.514,0.88,1,-0.392288,0.361725,-0.845733,-0.638565,0.437725,-0.632954,-0.609,0.496,0.272,0.582,-0.018
18132,604.548,0.88,1,-0.433427,0.341511,-0.833973,-0.651027,0.424531,-0.629236,-0.638,0.482,0.274,0.618,-0.018
18133,604.581,0.88,1,-0.471003,0.330692,-0.817801,-0.664105,0.421047,-0.617806,-0.669,0.482,0.286,0.659,-0.023
18134,604.614,0.98,1,-0.480547,0.326355,-0.813982,-0.684294,0.409266,-0.603525,-0.688,0.479,0.291,0.699,-0.024
18135,604.648,0.98,1,-0.476894,0.292728,-0.828784,-0.702684,0.417737,-0.575961,-0.698,0.468,0.245,0.74,0.095
18136,604.681,0.98,1,-0.538316,0.293799,-0.789872,-0.740384,0.396253,-0.542969,-0.765,0.478,0.268,0.768,0.085
18137,604.714,0.88,1,-0.543407,0.339288,-0.767849,-0.75496,0.379859,-0.534549,-0.784,0.505,0.283,0.786,0.072
18138,604.748,0.98,1,-0.56469,0.299179,-0.769167,-0.75627,0.388028,-0.526773,-0.795,0.488,0.297,0.788,0.059
18139,604.781,0.98,1,-0.569074,0.287178,-0.770509,-0.760411,0.395499,-0.515127,-0.802,0.488,0.309,0.789,0.046
18140,604.814,0.98,1,-0.588929,0.293882,-0.752858,-0.7554,0.40014,-0.518902,-0.813,0.5,0.319,0.794,0.033
18141,604.848,0.98,1,-0.60144,0.318374,-0.73274,-0.747998,0.430546,-0.505103,-0.829,0.544,0.329,0.8,0.02
18142,604.881,0.98,1,-0.601946,0.332188,-0.726163,-0.738922,0.453819,-0.498039,-0.831,0.571,0.332,0.795,0.009
18143,604.915,0.98,1,-0.597738,0.335144,-0.728278,-0.752594,0.455511,-0.475513,-0.843,0.581,0.344,0.797,-0.005
18144,604.948,0.98,1,-0.624884,0.306986,-0.71783,-0.755187,0.450223,-0.476437,-0.857,0.565,0.345,0.81,-0.016
18145,604.981,0.98,1,-0.615338,0.300511,-0.728734,-0.756133,0.44423,-0.480543,-0.848,0.552,0.356,0.819,-0.029
18146,605.015,0.98,1,-0.617105,0.310587,-0.722991,-0.750338,0.443581,-0.490131,-0.845,0.556,0.369,0.812,-0.037
18147,605.048,0.98,1,-0.620929,0.321108,-0.715078,-0.762733,0.433625,-0.4798,-0.858,0.563,0.394,0.821,-0.051
18148,605.081,0.98,1,-0.622695,0.316724,-0.715498,-0.75276,0.443765,-0.486235,-0.853,0.564,0.392,0.817,-0.052
18149,605.115,0.98,1,-0.619416,0.314002,-0.719532,-0.748115,0.448932,-0.488656,-0.847,0.563,0.394,0.814,-0.057
18150,605.148,0.98,1,-0.609625,0.308946,-0.730007,-0.748757,0.444462,-0.491748,-0.838,0.553,0.401,0.815,-0.061
18151,605.181,0.98,1,-0.601086,0.298562,-0.74132,-0.748794,0.443093,-0.492926,-0.83,0.541,0.406,0.815,-0.066
18152,605.215,0.98,1,-0.583029,0.297307,-0.756099,-0.737104,0.45619,-0.498566,-0.811,0.541,0.403,0.808,-0.066
18153,605.248,0.98,1,-0.573685,0.288727,-0.7665,-0.729797,0.456225,-0.509171,-0.796,0.529,0.412,0.805,-0.074
18154,605.281,0.98,1,-0.563203,0.300333,-0.769806,-0.722547,0.460259,-0.515837,-0.785,0.534,0.416,0.809,-0.079
18155,605.315,0.98,1,-0.56083,0.299347,-0.77192,-0.721845,0.450881,-0.525021,-0.78,0.524,0.415,0.807,-0.08
18156,605.348,0.98,1,-0.562642,0.298957,-0.770752,-0.705693,0.466729,-0.533068,-0.772,0.531,0.416,0.816,-0.084
18157,605.381,0.98,1,-0.554581,0.297258,-0.777225,-0.693449,0.480833,-0.536589,-0.76,0.535,0.409,0.816,-0.083
18158,605.415,0.98,1,-0.553387,0.292011,-0.780059,-0.697123,0.454636,-0.55437,-0.753,0.51,0.414,0.818,-0.088
18159,605.448,0.98,1,-0.55378,0.301981,-0.775974,-0.691186,0.448363,-0.566774,-0.748,0.51,0.402,0.813,-0.082
18160,605.481,0.98,1,-0.550204,0.293144,-0.781884,-0.679274,0.445512,-0.583186,-0.733,0.496,0.413,0.815,-0.085
18161,605.515,0.98,1,-0.572786,0.271621,-0.773394,-0.691361,0.462117,-0.555398,-0.76,0.505,0.416,0.825,-0.091
18162,605.548,0.98,1,-0.56483,0.277187,-0.777261,-0.728514,0.416749,-0.543679,-0.775,0.484,0.42,0.824,-0.093
18163,605.581,0.98,1,-0.550562,0.288421,-0.783387,-0.721899,0.42309,-0.547591,-0.763,0.491,0.429,0.825,-0.096
18164,605.615,0.98,1,-0.596985,0.296734,-0.745358,-0.745851,0.450916,-0.490286,-0.827,0.544,0.414,0.813,-0.08
18165,605.648,0.98,1,-0.606768,0.304478,-0.734252,-0.755073,0.449826,-0.476993,-0.844,0.557,0.418,0.821,-0.08
18166,605.681,0.98,1,-0.615505,0.29378,-0.731332,-0.767974,0.436125,-0.469054,-0.856,0.546,0.404,0.814,-0.07
18167,605.715,0.98,1,-0.618235,0.272564,-0.737221,-0.760524,0.434684,-0.482342,-0.847,0.526,0.4,0.811,-0.065
18168,605.748,0.98,1,-0.612361,0.292854,-0.734337,-0.724908,0.440618,-0.529494,-0.814,0.526,0.398,0.816,-0.064
18169,605.781,0.98,1,-0.611642,0.290738,-0.735776,-0.712704,0.437004,-0.548709,-0.801,0.515,0.394,0.812,-0.06
18170,605.815,0.98,1,-0.551613,0.33728,-0.762867,-0.722418,0.440212,-0.533222,-0.777,0.54,0.394,0.819,-0.055
18171,605.848,0.98,1,-0.549834,0.328132,-0.768123,-0.71669,0.44599,-0.536142,-0.771,0.536,0.395,0.822,-0.053
18172,605.881,0.98,1,-0.541909,0.339117,-0.768982,-0.706511,0.448675,-0.547296,-0.759,0.539,0.384,0.818,-0.045
18173,605.915,0.98,1,-0.559233,0.305349,-0.770727,-0.719207,0.43092,-0.545023,-0.771,0.51,0.377,0.811,-0.041
18174,605.948,0.98,1,-0.58263,0.279603,-0.763128,-0.722887,0.431173,-0.539929,-0.786,0.499,0.364,0.803,-0.037
18175,605.982,0.98,1,-0.58894,0.273307,-0.760561,-0.722941,0.424061,-0.545462,-0.788,0.49,0.364,0.798,-0.043
18176,606.015,0.88,1,-0.578851,0.262806,-0.771923,-0.735161,0.422113,-0.530433,-0.79,0.484,0.353,0.797,-0.04
18177,606.048,0.98,1,-0.562709,0.257197,-0.785626,-0.737886,0.429275,-0.520814,-0.783,0.484,0.341,0.792,-0.035
18178,606.082,0.88,1,-0.549458,0.271268,-0.790259,-0.727329,0.441674,-0.525277,-0.77,0.497,0.348,0.793,-0.044
18179,606.115,0.88,1,-0.551997,0.267968,-0.789615,-0.72339,0.437726,-0.53395,-0.767,0.49,0.359,0.802,-0.057
18180,606.148,0.88,1,-0.555723,0.266209,-0.787594,-0.69675,0.433821,-0.571261,-0.745,0.476,0.359,0.805,-0.054
18181,606.182,0.88,1,-0.554363,0.257276,-0.791512,-0.684646,0.436588,-0.583653,-0.733,0.467,0.361,0.802,-0.06
18182,606.215,0.88,1,-0.568528,0.283969,-0.7721,-0.696671,0.445302,-0.562455,-0.759,0.5,0.375,0.817,-0.07
18183,606.248,0.88,1,-0.562432,0.294007,-0.772807,-0.674829,0.477412,-0.562746,-0.747,0.524,0.394,0.808,-0.076
18184,606.282,0.98,1,-0.569273,0.327155,-0.754253,-0.714818,0.466251,-0.521196,-0.789,0.556,0.429,0.808,-0.096
18185,606.315,0.98,1,-0.565675,0.351587,-0.745921,-0.726353,0.480588,-0.491371,-0.807,0.592,0.467,0.795,-0.109
18186,606.348,0.98,1,-0.579972,0.34294,-0.738935,-0.722588,0.478426,-0.498974,-0.811,0.586,0.474,0.795,-0.113
18187,606.382,0.98,1,-0.583387,0.327565,-0.74321,-0.686018,0.470838,-0.554699,-0.774,0.551,0.467,0.788,-0.112
18188,606.415,0.98,1,-0.579446,0.32324,-0.74817,-0.663988,0.474327,-0.578043,-0.753,0.541,0.455,0.78,-0.106
18189,606.448,0.98,1,-0.559548,0.358678,-0.747165,-0.667211,0.470672,-0.577319,-0.747,0.559,0.444,0.773,-0.097
18190,606.482,0.98,1,-0.561956,0.363094,-0.743215,-0.68035,0.458262,-0.571943,-0.757,0.558,0.442,0.775,-0.092
18191,606.515,0.98,1,-0.555817,0.349444,-0.754292,-0.630071,0.447379,-0.634714,-0.707,0.521,0.429,0.762,-0.083
18192,606.548,0.98,1,-0.555779,0.366634,-0.746116,-0.630778,0.44389,-0.63646,-0.709,0.53,0.43,0.761,-0.081
18193,606.582,0.98,1,-0.578373,0.323116,-0.749053,-0.667793,0.4335,-0.605088,-0.744,0.51,0.421,0.768,-0.078
18194,606.615,0.98,1,-0.572819,0.323368,-0.753201,-0.693215,0.414895,-0.589334,-0.756,0.503,0.413,0.77,-0.072
18195,606.648,0.98,1,-0.579618,0.366087,-0.728027,-0.694158,0.420789,-0.584022,-0.771,0.54,0.395,0.757,-0.057
18196,606.682,0.88,1,-0.471182,0.442434,-0.763046,-0.701446,0.42775,-0.570091,-0.721,0.578,0.405,0.782,-0.059
18197,606.715,0.98,1,-0.439547,0.409999,-0.799187,-0.610341,0.372837,-0.698911,-0.611,0.482,0.406,0.748,-0.057
18198,606.748,0.82,1,-0.382033,0.457308,-0.803069,-0.570477,0.502349,-0.649771,-0.58,0.584,0.419,0.715,-0.048
18199,606.782,0.98,1,-0.200432,0.396293,-0.895979,-0.352902,0.368979,-0.859834,-0.305,0.411,0.33,0.297,-0.067
18200,606.815,0.98,1,0.005829,0.467597,-0.883922,-0.203495,0.285078,-0.936654,-0.108,0.392,0.315,0.186,-0.053
18201,606.848,0.98,1,0.055396,0.487225,-0.871518,-0.116454,0.304803,-0.945269,-0.034,0.411,0.331,0.108,-0.012
18202,606.882,0.98,1,0.251459,0.497279,-0.83035,-0.031796,0.326748,-0.944576,0.123,0.435,0.331,0.032,-0.006
18203,606.915,0.93,1,0.216733,0.515522,-0.829014,-0.001481,0.387272,-0.921964,0.122,0.476,0.322,0.007,0.012
18204,606.948,0.98,1,0.271228,0.539504,-0.797101,0.000959,0.501763,-0.865005,0.162,0.56,0.338,-0.024,0.023
18205,606.982,0.98,1,0.24466,0.554011,-0.795747,-0.055101,0.498274,-0.865267,0.114,0.565,0.344,-0.042,0.039
18206,607.015,0.98,1,0.239348,0.580889,-0.777998,-0.092741,0.520114,-0.849047,0.09,0.595,0.348,-0.05,0.051
18207,607.048,0.98,1,0.242671,0.577494,-0.779494,-0.093727,0.496144,-0.863166,0.09,0.579,0.337,-0.041,0.063
18208,607.082,0.98,1,0.290866,0.5503,-0.782667,-0.069728,0.483855,-0.872366,0.133,0.558,0.326,-0.048,0.076
18209,607.115,0.98,1,0.289689,0.555469,-0.779445,-0.058919,0.474216,-0.878435,0.138,0.556,0.317,-0.06,0.087
18210,607.149,0.98,1,0.282863,0.563771,-0.775984,-0.070655,0.466563,-0.881661,0.127,0.556,0.306,-0.066,0.092
18211,607.182,0.98,1,0.264181,0.573717,-0.775279,-0.072621,0.458219,-0.885867,0.115,0.556,0.299,-0.067,0.092
18212,607.215,0.98,1,0.240525,0.574484,-0.782378,-0.087146,0.453916,-0.886773,0.092,0.552,0.293,-0.068,0.095
18213,607.249,0.98,1,0.219756,0.571041,-0.790962,-0.136889,0.43814,-0.888423,0.049,0.541,0.287,-0.062,0.093
18214,607.282,0.98,1,0.227106,0.575014,-0.785991,-0.136729,0.452016,-0.881469,0.054,0.552,0.295,-0.054,0.071
18215,607.315,0.98,1,0.212932,0.569869,-0.793668,-0.187313,0.469946,-0.862592,0.015,0.561,0.296,-0.066,0.052
18216,607.349,0.98,1,0.205758,0.554115,-0.80661,-0.243926,0.45693,-0.855403,-0.023,0.547,0.293,-0.073,0.037
18217,607.382,0.98,1,0.188324,0.562203,-0.805271,-0.290674,0.454576,-0.841944,-0.062,0.553,0.301,-0.063,0.028
18218,607.415,0.98,1,0.171311,0.55959,-0.810871,-0.264725,0.468971,-0.842607,-0.056,0.556,0.31,-0.068,0.031
18219,607.449,0.98,1,0.190811,0.59262,-0.782556,-0.205486,0.512903,-0.83349,-0.009,0.6,0.323,-0.048,0.032
18220,607.482,0.98,1,0.171044,0.597515,-0.783403,-0.167844,0.529542,-0.831513,0.002,0.609,0.335,-0.037,0.033
18221,607.515,0.98,1,0.169305,0.592993,-0.787207,-0.145434,0.526968,-0.837349,0.015,0.604,0.344,-0.027,0.038
18222,607.549,0.98,1,0.166189,0.598825,-0.783447,-0.128985,0.528115,-0.83932,0.023,0.607,0.351,-0.02,0.042
18223,607.582,0.98,1,0.162059,0.592681,-0.788965,-0.131258,0.523023,-0.842151,0.019,0.6,0.349,-0.019,0.047
18224,607.615,0.98,1,0.165643,0.583909,-0.794741,-0.1395,0.510003,-0.848786,0.016,0.587,0.348,-0.016,0.049
18225,607.649,0.98,1,0.154579,0.590769,-0.791894,-0.14556,0.506622,-0.849792,0.005,0.589,0.348,-0.017,0.052
18226,607.682,0.98,1,0.105554,0.615816,-0.780787,-0.187667,0.50324,-0.843523,-0.051,0.603,0.355,-0.009,0.051
18227,607.715,0.98,1,0.023894,0.602578,-0.797702,-0.20136,0.491107,-0.847507,-0.107,0.587,0.36,-0.018,0.056
18228,607.749,0.98,1,0.00566,0.609173,-0.793017,-0.209357,0.488698,-0.846961,-0.124,0.59,0.374,0.009,0.049
18229,607.782,0.98,1,-0.012734,0.626073,-0.779661,-0.232719,0.528222,-0.816593,-0.153,0.626,0.384,0.057,0.042
18230,607.815,0.98,1,-0.049427,0.6214,-0.781933,-0.215504,0.548987,-0.807571,-0.165,0.635,0.397,0.103,0.035
18231,607.849,0.98,1,-0.054611,0.626038,-0.777878,-0.247419,0.565978,-0.786418,-0.191,0.651,0.405,0.138,0.032
18232,607.882,0.98,1,-0.056941,0.611965,-0.788833,-0.260866,0.55903,-0.787042,-0.199,0.639,0.406,0.161,0.033
18233,607.915,0.98,1,-0.065958,0.59736,-0.799256,-0.291122,0.539889,-0.78979,-0.221,0.621,0.402,0.178,0.027
18234,607.949,0.98,1,-0.065203,0.590646,-0.804292,-0.290143,0.549444,-0.783536,-0.22,0.623,0.396,0.182,0.029
18235,607.982,0.98,1,-0.122718,0.587165,-0.800111,-0.288616,0.552773,-0.781756,-0.254,0.624,0.406,0.184,0.023
18236,608.015,0.98,1,-0.135183,0.559675,-0.817612,-0.282781,0.535749,-0.795618,-0.254,0.597,0.411,0.198,0.012
18237,608.049,0.93,1,-0.17186,0.507768,-0.844178,-0.321143,0.516294,-0.793919,-0.292,0.559,0.404,0.222,0.008
18238,608.082,0.98,1,-0.190744,0.495139,-0.847617,-0.334006,0.511356,-0.791805,-0.31,0.551,0.414,0.236,-0.0
18239,608.115,0.98,1,-0.210458,0.491774,-0.844906,-0.363408,0.521939,-0.771695,-0.341,0.56,0.421,0.248,-0.001
18240,608.149,0.98,1,-0.250923,0.471271,-0.845542,-0.366806,0.52753,-0.766267,-0.366,0.555,0.433,0.263,-0.005
18241,608.182,0.98,1,-0.256346,0.459786,-0.850225,-0.388101,0.508457,-0.768667,-0.379,0.539,0.432,0.279,-0.004
18242,608.216,0.98,1,-0.24611,0.454827,-0.855899,-0.38759,0.521023,-0.760466,-0.374,0.543,0.424,0.289,-0.001
18243,608.249,0.98,1,-0.229449,0.471488,-0.8515,-0.392905,0.514539,-0.762152,-0.368,0.549,0.414,0.295,0.005
18244,608.282,0.98,1,-0.204409,0.489414,-0.847756,-0.379531,0.504797,-0.77533,-0.345,0.55,0.406,0.296,0.01
18245,608.316,0.98,1,-0.176186,0.499882,-0.847984,-0.355869,0.505415,-0.786075,-0.315,0.552,0.399,0.289,0.018
18246,608.349,0.98,1,-0.167496,0.488637,-0.856258,-0.353361,0.492646,-0.795259,-0.306,0.536,0.393,0.281,0.026
18247,608.382,0.98,1,-0.158074,0.489166,-0.857747,-0.346625,0.485162,-0.802788,-0.295,0.531,0.391,0.275,0.029
18248,608.416,0.98,1,-0.151409,0.490382,-0.858255,-0.341272,0.476051,-0.810499,-0.287,0.525,0.393,0.272,0.026
18249,608.449,0.98,1,-0.153337,0.499387,-0.852701,-0.343936,0.473083,-0.811111,-0.29,0.529,0.392,0.272,0.024
18250,608.482,0.98,1,-0.161863,0.495498,-0.853395,-0.347653,0.470634,-0.810951,-0.297,0.526,0.393,0.272,0.021
18251,608.516,0.98,1,-0.173032,0.480909,-0.859527,-0.333845,0.452724,-0.826794,-0.292,0.506,0.393,0.273,0.02
18252,608.549,0.98,1,-0.176255,0.475702,-0.861767,-0.335181,0.454432,-0.825315,-0.294,0.504,0.392,0.273,0.022
18253,608.582,0.98,1,-0.16536,0.477347,-0.863015,-0.337563,0.462851,-0.819646,-0.29,0.51,0.391,0.273,0.023
18254,608.616,0.98,1,-0.167679,0.48035,-0.860899,-0.333436,0.459333,-0.823307,-0.289,0.509,0.395,0.273,0.021
18255,608.649,0.98,1,-0.162977,0.483219,-0.860197,-0.332931,0.453058,-0.82698,-0.286,0.507,0.397,0.273,0.021
18256,608.682,0.98,1,-0.162956,0.481938,-0.860919,-0.324492,0.45329,-0.830201,-0.281,0.505,0.405,0.272,0.019
18257,608.716,0.98,1,-0.165279,0.486894,-0.857681,-0.322171,0.458385,-0.828305,-0.281,0.511,0.41,0.27,0.018
18258,608.749,0.98,1,-0.158382,0.489001,-0.857784,-0.3234,0.463394,-0.825032,-0.279,0.515,0.418,0.271,0.016
18259,608.782,0.98,1,-0.148541,0.498177,-0.854257,-0.320204,0.469593,-0.822771,-0.273,0.523,0.428,0.27,0.013
18260,608.816,0.98,1,-0.155555,0.496229,-0.854142,-0.318712,0.463891,-0.826576,-0.275,0.519,0.442,0.273,0.005
18261,608.849,0.98,1,-0.157232,0.490656,-0.85705,-0.313547,0.474672,-0.82242,-0.273,0.522,0.453,0.275,0.001
18262,608.882,0.98,1,-0.159491,0.489346,-0.857381,-0.322735,0.476381,-0.817865,-0.28,0.523,0.467,0.28,-0.004
18263,608.916,0.98,1,-0.169846,0.490053,-0.854986,-0.328893,0.48595,-0.809742,-0.291,0.53,0.482,0.283,-0.008
18264,608.949,0.98,1,-0.170015,0.496187,-0.851407,-0.334458,0.465169,-0.819607,-0.293,0.522,0.491,0.284,-0.011
18265,608.982,0.98,1,-0.171371,0.505056,-0.845902,-0.33471,0.467372,-0.81825,-0.295,0.529,0.501,0.285,-0.015
18266,609.016,0.98,1,-0.175439,0.506558,-0.844168,-0.336543,0.470661,-0.815608,-0.299,0.532,0.513,0.285,-0.018
18267,609.049,0.98,1,-0.173282,0.501746,-0.847481,-0.331559,0.466254,-0.820168,-0.294,0.526,0.517,0.286,-0.019
18268,609.082,0.98,1,-0.174149,0.50134,-0.847544,-0.333847,0.474486,-0.814499,-0.297,0.531,0.52,0.287,-0.019
18269,609.116,0.98,1,-0.168909,0.494633,-0.85253,-0.331796,0.472491,-0.816495,-0.291,0.525,0.524,0.289,-0.02
18270,609.149,0.98,1,-0.171127,0.499396,-0.849305,-0.327529,0.48159,-0.812894,-0.291,0.533,0.524,0.289,-0.018
18271,609.182,0.98,1,-0.176196,0.507093,-0.843689,-0.32674,0.467627,-0.82132,-0.293,0.53,0.526,0.29,-0.018
18272,609.216,0.98,1,-0.173453,0.501089,-0.847835,-0.339961,0.488005,-0.803914,-0.301,0.54,0.538,0.287,-0.018
18273,609.249,0.98,1,-0.182083,0.498846,-0.847348,-0.33499,0.472074,-0.815431,-0.301,0.529,0.526,0.285,-0.019
18274,609.282,0.88,1,-0.046485,0.488879,-0.871112,-0.30814,0.510756,-0.802607,-0.209,0.538,0.49,0.259,0.008
18275,609.316,0.98,1,-0.1774,0.514721,-0.838804,-0.336503,0.508579,-0.792536,-0.305,0.56,0.527,0.294,-0.007
18276,609.349,0.98,1,-0.183685,0.501167,-0.845631,-0.353725,0.48801,-0.79795,-0.316,0.542,0.527,0.3,-0.01
18277,609.383,0.98,1,-0.17791,0.520905,-0.834869,-0.353238,0.50604,-0.786859,-0.317,0.565,0.536,0.305,-0.011
18278,609.416,0.98,1,-0.180577,0.524296,-0.832169,-0.358555,0.508757,-0.782691,-0.322,0.569,0.542,0.31,-0.012
18279,609.449,0.98,1,-0.184849,0.528659,-0.828463,-0.363026,0.510004,-0.779813,-0.328,0.573,0.545,0.314,-0.01
18280,609.483,0.98,1,-0.191997,0.522663,-0.830638,-0.363486,0.5085,-0.780581,-0.332,0.569,0.55,0.317,-0.007
18281,609.516,0.98,1,-0.199325,0.517854,-0.831924,-0.36747,0.507863,-0.779129,-0.338,0.567,0.552,0.32,-0.004
18282,609.549,0.98,1,-0.20122,0.517146,-0.831908,-0.361703,0.504556,-0.783961,-0.335,0.564,0.556,0.319,-0.002
18283,609.583,0.98,1,-0.195291,0.524039,-0.829002,-0.366417,0.509819,-0.778347,-0.336,0.572,0.557,0.318,-0.001
18284,609.616,0.98,1,-0.197531,0.520736,-0.830551,-0.362185,0.516225,-0.776101,-0.335,0.573,0.561,0.318,-0.003
18285,609.649,0.98,1,-0.194172,0.524641,-0.828884,-0.360932,0.514029,-0.77814,-0.333,0.574,0.555,0.318,-0.003
18286,609.683,0.98,1,-0.192484,0.522455,-0.830657,-0.366343,0.516638,-0.773872,-0.335,0.575,0.546,0.319,-0.003
18287,609.716,0.98,1,-0.193959,0.513383,-0.835953,-0.370665,0.511242,-0.775396,-0.337,0.566,0.534,0.321,-0.0
18288,609.749,0.98,1,-0.187396,0.513235,-0.837539,-0.370076,0.504148,-0.780307,-0.332,0.561,0.511,0.323,0.007
18289,609.783,0.98,1,-0.173227,0.508386,-0.843526,-0.376436,0.491232,-0.785485,-0.325,0.55,0.482,0.323,0.015
18290,609.816,0.98,1,-0.206771,0.442965,-0.872369,-0.385127,0.430477,-0.816313,-0.337,0.477,0.452,0.325,0.023
18381,612.85,0.98,1,-0.340014,0.371848,-0.863782,-0.414162,0.38651,-0.824063,-0.42,0.422,0.224,0.375,-0.059
18382,612.884,0.98,1,-0.334079,0.383446,-0.861023,-0.437273,0.412629,-0.79908,-0.435,0.447,0.226,0.391,-0.063
18383,612.917,0.98,1,-0.325243,0.39056,-0.861209,-0.45254,0.412976,-0.790353,-0.44,0.453,0.227,0.41,-0.067
18384,612.95,0.98,1,-0.316684,0.400293,-0.859928,-0.449181,0.45713,-0.767639,-0.44,0.485,0.232,0.444,-0.066
18385,612.984,0.98,1,-0.326249,0.433022,-0.84027,-0.458277,0.468939,-0.755035,-0.457,0.515,0.22,0.469,-0.055
18386,613.017,0.98,1,-0.381929,0.468688,-0.796531,-0.474097,0.496431,-0.727178,-0.512,0.565,0.216,0.496,-0.049
18387,613.05,0.98,1,-0.405511,0.452188,-0.79441,-0.493791,0.490712,-0.717895,-0.536,0.558,0.22,0.532,-0.052
18388,613.084,0.98,1,-0.409547,0.443186,-0.797407,-0.50395,0.460332,-0.730841,-0.539,0.534,0.227,0.57,-0.054
18389,613.117,0.98,1,-0.40266,0.415775,-0.815473,-0.514782,0.458482,-0.724426,-0.537,0.516,0.226,0.596,-0.055
18390,613.15,0.98,1,-0.543749,0.328189,-0.772418,-0.520233,0.45873,-0.720364,-0.619,0.485,0.239,0.623,-0.063
18391,613.184,0.98,1,-0.556566,0.334558,-0.760464,-0.548388,0.42749,-0.718695,-0.642,0.476,0.25,0.641,-0.072
18392,613.217,0.98,1,-0.565287,0.294854,-0.770397,-0.556481,0.40523,-0.725339,-0.643,0.438,0.259,0.654,-0.077
18393,613.25,0.98,1,-0.56695,0.319127,-0.759424,-0.557801,0.404284,-0.724853,-0.648,0.454,0.258,0.664,-0.077
18394,613.284,0.98,1,-0.54733,0.281655,-0.788099,-0.586177,0.366404,-0.722596,-0.644,0.405,0.258,0.662,-0.075
18543,618.252,0.98,1,-0.115983,0.377533,-0.918704,-0.276717,0.387736,-0.879255,-0.215,0.402,0.193,0.266,-0.015
18544,618.285,0.98,1,-0.115113,0.377884,-0.918669,-0.285413,0.389769,-0.875568,-0.22,0.404,0.194,0.267,-0.016
18545,618.319,0.98,1,-0.112299,0.378994,-0.91856,-0.307667,0.388546,-0.868547,-0.231,0.406,0.194,0.268,-0.016
18546,618.352,0.98,1,-0.110254,0.377611,-0.919377,-0.313274,0.393314,-0.864386,-0.233,0.408,0.196,0.269,-0.017
18547,618.385,0.98,1,-0.105591,0.382315,-0.917979,-0.311823,0.390318,-0.866267,-0.23,0.409,0.196,0.269,-0.016
18548,618.419,0.98,1,-0.107162,0.378223,-0.919491,-0.304517,0.400382,-0.864271,-0.227,0.412,0.195,0.268,-0.015
18549,618.452,0.98,1,-0.107559,0.374874,-0.920815,-0.308879,0.396919,-0.86432,-0.229,0.408,0.194,0.268,-0.015
18550,618.485,0.98,1,-0.113427,0.382355,-0.917027,-0.315194,0.394017,-0.863368,-0.236,0.411,0.198,0.269,-0.016
18551,618.519,0.98,1,-0.112889,0.381391,-0.917495,-0.319828,0.394367,-0.861502,-0.239,0.411,0.201,0.269,-0.016
18552,618.552,0.98,1,-0.114449,0.374958,-0.91995,-0.313044,0.397055,-0.862758,-0.235,0.409,0.2,0.27,-0.016
18553,618.585,0.98,1,-0.116287,0.369806,-0.921803,-0.3045,0.401471,-0.863771,-0.231,0.408,0.198,0.271,-0.016
18554,618.619,0.98,1,-0.117428,0.369245,-0.921883,-0.290278,0.396122,-0.871106,-0.224,0.403,0.197,0.272,-0.017
18555,618.652,0.98,1,-0.11842,0.370446,-0.921274,-0.303375,0.406085,-0.862009,-0.232,0.411,0.197,0.272,-0.017
18556,618.685,0.98,1,-0.119264,0.368009,-0.922142,-0.29602,0.399623,-0.867568,-0.228,0.405,0.194,0.274,-0.017
18981,632.856,0.98,1,-0.083883,0.394384,-0.915109,-0.274252,0.369824,-0.887703,-0.196,0.401,0.109,0.284,-0.025
18982,632.89,0.98,1,-0.101205,0.429157,-0.897542,-0.285264,0.411413,-0.865658,-0.216,0.445,0.111,0.285,-0.026
18983,632.923,0.98,1,-0.184467,0.433067,-0.882284,-0.325646,0.424891,-0.844643,-0.287,0.461,0.109,0.286,-0.027
18984,632.956,0.98,1,-0.197917,0.446975,-0.872378,-0.352996,0.397177,-0.847139,-0.31,0.456,0.094,0.289,-0.024
18985,632.99,0.98,1,-0.250058,0.455358,-0.854471,-0.369309,0.387799,-0.844525,-0.35,0.461,0.092,0.291,-0.025
18986,633.023,0.98,1,-0.282067,0.426825,-0.85922,-0.352412,0.393481,-0.849104,-0.356,0.448,0.095,0.291,-0.027
18987,633.056,0.98,1,-0.300568,0.402553,-0.864644,-0.34429,0.39558,-0.851458,-0.359,0.435,0.097,0.293,-0.029
18988,633.09,0.98,1,-0.312465,0.38277,-0.869398,-0.355681,0.391818,-0.84851,-0.371,0.424,0.098,0.294,-0.029
18989,633.123,0.98,1,-0.314786,0.370598,-0.873823,-0.350191,0.38906,-0.852055,-0.368,0.415,0.099,0.293,-0.029
18990,633.156,0.98,1,-0.332623,0.35159,-0.875069,-0.355921,0.386328,-0.850923,-0.38,0.404,0.101,0.294,-0.029
18993,633.256,0.98,1,-0.328976,0.233927,-0.914906,-0.344419,0.403279,-0.847786,-0.365,0.347,0.106,0.296,-0.034
18994,633.29,0.98,1,-0.321288,0.228796,-0.918927,-0.371551,0.404979,-0.835429,-0.376,0.347,0.105,0.299,-0.037
18995,633.323,0.98,1,-0.334424,0.227122,-0.914645,-0.37064,0.400433,-0.838021,-0.382,0.344,0.104,0.3,-0.038
18999,633.456,0.98,1,-0.358792,0.202406,-0.911208,-0.399769,0.412666,-0.818469,-0.413,0.342,0.102,0.303,-0.039
19001,633.523,0.98,1,-0.363246,0.232657,-0.902177,-0.389338,0.404659,-0.827446,-0.41,0.353,0.108,0.305,-0.039
19058,635.424,0.98,1,-0.29586,0.450836,-0.842148,-0.479743,0.508413,-0.715096,-0.462,0.552,0.17,0.565,-0.096
19059,635.457,0.98,1,-0.252247,0.366108,-0.895732,-0.491235,0.404459,-0.771428,-0.419,0.433,0.12,0.508,-0.078
19089,636.457,0.98,1,-0.256139,0.342429,-0.903955,-0.41861,0.389357,-0.820467,-0.373,0.401,0.189,0.38,-0.053
19090,636.491,0.98,1,-0.239571,0.25859,-0.935808,-0.34643,0.447656,-0.824373,-0.321,0.382,0.172,0.358,-0.046
19091,636.524,0.98,1,-0.027814,0.357355,-0.933555,-0.273681,0.47557,-0.836021,-0.169,0.44,0.177,0.32,-0.042
19092,636.557,0.98,1,0.054584,0.413565,-0.908837,-0.284911,0.356563,-0.889769,-0.127,0.405,0.18,0.263,-0.033
19093,636.591,0.98,1,0.114273,0.413582,-0.903267,-0.22467,0.351445,-0.908851,-0.061,0.399,0.188,0.202,-0.029
19094,636.624,0.98,1,0.161882,0.418523,-0.893663,-0.180365,0.371072,-0.910919,-0.01,0.412,0.197,0.146,-0.025
19095,636.657,0.98,1,0.16848,0.449142,-0.877432,-0.18059,0.41149,-0.893344,-0.007,0.452,0.232,0.103,-0.031
19096,636.691,0.98,1,0.163704,0.467477,-0.868715,-0.163189,0.43408,-0.885971,0.0,0.475,0.241,0.081,-0.033
19097,636.724,0.98,1,0.140248,0.489019,-0.860925,-0.167449,0.429315,-0.887496,-0.016,0.484,0.243,0.069,-0.024
19098,636.757,0.98,1,0.128406,0.502504,-0.854986,-0.178033,0.428061,-0.886041,-0.028,0.491,0.247,0.061,-0.018
19099,636.791,0.98,1,0.125092,0.476847,-0.870039,-0.18307,0.402935,-0.896732,-0.033,0.462,0.253,0.055,-0.012
19100,636.824,0.98,1,0.11691,0.473147,-0.873192,-0.194097,0.390534,-0.899894,-0.044,0.453,0.259,0.061,-0.008
19101,636.857,0.98,1,0.118256,0.484505,-0.866759,-0.202331,0.398482,-0.894581,-0.048,0.465,0.262,0.07,-0.002
19102,636.891,0.98,1,0.104783,0.481675,-0.870063,-0.204535,0.401754,-0.892614,-0.057,0.465,0.267,0.07,0.005
19103,636.924,0.98,1,0.096701,0.488988,-0.866914,-0.225424,0.41074,-0.883446,-0.073,0.475,0.276,0.068,0.011
19104,636.957,0.98,1,0.065958,0.495991,-0.865819,-0.249268,0.421132,-0.872074,-0.105,0.486,0.285,0.073,0.016
19105,636.991,0.98,1,0.051976,0.506144,-0.860881,-0.24373,0.416534,-0.87584,-0.11,0.488,0.291,0.07,0.023
19106,637.024,0.98,1,0.020927,0.509039,-0.860489,-0.233094,0.407097,-0.883142,-0.121,0.484,0.293,0.071,0.03
19107,637.057,0.98,1,0.022449,0.536447,-0.843636,-0.205374,0.434414,-0.876987,-0.106,0.514,0.299,0.079,0.034
19108,637.091,0.98,1,0.04242,0.575797,-0.816491,-0.209437,0.499237,-0.840773,-0.1,0.575,0.312,0.094,0.029
19109,637.124,0.98,1,0.052009,0.578128,-0.814287,-0.243092,0.511434,-0.824222,-0.116,0.587,0.316,0.117,0.029
19110,637.158,0.98,1,0.031805,0.548727,-0.835396,-0.246554,0.460527,-0.852717,-0.127,0.539,0.312,0.144,0.03
19111,637.191,0.98,1,0.044808,0.538611,-0.841362,-0.266037,0.510434,-0.81773,-0.133,0.564,0.291,0.172,0.044
19112,637.224,0.98,1,0.088581,0.506409,-0.857732,-0.258566,0.487912,-0.833718,-0.1,0.531,0.29,0.155,0.068
19113,637.258,0.98,1,0.162247,0.514163,-0.842207,-0.231182,0.489305,-0.840913,-0.041,0.538,0.301,0.135,0.055
19114,637.291,0.98,1,0.181792,0.516687,-0.836652,-0.200164,0.49395,-0.846137,-0.011,0.541,0.293,0.117,0.05
19115,637.324,0.98,1,0.17299,0.517547,-0.837986,-0.187684,0.481507,-0.856111,-0.009,0.533,0.291,0.093,0.045
19116,637.358,0.98,1,0.164752,0.519904,-0.838186,-0.175867,0.489344,-0.854174,-0.007,0.538,0.298,0.076,0.034
19117,637.391,0.98,1,0.097307,0.509486,-0.854959,-0.136462,0.485808,-0.863347,-0.023,0.525,0.307,0.06,0.028
19118,637.424,0.98,1,0.148018,0.516398,-0.84346,-0.107262,0.459218,-0.881824,0.024,0.515,0.315,0.048,0.023
19119,637.458,0.98,1,0.174647,0.518577,-0.837004,-0.09779,0.452055,-0.886613,0.045,0.513,0.314,0.045,0.019
19120,637.491,0.98,1,0.186301,0.506226,-0.842037,-0.098338,0.44119,-0.89201,0.051,0.5,0.311,0.039,0.016
19121,637.524,0.98,1,0.185842,0.510366,-0.839636,-0.099785,0.440669,-0.892107,0.05,0.502,0.31,0.036,0.013
19122,637.558,0.98,1,0.183277,0.49847,-0.847312,-0.104186,0.442018,-0.890935,0.045,0.496,0.308,0.032,0.009
19123,637.591,0.98,1,0.18639,0.488559,-0.85239,-0.095066,0.418211,-0.903361,0.052,0.477,0.308,0.031,0.007
19124,637.624,0.98,1,0.202539,0.475989,-0.855811,-0.085468,0.406783,-0.909518,0.066,0.464,0.306,0.036,0.002
19125,637.658,0.98,1,0.196856,0.45011,-0.871004,-0.083182,0.39727,-0.913924,0.064,0.443,0.302,0.036,-0.0
19126,637.691,0.98,1,0.197244,0.455531,-0.868094,-0.076683,0.400344,-0.913151,0.068,0.448,0.3,0.035,-0.002
19127,637.724,0.98,1,0.194883,0.448019,-0.872525,-0.077565,0.394969,-0.915414,0.066,0.441,0.296,0.037,-0.002
19128,637.758,0.98,1,0.196173,0.438043,-0.877288,-0.081126,0.393668,-0.915666,0.064,0.434,0.292,0.042,-0.002
19129,637.791,0.98,1,0.186603,0.440659,-0.878065,-0.089484,0.387249,-0.917623,0.054,0.432,0.291,0.046,-0.001
19134,637.958,0.98,1,0.02994,0.518442,-0.854588,-0.187007,0.464895,-0.86539,-0.091,0.519,0.282,0.092,-0.006
19135,637.991,0.98,1,0.013887,0.532196,-0.846507,-0.188891,0.480151,-0.856607,-0.102,0.536,0.283,0.118,-0.009
19136,638.024,0.98,1,0.032683,0.533812,-0.844972,-0.201052,0.482859,-0.852306,-0.099,0.54,0.286,0.147,-0.013
19137,638.058,0.98,1,0.00705,0.511921,-0.859003,-0.230802,0.47804,-0.847472,-0.13,0.526,0.272,0.178,-0.001
19138,638.091,0.98,1,0.006807,0.506246,-0.862362,-0.247379,0.465934,-0.849535,-0.14,0.516,0.271,0.182,0.015
19139,638.124,0.98,1,0.043635,0.483742,-0.874122,-0.2472,0.464692,-0.850267,-0.118,0.503,0.271,0.185,0.022
19140,638.158,0.98,1,0.051337,0.48508,-0.872961,-0.238678,0.463447,-0.853376,-0.108,0.502,0.27,0.185,0.024
19141,638.191,0.98,1,0.041893,0.478936,-0.87685,-0.240192,0.461402,-0.854059,-0.114,0.498,0.271,0.181,0.024
19142,638.224,0.98,1,0.046362,0.489388,-0.870833,-0.240092,0.465402,-0.851914,-0.112,0.506,0.274,0.179,0.022
19143,638.258,0.98,1,0.040173,0.47932,-0.87672,-0.24685,0.463849,-0.850829,-0.119,0.5,0.276,0.183,0.02
19144,638.291,0.98,1,0.041226,0.488956,-0.871334,-0.244475,0.469647,-0.84833,-0.118,0.509,0.279,0.188,0.018
19145,638.325,0.98,1,-0.062791,0.504033,-0.861399,-0.283639,0.455446,-0.843871,-0.2,0.513,0.281,0.193,0.017
19146,638.358,0.98,1,-0.127701,0.4782,-0.868917,-0.277445,0.452782,-0.847356,-0.232,0.497,0.281,0.207,0.017
19147,638.391,0.98,1,-0.122003,0.485862,-0.865479,-0.308466,0.450857,-0.837602,-0.248,0.503,0.281,0.225,0.017
19148,638.425,0.98,1,-0.140851,0.476732,-0.867691,-0.323306,0.435663,-0.840042,-0.265,0.491,0.277,0.245,0.021
19149,638.458,0.98,1,-0.154122,0.449232,-0.880021,-0.320604,0.417029,-0.85047,-0.268,0.464,0.274,0.261,0.025
19150,638.491,0.98,1,-0.163321,0.416853,-0.894181,-0.306769,0.39902,-0.864104,-0.261,0.434,0.271,0.275,0.026
19151,638.525,0.98,1,-0.161018,0.4178,-0.894157,-0.28614,0.400163,-0.870628,-0.248,0.434,0.267,0.284,0.028
19152,638.558,0.98,1,-0.15,0.417755,-0.896092,-0.278394,0.405088,-0.870862,-0.238,0.436,0.265,0.289,0.027
19153,638.591,0.98,1,-0.152927,0.403163,-0.90226,-0.28204,0.401358,-0.871416,-0.24,0.426,0.263,0.291,0.026
19154,638.625,0.98,1,-0.156219,0.39849,-0.903771,-0.274062,0.399141,-0.874972,-0.237,0.422,0.258,0.292,0.027
19155,638.658,0.98,1,-0.161497,0.39433,-0.904667,-0.277267,0.392889,-0.87679,-0.241,0.416,0.258,0.293,0.026
19156,638.691,0.98,1,-0.159499,0.396105,-0.904246,-0.280796,0.392297,-0.875932,-0.242,0.417,0.259,0.295,0.024
19157,638.725,0.98,1,-0.16082,0.388864,-0.90715,-0.270088,0.394675,-0.878228,-0.237,0.414,0.258,0.294,0.024
19158,638.758,0.98,1,-0.151896,0.384894,-0.910376,-0.278085,0.377288,-0.883359,-0.235,0.402,0.257,0.296,0.024
19162,638.891,0.98,1,-0.156824,0.388894,-0.907837,-0.276495,0.378178,-0.883477,-0.237,0.405,0.252,0.29,0.024
19197,640.058,0.98,1,0.016618,0.399122,-0.916747,-0.220391,0.437561,-0.871762,-0.113,0.438,0.229,0.206,0.048
19198,640.092,0.98,1,0.04462,0.467346,-0.882948,-0.239097,0.448234,-0.861347,-0.111,0.483,0.237,0.185,0.049
19199,640.125,0.98,1,0.071503,0.483846,-0.872227,-0.248106,0.443304,-0.861351,-0.102,0.491,0.242,0.17,0.05
19200,640.158,0.98,1,0.07865,0.476771,-0.875502,-0.240667,0.452808,-0.858513,-0.093,0.492,0.248,0.159,0.052
19201,640.192,0.98,1,0.086272,0.491694,-0.866484,-0.233122,0.453125,-0.860425,-0.085,0.501,0.251,0.152,0.057
19202,640.225,0.98,1,0.06523,0.511084,-0.857052,-0.205822,0.464368,-0.861394,-0.082,0.516,0.266,0.142,0.041
19203,640.258,0.98,1,0.067161,0.529616,-0.845575,-0.213484,0.475122,-0.853629,-0.086,0.534,0.262,0.144,0.035
19204,640.292,0.98,1,0.085041,0.521982,-0.848706,-0.219967,0.475852,-0.851575,-0.079,0.531,0.255,0.146,0.031
19205,640.325,0.98,1,0.081176,0.521127,-0.84961,-0.227261,0.468765,-0.853588,-0.086,0.526,0.253,0.146,0.03
19206,640.358,0.98,1,0.086136,0.518023,-0.851019,-0.231956,0.468046,-0.852719,-0.085,0.525,0.252,0.147,0.028
19207,640.392,0.98,1,0.071283,0.517668,-0.852607,-0.221552,0.480889,-0.848328,-0.088,0.531,0.253,0.146,0.028
19208,640.425,0.98,1,0.073519,0.519195,-0.851488,-0.228249,0.48254,-0.845611,-0.091,0.533,0.253,0.144,0.027
19209,640.458,0.98,1,0.082195,0.513169,-0.854343,-0.237998,0.487024,-0.840336,-0.092,0.533,0.254,0.14,0.027
19210,640.492,0.98,1,0.096897,0.505043,-0.857638,-0.222396,0.484388,-0.846114,-0.074,0.526,0.251,0.13,0.028
19211,640.525,0.98,1,0.10296,0.514784,-0.851115,-0.215391,0.486853,-0.846511,-0.066,0.533,0.251,0.119,0.028
19212,640.559,0.98,1,0.08922,0.515578,-0.852185,-0.208586,0.478451,-0.852981,-0.07,0.528,0.251,0.104,0.029
19213,640.592,0.98,1,0.083108,0.514885,-0.853221,-0.19772,0.477436,-0.856132,-0.067,0.526,0.252,0.094,0.028
19214,640.625,0.98,1,0.110958,0.520669,-0.846518,-0.186117,0.477353,-0.858775,-0.044,0.53,0.253,0.08,0.028
19215,640.659,0.98,1,0.13466,0.47861,-0.86764,-0.146404,0.465047,-0.873096,-0.007,0.497,0.257,0.075,0.028
19216,640.692,0.98,1,0.178985,0.47715,-0.860402,-0.113157,0.422675,-0.899189,0.037,0.473,0.258,0.066,0.029
19217,640.725,0.98,1,0.193945,0.483551,-0.853559,-0.092614,0.405558,-0.909365,0.057,0.467,0.258,0.06,0.029
19218,640.759,0.98,1,0.191939,0.479771,-0.856142,-0.095067,0.405473,-0.90915,0.055,0.465,0.258,0.053,0.03
19219,640.792,0.98,1,0.204964,0.484749,-0.850299,-0.097091,0.400875,-0.910973,0.061,0.466,0.258,0.046,0.03
19220,640.825,0.98,1,0.21209,0.480463,-0.850984,-0.092932,0.400502,-0.911571,0.068,0.464,0.259,0.04,0.029
19221,640.859,0.98,1,0.224646,0.479939,-0.848053,-0.082386,0.394292,-0.915285,0.081,0.46,0.258,0.038,0.029
19222,640.892,0.98,1,0.218772,0.475462,-0.8521,-0.06627,0.386071,-0.920086,0.086,0.452,0.258,0.034,0.031
19223,640.925,0.98,1,0.221889,0.460242,-0.859618,-0.061744,0.382518,-0.921883,0.09,0.442,0.255,0.028,0.031
19224,640.959,0.98,1,0.222176,0.462258,-0.858461,-0.075356,0.384073,-0.920222,0.082,0.444,0.255,0.024,0.029
19225,640.992,0.98,1,0.224456,0.459054,-0.859586,-0.072817,0.381454,-0.921515,0.085,0.441,0.255,0.02,0.027
19226,641.025,0.98,1,0.214893,0.456457,-0.863405,-0.076266,0.382129,-0.920956,0.078,0.439,0.254,0.018,0.025
19227,641.059,0.98,1,0.209204,0.45129,-0.867508,-0.07831,0.381551,-0.921025,0.073,0.436,0.253,0.016,0.024
19228,641.092,0.98,1,0.169267,0.415936,-0.893502,-0.07837,0.35782,-0.930496,0.05,0.401,0.252,0.007,0.024
19229,641.125,0.98,1,0.167699,0.401971,-0.900165,-0.073403,0.356756,-0.931309,0.051,0.393,0.25,0.007,0.024
19235,641.325,0.98,1,0.223504,0.4472,-0.866059,-0.071386,0.377625,-0.923203,0.085,0.432,0.252,0.012,0.03
19236,641.359,0.98,1,0.257093,0.505145,-0.823852,-0.069732,0.480769,-0.87407,0.11,0.526,0.244,-0.003,0.034
19237,641.392,0.98,1,0.299029,0.511284,-0.805711,-0.102653,0.469344,-0.877028,0.116,0.528,0.241,-0.01,0.035
19238,641.425,0.98,1,0.301581,0.516495,-0.801425,-0.093598,0.463447,-0.881167,0.123,0.527,0.244,-0.027,0.033
19239,641.459,0.98,1,0.300924,0.529604,-0.793073,-0.108633,0.420962,-0.90055,0.113,0.511,0.244,-0.044,0.035
19240,641.492,0.98,1,0.301302,0.550867,-0.778308,-0.116753,0.402444,-0.907969,0.109,0.515,0.244,-0.069,0.036
19241,641.525,0.98,1,0.30378,0.557931,-0.77229,-0.112544,0.402463,-0.908492,0.113,0.519,0.253,-0.091,0.036
19242,641.559,0.98,1,0.290154,0.562745,-0.774034,-0.12017,0.403563,-0.907026,0.101,0.522,0.262,-0.119,0.04
19243,641.592,0.98,1,0.282877,0.546003,-0.788582,-0.139832,0.370546,-0.918228,0.084,0.493,0.262,-0.13,0.045
19244,641.626,0.98,1,0.261353,0.544267,-0.797162,-0.160292,0.375499,-0.912856,0.059,0.493,0.263,-0.137,0.047
19245,641.659,0.98,1,0.265251,0.544273,-0.79587,-0.17319,0.387582,-0.90542,0.054,0.501,0.262,-0.147,0.05
19246,641.692,0.98,1,0.250299,0.546473,-0.799198,-0.163394,0.395254,-0.903923,0.051,0.505,0.267,-0.147,0.05
19247,641.726,0.98,1,0.249039,0.542469,-0.802314,-0.169115,0.388439,-0.905823,0.047,0.499,0.268,-0.147,0.051
19248,641.759,0.98,1,0.249161,0.534609,-0.807534,-0.171158,0.386822,-0.906131,0.045,0.493,0.266,-0.143,0.05
19249,641.792,0.98,1,0.201712,0.554657,-0.807259,-0.184196,0.36993,-0.910617,0.01,0.494,0.266,-0.137,0.049
19250,641.826,0.98,1,0.157794,0.546378,-0.82254,-0.171769,0.35305,-0.919702,-0.008,0.477,0.264,-0.139,0.048
19251,641.859,0.98,1,0.162943,0.545435,-0.822162,-0.145823,0.299178,-0.942989,0.01,0.446,0.271,-0.132,0.042
19252,641.892,0.98,1,0.150913,0.54851,-0.822413,-0.169484,0.322979,-0.931107,-0.011,0.461,0.281,-0.099,0.037
19253,641.926,0.98,1,0.169464,0.548945,-0.818499,-0.160485,0.416988,-0.894632,0.005,0.513,0.286,-0.097,0.034
19254,641.959,0.98,1,0.170772,0.546609,-0.81979,-0.155567,0.420298,-0.893951,0.009,0.514,0.285,-0.072,0.032
19255,641.992,0.98,1,0.173141,0.568064,-0.804565,-0.104691,0.496713,-0.861578,0.041,0.569,0.294,-0.037,0.025
19256,642.026,0.98,1,0.157427,0.573502,-0.803936,-0.127146,0.504304,-0.854115,0.018,0.576,0.294,-0.015,0.024
19257,642.059,0.98,1,0.130332,0.581869,-0.802771,-0.144464,0.501948,-0.852748,-0.009,0.58,0.294,0.001,0.024
19258,642.092,0.98,1,0.085724,0.556475,-0.82643,-0.182572,0.457344,-0.870347,-0.057,0.539,0.296,0.016,0.022
19259,642.126,0.98,1,0.082644,0.556135,-0.826973,-0.175826,0.463838,-0.868297,-0.055,0.542,0.293,0.027,0.022
19260,642.159,0.98,1,0.07386,0.524601,-0.848139,-0.182235,0.451081,-0.87368,-0.063,0.516,0.296,0.039,0.019
19261,642.192,0.98,1,0.071418,0.503602,-0.860979,-0.182081,0.438651,-0.880018,-0.063,0.496,0.296,0.048,0.018
19262,642.226,0.98,1,0.064696,0.50282,-0.861967,-0.18213,0.42897,-0.884767,-0.067,0.49,0.294,0.054,0.018
19263,642.259,0.98,1,0.06474,0.494505,-0.86676,-0.190653,0.410202,-0.891844,-0.071,0.475,0.293,0.058,0.018
19264,642.292,0.98,1,0.058851,0.495869,-0.866401,-0.185412,0.410219,-0.89294,-0.072,0.476,0.292,0.06,0.018
19265,642.326,0.98,1,0.086276,0.493921,-0.865216,-0.140182,0.478213,-0.866984,-0.031,0.511,0.293,0.07,0.015
19266,642.359,0.98,1,0.136286,0.452275,-0.881404,-0.119432,0.426621,-0.89651,0.009,0.459,0.294,0.065,0.015
19267,642.392,0.98,1,0.174523,0.46126,-0.869932,-0.101553,0.398424,-0.911562,0.041,0.45,0.293,0.059,0.016
19268,642.426,0.98,1,0.196119,0.48368,-0.852989,-0.076253,0.38787,-0.918554,0.068,0.457,0.292,0.051,0.017
19269,642.459,0.98,1,0.198048,0.481155,-0.853971,-0.075519,0.382567,-0.920836,0.069,0.453,0.292,0.046,0.018
19270,642.492,0.98,1,0.198745,0.463077,-0.863748,-0.068849,0.382496,-0.921389,0.073,0.442,0.291,0.044,0.018
19271,642.526,0.98,1,0.206679,0.455644,-0.865836,-0.067714,0.38513,-0.920375,0.078,0.44,0.293,0.041,0.017
19272,642.559,0.98,1,0.206494,0.446646,-0.870556,-0.067953,0.382706,-0.921368,0.077,0.433,0.293,0.039,0.016
19273,642.592,0.98,1,0.20574,0.448661,-0.869698,-0.067281,0.37743,-0.923591,0.077,0.432,0.293,0.036,0.016
19274,642.626,0.98,1,0.17569,0.432406,-0.884397,-0.070384,0.371022,-0.925953,0.058,0.418,0.294,0.035,0.014
19275,642.659,0.98,1,0.170555,0.407921,-0.896945,-0.067178,0.365712,-0.9283,0.057,0.401,0.292,0.039,0.013
19276,642.692,0.98,1,0.170783,0.402995,-0.899126,-0.076144,0.360438,-0.92967,0.052,0.395,0.291,0.04,0.013
19277,642.726,0.98,1,0.168429,0.413111,-0.89497,-0.070895,0.363523,-0.928884,0.053,0.403,0.291,0.042,0.012
19278,642.759,0.98,1,0.160893,0.49717,-0.852605,-0.097009,0.417772,-0.903358,0.036,0.48,0.287,0.048,0.01
19279,642.793,0.98,1,0.094977,0.500238,-0.860664,-0.166042,0.432535,-0.886196,-0.041,0.49,0.285,0.049,0.004
19280,642.826,0.98,1,0.066642,0.477772,-0.875952,-0.184042,0.414745,-0.891132,-0.066,0.468,0.294,0.054,-0.008
19281,642.859,0.98,1,0.058161,0.480481,-0.875074,-0.197311,0.388316,-0.900155,-0.078,0.455,0.29,0.062,-0.018
19282,642.893,0.98,1,0.039142,0.456706,-0.888756,-0.221109,0.38416,-0.896399,-0.102,0.44,0.274,0.064,-0.027
19283,642.926,0.98,1,0.02896,0.444328,-0.895396,-0.21139,0.379222,-0.900836,-0.101,0.43,0.265,0.066,-0.04
19284,642.959,0.98,1,0.06382,0.47434,-0.878025,-0.132601,0.463447,-0.876147,-0.039,0.491,0.263,0.079,-0.059
19285,642.993,0.98,1,0.151702,0.449174,-0.880471,-0.139908,0.431313,-0.891288,0.007,0.461,0.263,0.085,-0.073
19286,643.026,0.98,1,0.189392,0.441916,-0.876836,-0.08507,0.342596,-0.935623,0.057,0.408,0.257,0.079,-0.084
19287,643.059,0.98,1,0.197543,0.438481,-0.876762,-0.05416,0.329832,-0.942485,0.079,0.4,0.249,0.079,-0.097
19288,643.093,0.98,1,0.205588,0.456821,-0.865475,-0.037633,0.352509,-0.935052,0.093,0.422,0.241,0.075,-0.109
19289,643.126,0.98,1,0.2047,0.449174,-0.869678,-0.034295,0.36307,-0.93113,0.094,0.424,0.233,0.067,-0.119
19290,643.159,0.98,1,0.218091,0.451314,-0.865305,-0.038924,0.370706,-0.927934,0.1,0.43,0.225,0.067,-0.123
19291,643.193,0.98,1,0.199788,0.451856,-0.869432,-0.069098,0.358341,-0.93103,0.072,0.423,0.222,0.064,-0.119
19311,643.86,0.98,1,0.136192,0.434391,-0.890368,-0.100401,0.379824,-0.919594,0.02,0.423,0.19,0.089,-0.038
19312,643.893,0.98,1,0.146937,0.452111,-0.879775,-0.106672,0.379029,-0.919216,0.022,0.433,0.192,0.091,-0.034
19313,643.926,0.98,1,0.113656,0.428,-0.896604,-0.108057,0.378579,-0.919239,0.003,0.418,0.193,0.09,-0.027
19314,643.96,0.98,1,0.114798,0.433385,-0.893867,-0.111203,0.381671,-0.917585,0.002,0.423,0.196,0.09,-0.026
19315,643.993,0.98,1,0.126624,0.455769,-0.881045,-0.116856,0.385683,-0.915201,0.005,0.438,0.2,0.09,-0.027
19316,644.026,0.98,1,0.137387,0.486811,-0.862635,-0.121109,0.382417,-0.916019,0.009,0.455,0.202,0.094,-0.026
19317,644.06,0.98,1,0.127575,0.485534,-0.864859,-0.125925,0.382108,-0.915498,0.001,0.453,0.205,0.099,-0.022
19318,644.093,0.98,1,0.117439,0.477928,-0.870513,-0.128812,0.379667,-0.916112,-0.006,0.448,0.206,0.104,-0.018
19319,644.126,0.98,1,0.112086,0.484151,-0.867775,-0.135659,0.377715,-0.91593,-0.013,0.45,0.205,0.105,-0.012
19320,644.16,0.98,1,0.125131,0.484931,-0.865554,-0.144092,0.382291,-0.912738,-0.011,0.454,0.205,0.107,-0.005
19321,644.193,0.98,1,0.109097,0.494652,-0.862217,-0.14823,0.382312,-0.912067,-0.022,0.459,0.208,0.109,-0.0
19322,644.226,0.98,1,0.101627,0.494814,-0.863036,-0.154866,0.387034,-0.908967,-0.03,0.462,0.209,0.112,0.003
19323,644.26,0.98,1,0.100485,0.493772,-0.863766,-0.159073,0.386174,-0.908606,-0.033,0.461,0.211,0.112,0.008
19324,644.293,0.98,1,0.097091,0.487094,-0.867936,-0.15622,0.389445,-0.907705,-0.033,0.459,0.211,0.114,0.01
19325,644.326,0.98,1,0.087536,0.482262,-0.871643,-0.159196,0.389628,-0.907109,-0.04,0.456,0.208,0.116,0.013
19326,644.36,0.98,1,0.091158,0.48229,-0.871256,-0.164972,0.384629,-0.90821,-0.041,0.453,0.204,0.121,0.016
19327,644.393,0.98,1,0.087793,0.480792,-0.872428,-0.17622,0.379377,-0.908306,-0.05,0.45,0.198,0.124,0.022
19328,644.426,0.98,1,0.072427,0.465375,-0.882146,-0.171249,0.378378,-0.909672,-0.055,0.44,0.195,0.127,0.028
19329,644.46,0.98,1,0.034697,0.45639,-0.889103,-0.172077,0.38218,-0.907925,-0.076,0.437,0.193,0.127,0.038
19330,644.493,0.98,1,-0.016664,0.451015,-0.892361,-0.149009,0.345608,-0.926473,-0.091,0.413,0.214,0.141,0.041
19331,644.526,0.98,1,-0.041494,0.44678,-0.893681,-0.152957,0.357718,-0.921218,-0.107,0.417,0.215,0.157,0.035
19332,644.56,0.98,1,-0.059952,0.385269,-0.920855,-0.186538,0.397055,-0.898638,-0.135,0.406,0.208,0.15,0.043
19333,644.593,0.98,1,-0.057079,0.441862,-0.895265,-0.224901,0.420591,-0.878933,-0.158,0.452,0.189,0.148,0.064
19338,644.76,0.98,1,0.016228,0.455101,-0.890292,-0.248164,0.343213,-0.905881,-0.128,0.418,0.204,0.008,0.063
19339,644.793,0.98,1,-0.025485,0.471556,-0.881468,-0.212638,0.386374,-0.897497,-0.133,0.449,0.197,0.026,0.081
19340,644.826,0.98,1,-0.029949,0.460376,-0.887219,-0.171309,0.44852,-0.877202,-0.114,0.476,0.155,0.052,0.105
19341,644.86,0.98,1,-0.073253,0.483794,-0.872111,-0.21403,0.465856,-0.858586,-0.164,0.502,0.172,0.099,0.114
19342,644.893,0.98,1,-0.061011,0.52122,-0.851239,-0.240642,0.452038,-0.858925,-0.175,0.517,0.21,0.099,0.122
19343,644.926,0.98,1,-0.084785,0.511412,-0.855143,-0.252088,0.445518,-0.859049,-0.194,0.509,0.218,0.123,0.126
19344,644.96,0.98,1,-0.078653,0.51554,-0.853248,-0.266914,0.445013,-0.854822,-0.2,0.512,0.232,0.133,0.129
19345,644.993,0.98,1,-0.066328,0.508655,-0.858412,-0.255682,0.427799,-0.866957,-0.185,0.497,0.233,0.121,0.137
19346,645.027,0.98,1,-0.068356,0.508593,-0.858289,-0.241808,0.43332,-0.868195,-0.178,0.499,0.249,0.11,0.139
19347,645.06,0.98,1,-0.081761,0.512125,-0.85501,-0.243843,0.449609,-0.859297,-0.188,0.511,0.268,0.126,0.144
19348,645.093,0.98,1,-0.061415,0.530484,-0.845468,-0.232371,0.450485,-0.862014,-0.17,0.521,0.292,0.127,0.143
19349,645.127,0.98,1,-0.066202,0.538965,-0.839723,-0.234099,0.455313,-0.859004,-0.175,0.53,0.299,0.126,0.144
19350,645.16,0.98,1,-0.057765,0.542099,-0.838327,-0.236572,0.461605,-0.854959,-0.172,0.535,0.305,0.125,0.146
19351,645.193,0.98,1,-0.040056,0.562402,-0.825893,-0.236183,0.469107,-0.850974,-0.163,0.551,0.315,0.104,0.146
19352,645.227,0.98,1,-0.04117,0.557955,-0.828849,-0.238351,0.487197,-0.840135,-0.166,0.559,0.32,0.085,0.146
19353,645.26,0.98,1,-0.04135,0.546381,-0.836515,-0.232359,0.489908,-0.840238,-0.162,0.554,0.315,0.081,0.142
19354,645.293,0.98,1,-0.056488,0.553946,-0.830634,-0.219857,0.48724,-0.845139,-0.163,0.556,0.328,0.116,0.13
19355,645.327,0.98,1,-0.053847,0.551137,-0.832675,-0.206109,0.471875,-0.857236,-0.153,0.544,0.306,0.122,0.132
19356,645.36,0.98,1,-0.117684,0.601807,-0.789924,-0.258773,0.532492,-0.805909,-0.232,0.618,0.329,0.137,0.112
19357,645.393,0.98,1,-0.154603,0.59634,-0.787703,-0.31993,0.509974,-0.79848,-0.291,0.609,0.333,0.142,0.107
19358,645.427,0.98,1,-0.152877,0.576541,-0.802639,-0.364693,0.469766,-0.80394,-0.312,0.577,0.325,0.172,0.095
19359,645.46,0.98,1,-0.155911,0.574759,-0.803333,-0.330984,0.514283,-0.791178,-0.296,0.599,0.312,0.182,0.076
19360,645.493,0.98,1,-0.164368,0.559519,-0.812355,-0.314664,0.510862,-0.800004,-0.289,0.586,0.308,0.21,0.053
19361,645.527,0.98,1,-0.192029,0.561677,-0.804763,-0.322407,0.536589,-0.779824,-0.314,0.606,0.311,0.285,0.031
19362,645.56,0.98,1,-0.206306,0.521028,-0.828232,-0.394892,0.37485,-0.838777,-0.346,0.493,0.285,0.298,0.046
19363,645.593,0.98,1,-0.209508,0.562321,-0.799939,-0.420598,0.370284,-0.828244,-0.369,0.52,0.265,0.31,0.055
19364,645.627,0.93,1,-0.210098,0.584978,-0.783364,-0.43762,0.383847,-0.813112,-0.385,0.545,0.262,0.312,0.067
19365,645.66,0.98,1,-0.179582,0.587024,-0.789401,-0.427269,0.353882,-0.831991,-0.358,0.526,0.254,0.291,0.086
19366,645.693,0.98,1,-0.161677,0.576201,-0.801157,-0.41054,0.345483,-0.843859,-0.335,0.511,0.267,0.27,0.095
19367,645.727,0.98,1,-0.141388,0.575342,-0.8056,-0.402176,0.347801,-0.846929,-0.318,0.509,0.281,0.258,0.099
19368,645.76,0.98,1,-0.127718,0.566578,-0.81405,-0.425497,0.350948,-0.834139,-0.324,0.508,0.294,0.259,0.098
19369,645.793,0.98,1,-0.103666,0.559418,-0.822378,-0.420794,0.356127,-0.83433,-0.307,0.505,0.301,0.252,0.103
19370,645.827,0.98,1,-0.088183,0.566391,-0.819405,-0.427192,0.349418,-0.833915,-0.302,0.506,0.296,0.243,0.109
19371,645.86,0.98,1,-0.088947,0.567442,-0.818595,-0.416526,0.354836,-0.837017,-0.296,0.508,0.295,0.234,0.114
19372,645.893,0.98,1,-0.083217,0.572202,-0.81588,-0.424614,0.351319,-0.834433,-0.299,0.51,0.294,0.231,0.115
19373,645.927,0.98,1,-0.083034,0.563609,-0.821858,-0.431463,0.344481,-0.83377,-0.301,0.502,0.295,0.226,0.115
19374,645.96,0.98,1,-0.08839,0.564246,-0.820862,-0.416506,0.346204,-0.840634,-0.295,0.501,0.295,0.228,0.113
19375,645.993,0.98,1,-0.09566,0.558909,-0.823693,-0.415288,0.349615,-0.839825,-0.298,0.5,0.296,0.23,0.111
19376,646.027,0.98,1,-0.087647,0.551029,-0.82987,-0.407838,0.352832,-0.842127,-0.288,0.496,0.297,0.233,0.107
19377,646.06,0.98,1,-0.068751,0.546507,-0.834628,-0.40266,0.349067,-0.846178,-0.273,0.49,0.295,0.235,0.105
19378,646.094,0.98,1,-0.143941,0.545488,-0.825665,-0.412156,0.361882,-0.836163,-0.323,0.5,0.293,0.245,0.104
19379,646.127,0.98,1,-0.223033,0.548263,-0.806018,-0.400919,0.44334,-0.801694,-0.37,0.553,0.295,0.267,0.096
19380,646.16,0.98,1,-0.22893,0.522943,-0.821049,-0.416487,0.481316,-0.77128,-0.385,0.563,0.294,0.299,0.093
19381,646.194,0.98,1,-0.27037,0.445594,-0.853432,-0.421811,0.482577,-0.767591,-0.404,0.52,0.289,0.329,0.092
19382,646.227,0.98,1,-0.259397,0.490765,-0.831783,-0.420123,0.459489,-0.782539,-0.398,0.532,0.283,0.351,0.092
19383,646.26,0.98,1,-0.279599,0.483639,-0.829408,-0.429785,0.46477,-0.774128,-0.417,0.534,0.281,0.362,0.09
19384,646.294,0.98,1,-0.275548,0.462619,-0.842649,-0.429082,0.460897,-0.776829,-0.41,0.518,0.274,0.362,0.09
19385,646.327,0.98,1,-0.296839,0.446372,-0.844179,-0.427872,0.437418,-0.790943,-0.417,0.496,0.274,0.364,0.086
19386,646.36,0.98,1,-0.342822,0.383753,-0.857442,-0.411748,0.422146,-0.807624,-0.425,0.451,0.279,0.363,0.082
19387,646.394,0.98,1,-0.325488,0.398208,-0.857606,-0.416166,0.423304,-0.804748,-0.42,0.459,0.279,0.368,0.078
19388,646.427,0.93,1,-0.296126,0.392615,-0.870725,-0.428233,0.377458,-0.821062,-0.405,0.427,0.284,0.371,0.074
19389,646.46,0.93,1,-0.303181,0.407621,-0.861351,-0.438143,0.372711,-0.817996,-0.416,0.435,0.285,0.377,0.07
19390,646.494,0.93,1,-0.266635,0.409761,-0.872354,-0.430185,0.379484,-0.819104,-0.391,0.437,0.29,0.379,0.065
19391,646.527,0.93,1,-0.263808,0.394729,-0.88011,-0.45008,0.358333,-0.81794,-0.398,0.417,0.287,0.381,0.062
19392,646.56,0.93,1,-0.254311,0.390022,-0.884991,-0.428613,0.375063,-0.82196,-0.381,0.421,0.286,0.383,0.061
19393,646.594,0.93,1,-0.296003,0.440854,-0.847367,-0.438302,0.417266,-0.796103,-0.42,0.481,0.285,0.392,0.06
19394,646.627,0.98,1,-0.328769,0.443018,-0.834054,-0.449551,0.411846,-0.792646,-0.446,0.484,0.282,0.391,0.061
19395,646.66,0.98,1,-0.31108,0.452184,-0.835918,-0.444523,0.417479,-0.792534,-0.434,0.491,0.28,0.387,0.062
19396,646.694,0.98,1,-0.36525,0.436459,-0.822251,-0.442586,0.434939,-0.784185,-0.466,0.497,0.282,0.387,0.061
19397,646.727,0.98,1,-0.353734,0.439354,-0.825736,-0.439804,0.420648,-0.79349,-0.456,0.488,0.286,0.388,0.059
19398,646.76,0.98,1,-0.314026,0.447036,-0.837584,-0.442935,0.428974,-0.787268,-0.436,0.494,0.293,0.389,0.054
19399,646.794,0.98,1,-0.331831,0.453041,-0.827431,-0.447946,0.435443,-0.780854,-0.451,0.505,0.294,0.391,0.054
19400,646.827,0.98,1,-0.329164,0.454108,-0.827911,-0.45885,0.439571,-0.772162,-0.458,0.509,0.301,0.39,0.05
19401,646.86,0.98,1,-0.342651,0.458993,-0.819704,-0.453311,0.442416,-0.773807,-0.463,0.515,0.306,0.39,0.048
19402,646.894,0.98,1,-0.346216,0.460254,-0.817496,-0.455311,0.43821,-0.775025,-0.466,0.514,0.309,0.39,0.047
19403,646.927,0.98,1,-0.349476,0.45825,-0.817235,-0.460052,0.441659,-0.770253,-0.472,0.516,0.316,0.389,0.046
19404,646.96,0.98,1,-0.34122,0.454487,-0.822806,-0.459049,0.448692,-0.766779,-0.466,0.517,0.323,0.385,0.045
19405,646.994,0.98,1,-0.354847,0.451513,-0.81867,-0.462015,0.456447,-0.760394,-0.477,0.522,0.329,0.386,0.046
19406,647.027,0.98,1,-0.312586,0.488225,-0.814817,-0.485766,0.49143,-0.722861,-0.479,0.567,0.338,0.386,0.046
19407,647.06,0.98,1,-0.320075,0.48729,-0.812466,-0.482367,0.479509,-0.733071,-0.479,0.559,0.347,0.386,0.044
19408,647.094,0.98,1,-0.318661,0.485818,-0.813902,-0.483405,0.471635,-0.737482,-0.477,0.553,0.351,0.385,0.044
19409,647.127,0.98,1,-0.321537,0.479441,-0.816548,-0.482238,0.473705,-0.73692,-0.477,0.55,0.36,0.387,0.043
19410,647.161,0.98,1,-0.326967,0.478287,-0.815067,-0.483205,0.472507,-0.737055,-0.481,0.55,0.367,0.388,0.041
19411,647.194,0.98,1,-0.323052,0.481904,-0.814498,-0.480936,0.468439,-0.741124,-0.477,0.548,0.375,0.393,0.037
19412,647.227,0.98,1,-0.380284,0.479328,-0.790967,-0.530988,0.509495,-0.677102,-0.556,0.593,0.377,0.399,0.036
19413,647.261,0.98,1,-0.439275,0.452155,-0.776269,-0.536545,0.505295,-0.675867,-0.592,0.583,0.381,0.411,0.034
19414,647.294,0.98,1,-0.472459,0.423556,-0.772905,-0.528036,0.495442,-0.689721,-0.6,0.561,0.376,0.435,0.035
19415,647.327,0.98,1,-0.487413,0.42374,-0.763461,-0.557979,0.506837,-0.657096,-0.634,0.58,0.368,0.475,0.043
19416,647.361,0.98,1,-0.495176,0.396611,-0.772981,-0.594709,0.499698,-0.62978,-0.661,0.569,0.374,0.513,0.035
19417,647.394,0.98,1,-0.500336,0.383146,-0.776442,-0.619015,0.494955,-0.609787,-0.679,0.565,0.384,0.545,0.028
19418,647.427,0.98,1,-0.536144,0.307625,-0.786077,-0.652292,0.470707,-0.594096,-0.711,0.513,0.396,0.573,0.023
19419,647.461,0.98,1,-0.55715,0.273205,-0.784183,-0.679767,0.453272,-0.576595,-0.738,0.49,0.388,0.598,0.03
19420,647.494,0.98,1,-0.563442,0.371166,-0.738085,-0.689462,0.462123,-0.557749,-0.769,0.571,0.391,0.627,0.03
19421,647.527,0.98,1,-0.517119,0.374503,-0.769633,-0.696498,0.450733,-0.558328,-0.74,0.556,0.381,0.631,0.035
19422,647.561,0.98,1,-0.52168,0.365131,-0.771057,-0.709765,0.4006,-0.579443,-0.739,0.516,0.389,0.653,0.029
19423,647.594,0.98,1,-0.541256,0.3176,-0.778571,-0.71832,0.402512,-0.56745,-0.752,0.491,0.393,0.669,0.027
19424,647.627,0.98,1,-0.534324,0.339762,-0.77399,-0.721862,0.392276,-0.570119,-0.752,0.499,0.398,0.677,0.029
19425,647.661,0.98,1,-0.601266,0.347135,-0.719706,-0.707638,0.447437,-0.546854,-0.802,0.56,0.392,0.687,0.033
19426,647.694,0.98,1,-0.594726,0.346345,-0.725497,-0.6893,0.464351,-0.556097,-0.786,0.564,0.381,0.705,0.041
19427,647.727,0.98,1,-0.606142,0.35583,-0.71132,-0.703376,0.458401,-0.543259,-0.807,0.576,0.373,0.725,0.05
19428,647.761,0.98,1,-0.613498,0.362226,-0.701721,-0.70798,0.44225,-0.550617,-0.812,0.571,0.376,0.737,0.052
19429,647.794,0.98,1,-0.602766,0.36527,-0.709402,-0.705424,0.440245,-0.555483,-0.802,0.567,0.375,0.754,0.05
19430,647.827,0.98,1,-0.553418,0.420355,-0.719048,-0.706305,0.41673,-0.57225,-0.773,0.575,0.385,0.765,0.045
19431,647.861,0.93,1,-0.565024,0.423302,-0.708212,-0.668453,0.420145,-0.613717,-0.751,0.568,0.394,0.766,0.041
19432,647.894,0.98,1,-0.568044,0.383583,-0.728142,-0.627447,0.409979,-0.661988,-0.71,0.519,0.396,0.748,0.046
19433,647.927,0.98,1,-0.482922,0.457488,-0.746653,-0.662081,0.341221,-0.667246,-0.681,0.514,0.417,0.738,0.04
19434,647.961,0.93,1,-0.451468,0.399112,-0.798052,-0.598388,0.333679,-0.728417,-0.602,0.448,0.379,0.64,0.071
19435,647.994,0.88,1,-0.476567,0.425847,-0.769115,-0.600579,0.411097,-0.685787,-0.637,0.522,0.33,0.551,0.108
19436,648.027,0.98,1,-0.097641,0.60115,-0.793149,-0.321,0.432806,-0.8424,-0.251,0.564,0.413,0.292,0.041
19437,648.061,0.88,1,-0.017066,0.547951,-0.836336,-0.270152,0.387437,-0.881425,-0.166,0.499,0.358,0.219,0.093
19438,648.094,0.98,1,0.06129,0.573918,-0.816616,-0.251105,0.420514,-0.871845,-0.112,0.532,0.371,0.127,0.103
19439,648.127,0.98,1,0.056251,0.572751,-0.817797,-0.242095,0.462949,-0.852683,-0.111,0.555,0.399,0.084,0.095
19440,648.161,0.98,1,0.050716,0.579303,-0.813533,-0.247358,0.483207,-0.839836,-0.118,0.571,0.404,0.085,0.1
19441,648.194,0.98,1,0.011953,0.589684,-0.807546,-0.272373,0.477607,-0.835287,-0.157,0.576,0.397,0.086,0.118
19442,648.227,0.98,1,0.002446,0.596854,-0.802346,-0.272003,0.468952,-0.840296,-0.163,0.576,0.391,0.082,0.14
19443,648.261,0.98,1,-0.030138,0.601659,-0.798185,-0.231552,0.498595,-0.835337,-0.159,0.593,0.393,0.074,0.151
19444,648.294,0.98,1,-0.014573,0.622339,-0.782612,-0.259186,0.526791,-0.809515,-0.17,0.625,0.389,0.076,0.156
19445,648.328,0.98,1,-0.02287,0.593992,-0.804146,-0.243076,0.524303,-0.816101,-0.163,0.604,0.383,0.088,0.158
19446,648.361,0.98,1,-0.026999,0.570796,-0.820648,-0.252806,0.506472,-0.824364,-0.168,0.58,0.381,0.113,0.157
19447,648.394,0.98,1,-0.061834,0.555736,-0.829056,-0.235438,0.52759,-0.816221,-0.179,0.582,0.369,0.138,0.15
19448,648.428,0.98,1,-0.059564,0.56296,-0.824335,-0.239794,0.530214,-0.813248,-0.181,0.589,0.37,0.149,0.149
19449,648.461,0.98,1,-0.046048,0.578263,-0.81455,-0.230315,0.539879,-0.80962,-0.169,0.603,0.369,0.132,0.149
19450,648.494,0.98,1,-0.073959,0.567865,-0.819792,-0.237255,0.536691,-0.809736,-0.189,0.596,0.356,0.136,0.148
19451,648.528,0.98,1,-0.095646,0.571001,-0.815359,-0.258721,0.536652,-0.803162,-0.216,0.6,0.357,0.147,0.146
19452,648.561,0.98,1,-0.095579,0.568666,-0.816997,-0.269777,0.527428,-0.80563,-0.221,0.594,0.348,0.147,0.151
19453,648.594,0.98,1,-0.099843,0.576098,-0.81126,-0.262541,0.524242,-0.810088,-0.22,0.596,0.353,0.151,0.16
19454,648.628,0.98,1,-0.113608,0.542711,-0.832201,-0.294891,0.499578,-0.814531,-0.243,0.564,0.356,0.179,0.173
19455,648.661,0.98,1,-0.140288,0.519723,-0.842738,-0.288851,0.502602,-0.814835,-0.253,0.553,0.36,0.207,0.185
19456,648.694,0.98,1,-0.128264,0.499279,-0.856895,-0.292855,0.494925,-0.818098,-0.246,0.536,0.367,0.195,0.198
19457,648.728,0.98,1,-0.103261,0.545043,-0.832025,-0.305037,0.500508,-0.810212,-0.244,0.567,0.378,0.179,0.197
19458,648.761,0.98,1,-0.107018,0.568731,-0.815532,-0.300025,0.511306,-0.805327,-0.246,0.588,0.389,0.18,0.191
19459,648.794,0.98,1,-0.04641,0.587337,-0.808011,-0.279198,0.517874,-0.808613,-0.199,0.6,0.393,0.184,0.183
19460,648.828,0.98,1,-0.063588,0.569061,-0.819833,-0.280986,0.503845,-0.816816,-0.208,0.58,0.377,0.179,0.183
19461,648.861,0.98,1,-0.065166,0.580902,-0.81136,-0.272024,0.51792,-0.811025,-0.205,0.595,0.391,0.181,0.17
19462,648.894,0.98,1,-0.04302,0.588061,-0.807672,-0.261748,0.50948,-0.819706,-0.185,0.593,0.397,0.177,0.16
19463,648.928,0.98,1,-0.022349,0.572779,-0.819405,-0.258036,0.511214,-0.819804,-0.169,0.584,0.388,0.17,0.162
19464,648.961,0.98,1,-0.007529,0.588506,-0.808458,-0.244777,0.520672,-0.817915,-0.154,0.599,0.402,0.179,0.146
19465,648.994,0.98,1,-0.109437,0.572611,-0.81249,-0.314143,0.517107,-0.796188,-0.257,0.595,0.377,0.189,0.155
19466,649.028,0.98,1,-0.186249,0.534717,-0.824251,-0.345903,0.507657,-0.789073,-0.319,0.574,0.376,0.205,0.147
19467,649.061,0.98,1,-0.200341,0.5221,-0.829021,-0.354792,0.517061,-0.778955,-0.332,0.574,0.37,0.234,0.142
19468,649.094,0.98,1,-0.219849,0.459432,-0.860575,-0.389187,0.500232,-0.773499,-0.357,0.531,0.364,0.266,0.138
19469,649.128,0.98,1,-0.226023,0.451551,-0.863143,-0.406398,0.49514,-0.767904,-0.37,0.526,0.358,0.296,0.135
19470,649.161,0.93,1,-0.234603,0.429718,-0.871954,-0.422495,0.49178,-0.761348,-0.382,0.514,0.352,0.321,0.131
19471,649.194,0.93,1,-0.271927,0.453663,-0.848673,-0.417466,0.485268,-0.768269,-0.403,0.526,0.353,0.342,0.124
19472,649.228,0.93,1,-0.269995,0.423886,-0.864537,-0.429642,0.474707,-0.768154,-0.405,0.503,0.351,0.357,0.12
19473,649.261,0.93,1,-0.261385,0.433738,-0.862293,-0.422342,0.47651,-0.771081,-0.396,0.508,0.352,0.368,0.116
19474,649.294,0.93,1,-0.268274,0.430737,-0.861681,-0.414379,0.466835,-0.781252,-0.394,0.5,0.356,0.377,0.11
19475,649.328,0.93,1,-0.30445,0.432249,-0.848806,-0.427702,0.464269,-0.77558,-0.423,0.504,0.36,0.381,0.105
19476,649.361,0.93,1,-0.323038,0.411501,-0.85224,-0.417198,0.450826,-0.789115,-0.424,0.484,0.366,0.386,0.097
19477,649.395,0.93,1,-0.321717,0.423243,-0.846973,-0.435008,0.455517,-0.776706,-0.436,0.496,0.361,0.388,0.096
19478,649.428,0.93,1,-0.346269,0.403875,-0.846748,-0.445169,0.439929,-0.779927,-0.453,0.479,0.365,0.395,0.088
19479,649.461,0.93,1,-0.359308,0.402472,-0.841971,-0.439725,0.431062,-0.787926,-0.456,0.473,0.366,0.4,0.082
19480,649.495,0.93,1,-0.344666,0.424843,-0.837087,-0.445476,0.423024,-0.789051,-0.452,0.481,0.366,0.403,0.077
19481,649.528,0.93,1,-0.347964,0.427501,-0.834364,-0.457453,0.427469,-0.779748,-0.463,0.487,0.367,0.405,0.074
19482,649.561,0.93,1,-0.371908,0.415431,-0.830121,-0.460034,0.432574,-0.775402,-0.478,0.486,0.365,0.409,0.071
19483,649.595,0.93,1,-0.382309,0.399078,-0.833413,-0.463919,0.429348,-0.774881,-0.484,0.476,0.361,0.412,0.072
19484,649.628,0.93,1,-0.368896,0.410593,-0.833864,-0.475852,0.417223,-0.774267,-0.484,0.475,0.363,0.419,0.067
19485,649.661,0.93,1,-0.36552,0.420043,-0.830638,-0.478306,0.419496,-0.771522,-0.485,0.483,0.363,0.426,0.065
19486,649.695,0.98,1,-0.361283,0.425631,-0.829646,-0.485357,0.417363,-0.768269,-0.487,0.485,0.368,0.43,0.063
19487,649.728,0.98,1,-0.381779,0.421003,-0.822801,-0.520479,0.432871,-0.736019,-0.525,0.501,0.388,0.447,0.056
19488,649.761,0.98,1,-0.353953,0.446243,-0.82194,-0.518627,0.449077,-0.727569,-0.513,0.524,0.402,0.449,0.048
19489,649.795,0.98,1,-0.349415,0.454422,-0.819396,-0.525606,0.459149,-0.716185,-0.518,0.537,0.407,0.459,0.044
19490,649.828,0.98,1,-0.354922,0.460201,-0.813784,-0.535942,0.462883,-0.706049,-0.53,0.546,0.413,0.47,0.04
19491,649.861,0.98,1,-0.420809,0.376541,-0.82531,-0.532407,0.466756,-0.706174,-0.557,0.503,0.413,0.477,0.04
19492,649.895,0.98,1,-0.421518,0.382228,-0.822329,-0.535243,0.472898,-0.699916,-0.561,0.512,0.417,0.478,0.037
19493,649.928,0.98,1,-0.351491,0.463171,-0.813589,-0.541322,0.476098,-0.693038,-0.535,0.557,0.419,0.475,0.036
19494,649.961,0.98,1,-0.33902,0.476518,-0.811169,-0.532886,0.474622,-0.700548,-0.523,0.562,0.42,0.469,0.035
19495,649.995,0.98,1,-0.345543,0.467578,-0.813616,-0.53878,0.480912,-0.691694,-0.531,0.562,0.422,0.472,0.03
19496,650.028,0.98,1,-0.334672,0.476659,-0.81289,-0.536154,0.47439,-0.698207,-0.523,0.562,0.429,0.475,0.023
19497,650.061,0.98,1,-0.33546,0.472408,-0.815044,-0.532492,0.477126,-0.699144,-0.52,0.56,0.432,0.472,0.02
19498,650.095,0.98,1,-0.33593,0.473961,-0.813948,-0.526088,0.477694,-0.703591,-0.517,0.56,0.432,0.468,0.017
19499,650.128,0.98,1,-0.340595,0.466558,-0.816283,-0.52263,0.483759,-0.702022,-0.517,0.559,0.435,0.469,0.012
19500,650.161,0.98,1,-0.362134,0.457833,-0.811941,-0.526438,0.482316,-0.700168,-0.531,0.556,0.437,0.468,0.007
19501,650.195,0.98,1,-0.412625,0.394718,-0.820937,-0.521689,0.499722,-0.691461,-0.553,0.534,0.44,0.468,0.002
19502,650.228,0.98,1,-0.39567,0.418495,-0.817501,-0.519469,0.482214,-0.705423,-0.541,0.534,0.439,0.465,0.001
19503,650.261,0.98,1,-0.348346,0.471705,-0.81003,-0.521748,0.476707,-0.707481,-0.521,0.559,0.439,0.464,-0.0
19504,650.295,0.98,1,-0.343772,0.473133,-0.811151,-0.509352,0.478736,-0.715103,-0.51,0.558,0.438,0.465,-0.003
19505,650.328,0.98,1,-0.350791,0.476301,-0.806278,-0.51749,0.498161,-0.695729,-0.524,0.576,0.442,0.467,-0.006
19506,650.361,0.98,1,-0.34736,0.473409,-0.809459,-0.512457,0.479923,-0.712083,-0.514,0.56,0.441,0.468,-0.008
19507,650.395,0.98,1,-0.336534,0.481158,-0.809464,-0.515727,0.481484,-0.70866,-0.512,0.565,0.442,0.47,-0.008
19508,650.428,0.98,1,-0.325739,0.487335,-0.810184,-0.517615,0.488801,-0.702245,-0.509,0.573,0.444,0.471,-0.009
19509,650.461,0.98,1,-0.32394,0.491732,-0.808246,-0.512785,0.482712,-0.709958,-0.504,0.571,0.441,0.471,-0.007
19510,650.495,0.98,1,-0.33813,0.480676,-0.809085,-0.517093,0.484129,-0.705857,-0.514,0.567,0.442,0.472,-0.009
19511,650.528,0.98,1,-0.342286,0.472651,-0.81206,-0.503023,0.482518,-0.717038,-0.505,0.558,0.44,0.468,-0.009
19512,650.562,0.98,1,-0.351088,0.471242,-0.809116,-0.505897,0.482667,-0.714913,-0.512,0.559,0.438,0.469,-0.009
19513,650.595,0.98,1,-0.340576,0.471103,-0.813677,-0.501486,0.48536,-0.716196,-0.503,0.559,0.437,0.467,-0.01
19514,650.628,0.98,1,-0.333131,0.468967,-0.817981,-0.503682,0.480344,-0.718034,-0.499,0.554,0.436,0.465,-0.014
19515,650.662,0.98,1,-0.324961,0.466738,-0.82253,-0.506941,0.481401,-0.715027,-0.496,0.553,0.436,0.466,-0.016
19516,650.695,0.98,1,-0.334452,0.463953,-0.820298,-0.505481,0.481906,-0.71572,-0.5,0.552,0.435,0.465,-0.019
19517,650.728,0.98,1,-0.330168,0.457978,-0.825376,-0.507862,0.475264,-0.718471,-0.497,0.544,0.433,0.464,-0.019
19518,650.762,0.98,1,-0.340623,0.45686,-0.821739,-0.500718,0.476691,-0.722529,-0.499,0.544,0.434,0.465,-0.021
19519,650.795,0.98,1,-0.337176,0.459146,-0.821886,-0.509278,0.474915,-0.717699,-0.503,0.545,0.433,0.467,-0.024
19520,650.828,0.98,1,-0.338374,0.458762,-0.821609,-0.505714,0.47024,-0.723276,-0.5,0.541,0.435,0.469,-0.026
19521,650.862,0.98,1,-0.322579,0.470755,-0.821177,-0.517115,0.475822,-0.711467,-0.501,0.553,0.435,0.471,-0.027
19522,650.895,0.98,1,-0.338002,0.454991,-0.823855,-0.510293,0.475863,-0.716349,-0.503,0.544,0.436,0.471,-0.029
19523,650.928,0.98,1,-0.345131,0.449375,-0.823982,-0.509882,0.473597,-0.718141,-0.506,0.539,0.435,0.469,-0.029
19524,650.962,0.98,1,-0.395735,0.382353,-0.834985,-0.50578,0.474571,-0.720395,-0.525,0.504,0.431,0.469,-0.028
19525,650.995,0.98,1,-0.406914,0.368152,-0.835994,-0.497477,0.472191,-0.727704,-0.524,0.493,0.427,0.469,-0.027
19526,651.028,0.98,1,-0.425418,0.347851,-0.835476,-0.509304,0.47283,-0.719056,-0.541,0.486,0.423,0.468,-0.024
19527,651.062,0.98,1,-0.400597,0.363661,-0.840995,-0.510719,0.472146,-0.718502,-0.529,0.492,0.421,0.47,-0.023
19528,651.095,0.98,1,-0.408442,0.34878,-0.843521,-0.516748,0.465119,-0.718774,-0.535,0.48,0.418,0.472,-0.024
19529,651.128,0.98,1,-0.415367,0.336083,-0.845292,-0.51569,0.466863,-0.718403,-0.537,0.474,0.418,0.475,-0.024
19530,651.162,0.98,1,-0.41408,0.346036,-0.841901,-0.511582,0.459793,-0.725861,-0.533,0.475,0.411,0.474,-0.022
19531,651.195,0.98,1,-0.417376,0.356227,-0.836002,-0.517009,0.456929,-0.723822,-0.54,0.481,0.406,0.477,-0.02
19532,651.228,0.98,1,-0.437221,0.335237,-0.834538,-0.515163,0.449638,-0.72968,-0.547,0.465,0.398,0.477,-0.014
19533,651.262,0.98,1,-0.425152,0.339614,-0.838992,-0.510115,0.450438,-0.732727,-0.537,0.466,0.383,0.474,-0.005
19534,651.295,0.98,1,-0.420756,0.360015,-0.832679,-0.511052,0.44264,-0.736814,-0.536,0.473,0.368,0.472,0.003
19535,651.328,0.98,1,-0.367647,0.40478,-0.83725,-0.500107,0.429752,-0.751802,-0.5,0.484,0.347,0.472,0.013
19536,651.362,0.98,1,-0.425982,0.337348,-0.839485,-0.500054,0.41528,-0.759927,-0.525,0.44,0.33,0.474,0.019
19537,651.395,0.98,1,-0.473432,0.300292,-0.828063,-0.502844,0.401466,-0.765489,-0.55,0.415,0.315,0.476,0.026
19538,651.428,0.98,1,-0.443952,0.336081,-0.830636,-0.502931,0.396034,-0.768256,-0.535,0.429,0.302,0.471,0.034
19539,651.462,0.98,1,-0.44319,0.334502,-0.83168,-0.510278,0.377863,-0.772551,-0.536,0.418,0.288,0.469,0.044
19540,651.495,0.98,1,-0.37209,0.39482,-0.840039,-0.521297,0.377067,-0.765552,-0.508,0.448,0.279,0.47,0.049
19541,651.528,0.98,1,-0.365969,0.392881,-0.84363,-0.518397,0.373865,-0.769084,-0.502,0.444,0.265,0.464,0.057
19542,651.562,0.98,1,-0.385738,0.39054,-0.835874,-0.488299,0.384348,-0.78348,-0.495,0.446,0.265,0.452,0.059
19543,651.595,0.98,1,-0.296632,0.460946,-0.836384,-0.439667,0.414813,-0.796632,-0.424,0.492,0.255,0.434,0.065
19544,651.629,0.98,1,-0.122839,0.45872,-0.880049,-0.400357,0.329154,-0.855203,-0.293,0.426,0.266,0.381,0.06
19545,651.662,0.93,1,-0.036812,0.507094,-0.861104,-0.321402,0.368981,-0.872097,-0.204,0.468,0.28,0.318,0.042
19546,651.695,0.93,1,0.017155,0.502943,-0.864149,-0.294608,0.359379,-0.885467,-0.157,0.458,0.268,0.249,0.045
19547,651.729,0.93,1,0.03699,0.492354,-0.869609,-0.275198,0.336884,-0.90043,-0.134,0.438,0.283,0.195,0.042
19548,651.762,0.98,1,0.0412,0.505108,-0.862072,-0.318521,0.341336,-0.884327,-0.157,0.451,0.294,0.17,0.042
19549,651.795,0.98,1,0.042093,0.503957,-0.862703,-0.318764,0.332601,-0.887562,-0.157,0.446,0.302,0.16,0.042
19550,651.829,0.98,1,0.035252,0.521556,-0.852489,-0.314387,0.339322,-0.886578,-0.159,0.46,0.309,0.154,0.044
19551,651.862,0.98,1,0.087819,0.503446,-0.859552,-0.286653,0.359325,-0.888096,-0.113,0.459,0.318,0.142,0.046
19552,651.895,0.98,1,0.122305,0.495333,-0.860051,-0.274891,0.374297,-0.885628,-0.087,0.462,0.327,0.126,0.05
19553,651.929,0.98,1,0.128514,0.500143,-0.856353,-0.262955,0.379875,-0.886877,-0.077,0.467,0.347,0.106,0.039
19554,651.962,0.98,1,0.135014,0.499279,-0.855857,-0.260207,0.371182,-0.891357,-0.072,0.462,0.348,0.092,0.036
19555,651.995,0.98,1,0.143806,0.500427,-0.853752,-0.264001,0.36654,-0.892161,-0.069,0.461,0.345,0.076,0.035
19556,652.029,0.98,1,0.133576,0.500149,-0.855575,-0.264121,0.366391,-0.892187,-0.075,0.46,0.347,0.072,0.031
19557,652.062,0.98,1,0.131291,0.494257,-0.859345,-0.255695,0.375904,-0.890683,-0.071,0.461,0.347,0.07,0.024
19558,652.095,0.98,1,0.149396,0.48166,-0.86353,-0.263044,0.369542,-0.891205,-0.065,0.452,0.347,0.071,0.019
19559,652.129,0.98,1,0.170815,0.475747,-0.862837,-0.242356,0.378029,-0.893509,-0.041,0.452,0.342,0.061,0.017
19560,652.162,0.98,1,0.191217,0.473086,-0.860015,-0.23263,0.382271,-0.894289,-0.024,0.454,0.338,0.05,0.016
19561,652.195,0.98,1,0.155421,0.492554,-0.856291,-0.237428,0.374869,-0.896159,-0.047,0.46,0.336,0.024,0.018
19562,652.229,0.98,1,0.109416,0.489952,-0.864856,-0.228876,0.376023,-0.897899,-0.068,0.457,0.338,0.012,0.019
19563,652.262,0.98,1,0.045688,0.484043,-0.873851,-0.205523,0.383774,-0.900265,-0.09,0.455,0.341,-0.0,0.019
19564,652.295,0.98,1,0.026993,0.491442,-0.870492,-0.210253,0.392496,-0.8954,-0.103,0.464,0.349,-0.011,0.02
19565,652.329,0.98,1,0.015756,0.493325,-0.869703,-0.222037,0.384007,-0.896236,-0.116,0.461,0.349,-0.014,0.019
19566,652.362,0.98,1,-0.005864,0.508327,-0.861144,-0.214186,0.386659,-0.897006,-0.125,0.471,0.352,-0.021,0.017
19567,652.395,0.98,1,0.019195,0.500432,-0.865563,-0.25489,0.343296,-0.903979,-0.132,0.445,0.35,-0.022,0.017
19568,652.429,0.98,1,0.024457,0.507717,-0.861177,-0.224254,0.397039,-0.889983,-0.114,0.477,0.358,-0.02,0.011
19569,652.462,0.98,1,0.01447,0.4987,-0.866654,-0.224037,0.384859,-0.895372,-0.118,0.465,0.358,-0.021,0.009
19570,652.495,0.98,1,0.018094,0.497973,-0.867004,-0.24053,0.367827,-0.898247,-0.125,0.456,0.361,-0.028,0.008
19571,652.529,0.98,1,0.022657,0.49363,-0.869377,-0.246131,0.355167,-0.901818,-0.126,0.447,0.359,-0.023,0.005
19572,652.562,0.98,1,0.005746,0.504573,-0.86335,-0.253945,0.335556,-0.907146,-0.139,0.443,0.358,-0.021,0.004
19573,652.595,0.98,1,0.027526,0.512044,-0.858518,-0.236141,0.383516,-0.892834,-0.119,0.473,0.361,-0.015,-0.002
19574,652.629,0.98,1,0.013454,0.504702,-0.863189,-0.250822,0.334079,-0.908559,-0.133,0.442,0.358,-0.019,0.002
19575,652.662,0.98,1,0.005094,0.49322,-0.869889,-0.26188,0.314373,-0.912463,-0.143,0.425,0.358,-0.019,0.002
19576,652.695,0.98,1,-0.0008,0.50698,-0.861958,-0.260757,0.32851,-0.907792,-0.147,0.441,0.36,-0.019,0.0
19577,652.729,0.98,1,-0.002318,0.494065,-0.869422,-0.264103,0.319816,-0.909927,-0.149,0.429,0.362,-0.017,-0.001
19578,652.762,0.98,1,-0.00485,0.522247,-0.85278,-0.260076,0.329675,-0.907565,-0.149,0.451,0.362,-0.015,-0.0
19579,652.796,0.98,1,-0.012606,0.520275,-0.853906,-0.230798,0.35203,-0.907087,-0.137,0.46,0.368,-0.015,-0.002
19580,652.829,0.98,1,-0.01337,0.520907,-0.853509,-0.238961,0.370666,-0.897499,-0.143,0.471,0.37,-0.017,-0.001
19581,652.862,0.98,1,-0.011744,0.506084,-0.862404,-0.240966,0.374929,-0.895189,-0.143,0.465,0.372,-0.013,-0.003
19582,652.896,0.98,1,-0.01495,0.508317,-0.86104,-0.23371,0.383914,-0.893303,-0.141,0.47,0.376,-0.009,-0.002
19583,652.929,0.98,1,-0.038499,0.516334,-0.855522,-0.239953,0.3805,-0.893108,-0.158,0.474,0.378,0.001,-0.001
19584,652.962,0.98,1,-0.005827,0.524499,-0.851391,-0.198795,0.401364,-0.894085,-0.117,0.488,0.383,0.006,-0.002
19585,652.996,0.98,1,0.015371,0.51739,-0.855612,-0.2356,0.403008,-0.884351,-0.126,0.487,0.386,0.01,-0.001
19586,653.029,0.98,1,0.022178,0.509987,-0.859896,-0.246555,0.40897,-0.878609,-0.128,0.486,0.39,0.018,-0.0
19587,653.062,0.98,1,0.027902,0.517522,-0.855215,-0.246995,0.404182,-0.880699,-0.126,0.488,0.394,0.027,0.001
19588,653.096,0.98,1,0.051497,0.533634,-0.844146,-0.236502,0.409174,-0.881274,-0.107,0.5,0.397,0.031,0.002
19589,653.129,0.98,1,0.070979,0.525048,-0.848107,-0.231303,0.406837,-0.883732,-0.092,0.494,0.401,0.037,0.003
19590,653.162,0.98,1,0.107448,0.510132,-0.853358,-0.236774,0.407135,-0.882145,-0.074,0.486,0.405,0.041,0.004
19591,653.196,0.98,1,0.075465,0.51842,-0.85179,-0.232099,0.397597,-0.88772,-0.09,0.485,0.401,0.053,0.006
19592,653.229,0.98,1,0.081762,0.489041,-0.86842,-0.231032,0.393686,-0.889739,-0.085,0.465,0.403,0.051,0.005
19593,653.262,0.98,1,0.10524,0.509951,-0.853741,-0.243043,0.389207,-0.888509,-0.079,0.476,0.403,0.05,0.005
19594,653.296,0.98,1,0.071564,0.531704,-0.843901,-0.226603,0.393656,-0.890891,-0.089,0.49,0.4,0.057,0.005
19595,653.329,0.98,1,0.081283,0.538763,-0.838527,-0.241096,0.395555,-0.886233,-0.092,0.496,0.403,0.053,0.004
19596,653.362,0.98,1,0.074038,0.544997,-0.835163,-0.246541,0.40007,-0.882701,-0.1,0.503,0.403,0.051,0.003
19597,653.396,0.98,1,0.096073,0.537031,-0.838074,-0.232611,0.412176,-0.88091,-0.079,0.505,0.404,0.05,0.001
19598,653.429,0.98,1,0.097128,0.542973,-0.834115,-0.235303,0.405542,-0.883271,-0.08,0.505,0.402,0.055,-0.003
19599,653.462,0.98,1,0.104145,0.547669,-0.830188,-0.235671,0.415045,-0.878747,-0.077,0.513,0.405,0.059,-0.005
19600,653.496,0.98,1,0.080842,0.544902,-0.834594,-0.236353,0.398481,-0.8862,-0.09,0.501,0.405,0.063,-0.005
19601,653.529,0.98,1,0.09644,0.537561,-0.837692,-0.257387,0.382535,-0.887366,-0.093,0.49,0.403,0.063,-0.004
19602,653.562,0.98,1,0.077543,0.528291,-0.845515,-0.250582,0.365586,-0.896413,-0.099,0.474,0.398,0.063,-0.005
19603,653.596,0.98,1,0.074354,0.527587,-0.846241,-0.254689,0.368287,-0.894147,-0.103,0.475,0.396,0.062,-0.007
19604,653.629,0.98,1,0.079661,0.510131,-0.8564,-0.253787,0.367566,-0.8947,-0.099,0.465,0.401,0.057,-0.009
19605,653.662,0.98,1,0.077605,0.540972,-0.837453,-0.256407,0.377544,-0.889784,-0.103,0.489,0.404,0.062,-0.008
19606,653.696,0.98,1,0.068579,0.531095,-0.844532,-0.258711,0.386499,-0.885261,-0.109,0.488,0.41,0.065,-0.006
19607,653.729,0.98,1,0.076582,0.550686,-0.831192,-0.264121,0.366047,-0.892328,-0.108,0.489,0.41,0.082,-0.005
19608,653.762,0.98,1,-0.028927,0.579003,-0.814812,-0.2751,0.425828,-0.861969,-0.179,0.54,0.407,0.118,-0.013
19609,653.796,0.98,1,-0.146491,0.557079,-0.817437,-0.334551,0.503473,-0.796612,-0.29,0.581,0.415,0.158,-0.027
19610,653.829,0.98,1,-0.265559,0.48927,-0.830718,-0.352167,0.531457,-0.77041,-0.368,0.568,0.41,0.211,-0.025
19611,653.863,0.98,1,-0.303778,0.46478,-0.831684,-0.381317,0.500185,-0.77744,-0.403,0.54,0.397,0.27,-0.026
19612,653.896,0.98,1,-0.330834,0.37571,-0.865674,-0.446119,0.454138,-0.771192,-0.443,0.469,0.368,0.323,-0.023
19613,653.929,0.98,1,-0.349572,0.35221,-0.868186,-0.461455,0.434275,-0.773605,-0.459,0.447,0.354,0.371,-0.028
19614,653.963,0.98,1,-0.402911,0.313704,-0.859798,-0.484389,0.434425,-0.759369,-0.501,0.433,0.34,0.411,-0.036
19615,653.996,0.98,1,-0.368936,0.373455,-0.851127,-0.519982,0.410363,-0.749147,-0.507,0.455,0.34,0.453,-0.043
19616,654.029,0.98,1,-0.436173,0.297091,-0.849406,-0.54224,0.391944,-0.743207,-0.551,0.408,0.327,0.474,-0.04
19619,654.129,0.98,1,-0.373052,0.368219,-0.851615,-0.544157,0.382963,-0.74648,-0.521,0.439,0.316,0.492,-0.048
19621,654.196,0.98,1,-0.458646,0.27867,-0.843793,-0.541645,0.424593,-0.725494,-0.567,0.421,0.323,0.49,-0.057
19622,654.229,0.98,1,-0.42801,0.284809,-0.857724,-0.558029,0.436573,-0.705697,-0.563,0.432,0.325,0.489,-0.06
19623,654.263,0.98,1,-0.452197,0.259441,-0.853351,-0.562881,0.441292,-0.698875,-0.579,0.424,0.318,0.491,-0.059
19624,654.296,0.98,1,-0.454027,0.244327,-0.856834,-0.567289,0.427716,-0.703734,-0.579,0.407,0.306,0.496,-0.056
19625,654.329,0.98,1,-0.4938,0.235803,-0.836994,-0.557445,0.419841,-0.716232,-0.595,0.399,0.297,0.505,-0.059
19626,654.363,0.98,1,-0.472337,0.226864,-0.851722,-0.555717,0.421025,-0.716879,-0.58,0.392,0.289,0.514,-0.06
19627,654.396,0.98,1,-0.467142,0.224414,-0.855229,-0.532634,0.448931,-0.717469,-0.566,0.405,0.295,0.525,-0.068
19628,654.429,0.98,1,-0.468416,0.207226,-0.858862,-0.505362,0.484048,-0.714358,-0.554,0.414,0.304,0.526,-0.07
19629,654.463,0.98,1,-0.457174,0.20354,-0.865773,-0.501199,0.485253,-0.716469,-0.545,0.411,0.304,0.517,-0.059
19630,654.496,0.98,1,-0.343258,0.251374,-0.904978,-0.503701,0.468696,-0.725679,-0.479,0.416,0.302,0.507,-0.034
19631,654.529,0.98,1,-0.234008,0.274417,-0.932703,-0.547439,0.465207,-0.695624,-0.447,0.426,0.292,0.508,0.0
19632,654.563,0.98,1,-0.245156,0.25524,-0.935281,-0.544162,0.465035,-0.698305,-0.45,0.415,0.293,0.513,0.023
19633,654.596,0.98,1,-0.221943,0.364773,-0.904257,-0.492619,0.450996,-0.744264,-0.409,0.46,0.292,0.478,0.031
19634,654.629,0.98,1,-0.15827,0.422895,-0.89225,-0.516461,0.435724,-0.737165,-0.393,0.485,0.292,0.442,0.03
19635,654.663,0.98,1,-0.136264,0.345515,-0.928467,-0.569817,0.441182,-0.693302,-0.411,0.452,0.299,0.434,0.021
19636,654.696,0.98,1,-0.108706,0.345477,-0.93211,-0.606846,0.444558,-0.658867,-0.423,0.461,0.279,0.441,0.019
19637,654.729,0.98,1,-0.105633,0.337948,-0.935218,-0.60692,0.436998,-0.663838,-0.419,0.451,0.258,0.458,0.017
19638,654.763,0.98,1,-0.14059,0.354425,-0.924455,-0.571756,0.461755,-0.678142,-0.418,0.471,0.227,0.46,0.02
19639,654.796,0.93,1,-0.179132,0.364835,-0.913678,-0.561506,0.446743,-0.696514,-0.431,0.467,0.22,0.442,0.013
19640,654.829,0.93,1,-0.270342,0.390389,-0.880063,-0.491757,0.474901,-0.729825,-0.442,0.493,0.225,0.418,0.001
19641,654.863,0.98,1,-0.308498,0.374329,-0.874475,-0.45678,0.477522,-0.750549,-0.44,0.483,0.219,0.402,-0.004
19642,654.896,0.98,1,-0.33271,0.340866,-0.879269,-0.433359,0.440935,-0.785988,-0.431,0.439,0.207,0.383,-0.011
19643,654.929,0.98,1,-0.317758,0.297609,-0.900255,-0.370192,0.459755,-0.807207,-0.383,0.417,0.197,0.359,-0.022
19644,654.963,0.98,1,-0.256021,0.273971,-0.927035,-0.320367,0.454408,-0.831191,-0.317,0.393,0.184,0.338,-0.039
19645,654.996,0.98,1,-0.057021,0.375684,-0.924992,-0.267583,0.477438,-0.83693,-0.182,0.451,0.163,0.285,-0.04
19646,655.03,0.98,1,-0.028232,0.369382,-0.928849,-0.297519,0.501256,-0.812542,-0.185,0.464,0.137,0.22,-0.028
19647,655.063,0.82,1,-0.177583,0.276102,-0.94458,-0.231778,0.579481,-0.781332,-0.233,0.46,0.165,0.159,-0.012
19648,655.096,0.98,1,0.029832,0.298675,-0.953888,-0.259354,0.407117,-0.87578,-0.125,0.368,0.195,0.076,-0.037
19649,655.13,0.98,1,0.091027,0.182812,-0.978925,-0.278442,0.402737,-0.871936,-0.101,0.306,0.2,0.048,-0.021
19651,655.196,0.77,1,-0.10589,0.230384,-0.967321,-0.187897,0.413969,-0.890688,-0.157,0.334,0.198,0.071,-0.005
19652,655.23,0.98,1,0.344342,0.290821,-0.892665,-0.066998,0.426246,-0.902123,0.153,0.38,0.18,-0.057,-0.011
19653,655.263,0.98,1,0.276912,0.514277,-0.811689,-0.039177,0.468184,-0.882762,0.139,0.525,0.183,-0.061,-0.011
19654,655.296,0.98,1,0.313634,0.49466,-0.810521,-0.076442,0.496709,-0.864544,0.141,0.534,0.199,-0.035,-0.008
19655,655.33,0.98,1,0.242931,0.532964,-0.810514,-0.14873,0.539118,-0.828994,0.057,0.579,0.18,-0.019,0.001
19656,655.363,0.98,1,0.20047,0.448833,-0.870839,-0.188989,0.398091,-0.897667,0.006,0.447,0.173,-0.015,-0.008
19657,655.396,0.98,1,0.185213,0.462074,-0.867285,-0.183,0.207868,-0.960886,0.001,0.351,0.155,-0.04,-0.024
19665,655.663,0.88,1,0.381067,0.383717,-0.84116,0.093558,0.366029,-0.925888,0.262,0.401,0.366,-0.507,0.026
19666,655.696,0.88,1,0.339405,0.448745,-0.8267,0.146962,0.412896,-0.898843,0.275,0.463,0.415,-0.542,0.031
19667,655.73,0.88,1,0.246121,0.467817,-0.848865,0.156602,0.399836,-0.90311,0.226,0.46,0.4,-0.587,0.042
19668,655.763,0.88,1,0.236031,0.514702,-0.82424,0.182906,0.426823,-0.885645,0.24,0.503,0.377,-0.579,0.043
19669,655.796,0.88,1,0.197912,0.495905,-0.845523,0.166034,0.421338,-0.891576,0.207,0.486,0.361,-0.538,0.035
19670,655.83,0.88,1,0.138808,0.545098,-0.826802,0.035514,0.411732,-0.910613,0.1,0.503,0.388,-0.389,-0.002
19671,655.863,0.98,1,0.100646,0.501832,-0.859089,0.043589,0.428434,-0.902521,0.082,0.486,0.321,-0.349,0.005
19672,655.896,0.98,1,0.09197,0.457912,-0.884228,-0.004983,0.40787,-0.913026,0.048,0.449,0.212,-0.395,0.012
19673,655.93,0.98,1,0.116148,0.405268,-0.90679,-0.004429,0.379102,-0.925344,0.061,0.405,0.141,-0.399,0.009
19717,657.397,0.98,1,-0.099655,0.631382,-0.769042,-0.290444,0.52879,-0.797511,-0.244,0.637,0.412,0.219,0.015
19718,657.43,0.98,1,-0.074205,0.565504,-0.8214,-0.286352,0.458542,-0.841274,-0.214,0.552,0.435,0.211,0.023
19719,657.464,0.98,1,-0.073779,0.549084,-0.832504,-0.31769,0.398727,-0.860285,-0.227,0.51,0.435,0.204,0.032
19720,657.497,0.98,1,-0.087789,0.552006,-0.829206,-0.321814,0.40209,-0.857181,-0.238,0.515,0.446,0.205,0.036
19721,657.53,0.98,1,-0.098905,0.647822,-0.755344,-0.350531,0.439104,-0.827234,-0.277,0.602,0.463,0.231,0.031
19722,657.564,0.98,1,-0.089287,0.642572,-0.761005,-0.358084,0.437028,-0.825095,-0.275,0.598,0.45,0.23,0.038
19723,657.597,0.98,1,-0.106628,0.614278,-0.781852,-0.353463,0.438826,-0.826133,-0.279,0.58,0.43,0.219,0.049
19724,657.63,0.98,1,-0.088956,0.55517,-0.826966,-0.350078,0.377869,-0.857123,-0.255,0.506,0.425,0.212,0.053
19725,657.664,0.98,1,-0.081342,0.541659,-0.836654,-0.347496,0.38503,-0.854985,-0.248,0.501,0.409,0.2,0.062
19726,657.697,0.98,1,-0.041357,0.629113,-0.776212,-0.303849,0.508432,-0.805713,-0.215,0.623,0.401,0.189,0.065
19727,657.73,0.98,1,0.081506,0.616297,-0.783284,-0.227363,0.569451,-0.789957,-0.092,0.646,0.402,0.16,0.067
19728,657.764,0.98,1,0.165998,0.552628,-0.816729,-0.163494,0.566013,-0.808022,0.002,0.603,0.395,0.113,0.075
19729,657.797,0.98,1,0.182486,0.542757,-0.819826,-0.136586,0.550337,-0.823695,0.028,0.587,0.384,0.06,0.073
19730,657.83,0.98,1,0.1983,0.580283,-0.789905,-0.119071,0.535724,-0.835955,0.049,0.602,0.382,0.01,0.066
19731,657.864,0.98,1,0.197934,0.610938,-0.766536,-0.110982,0.53235,-0.839218,0.054,0.619,0.377,-0.013,0.061
19732,657.897,0.98,1,0.184272,0.583731,-0.79076,-0.097486,0.521652,-0.847571,0.053,0.594,0.372,-0.024,0.06
19733,657.93,0.98,1,0.19552,0.564022,-0.802278,-0.078995,0.523387,-0.848426,0.07,0.583,0.367,-0.029,0.059
19734,657.964,0.98,1,0.185392,0.566747,-0.802763,-0.076332,0.523312,-0.848716,0.066,0.583,0.363,-0.027,0.058
19735,657.997,0.98,1,0.17289,0.568615,-0.80423,-0.082457,0.518345,-0.851187,0.055,0.581,0.355,-0.022,0.058
19736,658.03,0.98,1,0.166241,0.579362,-0.797937,-0.091691,0.51189,-0.854144,0.045,0.584,0.348,-0.021,0.06
19737,658.064,0.98,1,0.161987,0.5682,-0.80679,-0.091393,0.508053,-0.856463,0.042,0.574,0.341,-0.018,0.063
19738,658.097,0.98,1,0.145367,0.565349,-0.811941,-0.089477,0.506918,-0.857338,0.033,0.571,0.339,-0.014,0.066
19739,658.13,0.98,1,0.146791,0.569059,-0.809089,-0.095195,0.502213,-0.859488,0.031,0.571,0.338,-0.008,0.07
19740,658.164,0.98,1,0.143691,0.570254,-0.808803,-0.105665,0.506915,-0.855495,0.023,0.574,0.334,0.001,0.071
19741,658.197,0.98,1,0.15866,0.570257,-0.805999,-0.124882,0.497108,-0.858655,0.02,0.57,0.336,0.002,0.081
19742,658.23,0.98,1,0.181132,0.557956,-0.809862,-0.110719,0.487796,-0.865908,0.042,0.558,0.341,0.0,0.087
19743,658.264,0.98,1,0.191021,0.561502,-0.805125,-0.107848,0.486891,-0.866779,0.05,0.56,0.347,-0.01,0.099
19744,658.297,0.98,1,0.190614,0.558891,-0.807036,-0.109926,0.489375,-0.865117,0.048,0.56,0.348,-0.0,0.094
19745,658.331,0.98,1,0.143769,0.539876,-0.829376,-0.133083,0.492733,-0.859944,0.006,0.549,0.314,0.005,0.107
19746,658.364,0.98,1,0.070049,0.48386,-0.872338,-0.128468,0.486263,-0.864317,-0.034,0.509,0.283,0.014,0.115
19747,658.397,0.98,1,0.087762,0.521405,-0.848784,-0.109102,0.445113,-0.888803,-0.012,0.508,0.294,0.016,0.116
19748,658.431,0.98,1,0.04586,0.478243,-0.877029,-0.120943,0.431102,-0.894161,-0.042,0.474,0.353,0.032,0.109
19749,658.464,0.98,1,-0.027597,0.409722,-0.911793,-0.18972,0.447189,-0.874087,-0.121,0.447,0.377,0.073,0.11
19758,658.764,0.98,1,-0.004888,0.512985,-0.858384,-0.175715,0.487246,-0.855404,-0.105,0.528,0.337,0.087,-0.018
19763,658.931,0.88,1,0.194363,0.470625,-0.86066,-0.197066,0.307389,-0.930955,-0.002,0.41,0.324,-0.04,0.091
19764,658.964,0.98,1,0.263471,0.495526,-0.82767,-0.07047,0.411848,-0.908524,0.111,0.482,0.329,-0.069,0.111
19765,658.997,0.98,1,0.208858,0.498999,-0.841058,-0.088369,0.409684,-0.907937,0.069,0.479,0.348,-0.075,0.108
19766,659.031,0.98,1,0.204737,0.49768,-0.842851,-0.080844,0.419713,-0.904049,0.071,0.484,0.361,-0.067,0.11
19767,659.064,0.98,1,0.190057,0.482232,-0.855178,-0.092203,0.39663,-0.913336,0.055,0.461,0.366,-0.057,0.125
19768,659.097,0.98,1,0.166307,0.484861,-0.858634,-0.150732,0.386907,-0.909716,0.009,0.458,0.381,-0.03,0.125
19769,659.131,0.98,1,0.171624,0.501517,-0.847954,-0.098664,0.414475,-0.904697,0.042,0.482,0.405,-0.053,0.121
19770,659.164,0.98,1,0.185569,0.502143,-0.84464,-0.0813,0.401935,-0.912052,0.059,0.475,0.376,-0.074,0.127
19771,659.197,0.93,1,0.162853,0.467442,-0.868894,-0.074332,0.394119,-0.916049,0.05,0.45,0.372,-0.047,0.131
19772,659.231,0.98,1,0.119854,0.453571,-0.883124,-0.137827,0.407845,-0.902589,-0.01,0.449,0.385,-0.022,0.124
19773,659.264,0.98,1,0.129757,0.475119,-0.870302,-0.14545,0.398999,-0.905342,-0.009,0.457,0.386,-0.022,0.121
19774,659.297,0.98,1,0.111839,0.463998,-0.878748,-0.14661,0.396163,-0.9064,-0.019,0.449,0.37,-0.023,0.122
19775,659.331,0.98,1,0.129308,0.46347,-0.876627,-0.137454,0.383702,-0.91317,-0.005,0.442,0.354,-0.029,0.122
19776,659.364,0.98,1,0.114695,0.444518,-0.888397,-0.136934,0.371505,-0.918277,-0.012,0.424,0.335,-0.025,0.118
19777,659.398,0.98,1,0.133024,0.460387,-0.877695,-0.126283,0.378188,-0.917075,0.004,0.437,0.336,-0.038,0.117
19778,659.431,0.98,1,0.146467,0.472949,-0.868831,-0.09371,0.397824,-0.912663,0.03,0.455,0.346,-0.048,0.114
19779,659.464,0.98,1,0.140146,0.486722,-0.862242,-0.090447,0.402214,-0.911067,0.028,0.465,0.343,-0.036,0.108
19780,659.498,0.98,1,-0.033018,0.56354,-0.825429,-0.064386,0.354164,-0.932964,-0.055,0.481,0.324,-0.022,0.107
19781,659.531,0.98,1,-0.056895,0.545531,-0.836157,-0.193748,0.46805,-0.862201,-0.147,0.538,0.297,-0.029,0.094
19782,659.564,0.98,1,-0.08994,0.490258,-0.866925,-0.238186,0.459403,-0.855696,-0.188,0.504,0.252,-0.035,0.085
19783,659.598,0.98,1,-0.114853,0.468801,-0.875805,-0.311997,0.438261,-0.842962,-0.243,0.486,0.212,-0.009,0.072
19784,659.631,0.82,1,-0.080104,0.446082,-0.8914,-0.226941,0.430931,-0.873382,-0.172,0.461,0.137,-0.018,0.052
19795,659.998,0.88,1,-0.277438,0.499895,-0.820447,-0.506063,0.446763,-0.737769,-0.466,0.546,0.251,0.387,0.081
19796,660.031,0.93,1,-0.227675,0.46817,-0.853804,-0.443994,0.395729,-0.803908,-0.385,0.48,0.23,0.378,0.104
19797,660.064,0.93,1,-0.199221,0.44758,-0.87177,-0.411267,0.382481,-0.827386,-0.345,0.454,0.214,0.364,0.117
19800,660.164,0.98,1,-0.297287,0.405135,-0.864573,-0.413132,0.349972,-0.840739,-0.395,0.417,0.27,0.372,0.133
19801,660.198,0.98,1,-0.277638,0.402553,-0.872277,-0.412219,0.371353,-0.831969,-0.385,0.426,0.251,0.364,0.135
19802,660.231,0.98,1,-0.298809,0.414957,-0.859374,-0.419542,0.398741,-0.81547,-0.405,0.452,0.252,0.362,0.134
19803,660.264,0.98,1,-0.299086,0.413748,-0.859861,-0.416301,0.400371,-0.816331,-0.403,0.452,0.248,0.362,0.132
19804,660.298,0.98,1,-0.288277,0.402385,-0.868897,-0.408372,0.394137,-0.823339,-0.391,0.44,0.248,0.364,0.129
19805,660.331,0.98,1,-0.305562,0.420425,-0.854327,-0.432475,0.406901,-0.80461,-0.419,0.463,0.247,0.366,0.125
19806,660.364,0.98,1,-0.380481,0.40723,-0.8303,-0.45637,0.420483,-0.784169,-0.478,0.474,0.246,0.369,0.12
19807,660.398,0.93,1,-0.381908,0.399124,-0.833574,-0.44229,0.424955,-0.789806,-0.47,0.47,0.241,0.375,0.121
19808,660.431,0.98,1,-0.395134,0.399066,-0.827415,-0.486156,0.402476,-0.775671,-0.503,0.464,0.228,0.395,0.122
19809,660.464,0.98,1,-0.366806,0.421743,-0.829208,-0.502908,0.4088,-0.761555,-0.5,0.481,0.241,0.404,0.114
19810,660.498,0.98,1,-0.358488,0.427771,-0.829758,-0.511871,0.401722,-0.759347,-0.501,0.481,0.233,0.4,0.129
19811,660.531,0.98,1,-0.345364,0.429504,-0.834416,-0.527563,0.388145,-0.755659,-0.502,0.475,0.229,0.401,0.124
19812,660.565,0.93,1,-0.228535,0.488826,-0.841915,-0.441572,0.408234,-0.798974,-0.388,0.5,0.212,0.389,0.139
19813,660.598,0.93,1,-0.098932,0.502465,-0.858919,-0.360494,0.453457,-0.81512,-0.268,0.519,0.2,0.329,0.128
19814,660.631,0.93,1,-0.06183,0.52585,-0.848327,-0.426206,0.42123,-0.800571,-0.288,0.521,0.204,0.279,0.121
19815,660.665,0.93,1,-0.146974,0.452144,-0.879753,-0.4684,0.351256,-0.810691,-0.349,0.444,0.197,0.214,0.121
19816,660.698,0.93,1,-0.190934,0.504773,-0.841872,-0.409854,0.423659,-0.807795,-0.349,0.513,0.209,0.173,0.121
19817,660.731,0.93,1,-0.160286,0.528676,-0.833553,-0.308445,0.47768,-0.822608,-0.276,0.546,0.209,0.13,0.124
19818,660.765,0.93,1,-0.165437,0.53426,-0.828973,-0.299255,0.484075,-0.822263,-0.274,0.553,0.216,0.113,0.123
19819,660.798,0.98,1,-0.057265,0.503893,-0.861866,-0.176309,0.337921,-0.924513,-0.13,0.44,0.216,0.094,0.126
19820,660.831,0.98,1,0.106218,0.560204,-0.821516,-0.185402,0.493927,-0.849507,-0.047,0.563,0.249,0.074,0.102
19821,660.865,0.98,1,0.087,0.525013,-0.846636,-0.197406,0.474818,-0.857659,-0.065,0.531,0.244,0.072,0.096
19822,660.898,0.98,1,0.067411,0.511409,-0.856689,-0.180308,0.468681,-0.86477,-0.065,0.518,0.242,0.06,0.095
19823,660.931,0.98,1,0.071561,0.508923,-0.857833,-0.165478,0.468478,-0.867839,-0.054,0.515,0.246,0.044,0.095
19824,660.965,0.98,1,0.092606,0.525649,-0.845646,-0.130592,0.4369,-0.88998,-0.022,0.506,0.249,0.024,0.095
19825,660.998,0.98,1,0.096553,0.537134,-0.837953,-0.136433,0.466535,-0.873917,-0.023,0.53,0.252,0.011,0.096
19826,661.031,0.98,1,0.101526,0.524479,-0.845349,-0.13999,0.466027,-0.873626,-0.022,0.523,0.249,-0.004,0.099
19827,661.065,0.98,1,0.081026,0.520314,-0.850123,-0.144823,0.468914,-0.87129,-0.037,0.522,0.249,-0.01,0.1
19828,661.098,0.98,1,0.081232,0.513122,-0.854463,-0.138744,0.453077,-0.880609,-0.033,0.508,0.243,-0.014,0.1
19829,661.131,0.98,1,0.081414,0.520014,-0.850269,-0.139014,0.44232,-0.886018,-0.033,0.506,0.239,-0.015,0.102
19830,661.165,0.98,1,0.11234,0.519741,-0.846906,-0.138024,0.430306,-0.892069,-0.015,0.5,0.237,-0.018,0.102
19831,661.198,0.98,1,0.153258,0.527703,-0.835489,-0.139648,0.412321,-0.900272,0.008,0.496,0.245,-0.022,0.105
19832,661.231,0.98,1,0.143765,0.533303,-0.833618,-0.121368,0.301009,-0.945866,0.013,0.438,0.252,-0.019,0.107
19833,661.265,0.98,1,0.130097,0.533464,-0.835758,-0.118608,0.32545,-0.938091,0.006,0.451,0.24,-0.014,0.104
19834,661.298,0.98,1,0.126781,0.494563,-0.859845,-0.100247,0.376,-0.921181,0.015,0.455,0.191,-0.021,0.127
19835,661.331,0.98,1,0.132973,0.45458,-0.880724,-0.085283,0.378446,-0.921686,0.026,0.433,0.198,-0.027,0.134
19836,661.365,0.98,1,0.120411,0.459541,-0.879956,-0.110213,0.341415,-0.933429,0.006,0.416,0.206,-0.021,0.134
19837,661.398,0.93,1,0.155675,0.527572,-0.835125,-0.103203,0.261482,-0.959675,0.029,0.414,0.212,-0.044,0.121
19838,661.431,0.93,1,0.160906,0.512982,-0.843184,-0.107889,0.254924,-0.960923,0.029,0.402,0.203,-0.056,0.115
19839,661.465,0.98,1,0.165252,0.506529,-0.846239,-0.078173,0.263884,-0.961382,0.048,0.403,0.227,-0.058,0.105
19840,661.498,0.98,1,0.142623,0.503214,-0.852311,-0.082467,0.260303,-0.961999,0.033,0.398,0.217,-0.057,0.113
19841,661.531,0.98,1,0.097404,0.477367,-0.873288,-0.117169,0.244871,-0.96245,-0.011,0.375,0.234,-0.034,0.116
19842,661.565,0.98,1,0.087801,0.482128,-0.87169,-0.125192,0.266513,-0.955666,-0.02,0.389,0.243,-0.014,0.12
19843,661.598,0.98,1,0.080251,0.494562,-0.86543,-0.120653,0.278735,-0.952759,-0.022,0.402,0.253,-0.0,0.124
19844,661.632,0.98,1,0.00962,0.513352,-0.858125,-0.034377,0.335141,-0.941541,-0.014,0.441,0.261,0.002,0.121
19845,661.665,0.98,1,-0.024096,0.503922,-0.863413,-0.100636,0.353791,-0.929895,-0.069,0.446,0.25,-0.004,0.119
19846,661.698,0.93,1,-0.034305,0.446359,-0.894196,-0.129929,0.377902,-0.916683,-0.09,0.427,0.286,0.028,0.113
19847,661.732,0.88,1,-0.108456,0.508836,-0.854004,-0.314677,0.4528,-0.834236,-0.246,0.518,0.296,0.126,0.109
19848,661.765,0.93,1,-0.13735,0.563611,-0.814541,-0.336129,0.508774,-0.792569,-0.287,0.588,0.323,0.194,0.1
19849,661.798,0.93,1,-0.173204,0.571514,-0.802105,-0.361403,0.4897,-0.793462,-0.323,0.587,0.339,0.241,0.108
19850,661.832,0.93,1,-0.196697,0.524615,-0.828305,-0.378372,0.452313,-0.807619,-0.338,0.538,0.362,0.278,0.109
19851,661.865,0.98,1,-0.241691,0.592851,-0.768188,-0.430248,0.499461,-0.751948,-0.416,0.623,0.355,0.318,0.13
19852,661.898,0.98,1,-0.226626,0.578362,-0.78367,-0.437281,0.470609,-0.766363,-0.405,0.595,0.316,0.317,0.154
19853,661.932,0.93,1,-0.20861,0.568193,-0.796014,-0.432556,0.473067,-0.767531,-0.389,0.588,0.276,0.313,0.184
19854,661.965,0.93,1,-0.198351,0.565776,-0.800346,-0.424332,0.447163,-0.787393,-0.374,0.568,0.266,0.307,0.205
19855,661.998,0.93,1,-0.197093,0.552972,-0.809553,-0.413721,0.401318,-0.817177,-0.359,0.531,0.251,0.302,0.219
19856,662.032,0.93,1,-0.195987,0.531875,-0.823831,-0.469261,0.276967,-0.8385,-0.381,0.453,0.25,0.309,0.223
19857,662.065,0.93,1,-0.197844,0.53676,-0.820211,-0.465675,0.273304,-0.841696,-0.38,0.454,0.254,0.311,0.226
19858,662.098,0.93,1,-0.214136,0.542661,-0.812197,-0.475518,0.276985,-0.834962,-0.397,0.462,0.267,0.317,0.223
19859,662.132,0.98,1,-0.202316,0.549668,-0.810514,-0.462503,0.284774,-0.83964,-0.383,0.468,0.277,0.321,0.219
19860,662.165,0.98,1,-0.195904,0.550147,-0.811764,-0.456956,0.296213,-0.838719,-0.377,0.474,0.284,0.324,0.212
19861,662.198,0.93,1,-0.181621,0.550363,-0.814932,-0.430056,0.298794,-0.851924,-0.352,0.471,0.288,0.327,0.207
19862,662.232,0.93,1,-0.187692,0.549808,-0.813931,-0.44942,0.303303,-0.840255,-0.368,0.476,0.284,0.323,0.202
19863,662.265,0.93,1,-0.171248,0.558259,-0.811801,-0.445386,0.309,-0.840328,-0.357,0.483,0.286,0.32,0.194
19864,662.298,0.93,1,-0.174448,0.555672,-0.812894,-0.435642,0.318117,-0.842032,-0.353,0.486,0.283,0.315,0.189
19865,662.332,0.98,1,-0.171544,0.567974,-0.804971,-0.431757,0.334029,-0.837861,-0.352,0.502,0.292,0.313,0.178
19866,662.365,0.93,1,-0.162013,0.571622,-0.804363,-0.429215,0.33961,-0.836923,-0.346,0.507,0.294,0.317,0.17
19867,662.398,0.93,1,-0.202481,0.556198,-0.806006,-0.42765,0.33145,-0.840985,-0.365,0.494,0.301,0.322,0.162
19868,662.432,0.93,1,-0.250852,0.597999,-0.761229,-0.419022,0.470637,-0.77648,-0.411,0.607,0.292,0.316,0.16
19869,662.465,0.93,1,-0.236492,0.558009,-0.795423,-0.440361,0.482396,-0.757216,-0.411,0.59,0.277,0.319,0.162
19870,662.498,0.93,1,-0.25329,0.537586,-0.804267,-0.43928,0.51272,-0.737666,-0.422,0.598,0.276,0.337,0.156
19871,662.532,0.93,1,-0.264771,0.520336,-0.811879,-0.437107,0.513847,-0.738173,-0.425,0.588,0.28,0.354,0.152
19872,662.565,0.98,1,-0.264209,0.529655,-0.806014,-0.453329,0.501594,-0.736815,-0.435,0.589,0.271,0.382,0.156
19873,662.598,0.98,1,-0.268539,0.52646,-0.806677,-0.465797,0.49578,-0.732964,-0.445,0.586,0.265,0.399,0.159
19874,662.632,0.98,1,-0.262621,0.520535,-0.81245,-0.460545,0.482178,-0.745254,-0.435,0.572,0.257,0.398,0.165
19875,662.665,0.98,1,-0.266285,0.514252,-0.815253,-0.449446,0.459814,-0.765878,-0.425,0.552,0.244,0.394,0.167
19876,662.698,0.98,1,-0.316894,0.492875,-0.810341,-0.477597,0.461101,-0.747855,-0.472,0.549,0.23,0.397,0.169
19877,662.732,0.98,1,-0.344319,0.464568,-0.815856,-0.511327,0.455022,-0.72904,-0.506,0.537,0.218,0.4,0.17
19878,662.765,0.98,1,-0.351844,0.453826,-0.818687,-0.498654,0.446231,-0.743117,-0.499,0.523,0.208,0.403,0.169
19879,662.799,0.98,1,-0.360988,0.448822,-0.817464,-0.48421,0.425472,-0.764536,-0.491,0.505,0.204,0.41,0.166
19880,662.832,0.98,1,-0.34472,0.443035,-0.82758,-0.472751,0.419482,-0.774946,-0.472,0.494,0.21,0.415,0.156
19881,662.865,0.98,1,-0.346764,0.43235,-0.832363,-0.467955,0.43265,-0.770605,-0.47,0.495,0.219,0.427,0.144
19882,662.899,0.98,1,-0.353568,0.418027,-0.836805,-0.463893,0.437846,-0.770126,-0.471,0.489,0.22,0.434,0.133
19883,662.932,0.98,1,-0.381054,0.375063,-0.84506,-0.454359,0.442675,-0.773044,-0.477,0.468,0.222,0.439,0.122
19884,662.965,0.98,1,-0.382551,0.37079,-0.846268,-0.45073,0.440657,-0.776315,-0.474,0.464,0.224,0.443,0.112
19885,662.999,0.98,1,-0.381295,0.303722,-0.873136,-0.459703,0.420682,-0.782113,-0.47,0.413,0.216,0.439,0.108
19886,663.032,0.98,1,-0.385691,0.323849,-0.863924,-0.462582,0.418134,-0.781782,-0.476,0.424,0.204,0.442,0.103
19887,663.065,0.98,1,-0.405081,0.259941,-0.87655,-0.471681,0.416324,-0.777298,-0.487,0.388,0.199,0.444,0.097
19888,663.099,0.98,1,-0.39845,0.243907,-0.884165,-0.453057,0.423782,-0.784314,-0.472,0.381,0.196,0.441,0.091
19889,663.132,0.98,1,-0.39731,0.247468,-0.883688,-0.438415,0.437729,-0.784975,-0.464,0.39,0.194,0.437,0.085
19890,663.165,0.98,1,-0.375333,0.276219,-0.884776,-0.429103,0.435908,-0.79111,-0.448,0.402,0.19,0.422,0.081
19891,663.199,0.98,1,-0.381019,0.299149,-0.874834,-0.426574,0.41184,-0.805247,-0.448,0.4,0.189,0.419,0.075
19892,663.232,0.98,1,-0.229159,0.408243,-0.883642,-0.449153,0.344431,-0.824396,-0.378,0.415,0.187,0.416,0.074
19893,663.265,0.98,1,-0.201106,0.439429,-0.875476,-0.498095,0.35672,-0.790349,-0.397,0.446,0.214,0.435,0.062
19894,663.299,0.98,1,-0.081169,0.466202,-0.880947,-0.477398,0.481438,-0.735057,-0.333,0.53,0.208,0.317,0.056
19895,663.332,0.98,1,-0.095394,0.463707,-0.880838,-0.380353,0.407941,-0.83001,-0.271,0.471,0.2,0.221,0.053
19896,663.365,0.98,1,0.106257,0.484171,-0.868498,-0.17951,0.323707,-0.928972,-0.041,0.422,0.18,0.126,0.042
19897,663.399,0.98,1,0.097441,0.465132,-0.879862,-0.094709,0.320266,-0.942582,0.001,0.407,0.178,0.058,0.032
19898,663.432,0.93,1,0.269984,0.393051,-0.878988,-0.041858,0.402563,-0.914435,0.127,0.418,0.215,0.011,0.018
19899,663.465,0.98,1,0.315013,0.444208,-0.838717,0.014661,0.415803,-0.909337,0.186,0.457,0.239,-0.047,0.009
19900,663.499,0.98,1,0.35671,0.460174,-0.813018,0.043217,0.469959,-0.88163,0.232,0.502,0.245,-0.078,-0.01
19901,663.532,0.98,1,0.372233,0.501041,-0.781281,0.079655,0.506935,-0.858296,0.269,0.551,0.252,-0.111,-0.014
19902,663.565,0.98,1,0.387295,0.507719,-0.769561,0.090662,0.506453,-0.857488,0.286,0.557,0.264,-0.141,-0.006
19903,663.599,0.98,1,0.379485,0.516552,-0.767571,0.091673,0.498653,-0.86194,0.281,0.557,0.283,-0.154,0.001
19904,663.632,0.98,1,0.36765,0.539051,-0.757798,0.087581,0.50576,-0.858217,0.275,0.574,0.296,-0.161,0.011
19905,663.665,0.98,1,0.364624,0.554086,-0.748357,0.07604,0.516927,-0.852645,0.269,0.59,0.308,-0.162,0.022
19906,663.699,0.98,1,0.330367,0.569526,-0.752661,0.042231,0.516276,-0.85538,0.228,0.594,0.315,-0.15,0.03
19907,663.732,0.98,1,0.311823,0.568429,-0.761351,0.019124,0.502019,-0.864645,0.201,0.582,0.309,-0.142,0.037
19908,663.765,0.98,1,0.306428,0.57363,-0.759638,0.010779,0.506553,-0.862142,0.193,0.588,0.305,-0.136,0.04
19909,663.799,0.98,1,0.302026,0.572115,-0.762538,-0.000511,0.506307,-0.862353,0.183,0.586,0.301,-0.128,0.042
19910,663.832,0.98,1,0.296217,0.572956,-0.764184,-0.01795,0.50397,-0.863535,0.169,0.584,0.289,-0.12,0.046
19911,663.866,0.98,1,0.280444,0.5724,-0.770526,-0.041843,0.504132,-0.862612,0.145,0.583,0.287,-0.113,0.049
19912,663.899,0.98,1,0.271433,0.565822,-0.778569,-0.048179,0.496888,-0.866476,0.135,0.574,0.282,-0.105,0.052
19913,663.932,0.98,1,0.264086,0.567219,-0.780077,-0.058854,0.498791,-0.864722,0.124,0.575,0.277,-0.1,0.056
19914,663.966,0.98,1,0.250988,0.567846,-0.783936,-0.075649,0.502091,-0.8615,0.106,0.577,0.272,-0.094,0.061
19915,663.999,0.98,1,0.248061,0.568359,-0.784496,-0.070071,0.495962,-0.865513,0.107,0.573,0.272,-0.089,0.064
19916,664.032,0.98,1,0.235364,0.566422,-0.789791,-0.066128,0.503706,-0.86134,0.102,0.575,0.274,-0.079,0.069
19917,664.066,0.98,1,0.222782,0.562727,-0.796057,-0.083325,0.501405,-0.861191,0.084,0.571,0.271,-0.076,0.073
19918,664.099,0.98,1,0.211109,0.568822,-0.794905,-0.083043,0.50243,-0.860621,0.077,0.574,0.272,-0.069,0.076
19919,664.132,0.98,1,0.245363,0.575815,-0.779894,-0.0675,0.502902,-0.861704,0.108,0.581,0.268,-0.067,0.079
19920,664.166,0.98,1,0.294583,0.553896,-0.778729,-0.060784,0.496345,-0.865995,0.141,0.568,0.265,-0.069,0.084
19921,664.199,0.98,1,0.295017,0.549838,-0.781437,-0.067883,0.503705,-0.861205,0.137,0.57,0.263,-0.064,0.09
19922,664.232,0.98,1,0.293397,0.548478,-0.783,-0.066622,0.497189,-0.86508,0.137,0.565,0.26,-0.071,0.095
19923,664.266,0.98,1,0.28089,0.549013,-0.787201,-0.045592,0.45901,-0.887261,0.14,0.542,0.26,-0.082,0.1
19924,664.299,0.98,1,0.261617,0.545663,-0.796121,-0.046899,0.431435,-0.900924,0.126,0.522,0.262,-0.089,0.105
19925,664.332,0.98,1,0.240838,0.551603,-0.798581,-0.080384,0.417907,-0.904927,0.094,0.517,0.267,-0.095,0.112
19926,664.366,0.98,1,0.236026,0.564966,-0.790636,-0.101408,0.405379,-0.908507,0.079,0.519,0.271,-0.107,0.12
19927,664.399,0.98,1,0.215151,0.567642,-0.794665,-0.094769,0.391572,-0.915254,0.07,0.511,0.275,-0.111,0.128
19928,664.432,0.98,1,0.23503,0.573852,-0.784509,-0.085398,0.389701,-0.916973,0.088,0.515,0.279,-0.116,0.133
19929,664.466,0.98,1,0.238751,0.58672,-0.773794,-0.064715,0.366981,-0.927975,0.102,0.511,0.283,-0.115,0.138
19930,664.499,0.98,1,0.234333,0.580552,-0.779774,-0.059849,0.359273,-0.931311,0.102,0.502,0.284,-0.115,0.143
19931,664.532,0.98,1,0.24406,0.583642,-0.774466,-0.124056,0.404496,-0.906087,0.071,0.532,0.287,-0.113,0.147
19932,664.566,0.98,1,0.229611,0.575114,-0.785189,-0.118461,0.402133,-0.907885,0.066,0.523,0.294,-0.111,0.149
19933,664.599,0.98,1,0.225489,0.570513,-0.789727,-0.124403,0.402327,-0.907005,0.06,0.521,0.297,-0.107,0.149
19934,664.632,0.98,1,0.224777,0.568624,-0.791291,-0.116048,0.397956,-0.910035,0.064,0.517,0.299,-0.106,0.147
19935,664.666,0.98,1,0.208249,0.564127,-0.798995,-0.117601,0.414256,-0.902531,0.053,0.522,0.299,-0.099,0.146
19936,664.699,0.98,1,0.210356,0.565309,-0.797606,-0.119783,0.417161,-0.900904,0.053,0.524,0.301,-0.094,0.145
19937,664.732,0.98,1,0.196777,0.571613,-0.796579,-0.112802,0.421383,-0.89984,0.049,0.53,0.3,-0.09,0.143
19938,664.766,0.98,1,0.202584,0.571616,-0.795119,-0.119281,0.428958,-0.895414,0.049,0.534,0.299,-0.082,0.14
19939,664.799,0.98,1,0.200192,0.56368,-0.801366,-0.105593,0.414337,-0.903977,0.055,0.521,0.297,-0.079,0.137
19940,664.832,0.98,1,0.182053,0.577624,-0.795743,-0.089172,0.424956,-0.900811,0.055,0.534,0.293,-0.071,0.133
19941,664.866,0.98,1,0.169611,0.563893,-0.808243,-0.111284,0.430256,-0.895821,0.034,0.528,0.291,-0.059,0.13
19942,664.899,0.98,1,0.125324,0.563542,-0.816526,-0.121003,0.44122,-0.889204,0.003,0.532,0.288,-0.05,0.129
19943,664.932,0.98,1,0.091683,0.557452,-0.825131,-0.157174,0.441419,-0.883428,-0.038,0.529,0.279,-0.037,0.128
19944,664.966,0.98,1,0.083127,0.556254,-0.826844,-0.162847,0.439426,-0.883394,-0.047,0.527,0.272,-0.021,0.126
19945,664.999,0.98,1,0.075239,0.543357,-0.836123,-0.172328,0.429347,-0.886546,-0.056,0.514,0.268,-0.004,0.128
19946,665.033,0.98,1,0.06305,0.539102,-0.839877,-0.175836,0.430928,-0.885089,-0.065,0.512,0.266,0.005,0.132
19947,665.066,0.98,1,0.053588,0.537388,-0.841631,-0.18182,0.43595,-0.881413,-0.074,0.514,0.268,0.011,0.131
19948,665.099,0.98,1,0.099673,0.556747,-0.82468,-0.199454,0.45997,-0.865243,-0.059,0.542,0.27,0.013,0.128
19949,665.133,0.98,1,0.152441,0.556784,-0.81655,-0.192554,0.467866,-0.862568,-0.024,0.548,0.266,0.009,0.133
19950,665.166,0.98,1,0.168122,0.554343,-0.815131,-0.171026,0.435409,-0.883837,-0.002,0.527,0.26,-0.001,0.141
19951,665.199,0.98,1,0.157732,0.562453,-0.811645,-0.17653,0.417152,-0.891528,-0.011,0.522,0.265,-0.027,0.153
19952,665.233,0.98,1,0.129962,0.573188,-0.809052,-0.147468,0.345513,-0.926755,-0.01,0.487,0.271,-0.045,0.165
19953,665.266,0.98,1,0.126792,0.582377,-0.80297,-0.126423,0.373112,-0.919133,0.0,0.507,0.282,-0.066,0.167
19954,665.299,0.98,1,0.134302,0.574307,-0.807549,-0.111861,0.389035,-0.914407,0.013,0.51,0.271,-0.081,0.176
19955,665.333,0.98,1,0.120999,0.567328,-0.814554,-0.119464,0.370972,-0.920928,0.001,0.496,0.27,-0.076,0.183
19956,665.366,0.98,1,0.121298,0.577444,-0.807369,-0.110146,0.372083,-0.921641,0.006,0.502,0.272,-0.075,0.188
19957,665.399,0.98,1,0.115267,0.569284,-0.81402,-0.119694,0.355626,-0.926932,-0.003,0.488,0.272,-0.079,0.194
19958,665.433,0.98,1,0.126348,0.584048,-0.801825,-0.129957,0.339522,-0.931577,-0.002,0.49,0.273,-0.082,0.2
19959,665.466,0.98,1,0.114449,0.575627,-0.809664,-0.148917,0.330053,-0.932142,-0.02,0.479,0.267,-0.087,0.202
19960,665.499,0.98,1,0.105771,0.573077,-0.812647,-0.146045,0.320759,-0.935834,-0.023,0.473,0.254,-0.085,0.207
19961,665.533,0.98,1,0.109498,0.575459,-0.810467,-0.124537,0.324566,-0.937629,-0.009,0.475,0.251,-0.09,0.21
19962,665.566,0.98,1,0.11416,0.578779,-0.807455,-0.123071,0.322756,-0.938447,-0.005,0.477,0.248,-0.094,0.214
19963,665.599,0.98,1,0.101232,0.565313,-0.818641,-0.124253,0.326153,-0.937116,-0.013,0.47,0.246,-0.091,0.218
19964,665.633,0.98,1,0.108407,0.579965,-0.807396,-0.114736,0.325111,-0.93869,-0.004,0.478,0.245,-0.095,0.221
19965,665.666,0.98,1,0.099022,0.580688,-0.808082,-0.113212,0.332467,-0.936295,-0.008,0.482,0.241,-0.084,0.225
19966,665.699,0.98,1,0.103242,0.586385,-0.803426,-0.12246,0.323087,-0.938413,-0.011,0.481,0.242,-0.081,0.225
19967,665.733,0.98,1,0.096951,0.585188,-0.805081,-0.125601,0.332003,-0.934879,-0.016,0.485,0.243,-0.07,0.227
19968,665.766,0.98,1,0.097669,0.589323,-0.801972,-0.147759,0.323184,-0.934729,-0.029,0.484,0.247,-0.066,0.227
19969,665.799,0.98,1,0.105572,0.588061,-0.801897,-0.145534,0.3267,-0.933856,-0.023,0.485,0.252,-0.079,0.223
19970,665.833,0.98,1,0.10742,0.588002,-0.801695,-0.13815,0.329506,-0.933992,-0.018,0.486,0.262,-0.076,0.221
19971,665.866,0.98,1,0.107999,0.59042,-0.799838,-0.125214,0.34082,-0.931753,-0.01,0.493,0.265,-0.076,0.223
19972,665.899,0.98,1,0.108371,0.589103,-0.800758,-0.105614,0.400534,-0.910175,0.002,0.524,0.266,-0.075,0.225
19973,665.933,0.98,1,0.106589,0.586576,-0.80285,-0.138803,0.35202,-0.925643,-0.019,0.497,0.268,-0.057,0.227
19974,665.966,0.98,1,0.101722,0.592188,-0.799353,-0.145133,0.357138,-0.922707,-0.025,0.504,0.27,-0.05,0.228
19975,665.999,0.98,1,0.030315,0.567939,-0.822513,-0.117619,0.367121,-0.922707,-0.05,0.492,0.257,-0.053,0.229
19976,666.033,0.98,1,0.016739,0.546323,-0.837407,-0.139775,0.358943,-0.922834,-0.07,0.475,0.243,-0.038,0.234
19977,666.066,0.98,1,0.006377,0.550143,-0.835046,-0.248235,0.416652,-0.874518,-0.141,0.515,0.236,-0.003,0.234
19978,666.1,0.98,1,-0.000188,0.540978,-0.841037,-0.237902,0.428301,-0.871758,-0.138,0.515,0.229,0.033,0.231
19979,666.133,0.98,1,-0.007254,0.538341,-0.842696,-0.262866,0.419883,-0.868677,-0.157,0.51,0.218,0.057,0.23
19980,666.166,0.98,1,-0.055802,0.542353,-0.838296,-0.313995,0.430131,-0.846401,-0.216,0.524,0.204,0.062,0.231
19981,666.2,0.98,1,-0.085138,0.540279,-0.837168,-0.320468,0.399671,-0.858815,-0.235,0.506,0.198,0.073,0.231
19982,666.233,0.98,1,-0.08581,0.532678,-0.841957,-0.34256,0.397727,-0.851156,-0.248,0.502,0.194,0.083,0.233
19983,666.266,0.98,1,-0.087953,0.529004,-0.844049,-0.340026,0.394098,-0.853855,-0.247,0.498,0.193,0.093,0.234
19984,666.3,0.98,1,-0.079114,0.527307,-0.845983,-0.338401,0.401562,-0.851019,-0.241,0.501,0.194,0.095,0.233
19985,666.333,0.98,1,-0.084427,0.532483,-0.84222,-0.338518,0.411373,-0.846273,-0.245,0.51,0.195,0.1,0.228
19986,666.366,0.98,1,-0.093534,0.536585,-0.838647,-0.327724,0.442794,-0.834584,-0.247,0.53,0.192,0.104,0.221
19987,666.4,0.98,1,-0.09008,0.539288,-0.83729,-0.301159,0.446131,-0.842775,-0.229,0.53,0.19,0.104,0.215
19988,666.433,0.98,1,-0.057434,0.541294,-0.83887,-0.282836,0.438378,-0.853129,-0.198,0.525,0.182,0.09,0.217
19989,666.466,0.98,1,-0.013247,0.530423,-0.84763,-0.271166,0.429305,-0.861491,-0.165,0.512,0.182,0.073,0.218
19990,666.5,0.98,1,-0.022606,0.535681,-0.844118,-0.261859,0.438602,-0.859685,-0.165,0.519,0.188,0.06,0.219
19991,666.533,0.98,1,-0.003651,0.533572,-0.845747,-0.256166,0.426533,-0.867438,-0.151,0.511,0.192,0.04,0.219
19992,666.566,0.98,1,0.009311,0.539894,-0.841681,-0.25497,0.402699,-0.879104,-0.142,0.501,0.2,0.022,0.221
19993,666.6,0.98,1,0.006759,0.537924,-0.842966,-0.242382,0.41001,-0.879285,-0.136,0.503,0.211,0.027,0.223
19994,666.633,0.98,1,0.00806,0.541761,-0.840494,-0.239838,0.4079,-0.880963,-0.134,0.504,0.229,0.027,0.224
19995,666.666,0.98,1,0.021437,0.543813,-0.838932,-0.227363,0.420694,-0.87825,-0.119,0.512,0.236,0.012,0.227
19996,666.7,0.98,1,0.045779,0.552843,-0.832027,-0.229366,0.413581,-0.881103,-0.107,0.514,0.237,0.003,0.228
19997,666.733,0.98,1,0.064906,0.574823,-0.815699,-0.166694,0.341046,-0.925149,-0.058,0.484,0.24,-0.013,0.228
19998,666.766,0.98,1,0.067478,0.578576,-0.812832,-0.13468,0.355662,-0.92486,-0.039,0.493,0.245,-0.022,0.224
19999,666.8,0.98,1,0.069228,0.578979,-0.812398,-0.112347,0.379903,-0.918179,-0.025,0.506,0.255,-0.033,0.22
20000,666.833,0.98,1,0.088669,0.584457,-0.806565,-0.096521,0.376427,-0.921405,-0.005,0.507,0.275,-0.047,0.222
20001,666.866,0.98,1,0.096239,0.581416,-0.807894,-0.110255,0.350177,-0.930172,-0.008,0.492,0.281,-0.057,0.223
20002,666.9,0.98,1,0.116867,0.604166,-0.788242,-0.094802,0.367524,-0.925169,0.013,0.516,0.298,-0.071,0.225
20003,666.933,0.98,1,0.114682,0.604033,-0.788665,-0.094498,0.35559,-0.929853,0.012,0.509,0.302,-0.07,0.222
20004,666.966,0.98,1,0.097984,0.610828,-0.785677,-0.108005,0.347965,-0.931265,-0.006,0.509,0.308,-0.063,0.22
20005,667.0,0.98,1,0.05323,0.619822,-0.782935,-0.109159,0.346791,-0.931569,-0.033,0.513,0.307,-0.057,0.224
20006,667.033,0.98,1,-0.018151,0.608378,-0.79344,-0.176728,0.309483,-0.934338,-0.112,0.488,0.308,-0.068,0.23
20007,667.066,0.98,1,-0.035288,0.603654,-0.796465,-0.138167,0.333791,-0.932466,-0.1,0.497,0.317,-0.031,0.221
20008,667.1,0.98,1,-0.057603,0.593639,-0.802667,-0.271121,0.419984,-0.866087,-0.194,0.546,0.314,0.024,0.207
20009,667.133,0.98,1,-0.031625,0.590267,-0.806588,-0.269812,0.47442,-0.837931,-0.181,0.575,0.29,0.055,0.201
20010,667.166,0.98,1,-0.051295,0.587541,-0.807567,-0.2613,0.488684,-0.832412,-0.188,0.581,0.26,0.077,0.193
20011,667.2,0.98,1,-0.121802,0.582974,-0.803309,-0.321219,0.486055,-0.812754,-0.268,0.584,0.24,0.117,0.177
20012,667.233,0.93,1,-0.162461,0.535497,-0.828764,-0.370091,0.41599,-0.830653,-0.311,0.521,0.228,0.133,0.161
20013,667.267,0.88,1,-0.199619,0.527857,-0.825542,-0.399002,0.399502,-0.825346,-0.348,0.512,0.225,0.19,0.144
20014,667.3,0.88,1,-0.226027,0.542191,-0.809284,-0.376043,0.447531,-0.811361,-0.356,0.548,0.241,0.251,0.122
20015,667.333,0.93,1,-0.226751,0.542579,-0.808821,-0.408509,0.416762,-0.812053,-0.374,0.534,0.267,0.276,0.11
20016,667.367,0.93,1,-0.218911,0.511683,-0.830818,-0.413242,0.391915,-0.821969,-0.365,0.5,0.262,0.307,0.099
20017,667.4,0.88,1,-0.196814,0.519374,-0.831574,-0.424471,0.404481,-0.810074,-0.362,0.513,0.266,0.334,0.09
20018,667.433,0.93,1,-0.191568,0.520833,-0.831886,-0.420212,0.392029,-0.818373,-0.355,0.505,0.288,0.363,0.072
20019,667.467,0.93,1,-0.19399,0.506522,-0.840121,-0.43226,0.345681,-0.83286,-0.358,0.471,0.285,0.383,0.066
20020,667.5,0.93,1,-0.186565,0.510958,-0.839116,-0.404174,0.392736,-0.826076,-0.341,0.497,0.256,0.374,0.076
20021,667.533,0.93,1,-0.183013,0.51005,-0.840449,-0.399295,0.400246,-0.824844,-0.336,0.5,0.237,0.361,0.096
20022,667.567,0.93,1,-0.187181,0.502905,-0.843831,-0.397662,0.36683,-0.841012,-0.334,0.477,0.242,0.371,0.104
20023,667.6,0.98,1,-0.187928,0.522083,-0.831933,-0.39146,0.400596,-0.828421,-0.336,0.507,0.258,0.379,0.104
20024,667.633,0.98,1,-0.190677,0.521076,-0.831939,-0.410197,0.385015,-0.826742,-0.348,0.5,0.255,0.383,0.108
20025,667.667,0.98,1,-0.192482,0.529162,-0.826401,-0.439553,0.344249,-0.82963,-0.365,0.485,0.267,0.402,0.111
20026,667.7,0.98,1,-0.195136,0.519397,-0.831955,-0.42864,0.353749,-0.831342,-0.359,0.483,0.267,0.4,0.114
20027,667.733,0.98,1,-0.191038,0.502714,-0.843079,-0.418186,0.35267,-0.837105,-0.348,0.471,0.262,0.39,0.113
20028,667.767,0.93,1,-0.174022,0.532837,-0.828131,-0.367836,0.431048,-0.82395,-0.317,0.528,0.234,0.336,0.112
20029,667.8,0.93,1,-0.153969,0.533788,-0.831483,-0.353408,0.415691,-0.838036,-0.295,0.517,0.212,0.318,0.118
20030,667.833,0.93,1,-0.158221,0.525624,-0.835874,-0.379045,0.377005,-0.845099,-0.309,0.493,0.213,0.308,0.12
20031,667.867,0.93,1,-0.16836,0.519499,-0.83772,-0.392888,0.346738,-0.851711,-0.321,0.474,0.225,0.308,0.117
20032,667.9,0.98,1,-0.166276,0.53932,-0.825521,-0.336129,0.383071,-0.860392,-0.29,0.501,0.233,0.287,0.108
20033,667.933,0.98,1,-0.154023,0.544798,-0.824301,-0.349622,0.378995,-0.856812,-0.291,0.502,0.242,0.282,0.102
20034,667.967,0.98,1,-0.164128,0.545124,-0.822132,-0.358299,0.376689,-0.854241,-0.302,0.503,0.253,0.287,0.096
20035,668.0,0.98,1,-0.165543,0.524697,-0.835038,-0.394542,0.347709,-0.85055,-0.321,0.478,0.264,0.286,0.092
20036,668.033,0.98,1,-0.152786,0.534505,-0.83124,-0.406381,0.358117,-0.840599,-0.323,0.49,0.262,0.281,0.093
20037,668.067,0.98,1,-0.157581,0.523625,-0.837248,-0.406559,0.345523,-0.845768,-0.323,0.477,0.266,0.277,0.091
20038,668.1,0.98,1,-0.162807,0.489295,-0.856787,-0.394781,0.322558,-0.860293,-0.314,0.442,0.271,0.268,0.09
20039,668.133,0.98,1,-0.136114,0.480098,-0.866591,-0.392902,0.327951,-0.859113,-0.297,0.438,0.275,0.258,0.089
20040,668.167,0.98,1,-0.154107,0.48104,-0.863048,-0.389129,0.314909,-0.865685,-0.304,0.431,0.271,0.251,0.091
20041,668.2,0.93,1,-0.146755,0.488247,-0.860278,-0.37911,0.309044,-0.87222,-0.295,0.431,0.281,0.247,0.09
20042,668.233,0.93,1,-0.151982,0.492366,-0.857017,-0.364855,0.311316,-0.877475,-0.29,0.434,0.289,0.248,0.088
20043,668.267,0.93,1,-0.136527,0.482843,-0.864999,-0.365721,0.313048,-0.876498,-0.281,0.429,0.295,0.249,0.088
20044,668.3,0.93,1,-0.102496,0.53567,-0.838184,-0.329978,0.334405,-0.882773,-0.246,0.468,0.303,0.252,0.085
20045,668.334,0.93,1,-0.056226,0.53522,-0.842839,-0.328053,0.337858,-0.882175,-0.219,0.469,0.311,0.246,0.085
20046,668.367,0.93,1,-0.05194,0.559129,-0.827452,-0.298013,0.350675,-0.887815,-0.201,0.488,0.315,0.248,0.085
20047,668.4,0.93,1,-0.054256,0.562615,-0.824937,-0.290902,0.349768,-0.890527,-0.199,0.489,0.318,0.244,0.085
20048,668.434,0.93,1,-0.053879,0.565322,-0.823109,-0.282714,0.354744,-0.891196,-0.194,0.493,0.316,0.242,0.089
20049,668.467,0.93,1,-0.089288,0.549977,-0.830393,-0.329016,0.337113,-0.882101,-0.24,0.478,0.305,0.249,0.092
20050,668.5,0.93,1,-0.104393,0.548311,-0.829733,-0.350926,0.374822,-0.858114,-0.263,0.5,0.301,0.246,0.094
20051,668.534,0.98,1,-0.130367,0.547179,-0.826801,-0.334043,0.365664,-0.868738,-0.267,0.494,0.302,0.246,0.091
20052,668.567,0.93,1,-0.118202,0.547102,-0.828678,-0.389504,0.433424,-0.812669,-0.3,0.538,0.298,0.244,0.094
20053,668.6,0.93,1,-0.106529,0.521273,-0.846715,-0.40708,0.428851,-0.806457,-0.301,0.522,0.297,0.25,0.099
20054,668.634,0.93,1,-0.103612,0.508629,-0.854729,-0.415304,0.437519,-0.797559,-0.304,0.52,0.295,0.257,0.1
20055,668.667,0.93,1,-0.110072,0.509682,-0.853292,-0.406406,0.434144,-0.803961,-0.302,0.518,0.287,0.259,0.104
20056,668.7,0.93,1,-0.118631,0.509998,-0.851956,-0.3987,0.419932,-0.815289,-0.301,0.509,0.285,0.261,0.106
20057,668.734,0.93,1,-0.10906,0.503333,-0.857183,-0.382876,0.408092,-0.828774,-0.284,0.496,0.286,0.26,0.108
20058,668.767,0.93,1,-0.112832,0.49697,-0.860401,-0.384811,0.405462,-0.829169,-0.286,0.491,0.281,0.256,0.111
20059,668.8,0.93,1,-0.090247,0.504614,-0.858615,-0.391347,0.408511,-0.824601,-0.279,0.497,0.277,0.253,0.11
20060,668.834,0.93,1,-0.129255,0.518866,-0.845027,-0.402613,0.310832,-0.86098,-0.302,0.453,0.293,0.264,0.107
20061,668.867,0.93,1,-0.114535,0.509077,-0.853066,-0.375669,0.297649,-0.877655,-0.276,0.436,0.292,0.266,0.108
20062,668.9,0.93,1,-0.134408,0.53543,-0.833816,-0.403972,0.317198,-0.858016,-0.308,0.467,0.297,0.27,0.112
20063,668.934,0.93,1,-0.102226,0.53003,-0.841795,-0.401666,0.305092,-0.863472,-0.287,0.455,0.289,0.268,0.116
20064,668.967,0.93,1,-0.101531,0.534091,-0.839308,-0.394674,0.307553,-0.86582,-0.283,0.459,0.277,0.273,0.119
20065,669.0,0.93,1,-0.116815,0.52952,-0.840216,-0.405228,0.320295,-0.856272,-0.299,0.464,0.264,0.275,0.124
20066,669.034,0.93,1,-0.137801,0.520292,-0.842797,-0.37253,0.330132,-0.867314,-0.29,0.461,0.249,0.276,0.128
20067,669.067,0.93,1,-0.147322,0.515014,-0.844427,-0.379089,0.317623,-0.869142,-0.298,0.452,0.248,0.277,0.131
20068,669.1,0.93,1,-0.156252,0.536709,-0.829174,-0.373021,0.329973,-0.867164,-0.302,0.472,0.241,0.279,0.132
20069,669.134,0.93,1,-0.162021,0.525266,-0.835371,-0.351584,0.31284,-0.882338,-0.291,0.454,0.234,0.286,0.13
20070,669.167,0.93,1,-0.172013,0.520282,-0.836492,-0.347362,0.327935,-0.87852,-0.294,0.459,0.224,0.286,0.132
20071,669.2,0.93,1,-0.179232,0.517579,-0.836652,-0.35648,0.308212,-0.882002,-0.302,0.448,0.225,0.29,0.135
20072,669.234,0.93,1,-0.16216,0.506243,-0.847008,-0.376788,0.327765,-0.866372,-0.305,0.453,0.233,0.289,0.138
20073,669.267,0.93,1,-0.177192,0.523496,-0.8334,-0.394146,0.326048,-0.859268,-0.326,0.465,0.248,0.29,0.14
20074,669.3,0.98,1,-0.178269,0.521944,-0.834143,-0.398048,0.327709,-0.856834,-0.328,0.466,0.26,0.29,0.14
20075,669.334,0.93,1,-0.188202,0.530473,-0.826546,-0.387363,0.325693,-0.862482,-0.328,0.469,0.266,0.29,0.14
20076,669.367,0.93,1,-0.178802,0.51738,-0.836868,-0.38594,0.31964,-0.865379,-0.32,0.457,0.265,0.291,0.138
20077,669.4,0.93,1,-0.172634,0.534514,-0.82734,-0.384997,0.317254,-0.866676,-0.318,0.466,0.273,0.297,0.136
20078,669.434,0.93,1,-0.20249,0.534505,-0.82055,-0.388739,0.336983,-0.857511,-0.339,0.479,0.285,0.311,0.127
20079,669.467,0.93,1,-0.180434,0.520673,-0.834472,-0.395492,0.324093,-0.859389,-0.328,0.463,0.296,0.308,0.117
20080,669.501,0.93,1,-0.19767,0.520999,-0.830353,-0.374179,0.31949,-0.870584,-0.324,0.459,0.298,0.306,0.11
20081,669.534,0.93,1,-0.177981,0.518231,-0.836516,-0.386504,0.318777,-0.865445,-0.32,0.457,0.298,0.311,0.102
20082,669.567,0.93,1,-0.174576,0.507346,-0.843874,-0.387199,0.318127,-0.865374,-0.318,0.45,0.286,0.313,0.099
20083,669.601,0.98,1,-0.182215,0.504922,-0.843713,-0.387572,0.313433,-0.866918,-0.322,0.446,0.283,0.324,0.095
20084,669.634,0.93,1,-0.196679,0.501167,-0.842703,-0.393936,0.316593,-0.862892,-0.333,0.447,0.289,0.331,0.091
20085,669.667,0.93,1,-0.193609,0.503657,-0.841929,-0.422731,0.309826,-0.851649,-0.349,0.448,0.288,0.333,0.098
20086,669.701,0.98,1,-0.217133,0.444997,-0.86881,-0.403087,0.254242,-0.879137,-0.341,0.381,0.266,0.347,0.108
20087,669.734,0.93,1,-0.159944,0.490638,-0.856558,-0.412908,0.30651,-0.857647,-0.323,0.435,0.281,0.315,0.106
20088,669.767,0.93,1,-0.147235,0.479958,-0.864848,-0.428152,0.29682,-0.853571,-0.323,0.425,0.277,0.317,0.097
20089,669.801,0.93,1,-0.159366,0.479445,-0.862981,-0.391551,0.29148,-0.87277,-0.307,0.418,0.276,0.324,0.093
20090,669.834,0.93,1,-0.186196,0.473362,-0.860964,-0.421337,0.298755,-0.856283,-0.34,0.423,0.262,0.308,0.094
20091,669.867,0.93,1,-0.168492,0.499719,-0.849642,-0.375767,0.391851,-0.839793,-0.312,0.486,0.244,0.296,0.095
20092,669.901,0.93,1,-0.1639,0.501323,-0.849595,-0.363642,0.437803,-0.822249,-0.306,0.512,0.238,0.304,0.092
20093,669.934,0.93,1,-0.168169,0.473695,-0.864484,-0.382429,0.451289,-0.806279,-0.318,0.506,0.233,0.31,0.089
20094,669.967,0.93,1,-0.114731,0.431545,-0.894766,-0.38499,0.366866,-0.846872,-0.279,0.43,0.227,0.318,0.089
20116,670.701,0.98,1,-0.004458,0.238273,-0.971188,-0.209585,0.41886,-0.883533,-0.115,0.341,0.206,0.191,0.107
20117,670.734,0.93,1,-0.073022,0.226226,-0.971334,-0.20228,0.418413,-0.885446,-0.147,0.334,0.214,0.17,0.11
20118,670.768,0.93,1,-0.058816,0.282379,-0.957498,-0.184525,0.426602,-0.885416,-0.131,0.367,0.22,0.15,0.111
20119,670.801,0.93,1,0.040598,0.444437,-0.89489,-0.176699,0.432896,-0.883956,-0.076,0.458,0.226,0.128,0.111
20120,670.834,0.93,1,0.139619,0.480894,-0.865591,-0.147959,0.462621,-0.874122,-0.005,0.497,0.233,0.1,0.112
20121,670.868,0.93,1,0.198192,0.47285,-0.858564,-0.11921,0.456216,-0.881848,0.045,0.49,0.238,0.075,0.115
20122,670.901,0.98,1,0.201475,0.504147,-0.839788,-0.096516,0.484829,-0.869267,0.061,0.525,0.253,0.032,0.104
20123,670.934,0.98,1,0.212626,0.490092,-0.84534,-0.074219,0.483777,-0.872038,0.08,0.516,0.254,0.012,0.079
20124,670.968,0.98,1,0.234633,0.50497,-0.830634,-0.040646,0.443741,-0.895233,0.112,0.503,0.247,-0.01,0.064
20125,671.001,0.98,1,0.244203,0.500468,-0.8306,-0.012399,0.4325,-0.901549,0.133,0.494,0.245,-0.031,0.056
20126,671.034,0.98,1,0.243681,0.536213,-0.808143,-0.01589,0.426827,-0.904194,0.132,0.512,0.244,-0.043,0.055
20127,671.068,0.98,1,0.236226,0.54818,-0.802306,-0.018723,0.446563,-0.894556,0.127,0.53,0.247,-0.047,0.054
20128,671.101,0.98,1,0.243065,0.549416,-0.799413,-0.027031,0.46059,-0.887201,0.127,0.54,0.245,-0.059,0.055
20129,671.134,0.98,1,0.236963,0.544523,-0.804576,-0.020955,0.459987,-0.887678,0.127,0.536,0.248,-0.062,0.052
20130,671.168,0.98,1,0.242034,0.53209,-0.811357,0.003782,0.4523,-0.891858,0.143,0.524,0.25,-0.062,0.051
20131,671.201,0.98,1,0.226182,0.523647,-0.821362,-0.009186,0.4624,-0.886624,0.126,0.524,0.257,-0.06,0.051
20132,671.234,0.98,1,0.210245,0.529762,-0.821675,-0.013951,0.467721,-0.883766,0.115,0.529,0.263,-0.052,0.053
20133,671.268,0.98,1,0.189869,0.530535,-0.826125,-0.018807,0.479195,-0.877507,0.1,0.535,0.266,-0.046,0.059
20134,671.301,0.98,1,0.098838,0.564666,-0.81938,-0.126049,0.525259,-0.841555,-0.016,0.581,0.268,-0.046,0.066
20135,671.334,0.98,1,0.086669,0.538128,-0.838395,-0.188035,0.416768,-0.889352,-0.059,0.505,0.256,-0.052,0.075
20136,671.368,0.98,1,0.064473,0.527084,-0.847364,-0.181658,0.402363,-0.897276,-0.067,0.489,0.249,-0.023,0.072
20137,671.401,0.98,1,0.0529,0.504937,-0.861534,-0.17674,0.372256,-0.911147,-0.07,0.46,0.231,0.01,0.062
20138,671.434,0.98,1,0.052896,0.481035,-0.875104,-0.177356,0.3485,-0.920376,-0.069,0.433,0.202,0.035,0.055
20139,671.468,0.93,1,0.042964,0.477293,-0.877693,-0.182932,0.407355,-0.894762,-0.079,0.463,0.174,0.071,0.054
20140,671.501,0.93,1,0.034919,0.495667,-0.86781,-0.176133,0.427775,-0.886559,-0.08,0.485,0.171,0.084,0.063
20141,671.534,0.93,1,0.042003,0.479403,-0.876589,-0.190639,0.426261,-0.884284,-0.084,0.475,0.164,0.086,0.073
20142,671.568,0.98,1,0.04555,0.481988,-0.874993,-0.180213,0.428172,-0.885546,-0.076,0.477,0.167,0.09,0.077
20143,671.601,0.98,1,0.044724,0.48572,-0.872969,-0.182277,0.433122,-0.882712,-0.078,0.482,0.167,0.087,0.078
20144,671.634,0.98,1,0.037003,0.487706,-0.872224,-0.177378,0.427138,-0.886617,-0.08,0.48,0.165,0.085,0.077
20145,671.668,0.98,1,0.041908,0.489429,-0.871036,-0.167425,0.422164,-0.890924,-0.071,0.477,0.168,0.083,0.074
20146,671.701,0.98,1,0.056322,0.48344,-0.873564,-0.148665,0.421893,-0.894374,-0.052,0.473,0.169,0.078,0.07
20147,671.735,0.98,1,0.054987,0.477892,-0.876696,-0.165235,0.415843,-0.8943,-0.062,0.467,0.168,0.076,0.066
20148,671.768,0.98,1,0.027653,0.494432,-0.868776,-0.174329,0.420056,-0.890596,-0.083,0.479,0.167,0.077,0.066
20149,671.801,0.98,1,0.038119,0.494389,-0.868404,-0.170143,0.411205,-0.895523,-0.075,0.474,0.162,0.082,0.069
20150,671.835,0.98,1,0.032277,0.487124,-0.872736,-0.169579,0.407179,-0.897467,-0.077,0.468,0.155,0.085,0.075
20151,671.868,0.98,1,0.035042,0.479411,-0.87689,-0.178569,0.406484,-0.896038,-0.081,0.463,0.151,0.091,0.076
20152,671.901,0.98,1,0.021259,0.464383,-0.885379,-0.187084,0.404657,-0.895127,-0.093,0.454,0.145,0.097,0.076
20153,671.935,0.98,1,0.013686,0.458669,-0.888502,-0.1948,0.437594,-0.877818,-0.102,0.47,0.147,0.106,0.072
20154,671.968,0.98,1,0.001165,0.438713,-0.898626,-0.22792,0.388894,-0.892645,-0.126,0.433,0.14,0.119,0.067
20155,672.001,0.98,1,0.033421,0.462434,-0.886024,-0.186601,0.39893,-0.897794,-0.086,0.45,0.136,0.133,0.058
20166,672.368,0.98,1,0.402742,0.400656,-0.822966,0.098181,0.202953,-0.974254,0.272,0.324,0.133,-0.135,0.049
20167,672.401,0.98,1,0.40003,0.43795,-0.805093,0.102205,0.195644,-0.975334,0.275,0.342,0.147,-0.176,0.053
20168,672.435,0.98,1,0.362553,0.455648,-0.812982,0.094833,0.236876,-0.9669,0.252,0.371,0.161,-0.195,0.069
20169,672.468,0.98,1,0.348885,0.46018,-0.816403,0.091808,0.287343,-0.953418,0.244,0.4,0.171,-0.207,0.086
20171,672.535,0.98,1,0.327072,0.41113,-0.85088,0.097271,0.295421,-0.950402,0.231,0.374,0.21,-0.221,0.116
20172,672.568,0.98,1,0.328922,0.413098,-0.849212,0.088623,0.334642,-0.938169,0.229,0.396,0.224,-0.224,0.123
20173,672.601,0.98,1,0.326391,0.429697,-0.84192,0.084393,0.348638,-0.93345,0.227,0.413,0.231,-0.224,0.13
20174,672.635,0.98,1,0.330005,0.438116,-0.836153,0.088333,0.348978,-0.932959,0.232,0.419,0.234,-0.225,0.133
20175,672.668,0.98,1,0.336975,0.470691,-0.815413,0.081959,0.350621,-0.932924,0.235,0.439,0.236,-0.228,0.136
20176,672.701,0.98,1,0.337543,0.474923,-0.81272,0.093775,0.335721,-0.937282,0.242,0.434,0.234,-0.23,0.139
20177,672.735,0.98,1,0.350351,0.470138,-0.810077,0.084428,0.336078,-0.938042,0.244,0.432,0.233,-0.232,0.144
20178,672.768,0.98,1,0.346129,0.465953,-0.814299,0.088152,0.355087,-0.930668,0.244,0.44,0.233,-0.238,0.148
20179,672.802,0.98,1,0.34133,0.466776,-0.815852,0.08984,0.340343,-0.936,0.241,0.432,0.234,-0.245,0.151
20180,672.835,0.98,1,0.343817,0.487025,-0.802868,0.089561,0.332372,-0.938886,0.244,0.44,0.235,-0.242,0.15
20181,672.868,0.98,1,0.348208,0.49023,-0.799016,0.099762,0.317709,-0.942926,0.252,0.434,0.235,-0.249,0.147
20182,672.902,0.98,1,0.348038,0.489552,-0.799505,0.105932,0.306469,-0.945968,0.254,0.428,0.233,-0.251,0.144
20183,672.935,0.98,1,0.353993,0.502698,-0.78866,0.102842,0.306194,-0.946398,0.257,0.436,0.229,-0.259,0.139
20184,672.968,0.98,1,0.359985,0.503101,-0.785685,0.111199,0.293036,-0.949613,0.265,0.43,0.217,-0.256,0.128
20185,673.002,0.98,1,0.362498,0.494933,-0.789707,0.130145,0.270042,-0.954012,0.275,0.413,0.215,-0.263,0.122
20186,673.035,0.98,1,0.365676,0.484565,-0.794655,0.120165,0.300797,-0.946087,0.272,0.424,0.217,-0.266,0.118
20187,673.068,0.98,1,0.374902,0.491519,-0.786039,0.13109,0.297947,-0.945538,0.284,0.428,0.223,-0.267,0.117
20188,673.102,0.98,1,0.373687,0.505461,-0.777732,0.093326,0.357013,-0.929426,0.267,0.468,0.237,-0.265,0.115
20189,673.135,0.98,1,0.368404,0.509609,-0.777546,0.095718,0.378643,-0.92058,0.267,0.482,0.245,-0.26,0.116
20190,673.168,0.98,1,0.37579,0.515682,-0.76997,0.099128,0.413557,-0.905066,0.276,0.506,0.25,-0.256,0.116
20191,673.202,0.98,1,0.318707,0.552269,-0.77034,0.050239,0.470309,-0.881071,0.22,0.554,0.251,-0.266,0.118
20192,673.235,0.98,1,0.22432,0.498821,-0.837173,-0.041846,0.497393,-0.866516,0.107,0.529,0.265,-0.262,0.119
20193,673.268,0.98,1,0.235887,0.552446,-0.799475,-0.064465,0.488452,-0.870206,0.102,0.557,0.271,-0.232,0.117
20194,673.302,0.98,1,0.247141,0.496108,-0.832345,-0.080224,0.370803,-0.92524,0.095,0.458,0.27,-0.201,0.116
20195,673.335,0.98,1,0.221331,0.504053,-0.834831,-0.07093,0.358957,-0.930655,0.085,0.455,0.266,-0.153,0.114
20196,673.368,0.98,1,0.216452,0.508841,-0.833204,-0.017695,0.38009,-0.92478,0.113,0.468,0.264,-0.121,0.109
20197,673.402,0.98,1,0.221398,0.484359,-0.846392,-0.012972,0.381628,-0.924225,0.117,0.455,0.25,-0.092,0.106
20198,673.435,0.98,1,0.245349,0.467507,-0.849259,-0.01684,0.374083,-0.927242,0.128,0.442,0.246,-0.086,0.106
20199,673.468,0.98,1,0.245052,0.470534,-0.847672,-0.003817,0.386687,-0.922203,0.135,0.451,0.256,-0.082,0.105
20200,673.502,0.98,1,0.270956,0.474638,-0.837437,0.016456,0.396349,-0.917953,0.162,0.461,0.267,-0.085,0.104
20201,673.535,0.98,1,0.273091,0.478214,-0.834705,0.008578,0.404714,-0.914403,0.16,0.467,0.273,-0.091,0.101
20202,673.568,0.98,1,0.276037,0.478494,-0.833575,0.024821,0.406271,-0.913415,0.171,0.469,0.28,-0.099,0.098
20203,673.602,0.98,1,0.275783,0.482381,-0.831416,0.020318,0.415093,-0.909552,0.168,0.476,0.29,-0.104,0.095
20204,673.635,0.98,1,0.276702,0.484971,-0.829602,0.017513,0.417472,-0.908521,0.168,0.479,0.307,-0.105,0.09
20205,673.668,0.98,1,0.282697,0.487884,-0.825864,0.015764,0.423728,-0.905652,0.171,0.485,0.323,-0.105,0.086
20206,673.702,0.98,1,0.276267,0.491171,-0.826092,0.027646,0.428671,-0.903037,0.174,0.489,0.325,-0.107,0.082
20207,673.735,0.98,1,0.279837,0.48555,-0.82821,0.004424,0.424048,-0.905629,0.163,0.483,0.326,-0.108,0.076
20208,673.768,0.98,1,0.261733,0.470991,-0.842415,0.011875,0.429013,-0.90322,0.155,0.476,0.32,-0.108,0.07
20209,673.802,0.98,1,0.272346,0.475132,-0.836706,0.014106,0.424472,-0.905331,0.163,0.477,0.327,-0.111,0.066
20210,673.835,0.98,1,0.263878,0.490818,-0.830341,0.006614,0.446085,-0.894966,0.156,0.497,0.352,-0.11,0.067
20211,673.869,0.98,1,0.271147,0.495621,-0.82513,0.002535,0.440707,-0.897648,0.158,0.498,0.36,-0.108,0.064
20212,673.902,0.98,1,0.269192,0.491995,-0.827935,0.013321,0.448995,-0.893435,0.163,0.5,0.36,-0.109,0.061
20213,673.935,0.98,1,0.268458,0.489269,-0.829787,0.012366,0.43888,-0.89846,0.161,0.493,0.353,-0.107,0.056
20214,673.969,0.98,1,0.264749,0.479223,-0.836811,0.020082,0.440043,-0.897752,0.163,0.487,0.355,-0.109,0.054
20215,674.002,0.98,1,0.270207,0.466998,-0.841963,0.029863,0.437462,-0.898741,0.171,0.479,0.352,-0.111,0.054
20216,674.035,0.98,1,0.266437,0.475697,-0.838286,0.020287,0.438155,-0.89867,0.164,0.484,0.353,-0.112,0.053
20217,674.069,0.98,1,0.26512,0.473246,-0.840089,0.031664,0.43959,-0.89764,0.169,0.484,0.36,-0.122,0.054
20218,674.102,0.98,1,0.246837,0.479204,-0.84228,0.049245,0.449911,-0.891715,0.169,0.492,0.364,-0.124,0.056
20219,674.135,0.98,1,0.261312,0.49121,-0.830921,0.053517,0.457575,-0.887559,0.181,0.504,0.366,-0.125,0.054
20220,674.169,0.98,1,0.265156,0.488919,-0.831054,0.055021,0.457483,-0.887514,0.184,0.503,0.363,-0.124,0.055
20221,674.202,0.98,1,0.27577,0.491669,-0.825962,0.060847,0.462304,-0.884631,0.194,0.509,0.362,-0.125,0.056
20222,674.235,0.98,1,0.27326,0.485808,-0.830253,0.060228,0.461011,-0.885348,0.192,0.504,0.359,-0.128,0.057
20223,674.269,0.98,1,0.274866,0.483152,-0.831272,0.057514,0.459937,-0.886087,0.191,0.502,0.358,-0.126,0.058
20224,674.302,0.98,1,0.270285,0.487137,-0.830448,0.054234,0.459055,-0.886751,0.187,0.504,0.363,-0.123,0.058
20225,674.335,0.98,1,0.271434,0.490371,-0.828166,0.053926,0.456444,-0.888116,0.187,0.504,0.358,-0.119,0.059
20226,674.369,0.98,1,0.279692,0.488508,-0.826518,0.046889,0.448921,-0.89234,0.188,0.499,0.355,-0.113,0.061
20227,674.402,0.98,1,0.274279,0.498855,-0.82214,0.046978,0.451055,-0.891259,0.185,0.506,0.357,-0.108,0.062
20228,674.435,0.98,1,0.263669,0.500596,-0.82455,0.043433,0.460097,-0.886806,0.178,0.512,0.365,-0.107,0.064
20229,674.469,0.98,1,0.261222,0.505841,-0.822124,0.036165,0.449073,-0.892763,0.172,0.508,0.363,-0.105,0.066
20230,674.502,0.98,1,0.260028,0.506201,-0.822281,0.044612,0.447172,-0.893335,0.176,0.507,0.36,-0.106,0.068
20231,674.535,0.98,1,0.264908,0.50684,-0.820327,0.042337,0.453005,-0.890502,0.178,0.511,0.361,-0.103,0.07
20232,674.569,0.98,1,0.264939,0.503999,-0.822066,0.042726,0.441155,-0.896413,0.177,0.503,0.355,-0.102,0.072
20233,674.602,0.98,1,0.269827,0.510935,-0.816173,0.04771,0.442649,-0.895425,0.183,0.508,0.352,-0.101,0.074
20234,674.635,0.98,1,0.267953,0.504466,-0.820802,0.036436,0.438876,-0.897809,0.175,0.502,0.351,-0.1,0.075
20235,674.669,0.98,1,0.261846,0.50875,-0.820128,0.028815,0.432522,-0.901163,0.167,0.5,0.351,-0.098,0.076
20236,674.702,0.98,1,0.26857,0.506962,-0.81906,0.024242,0.430162,-0.902426,0.168,0.499,0.353,-0.094,0.076
20237,674.735,0.98,1,0.268527,0.508107,-0.818365,0.019828,0.432396,-0.901466,0.166,0.5,0.353,-0.09,0.078
20238,674.769,0.93,1,0.270567,0.503994,-0.820234,-0.03986,0.442658,-0.895804,0.134,0.504,0.354,-0.07,0.086
20239,674.802,0.98,1,0.262475,0.52459,-0.809884,-0.041689,0.488652,-0.871482,0.131,0.542,0.365,-0.081,0.108
20240,674.835,0.98,1,0.261625,0.506658,-0.821493,0.027668,0.425346,-0.904608,0.166,0.495,0.345,-0.097,0.106
20241,674.869,0.98,1,0.251903,0.512372,-0.820987,-0.002921,0.421606,-0.906774,0.143,0.496,0.337,-0.085,0.098
20242,674.902,0.93,1,0.249895,0.519027,-0.817413,-0.066631,0.468651,-0.880867,0.107,0.527,0.327,-0.063,0.094
20243,674.935,0.98,1,0.236924,0.516356,-0.822948,-0.083721,0.463714,-0.882021,0.09,0.522,0.326,-0.064,0.105
20244,674.969,0.93,1,0.233514,0.522828,-0.819831,-0.079026,0.468901,-0.879708,0.091,0.528,0.325,-0.061,0.112
20245,675.002,0.93,1,0.247553,0.524671,-0.814517,-0.084785,0.468105,-0.879596,0.096,0.53,0.32,-0.059,0.116
20246,675.036,0.98,1,0.249284,0.518464,-0.817957,-0.087296,0.464318,-0.881356,0.095,0.524,0.314,-0.061,0.12
20247,675.069,0.98,1,0.242591,0.518277,-0.820084,-0.020166,0.42246,-0.906157,0.128,0.499,0.323,-0.075,0.107
20248,675.102,0.98,1,0.225498,0.513206,-0.828113,-0.037983,0.416836,-0.908188,0.108,0.492,0.319,-0.067,0.098
20249,675.136,0.93,1,0.22714,0.515774,-0.826066,-0.091823,0.465056,-0.880507,0.079,0.522,0.302,-0.046,0.096
20250,675.169,0.93,1,0.202481,0.554497,-0.807177,-0.102347,0.474523,-0.874273,0.059,0.549,0.292,-0.038,0.108
20251,675.202,0.93,1,0.193941,0.560954,-0.804809,-0.130247,0.478032,-0.868632,0.038,0.556,0.276,-0.026,0.11
20252,675.236,0.98,1,0.157578,0.554738,-0.816967,-0.080828,0.485406,-0.870544,0.045,0.552,0.275,-0.013,0.104
20253,675.269,0.98,1,0.094762,0.528543,-0.843601,-0.12293,0.411587,-0.903042,-0.016,0.494,0.247,0.017,0.098
20254,675.302,0.98,1,-0.024918,0.475365,-0.879436,-0.220907,0.349377,-0.910569,-0.136,0.432,0.208,0.056,0.098
20317,677.403,0.98,1,-0.022149,0.444439,-0.895535,-0.239211,0.409852,-0.880227,-0.146,0.448,0.222,0.195,0.03
20318,677.436,0.98,1,-0.021679,0.445211,-0.895163,-0.259652,0.412029,-0.873391,-0.158,0.451,0.228,0.196,0.032
20319,677.47,0.98,1,-0.023343,0.424389,-0.905179,-0.262852,0.413237,-0.871862,-0.16,0.44,0.231,0.196,0.033
20320,677.503,0.98,1,-0.019568,0.424838,-0.905058,-0.258088,0.407712,-0.875877,-0.155,0.437,0.232,0.196,0.034
20321,677.536,0.98,1,-0.033859,0.472739,-0.880552,-0.262948,0.424579,-0.866367,-0.168,0.475,0.232,0.196,0.038
20322,677.57,0.93,1,-0.025417,0.445026,-0.895157,-0.282386,0.440647,-0.852108,-0.174,0.469,0.226,0.198,0.04
20323,677.603,0.93,1,-0.051349,0.422471,-0.904921,-0.305521,0.378503,-0.873724,-0.198,0.423,0.228,0.201,0.043
20324,677.636,0.93,1,-0.066198,0.413229,-0.908218,-0.318269,0.349733,-0.881131,-0.212,0.403,0.234,0.204,0.044
20325,677.67,0.93,1,-0.049645,0.415692,-0.908149,-0.327719,0.356951,-0.874749,-0.209,0.409,0.236,0.205,0.046
20326,677.703,0.93,1,-0.068618,0.42862,-0.900875,-0.325781,0.345015,-0.880245,-0.218,0.41,0.239,0.206,0.048
20327,677.736,0.93,1,-0.064488,0.423075,-0.903797,-0.327209,0.340661,-0.88141,-0.216,0.404,0.241,0.207,0.05
20328,677.77,0.93,1,-0.072954,0.450989,-0.889543,-0.317703,0.318328,-0.893158,-0.216,0.407,0.244,0.207,0.051
20329,677.803,0.93,1,-0.061656,0.45327,-0.889239,-0.31474,0.317049,-0.894661,-0.208,0.408,0.247,0.209,0.052
20330,677.836,0.93,1,-0.088792,0.483517,-0.87082,-0.307726,0.32317,-0.894911,-0.221,0.429,0.249,0.211,0.053
20331,677.87,0.93,1,-0.086138,0.503005,-0.85998,-0.319203,0.320315,-0.891912,-0.227,0.439,0.255,0.216,0.052
20332,677.903,0.93,1,-0.101067,0.485231,-0.868526,-0.321183,0.314794,-0.893166,-0.235,0.426,0.256,0.222,0.051
20333,677.936,0.93,1,-0.100626,0.486858,-0.867666,-0.329945,0.299963,-0.895074,-0.24,0.42,0.254,0.227,0.051
20334,677.97,0.93,1,-0.105089,0.484827,-0.868274,-0.334368,0.303726,-0.892159,-0.245,0.421,0.257,0.231,0.051
20335,678.003,0.93,1,-0.119433,0.488372,-0.864424,-0.334166,0.305906,-0.89149,-0.253,0.425,0.257,0.233,0.05
20336,678.036,0.93,1,-0.108597,0.49438,-0.862436,-0.319863,0.310012,-0.89531,-0.239,0.429,0.259,0.234,0.048
20337,678.07,0.93,1,-0.107796,0.495934,-0.861644,-0.312335,0.321856,-0.893787,-0.235,0.436,0.262,0.234,0.045
20338,678.103,0.93,1,-0.130874,0.496451,-0.858142,-0.326757,0.317274,-0.890262,-0.256,0.436,0.261,0.235,0.044
20339,678.136,0.93,1,-0.123987,0.496586,-0.859086,-0.333847,0.314001,-0.888791,-0.256,0.434,0.262,0.24,0.042
20340,678.17,0.93,1,-0.120136,0.492797,-0.861811,-0.335471,0.313802,-0.88825,-0.255,0.432,0.26,0.241,0.04
20341,678.203,0.93,1,-0.095007,0.491379,-0.865749,-0.329004,0.307309,-0.892926,-0.237,0.426,0.257,0.245,0.038
20342,678.236,0.93,1,-0.109826,0.496515,-0.861052,-0.343704,0.309602,-0.886574,-0.254,0.432,0.259,0.247,0.034
20343,678.27,0.93,1,-0.097171,0.468072,-0.878331,-0.338838,0.294848,-0.893451,-0.241,0.407,0.261,0.252,0.03
20344,678.303,0.93,1,-0.048162,0.499659,-0.864882,-0.317128,0.335101,-0.887207,-0.206,0.445,0.261,0.244,0.028
20345,678.337,0.93,1,-0.046636,0.47206,-0.880332,-0.300018,0.353058,-0.886194,-0.194,0.437,0.253,0.229,0.026
20346,678.37,0.98,1,-0.037795,0.470811,-0.881424,-0.29741,0.334942,-0.89407,-0.187,0.426,0.25,0.213,0.023
20347,678.403,0.98,1,-0.048916,0.466106,-0.883376,-0.292475,0.313627,-0.903381,-0.189,0.411,0.25,0.199,0.022
20348,678.437,0.98,1,-0.031074,0.478286,-0.877654,-0.273351,0.340804,-0.899517,-0.17,0.432,0.246,0.185,0.019
20349,678.47,0.93,1,-0.019284,0.478724,-0.877753,-0.272399,0.308303,-0.911454,-0.162,0.414,0.254,0.179,0.012
20350,678.503,0.93,1,0.019312,0.467381,-0.883845,-0.264184,0.300299,-0.91653,-0.135,0.403,0.253,0.173,0.006
20351,678.537,0.93,1,0.039297,0.466773,-0.883504,-0.272635,0.29835,-0.91469,-0.129,0.402,0.256,0.168,-0.001
20352,678.57,0.93,1,0.050029,0.464415,-0.884203,-0.267224,0.295131,-0.917327,-0.12,0.399,0.256,0.167,-0.008
20353,678.603,0.93,1,0.047745,0.441256,-0.89611,-0.265101,0.305388,-0.914582,-0.119,0.391,0.258,0.167,-0.015
20354,678.637,0.93,1,0.045748,0.460907,-0.886268,-0.271495,0.305824,-0.912558,-0.125,0.403,0.258,0.169,-0.02
20355,678.67,0.93,1,0.044732,0.453354,-0.890207,-0.275215,0.300316,-0.913273,-0.127,0.396,0.258,0.173,-0.024
20356,678.703,0.93,1,0.035322,0.46169,-0.886338,-0.264436,0.314781,-0.911584,-0.127,0.408,0.262,0.176,-0.028
20357,678.737,0.93,1,0.033944,0.466611,-0.883811,-0.267281,0.309044,-0.912717,-0.129,0.408,0.263,0.179,-0.029
20358,678.77,0.98,1,0.038658,0.458258,-0.887978,-0.269465,0.314801,-0.910104,-0.128,0.406,0.263,0.181,-0.032
20359,678.803,0.93,1,0.02662,0.469612,-0.882472,-0.269002,0.310454,-0.911732,-0.134,0.41,0.261,0.185,-0.033
20360,678.837,0.93,1,-0.033154,0.468767,-0.8827,-0.270562,0.341317,-0.900166,-0.169,0.426,0.261,0.188,-0.035
20361,678.87,0.98,1,-0.011815,0.517487,-0.85561,-0.213358,0.460212,-0.861791,-0.13,0.518,0.255,0.185,-0.036
20362,678.903,0.98,1,-0.064029,0.435483,-0.897917,-0.24991,0.409231,-0.877539,-0.175,0.444,0.25,0.201,-0.038
20409,680.47,0.98,1,-0.066324,0.42406,-0.903202,-0.229568,0.439729,-0.868295,-0.166,0.454,0.275,0.203,0.03
20410,680.504,0.98,1,-0.043242,0.490536,-0.870347,-0.293204,0.464806,-0.835456,-0.195,0.511,0.276,0.208,0.037
20411,680.537,0.98,1,-0.049304,0.493406,-0.868401,-0.317059,0.472403,-0.82238,-0.213,0.519,0.279,0.21,0.043
20412,680.571,0.98,1,-0.054261,0.489647,-0.870231,-0.311776,0.46462,-0.828809,-0.212,0.512,0.28,0.211,0.048
20413,680.604,0.98,1,-0.059901,0.485908,-0.871955,-0.3077,0.448179,-0.839319,-0.212,0.5,0.279,0.213,0.053
20414,680.637,0.98,1,-0.070639,0.489655,-0.86905,-0.304594,0.488906,-0.817431,-0.219,0.526,0.277,0.217,0.056
20415,680.671,0.98,1,-0.073117,0.499962,-0.862956,-0.341559,0.511439,-0.788522,-0.246,0.55,0.279,0.222,0.058
20416,680.704,0.98,1,-0.079292,0.480907,-0.873179,-0.353303,0.435801,-0.827801,-0.249,0.494,0.283,0.229,0.061
20417,680.737,0.98,1,-0.095051,0.471994,-0.876463,-0.372099,0.369894,-0.851305,-0.264,0.453,0.283,0.235,0.064
20418,680.771,0.98,1,-0.102475,0.484962,-0.86851,-0.363872,0.37024,-0.854704,-0.264,0.461,0.287,0.241,0.066
20419,680.804,0.98,1,-0.146956,0.464952,-0.873054,-0.361644,0.313453,-0.878043,-0.283,0.418,0.297,0.25,0.064
20420,680.837,0.98,1,-0.153509,0.470469,-0.868961,-0.39919,0.315052,-0.86104,-0.309,0.426,0.299,0.261,0.063
20421,680.871,0.98,1,-0.143307,0.467784,-0.872148,-0.374849,0.31177,-0.873091,-0.289,0.42,0.304,0.266,0.065
20422,680.904,0.98,1,-0.142632,0.458877,-0.876977,-0.389261,0.314442,-0.865796,-0.296,0.418,0.291,0.265,0.067
20423,680.937,0.98,1,-0.090578,0.448919,-0.88897,-0.407093,0.310635,-0.858942,-0.277,0.41,0.293,0.263,0.065
20424,680.971,0.98,1,-0.11284,0.449209,-0.886272,-0.389524,0.313148,-0.866146,-0.279,0.41,0.298,0.257,0.061
20425,681.004,0.98,1,-0.144605,0.492182,-0.858397,-0.350171,0.33475,-0.874828,-0.278,0.445,0.331,0.273,0.05
20426,681.037,0.98,1,-0.129119,0.47878,-0.868388,-0.387704,0.349326,-0.853028,-0.292,0.448,0.328,0.279,0.049
20427,681.071,0.98,1,-0.156021,0.470556,-0.868467,-0.336138,0.314873,-0.887618,-0.273,0.421,0.328,0.284,0.05
20428,681.104,0.98,1,-0.08643,0.447507,-0.890094,-0.348036,0.30314,-0.887117,-0.24,0.4,0.296,0.27,0.061
20429,681.137,0.93,1,-0.061857,0.438613,-0.896545,-0.349268,0.307157,-0.885249,-0.227,0.396,0.28,0.27,0.064
20430,681.171,0.93,1,-0.055372,0.435395,-0.898535,-0.356512,0.303185,-0.88373,-0.227,0.393,0.274,0.275,0.067
20431,681.204,0.93,1,-0.046982,0.420679,-0.905992,-0.345902,0.294965,-0.8907,-0.215,0.379,0.268,0.27,0.069
20432,681.237,0.93,1,-0.03747,0.420683,-0.906434,-0.345132,0.294364,-0.891198,-0.21,0.379,0.267,0.272,0.069
20433,681.271,0.93,1,-0.054735,0.422884,-0.904529,-0.345584,0.293809,-0.891206,-0.219,0.38,0.27,0.271,0.069
20434,681.304,0.93,1,-0.055599,0.425693,-0.903158,-0.353414,0.295332,-0.887625,-0.225,0.383,0.267,0.274,0.07
20435,681.337,0.93,1,-0.063871,0.422592,-0.904067,-0.357277,0.292103,-0.887147,-0.231,0.38,0.267,0.273,0.07
20436,681.371,0.93,1,-0.09096,0.427084,-0.899625,-0.353448,0.290688,-0.889143,-0.244,0.382,0.264,0.274,0.072
20437,681.404,0.93,1,-0.091002,0.427233,-0.89955,-0.359306,0.286176,-0.888258,-0.247,0.38,0.264,0.274,0.073
20438,681.437,0.93,1,-0.13069,0.434051,-0.891358,-0.356181,0.29051,-0.88811,-0.267,0.387,0.263,0.276,0.074
20439,681.471,0.93,1,-0.133559,0.435923,-0.890018,-0.354056,0.288476,-0.889621,-0.267,0.387,0.26,0.274,0.075
20440,681.504,0.93,1,-0.123338,0.434057,-0.892402,-0.36308,0.282712,-0.887833,-0.267,0.383,0.258,0.275,0.076
20441,681.537,0.93,1,-0.076612,0.43437,-0.89747,-0.363046,0.284192,-0.887374,-0.242,0.383,0.256,0.278,0.077
20442,681.571,0.93,1,-0.119061,0.436716,-0.891686,-0.365657,0.282058,-0.886983,-0.266,0.384,0.257,0.281,0.077
20443,681.604,0.93,1,-0.123823,0.443603,-0.887629,-0.348217,0.285819,-0.892778,-0.259,0.389,0.253,0.283,0.077
20444,681.637,0.93,1,-0.111427,0.449588,-0.886259,-0.349529,0.296257,-0.888854,-0.254,0.398,0.265,0.288,0.073
20445,681.671,0.93,1,-0.132409,0.443964,-0.886208,-0.346621,0.28827,-0.892611,-0.263,0.391,0.263,0.291,0.072
20446,681.704,0.93,1,-0.125004,0.440289,-0.889112,-0.352223,0.290818,-0.889586,-0.262,0.39,0.269,0.297,0.073
20447,681.738,0.93,1,-0.08531,0.439844,-0.894013,-0.358493,0.291798,-0.886756,-0.244,0.39,0.271,0.296,0.074
20448,681.771,0.93,1,-0.097091,0.437041,-0.894186,-0.365028,0.28853,-0.885158,-0.254,0.387,0.272,0.299,0.076
20449,681.804,0.93,1,-0.08748,0.440455,-0.893502,-0.375931,0.287144,-0.881036,-0.255,0.389,0.275,0.3,0.077
20450,681.838,0.93,1,-0.067515,0.442653,-0.894148,-0.372284,0.297206,-0.879246,-0.243,0.395,0.277,0.297,0.079
20451,681.871,0.93,1,-0.094551,0.445937,-0.890056,-0.35771,0.297872,-0.885051,-0.249,0.397,0.28,0.296,0.081
20452,681.904,0.93,1,-0.004342,0.476087,-0.879387,-0.350887,0.319575,-0.880199,-0.199,0.425,0.279,0.286,0.084
20453,681.938,0.93,1,0.027061,0.469581,-0.882475,-0.313598,0.333673,-0.888998,-0.16,0.426,0.281,0.259,0.086
20454,681.971,0.93,1,0.058798,0.491266,-0.869023,-0.270727,0.356936,-0.894038,-0.12,0.448,0.291,0.225,0.085
20455,682.004,0.93,1,0.066179,0.488898,-0.869827,-0.241912,0.329539,-0.912624,-0.098,0.43,0.289,0.186,0.088
20456,682.038,0.93,1,0.063103,0.49275,-0.86788,-0.237996,0.341253,-0.909343,-0.098,0.439,0.294,0.16,0.09
20457,682.071,0.93,1,0.081545,0.505924,-0.858715,-0.252325,0.363532,-0.896759,-0.097,0.46,0.296,0.143,0.093
20458,682.104,0.93,1,0.097387,0.506619,-0.856652,-0.291003,0.365563,-0.884127,-0.111,0.464,0.304,0.135,0.097
20459,682.138,0.93,1,0.087171,0.511959,-0.854575,-0.29278,0.367299,-0.88282,-0.118,0.468,0.309,0.134,0.1
20460,682.171,0.93,1,0.075526,0.505611,-0.859449,-0.301013,0.348638,-0.887605,-0.128,0.455,0.304,0.132,0.105
20461,682.204,0.93,1,0.087232,0.49527,-0.864348,-0.297965,0.341197,-0.891516,-0.119,0.445,0.305,0.132,0.106
20462,682.238,0.93,1,0.080783,0.500933,-0.861708,-0.292725,0.342542,-0.892736,-0.12,0.448,0.304,0.134,0.106
20463,682.271,0.93,1,0.072929,0.490286,-0.868505,-0.301888,0.339459,-0.89086,-0.129,0.441,0.304,0.136,0.105
20464,682.304,0.93,1,0.060615,0.493884,-0.867413,-0.304142,0.334339,-0.892029,-0.138,0.44,0.299,0.139,0.106
20465,682.338,0.93,1,0.055384,0.491429,-0.869155,-0.308754,0.323199,-0.894547,-0.143,0.433,0.295,0.141,0.107
20466,682.371,0.93,1,0.037924,0.491389,-0.870114,-0.310208,0.327552,-0.892458,-0.153,0.435,0.294,0.145,0.107
20467,682.404,0.93,1,0.052145,0.499151,-0.864945,-0.303808,0.325761,-0.89531,-0.142,0.438,0.291,0.149,0.107
20468,682.438,0.93,1,0.036902,0.497331,-0.866776,-0.306712,0.324106,-0.894921,-0.152,0.436,0.29,0.151,0.108
20469,682.471,0.93,1,0.034317,0.491085,-0.870435,-0.310522,0.321282,-0.894625,-0.155,0.431,0.289,0.153,0.108
20470,682.504,0.93,1,0.043694,0.481745,-0.875221,-0.313165,0.319649,-0.894289,-0.151,0.425,0.286,0.155,0.108
20471,682.538,0.93,1,0.044635,0.474904,-0.878905,-0.306729,0.319497,-0.896571,-0.147,0.421,0.285,0.156,0.107
20472,682.571,0.93,1,0.037474,0.49043,-0.870675,-0.30184,0.31981,-0.898117,-0.148,0.43,0.284,0.158,0.107
20473,682.604,0.93,1,0.041505,0.453696,-0.89019,-0.306816,0.318164,-0.897015,-0.147,0.408,0.28,0.157,0.106
20474,682.638,0.93,1,0.059232,0.453984,-0.889039,-0.308873,0.324492,-0.894037,-0.139,0.412,0.268,0.156,0.106
20475,682.671,0.93,1,0.00472,0.533103,-0.846037,-0.310852,0.355138,-0.881617,-0.175,0.475,0.255,0.161,0.109
20476,682.704,0.93,1,-0.017539,0.541644,-0.840425,-0.31153,0.347508,-0.884413,-0.189,0.476,0.247,0.164,0.11
20477,682.738,0.93,1,-0.06277,0.514462,-0.855212,-0.323573,0.324142,-0.88895,-0.218,0.448,0.243,0.169,0.11
20478,682.771,0.93,1,-0.111931,0.502899,-0.857067,-0.315852,0.313396,-0.895556,-0.239,0.436,0.239,0.18,0.109
20479,682.805,0.93,1,-0.074753,0.495321,-0.865488,-0.338166,0.297692,-0.892762,-0.231,0.424,0.237,0.203,0.108
20480,682.838,0.93,1,-0.079946,0.516899,-0.852305,-0.34924,0.311234,-0.883835,-0.242,0.445,0.235,0.226,0.112
20481,682.871,0.93,1,-0.117268,0.522858,-0.844315,-0.350956,0.322514,-0.879099,-0.265,0.456,0.252,0.252,0.112
20482,682.905,0.93,1,-0.162609,0.515079,-0.841577,-0.352008,0.31933,-0.87984,-0.29,0.451,0.255,0.28,0.111
20483,682.938,0.93,1,-0.176098,0.513783,-0.839652,-0.36755,0.317602,-0.874092,-0.307,0.452,0.26,0.307,0.107
20484,682.971,0.98,1,-0.192188,0.50267,-0.842844,-0.350694,0.322184,-0.879324,-0.305,0.447,0.252,0.321,0.103
20485,683.005,0.98,1,-0.220936,0.510622,-0.830935,-0.361001,0.312412,-0.878679,-0.328,0.449,0.247,0.327,0.101
20486,683.038,0.98,1,-0.202585,0.527994,-0.824731,-0.382627,0.301203,-0.873426,-0.332,0.454,0.24,0.371,0.109
20487,683.071,0.93,1,-0.188837,0.517184,-0.834782,-0.372076,0.29759,-0.879204,-0.316,0.444,0.21,0.355,0.113
20488,683.105,0.93,1,-0.197092,0.505417,-0.840065,-0.375768,0.288079,-0.8808,-0.321,0.432,0.199,0.342,0.108
20489,683.138,0.93,1,-0.229319,0.47867,-0.847519,-0.34296,0.294473,-0.892,-0.318,0.418,0.195,0.31,0.099
20490,683.171,0.93,1,-0.230476,0.481652,-0.845513,-0.338624,0.299197,-0.892085,-0.317,0.422,0.197,0.314,0.084
20491,683.205,0.93,1,-0.226937,0.479474,-0.847705,-0.335572,0.297939,-0.893658,-0.312,0.42,0.196,0.321,0.077
20492,683.238,0.93,1,-0.210042,0.483387,-0.849835,-0.334125,0.308179,-0.890722,-0.303,0.427,0.2,0.324,0.077
20493,683.271,0.98,1,-0.167583,0.421888,-0.891026,-0.364525,0.269753,-0.891266,-0.29,0.37,0.193,0.35,0.085
20494,683.305,0.98,1,-0.174704,0.418341,-0.89133,-0.379302,0.2624,-0.887286,-0.302,0.366,0.202,0.354,0.086
20495,683.338,0.98,1,-0.178616,0.420471,-0.889551,-0.384359,0.258115,-0.886366,-0.307,0.365,0.221,0.358,0.08
20496,683.371,0.98,1,-0.179267,0.42369,-0.887891,-0.379952,0.26494,-0.886253,-0.305,0.37,0.224,0.352,0.076
20497,683.405,0.98,1,-0.182773,0.426542,-0.885808,-0.383518,0.270851,-0.882923,-0.31,0.376,0.229,0.352,0.073
20498,683.438,0.98,1,-0.179212,0.429205,-0.885249,-0.387893,0.277157,-0.879046,-0.311,0.381,0.246,0.357,0.064
20499,683.471,0.98,1,-0.23087,0.464023,-0.855209,-0.445981,0.308751,-0.840103,-0.38,0.428,0.266,0.367,0.055
20500,683.505,0.98,1,-0.27914,0.496657,-0.821835,-0.428893,0.42204,-0.798707,-0.412,0.516,0.25,0.367,0.058
20501,683.538,0.98,1,-0.300342,0.455737,-0.837914,-0.441851,0.491109,-0.750719,-0.437,0.537,0.231,0.387,0.066
20502,683.571,0.98,1,-0.419014,0.306477,-0.854692,-0.458516,0.458752,-0.761124,-0.498,0.442,0.219,0.415,0.074
20503,683.605,0.98,1,-0.463162,0.258765,-0.847657,-0.469511,0.431256,-0.77044,-0.523,0.403,0.221,0.446,0.08
20510,683.838,0.98,1,-0.471412,0.264024,-0.841464,-0.489655,0.404981,-0.772158,-0.537,0.393,0.2,0.466,0.058
20511,683.871,0.98,1,-0.467273,0.301771,-0.831017,-0.494171,0.395475,-0.774206,-0.54,0.41,0.182,0.472,0.067
20523,684.272,0.93,1,-0.421404,0.262333,-0.868101,-0.456315,0.437717,-0.774713,-0.491,0.403,0.091,0.452,0.108
20524,684.305,0.93,1,-0.243819,0.379985,-0.89228,-0.40761,0.40009,-0.820842,-0.363,0.427,0.066,0.43,0.113
20618,687.439,0.98,1,0.162765,0.427277,-0.889349,-0.07598,0.430418,-0.899426,0.048,0.447,0.003,0.08,0.044
20619,687.473,0.98,1,0.200296,0.5144,-0.833831,-0.025457,0.526677,-0.849684,0.103,0.554,0.077,0.025,0.045
20620,687.506,0.98,1,0.177167,0.564313,-0.806327,0.034154,0.55474,-0.831322,0.128,0.599,0.125,-0.029,0.045
20621,687.539,0.98,1,0.245008,0.588872,-0.770196,0.032484,0.540733,-0.840567,0.171,0.612,0.164,-0.088,0.055
20622,687.573,0.98,1,0.302972,0.528962,-0.792721,-0.025488,0.495391,-0.868296,0.166,0.553,0.21,-0.132,0.067
20623,687.606,0.98,1,0.301443,0.543296,-0.783557,-0.07288,0.461366,-0.884211,0.136,0.542,0.242,-0.161,0.083
20624,687.639,0.98,1,0.285181,0.567318,-0.772543,-0.088492,0.48241,-0.871464,0.119,0.568,0.261,-0.175,0.097
20625,687.673,0.98,1,0.278258,0.579093,-0.766305,-0.112673,0.485887,-0.866728,0.101,0.578,0.267,-0.185,0.108
20626,687.706,0.98,1,0.270721,0.546647,-0.792393,-0.101401,0.445566,-0.889488,0.1,0.533,0.279,-0.198,0.114
20627,687.739,0.98,1,0.30821,0.516803,-0.7987,-0.094036,0.394208,-0.914198,0.124,0.489,0.287,-0.21,0.118
20628,687.773,0.98,1,0.305508,0.51307,-0.802137,-0.128401,0.354869,-0.926057,0.102,0.465,0.288,-0.21,0.12
20629,687.806,0.98,1,0.287648,0.534039,-0.795022,-0.129032,0.348377,-0.928431,0.092,0.473,0.293,-0.209,0.123
20630,687.839,0.98,1,0.288156,0.571353,-0.768454,-0.131354,0.36332,-0.922358,0.092,0.505,0.311,-0.216,0.126
20631,687.873,0.98,1,0.296599,0.567474,-0.768116,-0.133571,0.374406,-0.917594,0.096,0.51,0.329,-0.223,0.129
20632,687.906,0.98,1,0.292234,0.567903,-0.769471,-0.143188,0.390187,-0.909534,0.089,0.519,0.342,-0.227,0.132
20633,687.939,0.98,1,0.225168,0.533416,-0.815332,-0.154429,0.339688,-0.927774,0.041,0.464,0.325,-0.215,0.132
20634,687.973,0.98,1,0.190973,0.51901,-0.833161,-0.12288,0.341019,-0.93199,0.039,0.453,0.332,-0.21,0.13
20635,688.006,0.98,1,0.16762,0.471335,-0.865879,-0.115508,0.33525,-0.935022,0.029,0.421,0.343,-0.196,0.133
20636,688.039,0.98,1,0.151245,0.482406,-0.862792,-0.122096,0.32583,-0.937511,0.016,0.422,0.356,-0.178,0.142
20637,688.073,0.98,1,0.134532,0.482257,-0.865638,-0.132152,0.336903,-0.932219,0.001,0.428,0.371,-0.169,0.15
20638,688.106,0.98,1,0.121679,0.491234,-0.862487,-0.159958,0.346767,-0.924211,-0.021,0.439,0.378,-0.169,0.158
20639,688.139,0.98,1,0.110512,0.497175,-0.860584,-0.161016,0.353736,-0.921382,-0.028,0.445,0.389,-0.172,0.166
20640,688.173,0.98,1,0.105559,0.50868,-0.85446,-0.152026,0.402619,-0.902655,-0.026,0.478,0.399,-0.178,0.17
20641,688.206,0.98,1,0.104722,0.519216,-0.848203,-0.149269,0.420784,-0.894796,-0.026,0.495,0.402,-0.187,0.175
20642,688.239,0.98,1,0.109248,0.516743,-0.849142,-0.146247,0.421882,-0.894778,-0.021,0.494,0.403,-0.194,0.179
20643,688.273,0.98,1,0.10764,0.522025,-0.846111,-0.1471,0.414774,-0.897956,-0.023,0.493,0.405,-0.197,0.18
20644,688.306,0.98,1,0.146693,0.532239,-0.833788,-0.149807,0.416237,-0.89683,-0.002,0.501,0.409,-0.206,0.18
20645,688.34,0.98,1,0.153839,0.533014,-0.832003,-0.15542,0.416205,-0.89589,-0.001,0.502,0.408,-0.209,0.178
20646,688.373,0.98,1,0.155434,0.533805,-0.831199,-0.149265,0.419457,-0.895419,0.004,0.504,0.408,-0.212,0.173
20647,688.406,0.98,1,0.145683,0.525365,-0.838312,-0.123929,0.410753,-0.903285,0.012,0.493,0.404,-0.208,0.165
20648,688.44,0.98,1,0.218501,0.542816,-0.81093,-0.108157,0.422452,-0.899909,0.064,0.514,0.395,-0.215,0.159
20649,688.473,0.98,1,0.170764,0.537453,-0.825823,-0.127649,0.401066,-0.907112,0.025,0.496,0.379,-0.216,0.152
20650,688.506,0.98,1,0.18474,0.532248,-0.826186,-0.128239,0.363774,-0.922618,0.032,0.473,0.364,-0.206,0.144
20651,688.54,0.98,1,0.168028,0.542049,-0.823377,-0.147717,0.349315,-0.925288,0.012,0.471,0.351,-0.19,0.138
20652,688.573,0.98,1,0.259927,0.580385,-0.771746,-0.174168,0.320292,-0.93117,0.05,0.487,0.335,-0.167,0.128
20653,688.606,0.98,1,0.292715,0.584893,-0.756451,-0.110703,0.453672,-0.884266,0.11,0.564,0.324,-0.135,0.111
20654,688.64,0.98,1,0.267262,0.598144,-0.75551,-0.093374,0.409243,-0.907635,0.104,0.545,0.296,-0.092,0.105
20655,688.673,0.98,1,0.130846,0.591051,-0.795951,-0.017252,0.331642,-0.943247,0.065,0.488,0.249,-0.031,0.104
20656,688.706,0.88,1,0.030309,0.657035,-0.75325,-0.122114,0.361955,-0.924163,-0.055,0.546,0.209,0.042,0.11
20834,694.641,0.98,1,0.067874,0.524889,-0.84846,-0.230433,0.470826,-0.851601,-0.095,0.53,0.232,0.107,0.082
20835,694.675,0.98,1,0.05395,0.549187,-0.833956,-0.197102,0.423672,-0.884112,-0.083,0.515,0.241,0.027,0.097
20836,694.708,0.98,1,0.059307,0.519897,-0.852168,-0.120153,0.360844,-0.924854,-0.034,0.46,0.239,-0.04,0.119
20837,694.741,0.98,1,0.164824,0.494609,-0.853343,-0.036257,0.352614,-0.935066,0.072,0.442,0.254,-0.128,0.135
20838,694.775,0.98,1,0.256603,0.526546,-0.810496,-0.070458,0.380989,-0.921891,0.107,0.483,0.306,-0.178,0.156
20839,694.808,0.98,1,0.212747,0.557724,-0.802299,-0.08473,0.385303,-0.918892,0.074,0.501,0.334,-0.201,0.188
20840,694.841,0.98,1,0.251286,0.60619,-0.754578,-0.108391,0.408947,-0.906098,0.086,0.549,0.349,-0.215,0.213
20841,694.875,0.98,1,0.258781,0.623476,-0.737774,-0.122882,0.40175,-0.907467,0.082,0.557,0.357,-0.21,0.229
20842,694.908,0.98,1,0.269552,0.630402,-0.727966,-0.132384,0.409486,-0.90266,0.084,0.568,0.364,-0.204,0.241
20843,694.941,0.98,1,0.27233,0.633569,-0.724173,-0.113568,0.438921,-0.89132,0.098,0.586,0.369,-0.199,0.248
20844,694.975,0.98,1,0.250297,0.632546,-0.732965,-0.119082,0.466653,-0.876387,0.081,0.599,0.374,-0.2,0.254
20845,695.008,0.98,1,0.268183,0.625747,-0.732474,-0.09819,0.468869,-0.877793,0.105,0.597,0.37,-0.197,0.256
20846,695.042,0.98,1,0.274845,0.628509,-0.727624,-0.090086,0.460687,-0.882979,0.114,0.595,0.363,-0.191,0.257
20847,695.075,0.98,1,0.275151,0.625015,-0.730512,-0.070369,0.455757,-0.887318,0.126,0.589,0.362,-0.189,0.257
20848,695.108,0.98,1,0.271063,0.626877,-0.730445,-0.081911,0.455287,-0.886569,0.116,0.59,0.359,-0.188,0.261
20849,695.142,0.98,1,0.273733,0.626308,-0.729937,-0.072793,0.459045,-0.885426,0.124,0.592,0.36,-0.188,0.263
20850,695.175,0.98,1,0.267849,0.616609,-0.740304,-0.064078,0.465167,-0.882901,0.125,0.588,0.36,-0.189,0.261
20851,695.208,0.98,1,0.265876,0.62089,-0.737432,-0.080116,0.461899,-0.883307,0.114,0.589,0.357,-0.192,0.258
20852,695.242,0.98,1,0.26236,0.624627,-0.735532,-0.072659,0.455828,-0.887097,0.116,0.587,0.358,-0.192,0.255
20853,695.275,0.98,1,0.272034,0.623312,-0.73313,-0.076574,0.46453,-0.882241,0.12,0.593,0.355,-0.194,0.251
20854,695.308,0.98,1,0.272712,0.628476,-0.728454,-0.085738,0.465335,-0.880972,0.116,0.597,0.355,-0.195,0.248
20855,695.342,0.98,1,0.267326,0.622389,-0.735641,-0.080258,0.459661,-0.884461,0.115,0.589,0.355,-0.203,0.244
20856,695.375,0.98,1,0.272757,0.626384,-0.730238,-0.086514,0.466891,-0.880073,0.115,0.596,0.351,-0.204,0.238
20857,695.408,0.98,1,0.280547,0.617819,-0.73457,-0.108252,0.429047,-0.896772,0.105,0.571,0.344,-0.206,0.233
20858,695.442,0.98,1,0.276764,0.61431,-0.738935,-0.100388,0.434696,-0.894965,0.108,0.571,0.342,-0.205,0.228
20859,695.475,0.98,1,0.283754,0.617798,-0.733355,-0.112749,0.434778,-0.893452,0.105,0.574,0.337,-0.203,0.224
20860,695.508,0.98,1,0.277819,0.610006,-0.742097,-0.115867,0.429648,-0.895532,0.099,0.566,0.334,-0.204,0.22
20861,695.542,0.98,1,0.289022,0.606291,-0.740863,-0.113111,0.414578,-0.902957,0.107,0.556,0.33,-0.203,0.217
20862,695.575,0.98,1,0.287224,0.617793,-0.732007,-0.11036,0.433369,-0.894434,0.108,0.574,0.328,-0.2,0.21
20863,695.608,0.98,1,0.300502,0.608091,-0.734795,-0.114852,0.435719,-0.892725,0.114,0.57,0.321,-0.198,0.204
20864,695.642,0.98,1,0.284782,0.560739,-0.777477,-0.032743,0.489562,-0.871354,0.152,0.567,0.32,-0.207,0.194
20865,695.675,0.98,1,0.117354,0.522709,-0.844396,-0.013913,0.474719,-0.880027,0.06,0.524,0.305,-0.168,0.18
20866,695.708,0.98,1,0.030161,0.353509,-0.934945,-0.065312,0.407117,-0.911038,-0.019,0.391,0.287,-0.126,0.164
21107,703.744,0.98,1,-0.061601,0.407775,-0.911002,-0.235807,0.419578,-0.876555,-0.165,0.433,0.208,0.202,0.029
21108,703.777,0.98,1,-0.030144,0.482761,-0.875233,-0.25226,0.45993,-0.851369,-0.162,0.5,0.21,0.199,0.032
21109,703.811,0.93,1,-0.050004,0.468596,-0.881996,-0.275181,0.4076,-0.870711,-0.183,0.464,0.204,0.201,0.036
21110,703.844,0.93,1,-0.109813,0.495098,-0.86187,-0.284541,0.377591,-0.881171,-0.222,0.464,0.208,0.203,0.038
21111,703.877,0.93,1,-0.11756,0.500553,-0.857686,-0.284247,0.368066,-0.885286,-0.227,0.462,0.218,0.204,0.037
21112,703.911,0.93,1,-0.1265,0.485394,-0.865096,-0.291805,0.356245,-0.887659,-0.234,0.448,0.224,0.206,0.038
21113,703.944,0.93,1,-0.108193,0.492447,-0.863591,-0.274687,0.329831,-0.903194,-0.213,0.436,0.233,0.208,0.038
21114,703.978,0.93,1,-0.056496,0.459,-0.886638,-0.282296,0.360409,-0.889053,-0.189,0.432,0.24,0.206,0.04
21115,704.011,0.98,1,-0.054288,0.458938,-0.886808,-0.266876,0.304107,-0.914492,-0.176,0.401,0.248,0.204,0.042
21116,704.044,0.93,1,-0.006112,0.46358,-0.886034,-0.280296,0.303802,-0.91057,-0.158,0.404,0.255,0.2,0.046
21117,704.078,0.93,1,0.000821,0.460726,-0.887542,-0.280653,0.292302,-0.914218,-0.154,0.396,0.259,0.193,0.049
21118,704.111,0.93,1,0.02455,0.464127,-0.885428,-0.271779,0.300563,-0.91422,-0.137,0.402,0.27,0.187,0.048
21119,704.144,0.93,1,0.018573,0.46564,-0.88478,-0.281156,0.29396,-0.913531,-0.145,0.4,0.278,0.184,0.049
21120,704.178,0.93,1,0.018849,0.474051,-0.880296,-0.282385,0.302151,-0.910474,-0.146,0.409,0.289,0.183,0.049
21121,704.211,0.98,1,0.037968,0.478153,-0.877456,-0.280406,0.322631,-0.904036,-0.135,0.422,0.3,0.183,0.049
21122,704.244,0.98,1,0.021866,0.482089,-0.875849,-0.29121,0.3207,-0.901303,-0.15,0.424,0.31,0.189,0.052
21123,704.278,0.98,1,0.006076,0.472708,-0.881198,-0.298547,0.3146,-0.901053,-0.163,0.416,0.318,0.192,0.056
21124,704.311,0.98,1,-0.036252,0.484581,-0.873995,-0.319156,0.302811,-0.898023,-0.198,0.418,0.326,0.197,0.059
21125,704.344,0.98,1,-0.055286,0.481652,-0.874617,-0.326037,0.299696,-0.896594,-0.212,0.415,0.336,0.206,0.06
21126,704.378,0.98,1,-0.075112,0.482555,-0.872639,-0.334177,0.299273,-0.893735,-0.228,0.417,0.343,0.216,0.062
21127,704.411,0.98,1,-0.075053,0.485434,-0.871046,-0.340613,0.300837,-0.890775,-0.232,0.42,0.342,0.226,0.065
21128,704.444,0.98,1,-0.080075,0.479487,-0.873888,-0.358393,0.29809,-0.884701,-0.244,0.416,0.343,0.236,0.066
21129,704.478,0.98,1,-0.103431,0.477175,-0.872701,-0.374729,0.293046,-0.879603,-0.266,0.414,0.341,0.243,0.067
21130,704.511,0.98,1,-0.115044,0.467245,-0.876611,-0.373377,0.296734,-0.878942,-0.271,0.41,0.339,0.249,0.068
21131,704.544,0.98,1,-0.126664,0.469688,-0.873699,-0.381697,0.302079,-0.87353,-0.283,0.416,0.335,0.255,0.071
21132,704.578,0.98,1,-0.141279,0.461593,-0.875769,-0.392054,0.307017,-0.867199,-0.297,0.415,0.329,0.261,0.073
21133,704.611,0.98,1,-0.143448,0.45997,-0.876271,-0.392144,0.306316,-0.867406,-0.298,0.414,0.323,0.266,0.076
21134,704.644,0.98,1,-0.146648,0.462191,-0.874571,-0.391065,0.317137,-0.863998,-0.3,0.421,0.314,0.268,0.078
21135,704.678,0.98,1,-0.14282,0.564633,-0.812891,-0.326638,0.449254,-0.831552,-0.278,0.553,0.305,0.269,0.078
21136,704.711,0.98,1,-0.167842,0.429204,-0.887475,-0.408549,0.384338,-0.827872,-0.324,0.443,0.298,0.282,0.078
21158,705.445,0.98,1,0.206754,0.427787,-0.879916,-0.004908,0.326378,-0.945227,0.11,0.392,0.27,0.005,0.078
21160,705.511,0.98,1,0.244699,0.430273,-0.8689,0.03125,0.374267,-0.926794,0.152,0.421,0.268,-0.047,0.078
21161,705.545,0.98,1,0.243488,0.426151,-0.871269,0.040133,0.381162,-0.923637,0.157,0.423,0.265,-0.062,0.08
21162,705.578,0.98,1,0.248951,0.442465,-0.861538,0.034692,0.383521,-0.92288,0.158,0.434,0.265,-0.066,0.082
21163,705.611,0.98,1,0.250423,0.442809,-0.860934,0.043674,0.385978,-0.921474,0.164,0.435,0.264,-0.069,0.084
21164,705.645,0.98,1,0.252624,0.44595,-0.858668,0.045666,0.391509,-0.91904,0.166,0.44,0.268,-0.07,0.085
21165,705.678,0.98,1,0.257907,0.441185,-0.859558,0.048415,0.38749,-0.920602,0.17,0.436,0.266,-0.071,0.088
21166,705.711,0.98,1,0.265927,0.443508,-0.855911,0.03968,0.386563,-0.921409,0.17,0.437,0.265,-0.076,0.091
21167,705.745,0.98,1,0.247543,0.441061,-0.862663,0.031457,0.391182,-0.919776,0.155,0.437,0.263,-0.079,0.091
21168,705.778,0.98,1,0.257104,0.454485,-0.852843,0.030477,0.400386,-0.91584,0.161,0.45,0.262,-0.082,0.092
21169,705.811,0.98,1,0.259997,0.450861,-0.853888,0.041232,0.400403,-0.915411,0.169,0.448,0.262,-0.081,0.091
21170,705.845,0.98,1,0.25913,0.456007,-0.851416,0.043149,0.401761,-0.914728,0.17,0.452,0.264,-0.082,0.091
21171,705.878,0.98,1,0.259749,0.469963,-0.843602,0.030685,0.405879,-0.913412,0.164,0.462,0.264,-0.083,0.089
21172,705.911,0.98,1,0.263475,0.471198,-0.841756,0.030968,0.408129,-0.912399,0.166,0.465,0.265,-0.086,0.087
21173,705.945,0.98,1,0.283678,0.507694,-0.813495,0.021997,0.424188,-0.905307,0.176,0.497,0.261,-0.083,0.087
21174,705.978,0.98,1,0.290207,0.527374,-0.798534,0.019956,0.449303,-0.893156,0.181,0.524,0.261,-0.085,0.085
21175,706.011,0.98,1,0.292278,0.537739,-0.790829,0.01223,0.466508,-0.884433,0.18,0.54,0.261,-0.089,0.084
21176,706.045,0.98,1,0.301829,0.539245,-0.786202,0.007711,0.483962,-0.875055,0.184,0.552,0.259,-0.092,0.082
21177,706.078,0.98,1,0.309489,0.545054,-0.779187,0.006139,0.49425,-0.869298,0.189,0.563,0.26,-0.091,0.079
21178,706.111,0.98,1,0.303484,0.547707,-0.779689,0.009961,0.492638,-0.870178,0.188,0.563,0.259,-0.094,0.077
21179,706.145,0.98,1,0.304207,0.541574,-0.783681,0.010016,0.493755,-0.869543,0.188,0.559,0.261,-0.096,0.076
21180,706.178,0.98,1,0.306877,0.536209,-0.786325,0.0055,0.494444,-0.869192,0.186,0.557,0.263,-0.097,0.073
21181,706.212,0.98,1,0.331583,0.536389,-0.776105,0.006549,0.492433,-0.870326,0.203,0.559,0.264,-0.099,0.072
21182,706.245,0.98,1,0.34201,0.531452,-0.774976,0.020784,0.493757,-0.869351,0.217,0.558,0.264,-0.1,0.071
21183,706.278,0.98,1,0.33724,0.530868,-0.777462,0.01413,0.495649,-0.868408,0.21,0.558,0.264,-0.105,0.069
21184,706.312,0.98,1,0.333462,0.533197,-0.777498,0.023887,0.497232,-0.867289,0.214,0.56,0.264,-0.107,0.068
21185,706.345,0.98,1,0.338388,0.536938,-0.772782,0.023147,0.49711,-0.867379,0.217,0.563,0.265,-0.109,0.066
21186,706.378,0.98,1,0.335097,0.533275,-0.776741,0.027901,0.496109,-0.867812,0.217,0.559,0.268,-0.111,0.065
21187,706.412,0.98,1,0.330299,0.536565,-0.776531,0.03288,0.495391,-0.868047,0.217,0.56,0.269,-0.11,0.063
21188,706.445,0.98,1,0.325196,0.5364,-0.778796,0.033216,0.495776,-0.867815,0.214,0.56,0.27,-0.113,0.061
21189,706.478,0.98,1,0.337455,0.535505,-0.774183,0.035032,0.496888,-0.867107,0.223,0.561,0.27,-0.113,0.059
21190,706.512,0.98,1,0.334719,0.534019,-0.776393,0.036936,0.494925,-0.86815,0.222,0.559,0.269,-0.116,0.057
21191,706.545,0.98,1,0.333122,0.537994,-0.774333,0.039602,0.491401,-0.870033,0.223,0.559,0.268,-0.117,0.056
21192,706.578,0.98,1,0.327017,0.541796,-0.774285,0.035627,0.491415,-0.870197,0.217,0.561,0.268,-0.119,0.055
21193,706.612,0.98,1,0.333498,0.536402,-0.775275,0.037404,0.494179,-0.868555,0.222,0.56,0.268,-0.12,0.052
21194,706.645,0.98,1,0.339263,0.536088,-0.772988,0.035463,0.497154,-0.866937,0.225,0.562,0.27,-0.122,0.05
21195,706.678,0.98,1,0.334564,0.53723,-0.774242,0.037015,0.508782,-0.860099,0.224,0.569,0.271,-0.121,0.05
21196,706.712,0.98,1,0.343082,0.54063,-0.768124,0.034183,0.503199,-0.863494,0.227,0.569,0.274,-0.121,0.049
21197,706.745,0.98,1,0.334526,0.542572,-0.770525,0.031362,0.512303,-0.858232,0.221,0.575,0.275,-0.122,0.051
21198,706.778,0.98,1,0.336319,0.542933,-0.769489,0.028569,0.509178,-0.860187,0.22,0.573,0.276,-0.121,0.052
21199,706.812,0.98,1,0.340994,0.543752,-0.766849,0.023876,0.507269,-0.861457,0.22,0.573,0.277,-0.122,0.053
21200,706.845,0.98,1,0.302547,0.560476,-0.770929,0.012217,0.507933,-0.86131,0.191,0.58,0.281,-0.12,0.054
21201,706.878,0.98,1,0.248471,0.554256,-0.794395,-0.00161,0.50506,-0.863083,0.148,0.569,0.281,-0.118,0.055
21202,706.912,0.98,1,0.256346,0.561359,-0.786869,0.003066,0.509727,-0.860331,0.156,0.577,0.286,-0.112,0.056
21203,706.945,0.98,1,0.238208,0.566724,-0.788721,0.00071,0.515366,-0.85697,0.144,0.582,0.292,-0.104,0.056
21204,706.978,0.98,1,0.241487,0.581089,-0.777187,-0.014893,0.51437,-0.857439,0.138,0.59,0.296,-0.092,0.054
21205,707.012,0.98,1,0.233245,0.584298,-0.777298,-0.021058,0.511496,-0.859027,0.129,0.59,0.302,-0.08,0.052
21206,707.045,0.98,1,0.23611,0.58009,-0.779582,-0.020569,0.505133,-0.862796,0.13,0.584,0.305,-0.07,0.052
21207,707.078,0.98,1,0.239246,0.585777,-0.774355,-0.021907,0.504519,-0.863122,0.132,0.587,0.305,-0.063,0.051
21208,707.112,0.98,1,0.244227,0.587326,-0.771623,-0.030793,0.51596,-0.856059,0.13,0.596,0.311,-0.054,0.048
21209,707.145,0.98,1,0.213757,0.575729,-0.789205,-0.033246,0.510268,-0.859372,0.109,0.583,0.313,-0.049,0.047
21210,707.178,0.98,1,0.229804,0.576926,-0.783803,-0.032203,0.5231,-0.851663,0.12,0.592,0.315,-0.048,0.044
21211,707.212,0.98,1,0.254654,0.570396,-0.780897,-0.02828,0.515295,-0.856546,0.137,0.585,0.315,-0.046,0.043
21212,707.245,0.98,1,0.229027,0.550337,-0.802917,-0.03442,0.510639,-0.859106,0.117,0.568,0.315,-0.048,0.041
21213,707.279,0.98,1,0.228971,0.528004,-0.817793,-0.038659,0.521616,-0.852304,0.113,0.561,0.311,-0.05,0.041
21214,707.312,0.98,1,0.24218,0.532608,-0.810973,-0.031618,0.523751,-0.851284,0.126,0.566,0.308,-0.055,0.04
21215,707.345,0.98,1,0.25698,0.535536,-0.804464,-0.033924,0.531294,-0.846508,0.134,0.574,0.305,-0.06,0.04
21216,707.379,0.98,1,0.253949,0.539499,-0.802777,-0.018604,0.532965,-0.845932,0.142,0.577,0.301,-0.063,0.041
21217,707.412,0.98,1,0.248456,0.540408,-0.803884,-0.016354,0.505713,-0.862547,0.138,0.561,0.296,-0.062,0.042
21218,707.445,0.98,1,0.266958,0.544349,-0.795247,-0.008286,0.496793,-0.867829,0.154,0.559,0.291,-0.06,0.043
21219,707.479,0.98,1,0.272301,0.538127,-0.797666,-0.002576,0.497805,-0.867285,0.161,0.557,0.288,-0.056,0.044
21220,707.512,0.98,1,0.271152,0.547187,-0.791873,-0.002629,0.498589,-0.866834,0.16,0.563,0.285,-0.051,0.044
21221,707.545,0.98,1,0.271903,0.541201,-0.79572,0.006775,0.499936,-0.866036,0.166,0.56,0.277,-0.049,0.043
21222,707.579,0.98,1,0.304606,0.520438,-0.797721,0.022677,0.499971,-0.865745,0.194,0.55,0.272,-0.047,0.042
21223,707.612,0.98,1,0.326111,0.482914,-0.812678,0.05379,0.38074,-0.923116,0.215,0.462,0.278,-0.04,0.039
21501,716.881,0.98,1,0.056008,0.393369,-0.917673,-0.209074,0.382654,-0.899924,-0.084,0.404,0.041,0.155,0.016
21502,716.915,0.98,1,0.073241,0.393761,-0.916291,-0.176059,0.387073,-0.905084,-0.056,0.405,0.055,0.133,0.021
21503,716.948,0.98,1,0.12417,0.415543,-0.901058,-0.119557,0.453506,-0.883198,0.003,0.453,0.068,0.105,0.025
21504,716.981,0.98,1,0.161599,0.501901,-0.849695,-0.037025,0.477615,-0.877789,0.072,0.516,0.073,0.065,0.025
21505,717.015,0.93,1,0.201905,0.498327,-0.843151,-0.028863,0.411404,-0.910996,0.098,0.478,0.109,0.029,0.023
21506,717.048,0.98,1,0.247628,0.489755,-0.835955,-0.01576,0.422766,-0.906102,0.132,0.483,0.183,-0.014,0.011
21507,717.081,0.98,1,0.262005,0.49974,-0.825599,-0.005807,0.443199,-0.896405,0.148,0.501,0.204,-0.045,-0.004
21508,717.115,0.98,1,0.261094,0.490673,-0.831306,-0.026053,0.413386,-0.910183,0.134,0.479,0.21,-0.08,-0.008
21509,717.148,0.98,1,0.23229,0.484128,-0.8436,-0.062307,0.357866,-0.931692,0.095,0.443,0.219,-0.101,0.0
21510,717.181,0.98,1,0.282672,0.42537,-0.859742,-0.065111,0.360022,-0.930669,0.121,0.413,0.241,-0.125,0.005
21511,717.215,0.98,1,0.239775,0.472986,-0.847816,-0.182083,0.335813,-0.924162,0.033,0.428,0.254,-0.126,0.019
21512,717.248,0.98,1,0.236529,0.466578,-0.852267,-0.15135,0.347738,-0.925295,0.048,0.43,0.267,-0.148,0.027
21513,717.282,0.98,1,0.213722,0.458433,-0.862648,-0.162805,0.341472,-0.925684,0.028,0.421,0.28,-0.16,0.036
21514,717.315,0.98,1,0.21134,0.452288,-0.866471,-0.142125,0.323772,-0.9354,0.038,0.407,0.288,-0.171,0.041
21515,717.348,0.98,1,0.20291,0.449469,-0.869946,-0.142373,0.308996,-0.940346,0.033,0.397,0.291,-0.178,0.048
21516,717.382,0.98,1,0.21374,0.451009,-0.866548,-0.130117,0.315441,-0.939982,0.046,0.401,0.298,-0.182,0.054
21517,717.415,0.98,1,0.187255,0.444611,-0.875932,-0.132862,0.291388,-0.947333,0.03,0.384,0.302,-0.189,0.064
21518,717.448,0.98,1,0.186204,0.456651,-0.869941,-0.108691,0.303195,-0.94671,0.043,0.396,0.311,-0.196,0.068
21519,717.482,0.98,1,0.194428,0.476461,-0.857428,-0.134733,0.299806,-0.944438,0.033,0.407,0.321,-0.202,0.073
21520,717.515,0.98,1,0.228402,0.483677,-0.84492,-0.108681,0.304533,-0.946281,0.067,0.415,0.333,-0.209,0.076
21521,717.548,0.98,1,0.239955,0.500406,-0.831875,-0.114158,0.306325,-0.945057,0.071,0.426,0.339,-0.218,0.079
21522,717.582,0.98,1,0.24912,0.517815,-0.818417,-0.124721,0.29375,-0.947711,0.07,0.431,0.346,-0.222,0.079
21523,717.615,0.93,1,0.260337,0.522139,-0.812155,-0.109135,0.305327,-0.945973,0.086,0.44,0.349,-0.24,0.084
21524,717.648,0.93,1,0.253942,0.544607,-0.799323,-0.098884,0.323736,-0.940966,0.089,0.463,0.355,-0.241,0.087
21525,717.682,0.93,1,0.246914,0.549033,-0.798497,-0.089872,0.330907,-0.939374,0.09,0.469,0.365,-0.242,0.091
21526,717.715,0.93,1,0.248605,0.545216,-0.800584,-0.081009,0.326737,-0.941637,0.096,0.464,0.371,-0.246,0.099
21527,717.748,0.93,1,0.296186,0.539135,-0.788421,-0.070874,0.333273,-0.940163,0.13,0.467,0.372,-0.255,0.105
21528,717.782,0.93,1,0.328038,0.557808,-0.762392,-0.088003,0.349633,-0.932745,0.141,0.492,0.375,-0.26,0.113
21529,717.815,0.98,1,0.303042,0.557348,-0.773,-0.079692,0.361264,-0.929052,0.13,0.495,0.383,-0.263,0.119
21530,717.848,0.98,1,0.342026,0.568491,-0.748222,-0.042819,0.360249,-0.931873,0.176,0.505,0.379,-0.27,0.122
21531,717.882,0.93,1,0.341811,0.574383,-0.743808,-0.059826,0.369801,-0.927183,0.167,0.514,0.379,-0.27,0.122
21532,717.915,0.93,1,0.355155,0.576591,-0.735804,-0.058619,0.368239,-0.927881,0.176,0.516,0.383,-0.271,0.122
21533,717.948,0.93,1,0.305037,0.542861,-0.782467,-0.013199,0.345484,-0.938332,0.168,0.477,0.394,-0.267,0.107
21534,717.982,0.93,1,0.285199,0.564905,-0.774302,-0.039129,0.358913,-0.93255,0.143,0.496,0.392,-0.269,0.12
21535,718.015,0.93,1,0.312105,0.581431,-0.751351,-0.037184,0.357953,-0.932999,0.162,0.509,0.392,-0.268,0.121
21536,718.048,0.93,1,0.321682,0.596538,-0.735298,-0.044934,0.351431,-0.935135,0.164,0.516,0.397,-0.272,0.12
21537,718.082,0.93,1,0.252359,0.487135,-0.836071,-0.116357,0.366231,-0.92322,0.077,0.452,0.418,-0.293,0.088
21538,718.115,0.93,1,0.247236,0.485357,-0.838632,-0.119569,0.359325,-0.925521,0.072,0.447,0.425,-0.293,0.084
21539,718.148,0.93,1,0.233893,0.486787,-0.841625,-0.118738,0.365217,-0.923319,0.065,0.45,0.436,-0.286,0.083
21540,718.182,0.93,1,0.22326,0.479881,-0.848451,-0.131493,0.35475,-0.925669,0.052,0.44,0.433,-0.285,0.082
21541,718.215,0.93,1,0.228903,0.496093,-0.837553,-0.138317,0.378005,-0.915413,0.052,0.463,0.437,-0.278,0.082
21542,718.248,0.93,1,0.249737,0.580781,-0.774806,-0.080748,0.358077,-0.930194,0.099,0.503,0.424,-0.251,0.094
21543,718.282,0.93,1,0.294229,0.614512,-0.731987,-0.068744,0.376253,-0.923963,0.135,0.539,0.421,-0.267,0.12
21544,718.315,0.93,1,0.279953,0.60532,-0.745127,-0.064402,0.363839,-0.929233,0.128,0.525,0.42,-0.271,0.123
21545,718.348,0.93,1,0.231613,0.521253,-0.821371,-0.119244,0.38756,-0.9141,0.065,0.482,0.432,-0.269,0.087
21546,718.382,0.93,1,0.242957,0.579185,-0.778149,-0.08971,0.354683,-0.930673,0.089,0.5,0.426,-0.247,0.097
21547,718.415,0.93,1,0.274111,0.611039,-0.742627,-0.083016,0.374255,-0.923603,0.114,0.534,0.419,-0.256,0.12
21548,718.449,0.93,1,0.267904,0.612705,-0.743519,-0.08597,0.390394,-0.916625,0.109,0.544,0.417,-0.251,0.123
21549,718.482,0.93,1,0.255897,0.606839,-0.752504,-0.088021,0.387663,-0.917589,0.1,0.537,0.418,-0.248,0.124
21550,718.515,0.93,1,0.267014,0.616513,-0.740686,-0.101578,0.385863,-0.916947,0.099,0.544,0.414,-0.238,0.123
21551,718.549,0.93,1,0.263369,0.611544,-0.74609,-0.115847,0.377806,-0.918609,0.088,0.536,0.417,-0.232,0.124
21552,718.582,0.98,1,0.266583,0.608254,-0.747637,-0.120298,0.373482,-0.919804,0.088,0.532,0.413,-0.225,0.123
21553,718.615,0.98,1,0.251208,0.632313,-0.732854,-0.144513,0.38595,-0.91113,0.065,0.555,0.413,-0.218,0.12
21554,718.649,0.98,1,0.253608,0.62782,-0.735884,-0.155514,0.385871,-0.909351,0.06,0.552,0.415,-0.201,0.116
21555,718.682,0.98,1,0.245478,0.637127,-0.730623,-0.127751,0.463415,-0.876884,0.073,0.6,0.413,-0.187,0.107
21556,718.715,0.98,1,0.251198,0.614235,-0.748074,-0.089732,0.459335,-0.883719,0.099,0.582,0.415,-0.168,0.102
21557,718.749,0.98,1,0.208496,0.632211,-0.746216,-0.118636,0.512401,-0.850512,0.056,0.622,0.409,-0.141,0.095
21558,718.782,0.98,1,0.082851,0.633836,-0.769017,-0.121717,0.556807,-0.821676,-0.024,0.643,0.409,-0.1,0.087
21559,718.815,0.98,1,0.074066,0.618926,-0.781949,-0.113795,0.512732,-0.850974,-0.024,0.606,0.413,-0.048,0.078
21560,718.849,0.98,1,0.030898,0.641067,-0.766863,-0.157034,0.566611,-0.808883,-0.08,0.654,0.414,0.018,0.07
21561,718.882,0.98,1,-0.003066,0.575363,-0.817893,-0.163426,0.564445,-0.809131,-0.102,0.611,0.4,0.089,0.069
21562,718.915,0.98,1,0.001533,0.551397,-0.834242,-0.185651,0.579331,-0.793669,-0.113,0.607,0.41,0.123,0.083
21563,718.949,0.98,1,-0.049948,0.540373,-0.839942,-0.238433,0.565177,-0.789763,-0.175,0.596,0.41,0.136,0.101
21564,718.982,0.98,1,-0.125173,0.473625,-0.871786,-0.25512,0.531292,-0.807863,-0.223,0.539,0.415,0.152,0.105
21565,719.015,0.98,1,-0.148057,0.463632,-0.87357,-0.27147,0.511225,-0.815446,-0.243,0.523,0.399,0.167,0.11
21566,719.049,0.98,1,-0.140583,0.462115,-0.875606,-0.268428,0.495618,-0.82602,-0.236,0.513,0.381,0.183,0.113
21567,719.082,0.98,1,-0.131098,0.45756,-0.879461,-0.281525,0.472053,-0.83541,-0.236,0.497,0.371,0.193,0.114
21568,719.115,0.98,1,-0.124789,0.446861,-0.885857,-0.233165,0.440919,-0.866732,-0.201,0.469,0.356,0.201,0.114
21569,719.149,0.98,1,-0.133525,0.447484,-0.884268,-0.245378,0.430732,-0.868481,-0.213,0.464,0.349,0.207,0.112
21570,719.182,0.98,1,-0.196483,0.421429,-0.88532,-0.280868,0.424076,-0.860972,-0.267,0.451,0.341,0.212,0.11
21571,719.215,0.98,1,-0.218982,0.426512,-0.877573,-0.296167,0.424251,-0.855743,-0.289,0.456,0.334,0.218,0.108
21572,719.249,0.98,1,-0.205632,0.426465,-0.880819,-0.290933,0.420505,-0.85938,-0.278,0.453,0.329,0.225,0.104
21573,719.282,0.98,1,-0.211588,0.415531,-0.884627,-0.309677,0.405001,-0.860276,-0.29,0.44,0.319,0.235,0.102
21574,719.315,0.98,1,-0.212438,0.406124,-0.888782,-0.310456,0.406463,-0.859305,-0.291,0.435,0.315,0.241,0.098
21575,719.349,0.98,1,-0.212295,0.401338,-0.890987,-0.303612,0.393256,-0.867854,-0.285,0.424,0.311,0.246,0.093
21576,719.382,0.98,1,-0.192759,0.414919,-0.889205,-0.29283,0.389891,-0.873061,-0.269,0.428,0.305,0.248,0.09
21577,719.415,0.98,1,-0.165365,0.406807,-0.898422,-0.283823,0.3734,-0.883186,-0.247,0.413,0.303,0.245,0.084
21579,719.482,0.98,1,-0.017601,0.15805,-0.987274,-0.201829,0.42323,-0.883256,-0.117,0.301,0.287,0.178,0.078
21597,720.082,0.98,1,0.176486,0.433974,-0.88347,0.010186,0.341368,-0.939874,0.102,0.402,0.273,-0.065,0.025
21598,720.116,0.98,1,0.050562,0.464529,-0.884113,-0.030252,0.33851,-0.940476,0.011,0.415,0.272,-0.04,0.02
21600,720.182,0.98,1,-0.134407,0.2077,-0.968915,-0.247394,0.424216,-0.871113,-0.205,0.331,0.27,0.092,0.014
21601,720.216,0.98,1,-0.210336,0.173505,-0.96211,-0.30865,0.469127,-0.827439,-0.282,0.345,0.252,0.177,0.032
21602,720.249,0.98,1,-0.216706,0.16169,-0.962754,-0.339595,0.457513,-0.821801,-0.302,0.334,0.235,0.245,0.042
21603,720.282,0.98,1,-0.303299,0.1988,-0.931927,-0.369251,0.422986,-0.827488,-0.365,0.34,0.22,0.288,0.045
21619,720.816,0.98,1,-0.13498,0.434317,-0.890589,-0.315786,0.391821,-0.86415,-0.251,0.44,0.233,0.252,0.034
21620,720.849,0.98,1,-0.01339,0.515238,-0.856943,-0.276484,0.466256,-0.840334,-0.169,0.524,0.217,0.218,0.041
21621,720.883,0.93,1,-0.078597,0.426749,-0.900948,-0.338247,0.388807,-0.856982,-0.233,0.434,0.204,0.143,0.052
21622,720.916,0.98,1,-0.040554,0.427451,-0.903129,-0.20008,0.360258,-0.911143,-0.132,0.41,0.17,0.059,0.07
21623,720.949,0.98,1,0.10687,0.473645,-0.874208,-0.222626,0.320634,-0.920669,-0.064,0.417,0.157,0.025,0.073
21624,720.983,0.98,1,0.162959,0.531188,-0.831435,-0.090743,0.495556,-0.863823,0.043,0.545,0.145,0.014,0.085
21625,721.016,0.98,1,0.227772,0.462252,-0.856996,-0.034019,0.391903,-0.919377,0.109,0.448,0.149,-0.02,0.096
21626,721.049,0.98,1,0.299942,0.425007,-0.854051,-0.053596,0.395724,-0.916804,0.138,0.434,0.162,-0.082,0.108
21627,721.083,0.98,1,0.305541,0.482339,-0.820972,-0.029835,0.315847,-0.948341,0.155,0.424,0.186,-0.133,0.119
21628,721.116,0.98,1,0.214685,0.515796,-0.829377,-0.019506,0.273464,-0.961684,0.109,0.415,0.246,-0.106,0.125
21629,721.149,0.98,1,0.207726,0.552021,-0.807541,-0.043398,0.26321,-0.963762,0.093,0.431,0.262,-0.102,0.136
21630,721.183,0.98,1,0.185822,0.555304,-0.810622,-0.05022,0.272245,-0.960917,0.076,0.437,0.266,-0.099,0.145
21631,721.216,0.98,1,0.157142,0.558672,-0.814366,-0.065312,0.261263,-0.963056,0.052,0.432,0.271,-0.088,0.151
21632,721.249,0.98,1,0.176837,0.579719,-0.795396,-0.069012,0.272653,-0.959634,0.061,0.452,0.273,-0.075,0.155
21633,721.283,0.98,1,0.167725,0.5886,-0.790834,-0.077357,0.280569,-0.956711,0.052,0.462,0.273,-0.068,0.161
21634,721.316,0.98,1,0.175807,0.590341,-0.787775,-0.118018,0.325001,-0.938321,0.033,0.488,0.279,-0.061,0.166
21635,721.349,0.98,1,0.172389,0.602153,-0.779547,-0.183155,0.386514,-0.903914,-0.006,0.531,0.285,-0.051,0.171
21636,721.383,0.98,1,0.171061,0.598338,-0.78277,-0.180324,0.403578,-0.896999,-0.006,0.538,0.282,-0.04,0.179
21637,721.416,0.98,1,0.163099,0.580795,-0.797543,-0.175424,0.40609,-0.896837,-0.007,0.527,0.281,-0.038,0.189
21638,721.449,0.98,1,0.165277,0.60156,-0.781543,-0.174546,0.421308,-0.889962,-0.006,0.549,0.279,-0.023,0.19
21639,721.483,0.98,1,0.193701,0.608945,-0.769198,-0.174836,0.441004,-0.880311,0.011,0.567,0.265,-0.019,0.195
21640,721.516,0.98,1,0.167536,0.610021,-0.774472,-0.187766,0.36237,-0.912925,-0.012,0.523,0.281,-0.007,0.217
21641,721.549,0.98,1,0.176373,0.552525,-0.814622,-0.147236,0.374218,-0.915578,0.017,0.492,0.345,-0.037,0.213
21642,721.583,0.98,1,0.113037,0.446641,-0.887544,-0.163915,0.355171,-0.920318,-0.028,0.417,0.322,-0.136,0.214
21643,721.616,0.98,1,0.155146,0.469626,-0.869127,-0.130799,0.434476,-0.891136,0.014,0.474,0.393,-0.194,0.201
21644,721.649,0.98,1,0.213211,0.661102,-0.719365,-0.107135,0.522247,-0.846038,0.068,0.647,0.393,-0.226,0.228
21645,721.683,0.98,1,0.217662,0.662544,-0.7167,-0.095964,0.398891,-0.911963,0.075,0.578,0.36,-0.26,0.245
21646,721.716,0.88,1,0.186389,0.631091,-0.752983,-0.087844,0.396841,-0.913674,0.059,0.553,0.326,-0.194,0.243
21647,721.75,0.98,1,0.208463,0.611012,-0.76368,-0.109638,0.45155,-0.885484,0.06,0.572,0.312,-0.223,0.25
21648,721.783,0.93,1,0.22021,0.598828,-0.770009,-0.101951,0.432917,-0.89565,0.071,0.555,0.301,-0.215,0.239
21649,721.816,0.93,1,0.219099,0.571207,-0.791023,-0.109967,0.394604,-0.912247,0.064,0.516,0.291,-0.215,0.242
21650,721.85,0.98,1,0.21637,0.581257,-0.784426,-0.110438,0.453147,-0.884569,0.063,0.555,0.291,-0.182,0.241
21651,721.883,0.93,1,0.188781,0.556307,-0.809249,-0.103742,0.399284,-0.910939,0.049,0.507,0.265,-0.174,0.234
21652,721.916,0.98,1,0.143429,0.570626,-0.808588,-0.181901,0.387672,-0.903672,-0.022,0.51,0.264,-0.038,0.221
21653,721.95,0.98,1,0.148726,0.606839,-0.780786,-0.132279,0.395235,-0.909006,0.01,0.535,0.288,-0.035,0.222
21654,721.983,0.98,1,0.153074,0.617898,-0.771213,-0.1278,0.376209,-0.917679,0.015,0.532,0.299,-0.043,0.223
21655,722.016,0.98,1,0.160857,0.611266,-0.774906,-0.121295,0.369941,-0.921103,0.023,0.524,0.303,-0.048,0.223
21656,722.05,0.98,1,0.170685,0.622086,-0.764118,-0.131019,0.354916,-0.925672,0.023,0.524,0.306,-0.054,0.224
21657,722.083,0.98,1,0.179327,0.634,-0.752253,-0.141421,0.370598,-0.917964,0.023,0.542,0.309,-0.058,0.226
21658,722.116,0.98,1,0.172543,0.629957,-0.75722,-0.129927,0.36833,-0.920572,0.025,0.537,0.309,-0.066,0.229
21659,722.15,0.98,1,0.178675,0.628411,-0.757083,-0.154384,0.364379,-0.918365,0.014,0.535,0.306,-0.071,0.233
21660,722.183,0.98,1,0.17085,0.629771,-0.757759,-0.125102,0.376039,-0.91812,0.027,0.541,0.31,-0.067,0.229
21661,722.216,0.98,1,0.17607,0.640133,-0.747817,-0.140688,0.376598,-0.915631,0.021,0.549,0.309,-0.068,0.231
21662,722.25,0.98,1,0.175393,0.643504,-0.745077,-0.140333,0.37497,-0.916354,0.021,0.55,0.308,-0.068,0.225
21663,722.283,0.98,1,0.111787,0.622001,-0.774996,-0.182346,0.344489,-0.920911,-0.042,0.518,0.306,-0.081,0.22
21664,722.316,0.98,1,0.019684,0.578307,-0.815582,-0.180966,0.322242,-0.929199,-0.092,0.476,0.303,-0.081,0.21
21665,722.35,0.98,1,0.007126,0.559587,-0.828741,-0.17889,0.319797,-0.930445,-0.097,0.464,0.297,-0.066,0.2
21666,722.383,0.98,1,0.011128,0.540801,-0.841077,-0.16416,0.312311,-0.935689,-0.086,0.448,0.297,-0.04,0.189
21667,722.416,0.98,1,0.014023,0.531003,-0.847254,-0.109765,0.29548,-0.949022,-0.053,0.431,0.303,-0.012,0.178
21668,722.45,0.98,1,0.008687,0.518228,-0.855198,-0.080685,0.309787,-0.947376,-0.04,0.431,0.303,0.009,0.171
21669,722.483,0.98,1,0.026717,0.515191,-0.856659,-0.099938,0.324889,-0.940457,-0.041,0.437,0.299,0.016,0.173
21670,722.516,0.98,1,0.043186,0.49849,-0.865819,-0.103606,0.331339,-0.937806,-0.033,0.431,0.292,0.019,0.174
21671,722.55,0.98,1,0.032793,0.496641,-0.867336,-0.094991,0.335722,-0.937159,-0.034,0.432,0.287,0.018,0.177
21672,722.583,0.98,1,0.051189,0.5004,-0.86428,-0.092381,0.346604,-0.933451,-0.023,0.44,0.287,0.016,0.178
21673,722.616,0.98,1,0.070765,0.511212,-0.856536,-0.092742,0.345316,-0.933893,-0.012,0.446,0.291,0.017,0.179
21674,722.65,0.98,1,0.005319,0.551453,-0.834189,-0.21118,0.444974,-0.870288,-0.12,0.529,0.297,0.036,0.176
21675,722.683,0.98,1,-0.044562,0.591041,-0.80541,-0.30837,0.485047,-0.818314,-0.214,0.585,0.288,0.031,0.18
21676,722.716,0.98,1,-0.150375,0.50758,-0.84838,-0.334064,0.412966,-0.847266,-0.278,0.497,0.28,0.037,0.183
21677,722.75,0.98,1,-0.13571,0.537944,-0.831985,-0.392831,0.399506,-0.828299,-0.308,0.514,0.294,0.096,0.17
21678,722.783,0.93,1,-0.100685,0.554183,-0.826283,-0.421881,0.361982,-0.831255,-0.305,0.505,0.306,0.178,0.164
21679,722.816,0.93,1,-0.139341,0.549786,-0.823602,-0.424405,0.346668,-0.836482,-0.327,0.495,0.354,0.297,0.149
21680,722.85,0.93,1,-0.187941,0.559697,-0.807105,-0.473464,0.324125,-0.819009,-0.386,0.498,0.356,0.353,0.146
21681,722.883,0.93,1,-0.182666,0.56977,-0.801246,-0.457331,0.32032,-0.829604,-0.374,0.5,0.349,0.373,0.141
21682,722.917,0.93,1,-0.176527,0.570478,-0.802118,-0.469699,0.321073,-0.822372,-0.379,0.502,0.348,0.383,0.134
21683,722.95,0.93,1,-0.157862,0.569412,-0.806752,-0.456404,0.317013,-0.831383,-0.359,0.496,0.35,0.384,0.127
21684,722.983,0.93,1,-0.167552,0.54675,-0.82036,-0.438697,0.288938,-0.850917,-0.348,0.464,0.339,0.378,0.126
21685,723.017,0.93,1,-0.159892,0.554474,-0.816696,-0.414521,0.32654,-0.849437,-0.332,0.486,0.354,0.374,0.118
21686,723.05,0.93,1,-0.169139,0.546868,-0.819956,-0.396513,0.304228,-0.866154,-0.324,0.467,0.362,0.374,0.113
21687,723.083,0.93,1,-0.157925,0.534657,-0.830181,-0.358476,0.33391,-0.871779,-0.295,0.472,0.382,0.37,0.099
21688,723.117,0.93,1,-0.159924,0.545343,-0.822816,-0.389196,0.34339,-0.854757,-0.316,0.487,0.394,0.375,0.089
21689,723.15,0.93,1,-0.15439,0.543846,-0.824861,-0.375092,0.365991,-0.851679,-0.306,0.497,0.403,0.381,0.082
21690,723.183,0.93,1,-0.141762,0.548094,-0.824316,-0.394827,0.350438,-0.849297,-0.31,0.493,0.394,0.386,0.078
21691,723.217,0.98,1,-0.171474,0.543661,-0.821602,-0.435695,0.334386,-0.835677,-0.351,0.487,0.395,0.392,0.073
21692,723.25,0.98,1,-0.169093,0.548413,-0.818932,-0.440328,0.332621,-0.833951,-0.353,0.49,0.404,0.398,0.069
21693,723.283,0.98,1,-0.179124,0.56011,-0.808821,-0.473504,0.357912,-0.804793,-0.384,0.517,0.429,0.421,0.064
21694,723.317,0.98,1,-0.1688,0.586946,-0.791834,-0.489248,0.375244,-0.787292,-0.395,0.547,0.448,0.437,0.058
21695,723.35,0.98,1,-0.18787,0.594719,-0.781674,-0.50221,0.384501,-0.77456,-0.417,0.562,0.459,0.46,0.052
21696,723.383,0.98,1,-0.203302,0.584671,-0.785384,-0.508524,0.383404,-0.770976,-0.429,0.556,0.458,0.47,0.047
21697,723.417,0.98,1,-0.203472,0.565956,-0.798933,-0.513522,0.385003,-0.766856,-0.429,0.546,0.452,0.477,0.046
21698,723.45,0.98,1,-0.198023,0.561969,-0.803105,-0.50772,0.395961,-0.765137,-0.423,0.548,0.448,0.472,0.043
21699,723.483,0.98,1,-0.176333,0.570642,-0.802044,-0.500577,0.390121,-0.772806,-0.406,0.548,0.449,0.463,0.04
21700,723.517,0.98,1,-0.173812,0.562853,-0.808075,-0.495032,0.399238,-0.771721,-0.4,0.547,0.455,0.461,0.035
21701,723.55,0.98,1,-0.155139,0.569358,-0.807319,-0.485939,0.409891,-0.771915,-0.386,0.555,0.454,0.457,0.036
21702,723.583,0.98,1,-0.164502,0.567291,-0.80692,-0.484231,0.423384,-0.76568,-0.391,0.562,0.454,0.461,0.039
21703,723.617,0.98,1,-0.135466,0.579753,-0.803452,-0.486589,0.418377,-0.766936,-0.377,0.566,0.447,0.463,0.046
21704,723.65,0.98,1,-0.13809,0.572299,-0.808335,-0.477032,0.420352,-0.771845,-0.371,0.561,0.445,0.462,0.052
21705,723.683,0.98,1,-0.152449,0.56818,-0.80866,-0.479014,0.411928,-0.775153,-0.379,0.554,0.44,0.451,0.058
21706,723.717,0.98,1,-0.151083,0.559123,-0.815203,-0.477005,0.411249,-0.77675,-0.376,0.547,0.44,0.436,0.06
21707,723.75,0.98,1,-0.172909,0.585848,-0.79176,-0.450234,0.422152,-0.786814,-0.376,0.568,0.442,0.418,0.064
21708,723.783,0.93,1,-0.047401,0.634986,-0.771068,-0.267277,0.604254,-0.750627,-0.204,0.683,0.397,0.317,0.087
21709,723.817,0.93,1,-0.015865,0.574457,-0.818381,-0.182434,0.550964,-0.814344,-0.121,0.604,0.353,0.236,0.108
21710,723.85,0.88,1,0.038224,0.523161,-0.851376,-0.178167,0.534074,-0.826451,-0.083,0.562,0.302,0.164,0.135
21712,723.917,0.98,1,0.102855,0.494429,-0.863111,-0.094145,0.325315,-0.940907,0.005,0.427,0.302,0.041,0.137
21713,723.95,0.98,1,0.101106,0.519872,-0.84824,-0.105714,0.405419,-0.907998,-0.003,0.485,0.308,0.023,0.134
21714,723.984,0.98,1,0.103815,0.501382,-0.858975,-0.131947,0.423196,-0.896379,-0.016,0.485,0.325,0.017,0.133
21715,724.017,0.98,1,0.120348,0.519585,-0.8459,-0.138903,0.422755,-0.895536,-0.011,0.496,0.328,0.021,0.14
21716,724.05,0.98,1,0.136081,0.542304,-0.829089,-0.124441,0.413106,-0.90214,0.007,0.504,0.331,0.021,0.147
21717,724.084,0.98,1,0.114936,0.530785,-0.839677,-0.120203,0.447404,-0.886217,-0.003,0.516,0.337,0.009,0.172
21718,724.117,0.98,1,0.09092,0.544354,-0.833914,-0.119212,0.449104,-0.885491,-0.016,0.524,0.349,0.003,0.184
21719,724.15,0.98,1,0.068213,0.515455,-0.854198,-0.148396,0.462381,-0.874175,-0.046,0.515,0.354,0.019,0.192
21720,724.184,0.98,1,-0.026194,0.452138,-0.891563,-0.17834,0.452526,-0.873736,-0.115,0.474,0.319,0.043,0.197
21721,724.217,0.98,1,-0.04003,0.455272,-0.889452,-0.185682,0.448681,-0.87419,-0.127,0.474,0.299,0.067,0.205
21722,724.25,0.98,1,-0.051714,0.461249,-0.885763,-0.207456,0.439048,-0.874185,-0.146,0.473,0.289,0.07,0.204
21723,724.284,0.88,1,-0.056689,0.478842,-0.876069,-0.206679,0.438614,-0.874586,-0.149,0.483,0.304,0.086,0.187
21724,724.317,0.98,1,-0.05441,0.465306,-0.883476,-0.198631,0.429562,-0.880921,-0.142,0.469,0.301,0.091,0.183
21725,724.35,0.98,1,-0.054327,0.484965,-0.872844,-0.211089,0.419159,-0.883033,-0.15,0.476,0.347,0.113,0.174
21726,724.384,0.98,1,-0.154835,0.537582,-0.828873,-0.265212,0.468047,-0.842968,-0.246,0.542,0.372,0.137,0.165
21727,724.417,0.98,1,-0.220134,0.545728,-0.808531,-0.259514,0.47833,-0.838959,-0.283,0.556,0.403,0.149,0.16
21728,724.45,0.98,1,-0.295835,0.53524,-0.791202,-0.372688,0.390667,-0.841714,-0.389,0.516,0.392,0.187,0.162
21729,724.484,0.98,1,-0.31316,0.548585,-0.775232,-0.403383,0.339446,-0.84974,-0.415,0.5,0.378,0.224,0.165
21730,724.517,0.93,1,-0.29034,0.570908,-0.767963,-0.409736,0.349308,-0.842674,-0.41,0.519,0.366,0.27,0.169
21731,724.55,0.93,1,-0.285926,0.565365,-0.773698,-0.427136,0.349406,-0.833949,-0.417,0.517,0.366,0.31,0.17
21732,724.584,0.93,1,-0.28592,0.571093,-0.769482,-0.456831,0.314299,-0.832179,-0.434,0.505,0.364,0.344,0.169
21733,724.617,0.93,1,-0.268988,0.532547,-0.802521,-0.466158,0.288195,-0.836445,-0.422,0.464,0.362,0.366,0.167
21734,724.65,0.93,1,-0.280078,0.5311,-0.799681,-0.473077,0.284914,-0.83368,-0.432,0.463,0.357,0.385,0.168
21735,724.684,0.93,1,-0.267795,0.534006,-0.801949,-0.468624,0.298404,-0.831473,-0.424,0.471,0.359,0.403,0.168
21736,724.717,0.98,1,-0.255819,0.543359,-0.799574,-0.48324,0.312684,-0.817746,-0.429,0.487,0.365,0.42,0.165
21737,724.75,0.98,1,-0.258809,0.546786,-0.796268,-0.510051,0.330482,-0.794122,-0.45,0.504,0.382,0.445,0.165
21738,724.784,0.98,1,-0.259976,0.562909,-0.784567,-0.522458,0.355258,-0.775132,-0.465,0.532,0.401,0.453,0.152
21739,724.817,0.98,1,-0.261161,0.563869,-0.783483,-0.521671,0.370457,-0.768519,-0.467,0.542,0.412,0.462,0.138
21740,724.85,0.98,1,-0.259659,0.563202,-0.784462,-0.530239,0.373911,-0.760945,-0.473,0.545,0.421,0.474,0.123
21741,724.884,0.98,1,-0.25761,0.564397,-0.784278,-0.525637,0.377818,-0.762207,-0.469,0.547,0.424,0.478,0.113
21742,724.917,0.98,1,-0.249827,0.560364,-0.78967,-0.530017,0.375279,-0.760426,-0.466,0.543,0.421,0.472,0.108
21743,724.95,0.98,1,-0.201528,0.550664,-0.810034,-0.459027,0.384635,-0.800843,-0.389,0.526,0.411,0.434,0.109
21744,724.984,0.93,1,-0.109202,0.601695,-0.791226,-0.356303,0.430759,-0.829153,-0.28,0.567,0.388,0.33,0.121
21745,725.017,0.93,1,-0.071843,0.576009,-0.81428,-0.397766,0.355714,-0.845725,-0.276,0.511,0.289,0.214,0.16
21746,725.05,0.77,1,-0.198649,0.541685,-0.816772,-0.520372,0.460898,-0.718878,-0.438,0.578,0.233,0.207,0.191
21747,725.084,0.98,1,0.163875,0.58003,-0.797941,-0.099783,0.519056,-0.848896,0.039,0.589,0.262,0.034,0.11
21748,725.117,0.98,1,0.192007,0.561721,-0.804738,-0.111527,0.455042,-0.883458,0.048,0.542,0.258,-0.0,0.118
21749,725.151,0.98,1,0.15216,0.557127,-0.816368,-0.11751,0.398888,-0.909439,0.02,0.506,0.261,-0.016,0.126
21750,725.184,0.98,1,0.147531,0.571123,-0.807498,-0.126392,0.36822,-0.921107,0.012,0.498,0.264,-0.021,0.14
21751,725.217,0.98,1,0.124802,0.568577,-0.813108,-0.124334,0.351122,-0.928038,0.0,0.486,0.265,-0.026,0.151
21752,725.251,0.98,1,0.128203,0.580655,-0.803993,-0.095157,0.291615,-0.951791,0.019,0.461,0.263,-0.039,0.161
21753,725.284,0.98,1,0.144145,0.571605,-0.807768,-0.100744,0.313944,-0.944081,0.025,0.468,0.264,-0.041,0.162
21754,725.317,0.98,1,0.192492,0.576487,-0.794109,-0.080433,0.314136,-0.945965,0.064,0.473,0.265,-0.043,0.164
21755,725.351,0.98,1,0.157217,0.547738,-0.821745,-0.122297,0.268873,-0.95538,0.02,0.431,0.272,-0.047,0.169
21756,725.384,0.98,1,0.194548,0.584245,-0.787914,-0.113184,0.297556,-0.947972,0.047,0.47,0.27,-0.029,0.167
21760,725.517,0.88,1,0.228498,0.47757,-0.848361,-0.026261,0.339958,-0.940074,0.113,0.429,0.271,-0.241,0.195
21761,725.551,0.98,1,0.263512,0.460546,-0.84762,0.00386,0.251662,-0.967807,0.146,0.374,0.256,-0.203,0.205
21762,725.584,0.93,1,0.230445,0.461559,-0.856655,-0.017274,0.260696,-0.965266,0.116,0.377,0.268,-0.155,0.198
21763,725.617,0.98,1,0.230986,0.48328,-0.844444,-0.031555,0.286389,-0.957594,0.11,0.404,0.282,-0.074,0.183
21764,725.651,0.98,1,0.193623,0.51204,-0.836854,-0.059392,0.314988,-0.947235,0.075,0.434,0.291,-0.05,0.178
21765,725.684,0.93,1,0.172336,0.526347,-0.832622,-0.069494,0.339858,-0.937906,0.058,0.455,0.293,-0.03,0.171
21766,725.717,0.93,1,0.100413,0.419279,-0.902288,-0.112805,0.286506,-0.951414,-0.007,0.364,0.278,-0.015,0.173
21767,725.751,0.88,1,0.163854,0.511465,-0.843537,-0.105411,0.269226,-0.957291,0.032,0.409,0.252,-0.04,0.17
21768,725.784,0.88,1,0.141533,0.509742,-0.848606,-0.093974,0.2913,-0.952005,0.026,0.419,0.24,-0.041,0.169
21769,725.817,0.98,1,0.13828,0.504557,-0.852233,-0.13792,0.257203,-0.956465,0.0,0.399,0.237,-0.036,0.172
21770,725.851,0.98,1,0.126325,0.514753,-0.847981,-0.124149,0.273269,-0.953893,0.001,0.412,0.236,-0.033,0.176
21771,725.884,0.98,1,0.13719,0.524429,-0.840329,-0.125738,0.244553,-0.961449,0.006,0.403,0.218,-0.039,0.171
21772,725.917,0.98,1,0.125162,0.523118,-0.843019,-0.128774,0.239382,-0.962348,-0.002,0.4,0.223,-0.026,0.166
21773,725.951,0.98,1,0.173097,0.575926,-0.798966,-0.100661,0.257967,-0.960896,0.041,0.443,0.24,-0.027,0.159
21774,725.984,0.93,1,0.148661,0.574261,-0.805062,-0.180368,0.327144,-0.927601,-0.018,0.48,0.254,-0.017,0.156
21775,726.017,0.88,1,0.096998,0.551349,-0.828616,-0.193444,0.43709,-0.878369,-0.056,0.525,0.245,0.001,0.164
21776,726.051,0.98,1,-0.073958,0.549509,-0.832208,-0.266608,0.459986,-0.846955,-0.2,0.541,0.219,0.043,0.173
21777,726.084,0.98,1,-0.161193,0.554296,-0.816561,-0.382288,0.421759,-0.822177,-0.32,0.537,0.219,0.082,0.149
21778,726.117,0.98,1,-0.213356,0.528463,-0.821709,-0.506582,0.360178,-0.783356,-0.422,0.506,0.241,0.149,0.126
21779,726.151,0.98,1,-0.209473,0.495853,-0.842764,-0.511413,0.318239,-0.798236,-0.414,0.461,0.184,0.217,0.139
21780,726.184,0.98,1,-0.194115,0.512955,-0.836179,-0.526362,0.395286,-0.75279,-0.426,0.519,0.177,0.293,0.135
21781,726.218,0.98,1,-0.212002,0.475401,-0.853844,-0.549076,0.374344,-0.747249,-0.444,0.488,0.119,0.361,0.164
21782,726.251,0.98,1,-0.237815,0.469505,-0.850299,-0.551853,0.304744,-0.776266,-0.452,0.444,0.093,0.467,0.192
21783,726.284,0.98,1,-0.34243,0.430418,-0.835154,-0.539331,0.310951,-0.78258,-0.499,0.43,0.099,0.508,0.219
21784,726.318,0.98,1,-0.351392,0.413796,-0.839819,-0.5834,0.280445,-0.76223,-0.528,0.409,0.11,0.523,0.239
21785,726.351,0.98,1,-0.376165,0.40878,-0.831504,-0.599304,0.269282,-0.753871,-0.552,0.404,0.124,0.555,0.25
21786,726.384,0.98,1,-0.398067,0.413179,-0.819039,-0.600476,0.256653,-0.757336,-0.565,0.402,0.154,0.596,0.243
21787,726.418,0.98,1,-0.40067,0.423842,-0.812294,-0.599552,0.263487,-0.75572,-0.568,0.413,0.17,0.613,0.234
21788,726.451,0.98,1,-0.405416,0.42332,-0.810208,-0.595861,0.271764,-0.755708,-0.569,0.418,0.183,0.616,0.224
21789,726.484,0.98,1,-0.398333,0.425894,-0.81237,-0.578329,0.280057,-0.766227,-0.554,0.421,0.198,0.617,0.205
21790,726.518,0.98,1,-0.393916,0.42595,-0.814492,-0.570334,0.274905,-0.774045,-0.546,0.416,0.207,0.621,0.191
21791,726.551,0.98,1,-0.378441,0.422787,-0.823428,-0.555262,0.264036,-0.78865,-0.525,0.403,0.202,0.618,0.187
21792,726.584,0.98,1,-0.374576,0.428228,-0.822383,-0.536841,0.264537,-0.801138,-0.512,0.403,0.194,0.616,0.189
21793,726.618,0.98,1,-0.383669,0.425579,-0.819561,-0.538454,0.260845,-0.801266,-0.517,0.401,0.192,0.616,0.189
21794,726.651,0.98,1,-0.372697,0.419462,-0.827737,-0.526891,0.261294,-0.808772,-0.503,0.394,0.191,0.609,0.189
21795,726.684,0.98,1,-0.338325,0.433749,-0.835104,-0.549815,0.273163,-0.789358,-0.5,0.41,0.197,0.605,0.183
21796,726.718,0.98,1,-0.310276,0.42813,-0.848784,-0.537561,0.270311,-0.798724,-0.475,0.401,0.202,0.607,0.169
21797,726.751,0.98,1,-0.327369,0.423771,-0.84454,-0.539818,0.275002,-0.795595,-0.486,0.403,0.21,0.609,0.155
21798,726.784,0.98,1,-0.317311,0.422046,-0.84923,-0.545311,0.29344,-0.785194,-0.486,0.413,0.219,0.615,0.14
21799,726.818,0.98,1,-0.297888,0.420109,-0.857188,-0.541809,0.29132,-0.788401,-0.472,0.408,0.226,0.614,0.128
21800,726.851,0.98,1,-0.285895,0.417096,-0.862725,-0.536521,0.300401,-0.78861,-0.462,0.41,0.233,0.601,0.118
21801,726.884,0.98,1,-0.222443,0.430936,-0.874536,-0.521109,0.312986,-0.794031,-0.419,0.419,0.23,0.568,0.118
21802,726.918,0.98,1,-0.266583,0.419312,-0.86782,-0.582334,0.328546,-0.743603,-0.485,0.435,0.199,0.478,0.135
21803,726.951,0.88,1,-0.267842,0.438483,-0.8579,-0.567194,0.475912,-0.67216,-0.5,0.539,0.23,0.397,0.141
21804,726.984,0.93,1,-0.008055,0.509093,-0.860674,-0.31334,0.297617,-0.901799,-0.18,0.429,0.23,0.211,0.079
21805,727.018,0.77,1,-0.20464,0.514163,-0.832922,-0.43897,0.463713,-0.769595,-0.382,0.548,0.197,0.214,0.114
21806,727.051,0.98,1,0.269436,0.541638,-0.796262,-0.051595,0.437405,-0.897783,0.128,0.524,0.24,0.02,0.069
21807,727.084,0.98,1,0.269345,0.497539,-0.824565,-0.052242,0.448019,-0.892496,0.126,0.503,0.249,-0.014,0.071
21808,727.118,0.98,1,0.251777,0.53747,-0.804819,-0.056085,0.354288,-0.933453,0.112,0.474,0.264,-0.044,0.077
21809,727.151,0.98,1,0.227435,0.542917,-0.808402,-0.037058,0.325652,-0.944763,0.108,0.46,0.275,-0.064,0.092
21810,727.184,0.98,1,0.221727,0.551148,-0.804409,-0.050064,0.312984,-0.948438,0.098,0.458,0.274,-0.077,0.112
21811,727.218,0.98,1,0.246902,0.570671,-0.783182,-0.06079,0.332828,-0.941026,0.108,0.483,0.268,-0.08,0.123
21812,727.251,0.98,1,0.233933,0.56795,-0.789118,-0.048805,0.318581,-0.946638,0.106,0.472,0.255,-0.094,0.134
21813,727.285,0.98,1,0.236505,0.572501,-0.785053,-0.044679,0.322144,-0.945636,0.11,0.477,0.244,-0.112,0.145
21814,727.318,0.98,1,0.241468,0.568261,-0.786621,-0.023244,0.328206,-0.94432,0.125,0.478,0.237,-0.105,0.143
21815,727.351,0.98,1,0.231817,0.562382,-0.793717,-0.009279,0.344995,-0.938559,0.128,0.483,0.23,-0.114,0.147
21816,727.385,0.98,1,0.234947,0.552211,-0.799914,0.006944,0.34895,-0.937115,0.138,0.479,0.22,-0.115,0.148
21817,727.418,0.98,1,0.232485,0.557946,-0.796647,-0.001769,0.326014,-0.945363,0.132,0.47,0.214,-0.107,0.15
21818,727.451,0.98,1,0.2123,0.543941,-0.811823,-0.002482,0.328966,-0.944339,0.119,0.461,0.211,-0.105,0.153
21819,727.485,0.98,1,0.21389,0.557396,-0.802222,0.0045,0.332998,-0.942917,0.124,0.472,0.212,-0.107,0.155
21820,727.518,0.98,1,0.186039,0.545502,-0.817201,-0.015768,0.313094,-0.949591,0.096,0.452,0.212,-0.104,0.162
21821,727.551,0.98,1,0.201375,0.558813,-0.804473,-0.004864,0.319957,-0.947419,0.112,0.465,0.213,-0.103,0.167
21822,727.585,0.98,1,0.197904,0.561646,-0.803361,-0.010429,0.316277,-0.94861,0.107,0.465,0.212,-0.1,0.17
21823,727.618,0.98,1,0.189111,0.559407,-0.807032,-0.00735,0.322353,-0.946591,0.103,0.466,0.216,-0.096,0.171
21824,727.651,0.98,1,0.194084,0.556798,-0.807655,-0.037991,0.325765,-0.944687,0.089,0.467,0.218,-0.088,0.173
21825,727.685,0.98,1,0.185603,0.552531,-0.812564,-0.076079,0.332301,-0.9401,0.062,0.468,0.224,-0.082,0.173
21826,727.718,0.98,1,0.180251,0.538454,-0.823151,-0.120779,0.418307,-0.90024,0.034,0.507,0.23,-0.08,0.172
21827,727.751,0.98,1,0.177788,0.550526,-0.815667,-0.168523,0.412104,-0.895416,0.005,0.512,0.232,-0.076,0.173
21828,727.785,0.98,1,0.183724,0.543043,-0.819359,-0.130222,0.413196,-0.901283,0.031,0.507,0.238,-0.079,0.172
21829,727.818,0.98,1,0.190069,0.553387,-0.810948,-0.126397,0.415222,-0.900896,0.037,0.515,0.242,-0.079,0.171
21830,727.851,0.98,1,0.17882,0.549814,-0.815922,-0.143536,0.40497,-0.902993,0.021,0.507,0.247,-0.074,0.171
21831,727.885,0.98,1,0.190887,0.557072,-0.808228,-0.129807,0.42785,-0.89448,0.036,0.524,0.255,-0.064,0.169
21832,727.918,0.98,1,0.178202,0.539204,-0.823106,-0.152214,0.425803,-0.891921,0.015,0.513,0.262,-0.055,0.169
21833,727.951,0.98,1,0.149575,0.538649,-0.829147,-0.126842,0.449925,-0.884013,0.013,0.523,0.27,-0.048,0.17
21834,727.985,0.98,1,0.042939,0.55443,-0.831122,-0.186215,0.455754,-0.870409,-0.084,0.536,0.273,-0.049,0.175
21835,728.018,0.98,1,0.003627,0.536724,-0.84375,-0.222256,0.460772,-0.859239,-0.128,0.53,0.277,-0.053,0.179
21836,728.051,0.98,1,-0.080404,0.505637,-0.858991,-0.217544,0.490082,-0.844094,-0.173,0.529,0.283,-0.036,0.174
21837,728.085,0.98,1,-0.116591,0.512214,-0.850907,-0.259044,0.494342,-0.829773,-0.22,0.54,0.291,-0.005,0.164
21838,728.118,0.98,1,-0.134863,0.519198,-0.843946,-0.259665,0.507092,-0.821846,-0.233,0.552,0.296,0.038,0.154
21839,728.151,0.98,1,-0.147308,0.521939,-0.840167,-0.246369,0.46574,-0.849934,-0.229,0.529,0.305,0.094,0.147
21840,728.185,0.98,1,-0.163604,0.539662,-0.825832,-0.306783,0.445127,-0.841276,-0.275,0.534,0.309,0.139,0.148
21841,728.218,0.98,1,-0.197545,0.55318,-0.809301,-0.327953,0.449944,-0.83066,-0.31,0.549,0.3,0.182,0.164
21842,728.251,0.98,1,-0.223566,0.553708,-0.802138,-0.353468,0.431493,-0.829984,-0.34,0.543,0.307,0.223,0.18
21843,728.285,0.93,1,-0.251384,0.554211,-0.793509,-0.387399,0.422068,-0.819622,-0.377,0.544,0.306,0.262,0.191
21844,728.318,0.93,1,-0.260428,0.545838,-0.796391,-0.414479,0.39277,-0.820938,-0.395,0.526,0.301,0.305,0.197
21845,728.351,0.93,1,-0.26311,0.523542,-0.810356,-0.450649,0.369528,-0.812628,-0.414,0.503,0.309,0.346,0.197
21846,728.385,0.93,1,-0.294214,0.531021,-0.794641,-0.473043,0.359194,-0.804494,-0.447,0.508,0.321,0.387,0.193
21847,728.418,0.98,1,-0.313272,0.5295,-0.788347,-0.512511,0.354619,-0.782034,-0.484,0.513,0.341,0.423,0.187
21848,728.452,0.98,1,-0.304643,0.537708,-0.78617,-0.536843,0.377858,-0.754336,-0.5,0.536,0.378,0.457,0.169
21849,728.485,0.98,1,-0.269875,0.549287,-0.790855,-0.546646,0.407221,-0.731676,-0.492,0.561,0.414,0.479,0.148
21850,728.518,0.98,1,-0.260954,0.569135,-0.779736,-0.546048,0.414556,-0.727994,-0.491,0.578,0.438,0.488,0.133
21851,728.552,0.98,1,-0.250535,0.569479,-0.782896,-0.539276,0.445668,-0.714536,-0.485,0.596,0.447,0.485,0.126
21852,728.585,0.98,1,-0.24776,0.583482,-0.773411,-0.517536,0.466369,-0.717395,-0.474,0.614,0.449,0.477,0.123
21853,728.618,0.98,1,-0.244928,0.574593,-0.780931,-0.526942,0.438523,-0.728031,-0.473,0.591,0.459,0.483,0.118
21854,728.652,0.98,1,-0.243338,0.571471,-0.783714,-0.525987,0.409264,-0.745547,-0.466,0.57,0.47,0.486,0.114
21855,728.685,0.98,1,-0.225474,0.578724,-0.783734,-0.524455,0.406242,-0.748274,-0.455,0.571,0.472,0.484,0.112
21856,728.718,0.98,1,-0.224753,0.577419,-0.784904,-0.523916,0.401333,-0.751295,-0.453,0.567,0.481,0.481,0.108
21857,728.752,0.98,1,-0.204339,0.5805,-0.788204,-0.524125,0.404623,-0.749381,-0.442,0.57,0.487,0.473,0.106
21858,728.785,0.98,1,-0.199169,0.582961,-0.78771,-0.514251,0.406809,-0.755018,-0.433,0.57,0.495,0.471,0.102
21859,728.818,0.98,1,-0.183417,0.570631,-0.800462,-0.517968,0.411377,-0.749985,-0.425,0.565,0.499,0.468,0.098
21860,728.852,0.98,1,-0.181187,0.576723,-0.796594,-0.518092,0.402585,-0.754657,-0.424,0.563,0.51,0.467,0.094
21861,728.885,0.98,1,-0.181004,0.603072,-0.77688,-0.503428,0.423324,-0.753231,-0.421,0.591,0.518,0.457,0.093
21862,728.918,0.98,1,-0.203896,0.599607,-0.773885,-0.480059,0.430242,-0.764484,-0.418,0.59,0.517,0.445,0.097
21863,728.952,0.98,1,-0.193852,0.592583,-0.781835,-0.480199,0.428756,-0.76523,-0.411,0.583,0.525,0.444,0.093
21864,728.985,0.98,1,-0.188066,0.598594,-0.778663,-0.48103,0.43498,-0.761185,-0.41,0.591,0.532,0.445,0.09
21865,729.018,0.98,1,-0.210892,0.600655,-0.771193,-0.467301,0.453655,-0.758833,-0.417,0.603,0.531,0.449,0.088
21866,729.052,0.98,1,-0.219902,0.605001,-0.765256,-0.469709,0.46596,-0.749837,-0.427,0.615,0.53,0.446,0.088
21867,729.085,0.98,1,-0.226434,0.601737,-0.765924,-0.469518,0.456152,-0.755961,-0.429,0.607,0.531,0.446,0.086
21868,729.118,0.98,1,-0.219168,0.609157,-0.762163,-0.470453,0.461008,-0.752427,-0.427,0.615,0.537,0.45,0.079
21869,729.152,0.98,1,-0.212794,0.601588,-0.769942,-0.472977,0.460737,-0.751009,-0.424,0.61,0.544,0.451,0.074
21870,729.185,0.98,1,-0.215972,0.606263,-0.765376,-0.496313,0.467927,-0.731244,-0.444,0.623,0.539,0.447,0.076
21871,729.218,0.98,1,-0.232139,0.604912,-0.761704,-0.499685,0.476994,-0.723043,-0.458,0.63,0.55,0.449,0.071
21872,729.252,0.98,1,-0.226986,0.612002,-0.757582,-0.472533,0.460637,-0.75135,-0.434,0.618,0.558,0.453,0.067
21873,729.285,0.98,1,-0.219986,0.613048,-0.7588,-0.471426,0.466612,-0.748352,-0.43,0.622,0.561,0.454,0.065
21874,729.318,0.98,1,-0.228755,0.611279,-0.757634,-0.459032,0.471804,-0.752789,-0.427,0.622,0.559,0.452,0.064
21875,729.352,0.98,1,-0.230161,0.621529,-0.748817,-0.461066,0.47934,-0.74676,-0.433,0.635,0.57,0.455,0.058
21876,729.385,0.98,1,-0.22423,0.618313,-0.753266,-0.467914,0.47435,-0.745687,-0.433,0.63,0.571,0.457,0.054
21877,729.418,0.98,1,-0.218336,0.617542,-0.755627,-0.477809,0.492879,-0.727165,-0.439,0.643,0.57,0.455,0.055
21878,729.452,0.98,1,-0.222335,0.61484,-0.756663,-0.460552,0.483382,-0.744469,-0.427,0.632,0.575,0.459,0.052
21879,729.485,0.98,1,-0.211062,0.617318,-0.757873,-0.477961,0.495955,-0.72497,-0.435,0.644,0.57,0.459,0.051
21880,729.519,0.98,1,-0.220894,0.624569,-0.749079,-0.478813,0.489603,-0.728717,-0.442,0.646,0.572,0.46,0.052
21881,729.552,0.98,1,-0.224722,0.616617,-0.754509,-0.475511,0.482412,-0.735641,-0.439,0.635,0.565,0.463,0.051
21882,729.585,0.98,1,-0.209289,0.623053,-0.75366,-0.490848,0.481027,-0.726417,-0.442,0.641,0.576,0.468,0.048
21883,729.619,0.98,1,-0.206948,0.621547,-0.755547,-0.503843,0.479737,-0.718328,-0.449,0.642,0.565,0.465,0.053
21884,729.652,0.98,1,-0.218249,0.626613,-0.748147,-0.500679,0.490162,-0.713485,-0.457,0.652,0.56,0.462,0.054
21885,729.685,0.98,1,-0.212054,0.62402,-0.752085,-0.492792,0.495096,-0.715567,-0.448,0.651,0.565,0.466,0.05
21886,729.719,0.98,1,-0.22113,0.607603,-0.762837,-0.475588,0.472633,-0.741912,-0.434,0.623,0.559,0.463,0.052
21887,729.752,0.98,1,-0.234186,0.60832,-0.758356,-0.477411,0.465706,-0.745115,-0.442,0.62,0.558,0.462,0.054
21888,729.785,0.98,1,-0.230648,0.60481,-0.762238,-0.47073,0.473312,-0.744573,-0.436,0.621,0.564,0.464,0.05
21889,729.819,0.98,1,-0.218232,0.612149,-0.760031,-0.466826,0.487454,-0.737877,-0.429,0.633,0.568,0.46,0.052
21890,729.852,0.98,1,-0.229945,0.60383,-0.763226,-0.468895,0.485218,-0.738039,-0.436,0.628,0.564,0.459,0.053
21891,729.885,0.98,1,-0.234507,0.613335,-0.754206,-0.468123,0.484187,-0.739205,-0.44,0.634,0.563,0.46,0.057
21892,729.919,0.98,1,-0.218014,0.607912,-0.763488,-0.480828,0.471477,-0.739265,-0.435,0.623,0.561,0.46,0.058
21893,729.952,0.98,1,-0.217908,0.607586,-0.763777,-0.482475,0.480384,-0.732426,-0.438,0.629,0.554,0.453,0.063
21894,729.985,0.98,1,-0.162905,0.597444,-0.785189,-0.439908,0.472356,-0.76378,-0.371,0.604,0.56,0.435,0.066
21895,730.019,0.98,1,-0.123255,0.597143,-0.792609,-0.386137,0.503288,-0.773045,-0.315,0.613,0.541,0.368,0.081
21896,730.052,0.93,1,-0.226597,0.342854,-0.911649,-0.272237,0.54622,-0.792169,-0.285,0.481,0.526,0.303,0.083
21897,730.085,0.88,1,-0.350361,0.22714,-0.908655,-0.240428,0.536956,-0.808624,-0.331,0.419,0.539,0.263,0.082
21898,730.119,0.77,1,-0.250135,0.272736,-0.929004,-0.369583,0.592279,-0.71597,-0.36,0.484,0.53,0.232,0.098
21899,730.152,0.77,1,-0.310463,0.288197,-0.905845,-0.269644,0.62962,-0.728609,-0.341,0.512,0.51,0.204,0.116
21900,730.185,0.77,1,0.101141,0.414042,-0.904621,-0.06899,0.573182,-0.816519,0.019,0.521,0.474,0.112,0.153
21901,730.219,0.98,1,0.282591,0.622396,-0.729908,-0.02544,0.559055,-0.82874,0.164,0.649,0.443,0.023,0.166
21902,730.252,0.98,1,0.26123,0.643223,-0.719738,-0.031966,0.545192,-0.837701,0.146,0.652,0.444,-0.042,0.142
21903,730.285,0.98,1,0.209089,0.616143,-0.759375,-0.049865,0.550003,-0.833672,0.1,0.632,0.431,-0.051,0.128
21904,730.319,0.98,1,0.216006,0.572446,-0.790979,-0.06203,0.527081,-0.847548,0.094,0.591,0.415,-0.048,0.119
21905,730.352,0.98,1,0.189024,0.553168,-0.811341,-0.069865,0.533184,-0.84311,0.072,0.581,0.406,-0.037,0.118
21906,730.385,0.98,1,0.162109,0.548608,-0.820213,-0.073866,0.524578,-0.848152,0.053,0.572,0.394,-0.023,0.12
21907,730.419,0.98,1,0.151292,0.557894,-0.816006,-0.081321,0.528986,-0.844725,0.042,0.58,0.384,-0.008,0.125
21908,730.452,0.98,1,0.141591,0.562068,-0.814882,-0.088799,0.53039,-0.84309,0.032,0.583,0.381,-0.0,0.136
21909,730.485,0.98,1,0.138908,0.570102,-0.809746,-0.100513,0.523673,-0.845969,0.023,0.584,0.377,0.001,0.149
21910,730.519,0.98,1,0.146238,0.572872,-0.806494,-0.099431,0.51438,-0.851779,0.028,0.58,0.368,0.003,0.16
21911,730.552,0.98,1,0.156814,0.563408,-0.81116,-0.104758,0.511936,-0.852612,0.031,0.574,0.365,0.004,0.167
21912,730.585,0.98,1,0.121207,0.550542,-0.825962,-0.106456,0.501939,-0.858327,0.009,0.559,0.362,0.01,0.171
21913,730.619,0.98,1,0.128688,0.546398,-0.82758,-0.117065,0.501138,-0.857413,0.007,0.556,0.364,0.012,0.171
21914,730.652,0.98,1,0.096952,0.564516,-0.819709,-0.124029,0.503746,-0.854902,-0.016,0.568,0.382,0.005,0.18
21915,730.686,0.98,1,0.074931,0.573489,-0.815779,-0.163017,0.504991,-0.84759,-0.053,0.575,0.393,0.001,0.184
21916,730.719,0.98,1,0.035978,0.565379,-0.824046,-0.151724,0.513669,-0.844467,-0.069,0.574,0.388,0.021,0.18
21917,730.752,0.98,1,0.018203,0.553411,-0.832709,-0.156737,0.520072,-0.839618,-0.083,0.571,0.388,0.049,0.164
21918,730.786,0.98,1,0.005478,0.554695,-0.832036,-0.152219,0.513084,-0.844733,-0.087,0.567,0.391,0.062,0.159
21919,730.819,0.98,1,0.008533,0.558369,-0.829549,-0.153032,0.508614,-0.847286,-0.086,0.567,0.387,0.064,0.161
21920,730.852,0.98,1,-0.000411,0.549522,-0.835479,-0.146972,0.513804,-0.845225,-0.087,0.564,0.38,0.073,0.154
21921,730.886,0.98,1,0.001997,0.561713,-0.82733,-0.151962,0.514567,-0.843877,-0.089,0.572,0.387,0.085,0.145
21922,730.919,0.98,1,-0.023775,0.524457,-0.851105,-0.164581,0.517117,-0.839942,-0.111,0.552,0.393,0.098,0.135
21923,730.952,0.98,1,-0.045354,0.596598,-0.801257,-0.249745,0.528267,-0.811518,-0.181,0.609,0.401,0.105,0.135
21924,730.986,0.98,1,-0.121277,0.571336,-0.811706,-0.299066,0.480529,-0.82441,-0.251,0.571,0.39,0.126,0.141
21925,731.019,0.98,1,-0.236529,0.549361,-0.801409,-0.311254,0.454502,-0.834595,-0.323,0.55,0.364,0.158,0.144
21926,731.052,0.98,1,-0.289702,0.5246,-0.800542,-0.350872,0.401523,-0.845972,-0.371,0.512,0.338,0.206,0.145
21927,731.086,0.98,1,-0.306777,0.519111,-0.797754,-0.400812,0.382013,-0.832716,-0.409,0.505,0.337,0.261,0.141
21928,731.119,0.93,1,-0.317885,0.518431,-0.793838,-0.424989,0.387553,-0.818038,-0.432,0.512,0.343,0.329,0.129
21929,731.152,0.98,1,-0.274814,0.531175,-0.801455,-0.44954,0.393551,-0.801892,-0.424,0.523,0.351,0.397,0.119
21930,731.186,0.98,1,-0.311808,0.505773,-0.804344,-0.490238,0.39766,-0.775585,-0.47,0.519,0.352,0.456,0.114
21931,731.219,0.98,1,-0.321077,0.489126,-0.810966,-0.534996,0.377488,-0.755832,-0.5,0.505,0.328,0.478,0.124
21932,731.252,0.98,1,-0.350692,0.463362,-0.813825,-0.527739,0.38964,-0.754767,-0.51,0.498,0.303,0.496,0.131
21933,731.286,0.98,1,-0.363862,0.445749,-0.81787,-0.546956,0.362057,-0.754821,-0.525,0.475,0.305,0.524,0.13
21934,731.319,0.98,1,-0.372773,0.439075,-0.817468,-0.532969,0.369389,-0.761247,-0.521,0.473,0.292,0.52,0.137
21935,731.352,0.98,1,-0.385019,0.439602,-0.811487,-0.54343,0.371979,-0.752539,-0.536,0.479,0.294,0.523,0.133
21936,731.386,0.98,1,-0.414303,0.442224,-0.795482,-0.529565,0.391631,-0.752453,-0.548,0.494,0.299,0.519,0.124
21937,731.419,0.98,1,-0.404568,0.444174,-0.799396,-0.533041,0.3916,-0.750011,-0.544,0.495,0.308,0.53,0.112
21938,731.452,0.98,1,-0.402476,0.449995,-0.797194,-0.539871,0.425155,-0.726486,-0.554,0.521,0.321,0.536,0.096
21939,731.486,0.98,1,-0.397113,0.454007,-0.797608,-0.540003,0.438506,-0.718407,-0.554,0.532,0.326,0.545,0.085
21940,731.519,0.98,1,-0.387403,0.459154,-0.799435,-0.552719,0.424773,-0.716987,-0.555,0.528,0.335,0.553,0.073
21941,731.552,0.98,1,-0.393351,0.460988,-0.795465,-0.562189,0.430147,-0.706341,-0.567,0.536,0.345,0.556,0.063
21942,731.586,0.98,1,-0.39386,0.461892,-0.794689,-0.558259,0.441047,-0.702727,-0.566,0.543,0.348,0.55,0.059
21943,731.619,0.98,1,-0.400261,0.472702,-0.785076,-0.567889,0.449042,-0.689828,-0.581,0.559,0.353,0.55,0.054
21944,731.652,0.93,1,-0.380594,0.500423,-0.777641,-0.528865,0.495363,-0.689143,-0.555,0.596,0.344,0.534,0.054
21945,731.686,0.93,1,-0.372006,0.490277,-0.788187,-0.544644,0.497562,-0.675126,-0.56,0.594,0.343,0.53,0.051
21946,731.719,0.93,1,-0.361473,0.475324,-0.802125,-0.537559,0.494351,-0.683116,-0.544,0.578,0.349,0.533,0.045
21947,731.753,0.98,1,-0.462467,0.403528,-0.789487,-0.574649,0.441843,-0.688878,-0.612,0.519,0.368,0.555,0.036
21948,731.786,0.98,1,-0.44635,0.430694,-0.784394,-0.56147,0.435146,-0.703846,-0.595,0.527,0.374,0.557,0.033
21949,731.819,0.98,1,-0.405945,0.460943,-0.789138,-0.544527,0.391854,-0.74158,-0.556,0.508,0.373,0.558,0.035
21950,731.853,0.98,1,-0.380581,0.48561,-0.786982,-0.509253,0.36154,-0.780993,-0.516,0.495,0.374,0.558,0.034
21951,731.886,0.98,1,-0.313065,0.422287,-0.850685,-0.490096,0.358215,-0.794662,-0.454,0.443,0.357,0.546,0.037
21952,731.919,0.98,1,-0.323901,0.408485,-0.853363,-0.500366,0.364462,-0.785367,-0.466,0.441,0.36,0.557,0.032
21953,731.953,0.98,1,-0.312562,0.411285,-0.856242,-0.498777,0.357721,-0.789467,-0.458,0.437,0.361,0.567,0.031
21954,731.986,0.98,1,-0.313529,0.417214,-0.853013,-0.496501,0.356519,-0.791443,-0.458,0.44,0.369,0.573,0.03
21955,732.019,0.98,1,-0.331607,0.462005,-0.82255,-0.490996,0.377325,-0.785206,-0.473,0.481,0.377,0.572,0.032
21956,732.053,0.98,1,-0.321599,0.444904,-0.835844,-0.496223,0.390124,-0.775607,-0.47,0.478,0.373,0.575,0.032
21957,732.086,0.98,1,-0.336751,0.462491,-0.820183,-0.501741,0.383187,-0.775515,-0.484,0.487,0.38,0.584,0.031
21958,732.119,0.98,1,-0.334662,0.469261,-0.817188,-0.48603,0.403752,-0.775087,-0.476,0.502,0.383,0.58,0.035
21959,732.153,0.98,1,-0.340826,0.462,-0.818776,-0.494064,0.408514,-0.767475,-0.484,0.502,0.384,0.593,0.037
21960,732.186,0.98,1,-0.329549,0.459049,-0.825028,-0.479144,0.404692,-0.778875,-0.467,0.494,0.378,0.583,0.046
21961,732.219,0.98,1,-0.336672,0.473156,-0.81411,-0.498183,0.40028,-0.769148,-0.485,0.504,0.384,0.593,0.046
21962,732.253,0.98,1,-0.315366,0.472374,-0.823047,-0.476541,0.401901,-0.781911,-0.458,0.499,0.384,0.586,0.05
21963,732.286,0.98,1,-0.316381,0.480339,-0.818033,-0.470288,0.401346,-0.785971,-0.456,0.503,0.39,0.584,0.054
21964,732.319,0.98,1,-0.32461,0.480072,-0.81496,-0.48876,0.390673,-0.780056,-0.472,0.5,0.391,0.587,0.058
21965,732.353,0.98,1,-0.306172,0.474833,-0.825102,-0.492651,0.375615,-0.78499,-0.461,0.486,0.388,0.584,0.061
21966,732.386,0.98,1,-0.330959,0.497627,-0.801769,-0.503566,0.404262,-0.76354,-0.49,0.523,0.396,0.583,0.06
21967,732.419,0.98,1,-0.329304,0.492106,-0.805848,-0.499149,0.398297,-0.769552,-0.484,0.514,0.399,0.587,0.062
21968,732.453,0.98,1,-0.330915,0.492455,-0.804974,-0.491109,0.403253,-0.772139,-0.48,0.517,0.395,0.585,0.067
21969,732.486,0.98,1,-0.322291,0.477666,-0.817291,-0.492615,0.394823,-0.775529,-0.473,0.501,0.392,0.587,0.071
21970,732.519,0.98,1,-0.32242,0.486239,-0.812168,-0.494133,0.398861,-0.772491,-0.476,0.509,0.397,0.586,0.072
21971,732.553,0.98,1,-0.317482,0.487509,-0.813351,-0.489396,0.401917,-0.773922,-0.47,0.511,0.4,0.587,0.073
21972,732.586,0.98,1,-0.312685,0.496017,-0.810058,-0.496916,0.399943,-0.770143,-0.473,0.516,0.401,0.587,0.076
21973,732.619,0.98,1,-0.316606,0.500893,-0.805522,-0.501016,0.40641,-0.764077,-0.48,0.524,0.398,0.591,0.079
21974,732.653,0.98,1,-0.313669,0.503153,-0.805263,-0.494117,0.408118,-0.767651,-0.474,0.525,0.401,0.587,0.083
21975,732.686,0.98,1,-0.30603,0.503453,-0.808011,-0.505396,0.416174,-0.755892,-0.479,0.532,0.4,0.579,0.085
21976,732.719,0.98,1,-0.297869,0.506198,-0.809344,-0.481654,0.409894,-0.774594,-0.457,0.524,0.403,0.572,0.089
21977,732.753,0.98,1,-0.301846,0.496868,-0.813641,-0.493585,0.410569,-0.766686,-0.466,0.521,0.408,0.576,0.084
21978,732.786,0.98,1,-0.312089,0.50792,-0.802881,-0.503219,0.428502,-0.750438,-0.483,0.543,0.406,0.568,0.09
21979,732.819,0.98,1,-0.346007,0.529412,-0.774598,-0.457946,0.459667,-0.760915,-0.482,0.572,0.405,0.552,0.095
21980,732.853,0.98,1,-0.342743,0.532887,-0.773666,-0.465062,0.51794,-0.717952,-0.496,0.614,0.397,0.524,0.098
21981,732.886,0.93,1,-0.387061,0.500067,-0.774673,-0.456151,0.532743,-0.712819,-0.516,0.607,0.398,0.514,0.096
21982,732.92,0.93,1,-0.380899,0.503038,-0.775802,-0.478888,0.506867,-0.716765,-0.523,0.595,0.399,0.508,0.098
21983,732.953,0.98,1,-0.40149,0.48343,-0.777882,-0.499896,0.480866,-0.720327,-0.542,0.572,0.401,0.509,0.097
21984,732.986,0.98,1,-0.380577,0.498512,-0.778875,-0.519328,0.461421,-0.719298,-0.541,0.57,0.398,0.506,0.1
21985,733.02,0.98,1,-0.405185,0.478843,-0.778804,-0.533774,0.480528,-0.695829,-0.567,0.577,0.402,0.505,0.097
21986,733.053,0.98,1,-0.402697,0.498194,-0.767879,-0.528872,0.489332,-0.693433,-0.568,0.594,0.396,0.509,0.096
21987,733.086,0.98,1,-0.386834,0.4985,-0.775795,-0.526451,0.475231,-0.704985,-0.553,0.582,0.391,0.511,0.097
21988,733.12,0.98,1,-0.38148,0.497512,-0.779073,-0.536011,0.45709,-0.709761,-0.552,0.57,0.381,0.508,0.098
21989,733.153,0.98,1,-0.385628,0.491276,-0.780986,-0.548438,0.459745,-0.698463,-0.563,0.571,0.377,0.506,0.099
21990,733.186,0.98,1,-0.390971,0.481808,-0.784221,-0.556739,0.453482,-0.695985,-0.569,0.564,0.371,0.505,0.098
21991,733.22,0.98,1,-0.411216,0.438003,-0.79941,-0.554636,0.456689,-0.695567,-0.574,0.539,0.37,0.514,0.096
21992,733.253,0.98,1,-0.396701,0.452685,-0.798564,-0.566119,0.449337,-0.69109,-0.574,0.544,0.365,0.512,0.097
21993,733.286,0.98,1,-0.384674,0.477353,-0.790038,-0.542008,0.472809,-0.694752,-0.558,0.569,0.367,0.511,0.095
21994,733.32,0.98,1,-0.412954,0.454297,-0.789356,-0.54246,0.471626,-0.695202,-0.572,0.558,0.369,0.513,0.091
21995,733.353,0.98,1,-0.400687,0.456241,-0.79454,-0.539603,0.454602,-0.708636,-0.559,0.545,0.366,0.512,0.091
21996,733.386,0.98,1,-0.372516,0.485491,-0.790905,-0.508905,0.490756,-0.70723,-0.532,0.578,0.365,0.512,0.088
21997,733.42,0.98,1,-0.417571,0.398259,-0.816715,-0.507773,0.454405,-0.731904,-0.539,0.503,0.372,0.518,0.082
21998,733.453,0.98,1,-0.40575,0.445254,-0.798195,-0.49851,0.459723,-0.734944,-0.533,0.533,0.376,0.509,0.08
21999,733.486,0.98,1,-0.400529,0.43529,-0.806287,-0.491297,0.462784,-0.737875,-0.524,0.527,0.382,0.517,0.076
22000,733.52,0.98,1,-0.412808,0.411768,-0.812427,-0.502103,0.468372,-0.726994,-0.536,0.519,0.385,0.518,0.074
22001,733.553,0.98,1,-0.396976,0.441264,-0.804796,-0.507254,0.468819,-0.72312,-0.534,0.537,0.386,0.518,0.073
22002,733.586,0.98,1,-0.386135,0.487303,-0.783221,-0.50209,0.477819,-0.72083,-0.533,0.571,0.39,0.516,0.072
22003,733.62,0.98,1,-0.403818,0.461883,-0.789681,-0.503588,0.46103,-0.73065,-0.538,0.546,0.39,0.516,0.071
22004,733.653,0.98,1,-0.393014,0.486231,-0.780461,-0.505366,0.479461,-0.717442,-0.54,0.573,0.398,0.523,0.068
22005,733.686,0.98,1,-0.383693,0.493244,-0.780699,-0.512162,0.463307,-0.723212,-0.537,0.567,0.399,0.527,0.07
22006,733.72,0.98,1,-0.388636,0.493258,-0.778241,-0.510948,0.472537,-0.718081,-0.541,0.573,0.402,0.537,0.069
22007,733.753,0.98,1,-0.397054,0.461261,-0.793465,-0.506199,0.441446,-0.74087,-0.532,0.532,0.399,0.541,0.072
22008,733.786,0.98,1,-0.400383,0.449154,-0.798721,-0.511084,0.449468,-0.732647,-0.537,0.531,0.404,0.551,0.071
22009,733.82,0.98,1,-0.375337,0.455821,-0.807062,-0.502479,0.433363,-0.748139,-0.514,0.519,0.404,0.559,0.075
22010,733.853,0.98,1,-0.376786,0.448252,-0.810618,-0.499824,0.430453,-0.751589,-0.511,0.512,0.406,0.561,0.078
22011,733.886,0.98,1,-0.361406,0.459571,-0.811283,-0.498696,0.412605,-0.762273,-0.5,0.506,0.401,0.563,0.086
22012,733.92,0.98,1,-0.381726,0.442831,-0.811287,-0.495712,0.418511,-0.760998,-0.509,0.501,0.408,0.574,0.086
22013,733.953,0.98,1,-0.382969,0.430623,-0.81725,-0.49756,0.404446,-0.767371,-0.507,0.485,0.407,0.575,0.093
22014,733.987,0.98,1,-0.38519,0.442504,-0.809827,-0.498046,0.415079,-0.761354,-0.512,0.5,0.41,0.578,0.098
22015,734.02,0.98,1,-0.379992,0.458647,-0.803274,-0.501479,0.428628,-0.75153,-0.516,0.519,0.414,0.583,0.098
22016,734.053,0.98,1,-0.360231,0.488706,-0.794607,-0.505894,0.399962,-0.764266,-0.507,0.518,0.407,0.578,0.108
22017,734.087,0.98,1,-0.358512,0.484698,-0.797832,-0.495727,0.413043,-0.76397,-0.501,0.522,0.414,0.58,0.107
22018,734.12,0.98,1,-0.361938,0.489705,-0.793215,-0.500345,0.404142,-0.765718,-0.505,0.521,0.418,0.581,0.109
22019,734.153,0.98,1,-0.364694,0.49528,-0.788477,-0.508043,0.404175,-0.760615,-0.513,0.526,0.418,0.584,0.11
22020,734.187,0.98,1,-0.383381,0.480555,-0.788724,-0.505875,0.409479,-0.759222,-0.521,0.522,0.422,0.586,0.111
22021,734.22,0.98,1,-0.353903,0.502393,-0.788894,-0.523644,0.417468,-0.742642,-0.52,0.541,0.417,0.588,0.115
22022,734.253,0.98,1,-0.357009,0.503359,-0.786876,-0.538183,0.435489,-0.721601,-0.536,0.557,0.42,0.592,0.116
22023,734.287,0.98,1,-0.357028,0.503092,-0.787039,-0.526464,0.44255,-0.725937,-0.529,0.559,0.423,0.594,0.117
22024,734.32,0.98,1,-0.37601,0.504122,-0.777481,-0.511564,0.44778,-0.733345,-0.531,0.562,0.423,0.592,0.121
22025,734.353,0.98,1,-0.390391,0.501706,-0.771937,-0.502682,0.452094,-0.736832,-0.534,0.564,0.426,0.595,0.121
22026,734.387,0.98,1,-0.389527,0.505552,-0.769861,-0.521653,0.457638,-0.720031,-0.549,0.574,0.426,0.599,0.122
22027,734.42,0.98,1,-0.393966,0.492928,-0.775766,-0.500318,0.448983,-0.740335,-0.533,0.556,0.425,0.594,0.125
22028,734.453,0.98,1,-0.389105,0.497723,-0.775157,-0.518375,0.447009,-0.72902,-0.543,0.561,0.422,0.597,0.127
22029,734.487,0.98,1,-0.391632,0.496703,-0.774539,-0.515928,0.441768,-0.733934,-0.542,0.557,0.423,0.593,0.13
22030,734.52,0.98,1,-0.399269,0.494509,-0.772039,-0.525108,0.438568,-0.729329,-0.552,0.556,0.421,0.591,0.133
22031,734.553,0.98,1,-0.354213,0.51335,-0.781668,-0.518986,0.436627,-0.734854,-0.522,0.56,0.419,0.59,0.134
22032,734.587,0.98,1,-0.338001,0.521053,-0.783747,-0.526469,0.417785,-0.740464,-0.516,0.552,0.416,0.587,0.136
22033,734.62,0.98,1,-0.31847,0.515754,-0.795346,-0.522647,0.414566,-0.744966,-0.5,0.543,0.418,0.586,0.134
22034,734.653,0.98,1,-0.295094,0.5122,-0.80658,-0.5206,0.426974,-0.739371,-0.486,0.546,0.42,0.575,0.132
22035,734.687,0.98,1,-0.267624,0.494616,-0.826881,-0.499458,0.405079,-0.765802,-0.449,0.514,0.419,0.543,0.136
22036,734.72,0.98,1,-0.188245,0.536024,-0.822948,-0.436654,0.387188,-0.812046,-0.365,0.514,0.436,0.475,0.143
22037,734.753,0.88,1,-0.247892,0.532258,-0.809476,-0.484157,0.348573,-0.802551,-0.426,0.5,0.401,0.398,0.163
22038,734.787,0.88,1,-0.39287,0.420822,-0.817657,-0.566936,0.488544,-0.663256,-0.575,0.551,0.364,0.376,0.185
22039,734.82,0.98,1,0.016014,0.595387,-0.803279,-0.111716,0.48769,-0.86584,-0.057,0.576,0.38,0.148,0.089
22040,734.853,0.82,1,-0.087753,0.290339,-0.952892,-0.05197,0.454585,-0.889186,-0.076,0.384,0.361,0.117,0.118
22041,734.887,0.98,1,0.334262,0.574575,-0.747083,0.049141,0.537777,-0.841654,0.237,0.611,0.388,-0.006,0.084
22042,734.92,0.98,1,0.371184,0.584103,-0.721835,0.023221,0.538779,-0.842127,0.247,0.623,0.393,-0.054,0.098
22043,734.953,0.98,1,0.344049,0.608645,-0.714969,0.008266,0.49057,-0.871363,0.219,0.606,0.389,-0.099,0.115
22044,734.987,0.98,1,0.314495,0.617617,-0.720861,-0.01119,0.461318,-0.887164,0.186,0.591,0.394,-0.121,0.131
22045,735.02,0.98,1,0.28762,0.630576,-0.720866,-0.032959,0.458293,-0.88819,0.157,0.595,0.395,-0.121,0.136
22046,735.053,0.98,1,0.275332,0.634121,-0.722553,-0.064703,0.466571,-0.882114,0.131,0.601,0.384,-0.116,0.144
22047,735.087,0.98,1,0.258792,0.630962,-0.731378,-0.085918,0.471905,-0.877453,0.107,0.601,0.371,-0.105,0.15
22048,735.12,0.98,1,0.256784,0.628329,-0.734346,-0.100625,0.477009,-0.873119,0.097,0.602,0.363,-0.097,0.155
22049,735.154,0.98,1,0.255673,0.622,-0.740099,-0.104061,0.464005,-0.879699,0.093,0.591,0.356,-0.087,0.159
22050,735.187,0.98,1,0.267642,0.622463,-0.735464,-0.10829,0.422256,-0.899985,0.097,0.568,0.357,-0.08,0.161
22051,735.22,0.98,1,0.280366,0.616748,-0.735538,-0.080801,0.361005,-0.929057,0.119,0.531,0.354,-0.075,0.164
22052,735.254,0.98,1,0.270326,0.595938,-0.756162,-0.046826,0.308282,-0.950142,0.13,0.487,0.355,-0.068,0.166
22053,735.287,0.98,1,0.25433,0.610681,-0.749923,-0.054883,0.302556,-0.95155,0.117,0.493,0.353,-0.054,0.163
22054,735.32,0.98,1,0.254403,0.60536,-0.7542,-0.0493,0.298639,-0.953092,0.12,0.487,0.355,-0.049,0.159
22055,735.354,0.98,1,0.240881,0.602982,-0.760519,-0.062483,0.311688,-0.948128,0.104,0.492,0.352,-0.04,0.158
22056,735.387,0.98,1,0.246236,0.594828,-0.765211,-0.075955,0.388353,-0.918375,0.101,0.529,0.354,-0.035,0.156
22057,735.42,0.98,1,0.229658,0.609454,-0.75883,-0.085423,0.408097,-0.908934,0.086,0.548,0.355,-0.029,0.156
22058,735.454,0.98,1,0.175975,0.631629,-0.755035,-0.121971,0.471305,-0.873495,0.033,0.595,0.353,-0.019,0.155
22059,735.487,0.98,1,0.171785,0.623208,-0.762956,-0.131044,0.487174,-0.863417,0.025,0.599,0.353,-0.006,0.156
22060,735.52,0.98,1,0.174528,0.624165,-0.761549,-0.13641,0.510879,-0.848761,0.024,0.614,0.356,0.01,0.155
22061,735.554,0.98,1,0.16654,0.615428,-0.770398,-0.148292,0.516762,-0.843188,0.011,0.612,0.356,0.02,0.154
22062,735.587,0.98,1,0.166121,0.605804,-0.778078,-0.15349,0.524927,-0.837193,0.008,0.611,0.357,0.031,0.151
22063,735.62,0.98,1,0.100338,0.591423,-0.800095,-0.172503,0.539754,-0.823959,-0.044,0.608,0.358,0.043,0.15
22064,735.654,0.98,1,0.106702,0.607462,-0.787149,-0.199684,0.542181,-0.81619,-0.058,0.622,0.356,0.051,0.149
22065,735.687,0.98,1,0.089651,0.608175,-0.788724,-0.214639,0.535768,-0.816629,-0.078,0.619,0.353,0.061,0.151
22066,735.72,0.98,1,0.078315,0.61127,-0.787538,-0.212242,0.534385,-0.81816,-0.083,0.62,0.353,0.067,0.154
22067,735.754,0.98,1,0.078148,0.618025,-0.782265,-0.218718,0.530548,-0.818951,-0.088,0.622,0.354,0.072,0.158
22068,735.787,0.98,1,0.046013,0.617394,-0.785307,-0.223855,0.528694,-0.818762,-0.11,0.62,0.357,0.08,0.162
22069,735.82,0.98,1,0.037523,0.626088,-0.778849,-0.234762,0.530366,-0.814616,-0.123,0.628,0.358,0.084,0.168
22070,735.854,0.98,1,0.039206,0.622257,-0.781831,-0.2469,0.530345,-0.811033,-0.13,0.626,0.357,0.087,0.174
22071,735.887,0.98,1,0.024429,0.585329,-0.810428,-0.2462,0.51773,-0.819354,-0.135,0.595,0.358,0.083,0.183
22072,735.92,0.98,1,0.018547,0.584671,-0.811059,-0.25663,0.514609,-0.818119,-0.145,0.594,0.357,0.086,0.189
22073,735.954,0.98,1,0.014914,0.579358,-0.814937,-0.262759,0.516184,-0.815176,-0.151,0.592,0.357,0.089,0.194
22074,735.987,0.98,1,0.00241,0.574202,-0.81871,-0.248366,0.501522,-0.828728,-0.148,0.578,0.346,0.088,0.204
22075,736.02,0.98,1,-0.004381,0.570595,-0.82122,-0.258629,0.497617,-0.827942,-0.158,0.575,0.341,0.087,0.209
22076,736.054,0.98,1,0.001727,0.573506,-0.819199,-0.26069,0.497414,-0.827418,-0.156,0.577,0.335,0.087,0.214
22077,736.087,0.98,1,-0.019173,0.572315,-0.81981,-0.248992,0.489842,-0.835499,-0.161,0.57,0.324,0.089,0.218
22078,736.12,0.98,1,-0.020331,0.562064,-0.826844,-0.259178,0.481457,-0.837273,-0.166,0.56,0.315,0.085,0.221
22079,736.154,0.98,1,-0.022255,0.561991,-0.826844,-0.259846,0.485753,-0.83458,-0.168,0.563,0.302,0.084,0.223
22080,736.187,0.98,1,-0.029254,0.564762,-0.824735,-0.268932,0.473246,-0.838877,-0.177,0.558,0.287,0.087,0.225
22081,736.221,0.98,1,-0.028765,0.583368,-0.811699,-0.267991,0.478855,-0.83599,-0.178,0.573,0.278,0.09,0.225
22082,736.254,0.98,1,0.057677,0.588539,-0.806409,-0.249594,0.474799,-0.84396,-0.116,0.572,0.273,0.081,0.225
22083,736.287,0.98,1,0.07438,0.579032,-0.811905,-0.233883,0.470577,-0.850797,-0.096,0.563,0.268,0.071,0.222
22084,736.321,0.98,1,0.08865,0.600908,-0.794387,-0.216033,0.483975,-0.847996,-0.077,0.584,0.266,0.056,0.218
22085,736.354,0.98,1,0.081387,0.59888,-0.796692,-0.20361,0.466384,-0.86083,-0.074,0.571,0.271,0.034,0.217
22086,736.387,0.98,1,0.078256,0.591821,-0.802262,-0.21534,0.457902,-0.862528,-0.082,0.563,0.287,0.028,0.216
22087,736.421,0.98,1,0.072185,0.582586,-0.809557,-0.236961,0.469805,-0.850372,-0.099,0.565,0.304,0.033,0.216
22088,736.454,0.98,1,0.083835,0.579912,-0.810354,-0.229346,0.472611,-0.850905,-0.087,0.565,0.31,0.028,0.217
22089,736.487,0.98,1,0.08752,0.58205,-0.808429,-0.238851,0.481388,-0.843336,-0.091,0.572,0.318,0.04,0.213
22090,736.521,0.98,1,0.074765,0.573554,-0.815749,-0.230104,0.48785,-0.842054,-0.093,0.569,0.318,0.047,0.209
22091,736.554,0.98,1,0.085101,0.570028,-0.817206,-0.258174,0.440221,-0.859972,-0.103,0.542,0.317,0.059,0.205
22092,736.587,0.98,1,0.079726,0.564211,-0.821772,-0.234363,0.436524,-0.868632,-0.091,0.535,0.318,0.063,0.201
22093,736.621,0.98,1,0.083275,0.56733,-0.819269,-0.25247,0.44467,-0.859376,-0.1,0.543,0.318,0.062,0.198
22094,736.654,0.98,1,0.080246,0.573612,-0.815187,-0.282852,0.444132,-0.850142,-0.121,0.549,0.317,0.063,0.195
22095,736.687,0.98,1,0.089551,0.571946,-0.815389,-0.214177,0.48954,-0.845268,-0.075,0.569,0.313,0.04,0.197
22096,736.721,0.98,1,0.044607,0.57445,-0.817323,-0.21262,0.477295,-0.852632,-0.1,0.562,0.303,0.021,0.204
22097,736.754,0.98,1,0.060398,0.565765,-0.822352,-0.225954,0.47281,-0.851702,-0.099,0.555,0.306,0.02,0.205
22098,736.787,0.98,1,0.047523,0.571937,-0.81892,-0.224902,0.46085,-0.858508,-0.105,0.552,0.303,0.009,0.206
22099,736.821,0.98,1,0.033971,0.571179,-0.820122,-0.213739,0.473535,-0.854447,-0.107,0.558,0.304,-0.0,0.205
22100,736.854,0.98,1,0.040049,0.603703,-0.796203,-0.238259,0.488322,-0.839508,-0.121,0.589,0.307,0.0,0.206
22101,736.887,0.98,1,-0.054322,0.579887,-0.812884,-0.317593,0.460306,-0.829007,-0.223,0.565,0.304,-0.0,0.209
22102,736.921,0.98,1,-0.138799,0.556796,-0.818971,-0.312259,0.479703,-0.819988,-0.269,0.564,0.306,0.034,0.203
22103,736.954,0.98,1,-0.189704,0.551264,-0.812478,-0.370048,0.459475,-0.807433,-0.333,0.558,0.296,0.078,0.201
22104,736.987,0.98,1,-0.203062,0.561646,-0.802072,-0.391572,0.440908,-0.807633,-0.354,0.557,0.291,0.144,0.196
22105,737.021,0.98,1,-0.234115,0.564461,-0.791564,-0.439645,0.392894,-0.80768,-0.399,0.539,0.273,0.203,0.204
22106,737.054,0.98,1,-0.261159,0.565969,-0.781968,-0.469407,0.462794,-0.751983,-0.444,0.591,0.256,0.274,0.214
22107,737.087,0.98,1,-0.283136,0.521916,-0.804635,-0.478061,0.452174,-0.752992,-0.455,0.559,0.236,0.312,0.237
22108,737.121,0.98,1,-0.265843,0.512418,-0.816551,-0.484671,0.436616,-0.757931,-0.445,0.542,0.236,0.343,0.254
22109,737.154,0.98,1,-0.280706,0.506289,-0.815399,-0.50408,0.400414,-0.765227,-0.461,0.521,0.245,0.358,0.27
22110,737.187,0.93,1,-0.279269,0.544423,-0.790957,-0.528812,0.420648,-0.737165,-0.486,0.563,0.264,0.369,0.282
22111,737.221,0.93,1,-0.287043,0.559364,-0.777636,-0.522686,0.427434,-0.737631,-0.491,0.577,0.286,0.382,0.285
22112,737.254,0.93,1,-0.302161,0.580184,-0.756363,-0.506884,0.457109,-0.730835,-0.498,0.609,0.318,0.393,0.278
22113,737.287,0.93,1,-0.299244,0.583578,-0.75491,-0.511208,0.462393,-0.724472,-0.501,0.615,0.342,0.399,0.27
22114,737.321,0.93,1,-0.297289,0.588477,-0.751874,-0.501084,0.50749,-0.700977,-0.502,0.646,0.356,0.399,0.263
22115,737.354,0.98,1,-0.28946,0.603367,-0.743075,-0.505407,0.508871,-0.69686,-0.504,0.658,0.362,0.393,0.257
22116,737.388,0.93,1,-0.27825,0.604027,-0.746812,-0.486622,0.514173,-0.706276,-0.485,0.656,0.368,0.381,0.247
22117,737.421,0.93,1,-0.262512,0.605237,-0.751515,-0.464539,0.508302,-0.725143,-0.458,0.646,0.369,0.362,0.237
22118,737.454,0.93,1,-0.247251,0.603881,-0.757756,-0.461087,0.510635,-0.725707,-0.445,0.644,0.365,0.35,0.224
22119,737.488,0.93,1,-0.231477,0.60126,-0.764791,-0.454686,0.50852,-0.73121,-0.43,0.638,0.362,0.341,0.215
22120,737.521,0.93,1,-0.227168,0.593725,-0.771936,-0.442748,0.504922,-0.740964,-0.417,0.628,0.358,0.334,0.206
22121,737.554,0.93,1,-0.233356,0.588479,-0.774105,-0.432066,0.509434,-0.744175,-0.413,0.626,0.355,0.33,0.196
22122,737.588,0.98,1,-0.237678,0.573539,-0.783941,-0.430304,0.505309,-0.747998,-0.411,0.614,0.352,0.325,0.19
22123,737.621,0.93,1,-0.239918,0.558693,-0.793915,-0.421747,0.490739,-0.762433,-0.402,0.593,0.35,0.322,0.185
22124,737.654,0.98,1,-0.23697,0.553778,-0.798233,-0.427765,0.476693,-0.767972,-0.401,0.582,0.344,0.317,0.182
22125,737.688,0.98,1,-0.231436,0.554637,-0.799259,-0.415043,0.455363,-0.787645,-0.387,0.567,0.341,0.313,0.181
22126,737.721,0.98,1,-0.244225,0.561367,-0.790709,-0.436275,0.483663,-0.758771,-0.414,0.593,0.34,0.309,0.18
22127,737.754,0.98,1,-0.252003,0.559311,-0.789725,-0.404559,0.50013,-0.765638,-0.399,0.598,0.341,0.306,0.178
22128,737.788,0.98,1,-0.2514,0.553979,-0.793666,-0.412683,0.474811,-0.777333,-0.4,0.58,0.338,0.304,0.175
22129,737.821,0.98,1,-0.252125,0.547586,-0.797861,-0.409321,0.459259,-0.788377,-0.395,0.566,0.337,0.302,0.172
22130,737.854,0.98,1,-0.233441,0.553692,-0.799331,-0.434016,0.461681,-0.773616,-0.401,0.573,0.332,0.292,0.172
22131,737.888,0.93,1,-0.081419,0.578158,-0.811853,-0.401896,0.523281,-0.751436,-0.3,0.614,0.33,0.263,0.176
22132,737.921,0.93,1,0.049609,0.573878,-0.817437,-0.303652,0.520299,-0.798176,-0.156,0.595,0.328,0.212,0.183
22133,737.954,0.93,1,0.131085,0.592535,-0.794807,-0.260906,0.471152,-0.842582,-0.079,0.576,0.332,0.145,0.189
22134,737.988,0.98,1,0.126177,0.630722,-0.765683,-0.252074,0.532245,-0.808192,-0.08,0.636,0.351,0.088,0.181
22135,738.021,0.98,1,0.053973,0.657059,-0.751905,-0.245538,0.557705,-0.792891,-0.123,0.666,0.391,0.066,0.165
22136,738.054,0.98,1,0.024668,0.650959,-0.758712,-0.220751,0.550173,-0.805344,-0.125,0.655,0.41,0.065,0.157
22137,738.088,0.98,1,0.020091,0.647013,-0.762214,-0.216744,0.547265,-0.808408,-0.125,0.65,0.41,0.06,0.16
22138,738.121,0.98,1,0.023173,0.629464,-0.776684,-0.203871,0.551239,-0.809056,-0.113,0.64,0.394,0.054,0.165
22139,738.154,0.98,1,0.024889,0.626894,-0.778707,-0.201324,0.555367,-0.806868,-0.111,0.641,0.377,0.042,0.17
22140,738.188,0.98,1,0.037231,0.615368,-0.78736,-0.212484,0.540144,-0.814306,-0.109,0.625,0.375,0.049,0.175
22141,738.221,0.98,1,-0.047904,0.55893,-0.82783,-0.196886,0.508318,-0.838361,-0.146,0.57,0.33,0.056,0.177
22142,738.254,0.88,1,-0.009919,0.449355,-0.893298,-0.194678,0.531346,-0.824483,-0.119,0.519,0.345,0.062,0.202
22147,738.421,0.98,1,0.029958,0.605387,-0.795367,-0.270892,0.464577,-0.843081,-0.146,0.579,0.478,-0.001,0.087
22148,738.455,0.98,1,-0.051987,0.502353,-0.863099,-0.243607,0.572776,-0.782677,-0.178,0.579,0.409,0.061,0.121
22149,738.488,0.88,1,-0.096855,0.58674,-0.803962,-0.243539,0.52947,-0.812619,-0.208,0.604,0.381,0.07,0.135
22150,738.521,0.98,1,-0.077047,0.542485,-0.836525,-0.254349,0.514356,-0.81899,-0.198,0.568,0.398,0.1,0.142
22151,738.555,0.98,1,-0.084091,0.572169,-0.815813,-0.27786,0.536451,-0.796878,-0.221,0.602,0.41,0.146,0.146
22152,738.588,0.98,1,-0.087309,0.605047,-0.791388,-0.263397,0.582487,-0.76898,-0.221,0.651,0.46,0.166,0.129
22153,738.621,0.98,1,-0.078661,0.625158,-0.776524,-0.271766,0.593194,-0.757802,-0.225,0.671,0.465,0.147,0.132
22154,738.655,0.98,1,-0.033174,0.646018,-0.762601,-0.277317,0.586462,-0.761024,-0.201,0.68,0.461,0.147,0.15
22155,738.688,0.98,1,-0.055129,0.626969,-0.777091,-0.272121,0.550813,-0.789022,-0.206,0.645,0.437,0.149,0.175
22156,738.721,0.98,1,-0.047064,0.596068,-0.801553,-0.267988,0.510712,-0.816918,-0.192,0.6,0.376,0.149,0.202
22157,738.755,0.98,1,-0.059612,0.575612,-0.815547,-0.267238,0.492635,-0.828187,-0.196,0.576,0.366,0.152,0.223
22158,738.788,0.98,1,-0.052893,0.594949,-0.802021,-0.270247,0.492892,-0.827057,-0.196,0.589,0.379,0.142,0.224
22159,738.821,0.98,1,-0.046337,0.589814,-0.806209,-0.273094,0.490966,-0.827268,-0.193,0.585,0.384,0.138,0.231
22160,738.855,0.98,1,-0.066218,0.587987,-0.806156,-0.286487,0.482543,-0.827694,-0.213,0.58,0.383,0.147,0.243
22161,738.888,0.98,1,-0.060929,0.598851,-0.79854,-0.282337,0.477596,-0.831978,-0.207,0.584,0.389,0.152,0.247
22162,738.921,0.98,1,-0.062298,0.588706,-0.805943,-0.281247,0.486526,-0.82716,-0.207,0.582,0.395,0.151,0.247
22163,738.955,0.98,1,-0.061085,0.590032,-0.805066,-0.277396,0.494333,-0.823825,-0.205,0.587,0.401,0.147,0.246
22164,738.988,0.98,1,-0.072291,0.588836,-0.805013,-0.277097,0.508149,-0.815477,-0.212,0.595,0.392,0.159,0.243
22165,739.021,0.88,1,-0.159809,0.62375,-0.765112,-0.305809,0.554243,-0.774142,-0.294,0.653,0.438,0.17,0.218
22166,739.055,0.98,1,-0.210533,0.567112,-0.796279,-0.334451,0.51012,-0.792414,-0.33,0.596,0.452,0.162,0.196
22167,739.088,0.98,1,-0.20355,0.549167,-0.810545,-0.213215,0.478861,-0.851605,-0.246,0.554,0.477,0.143,0.178
22168,739.121,0.88,1,-0.171063,0.606151,-0.776736,-0.316399,0.579953,-0.750697,-0.309,0.66,0.444,0.18,0.17
22169,739.155,0.98,1,-0.121166,0.576829,-0.807828,-0.276605,0.5482,-0.789282,-0.244,0.614,0.409,0.183,0.177
22170,739.188,0.98,1,-0.123208,0.554031,-0.823328,-0.286747,0.536364,-0.793782,-0.248,0.593,0.417,0.19,0.179
22171,739.221,0.98,1,-0.117441,0.543734,-0.831,-0.278657,0.506051,-0.816249,-0.236,0.567,0.386,0.178,0.209
22172,739.255,0.98,1,-0.10038,0.528313,-0.843095,-0.276751,0.496987,-0.822443,-0.223,0.552,0.381,0.169,0.223
22173,739.288,0.98,1,-0.090235,0.550203,-0.830141,-0.289268,0.492213,-0.821005,-0.226,0.563,0.394,0.166,0.229
22174,739.321,0.98,1,-0.105146,0.545817,-0.831281,-0.28309,0.498475,-0.819379,-0.231,0.564,0.398,0.176,0.235
22175,739.355,0.98,1,-0.102645,0.519764,-0.848121,-0.289053,0.474918,-0.831205,-0.229,0.535,0.377,0.171,0.247
22176,739.388,0.98,1,-0.108557,0.512831,-0.851598,-0.282454,0.475217,-0.8333,-0.228,0.53,0.372,0.173,0.251
22177,739.421,0.98,1,-0.11484,0.518691,-0.847214,-0.279465,0.469011,-0.837811,-0.23,0.53,0.373,0.176,0.252
22178,739.455,0.98,1,-0.152187,0.524713,-0.837565,-0.319958,0.473071,-0.820872,-0.277,0.542,0.368,0.178,0.254
22179,739.488,0.98,1,-0.205518,0.574549,-0.792247,-0.350155,0.46027,-0.815808,-0.333,0.572,0.354,0.178,0.259
22180,739.521,0.98,1,-0.250573,0.537235,-0.805352,-0.394061,0.425098,-0.814867,-0.379,0.536,0.338,0.2,0.266
22181,739.555,0.98,1,-0.272635,0.537489,-0.797982,-0.41971,0.413183,-0.80816,-0.407,0.534,0.318,0.237,0.277
22182,739.588,0.98,1,-0.297035,0.545212,-0.78391,-0.457246,0.37633,-0.805793,-0.443,0.525,0.302,0.309,0.289
22183,739.622,0.98,1,-0.278647,0.515053,-0.810602,-0.467598,0.350293,-0.811571,-0.431,0.49,0.284,0.383,0.303
22184,739.655,0.98,1,-0.333173,0.479015,-0.812121,-0.533641,0.253812,-0.806726,-0.492,0.425,0.275,0.471,0.321
22185,739.688,0.98,1,-0.345333,0.489367,-0.80079,-0.558611,0.251588,-0.790352,-0.517,0.436,0.285,0.513,0.331
22186,739.722,0.98,1,-0.325228,0.497263,-0.804336,-0.542473,0.243384,-0.804045,-0.495,0.432,0.276,0.499,0.346
22187,739.755,0.98,1,-0.317843,0.497151,-0.807352,-0.5305,0.239519,-0.813142,-0.482,0.427,0.268,0.468,0.361
22188,739.788,0.93,1,-0.294713,0.495442,-0.817118,-0.513719,0.21287,-0.831131,-0.456,0.406,0.24,0.435,0.381
22189,739.822,0.93,1,-0.274776,0.508637,-0.815957,-0.474825,0.237652,-0.847386,-0.423,0.422,0.255,0.414,0.363
22190,739.855,0.98,1,-0.284049,0.51023,-0.811776,-0.506402,0.249729,-0.825344,-0.45,0.435,0.267,0.434,0.348
22191,739.888,0.98,1,-0.314261,0.499358,-0.807392,-0.504837,0.229604,-0.832118,-0.463,0.418,0.266,0.457,0.348
22192,739.922,0.98,1,-0.330293,0.503654,-0.798273,-0.514268,0.240559,-0.823201,-0.48,0.43,0.279,0.476,0.338
22193,739.955,0.98,1,-0.333444,0.504026,-0.796727,-0.552023,0.254292,-0.794107,-0.508,0.445,0.285,0.479,0.332
22194,739.988,0.98,1,-0.335505,0.497997,-0.799647,-0.541663,0.249885,-0.802595,-0.501,0.437,0.307,0.506,0.318
22195,740.022,0.98,1,-0.333865,0.498373,-0.800099,-0.559191,0.259434,-0.787401,-0.512,0.445,0.309,0.496,0.315
22196,740.055,0.98,1,-0.334363,0.509656,-0.79275,-0.560728,0.274408,-0.781207,-0.517,0.462,0.317,0.494,0.309
22197,740.088,0.98,1,-0.336556,0.517727,-0.786568,-0.577937,0.287166,-0.763888,-0.533,0.479,0.332,0.502,0.301
22198,740.122,0.98,1,-0.336538,0.52212,-0.783666,-0.571401,0.295576,-0.765595,-0.53,0.486,0.337,0.503,0.294
22199,740.155,0.98,1,-0.337,0.529418,-0.778555,-0.579603,0.300577,-0.757439,-0.538,0.495,0.342,0.508,0.29
22200,740.188,0.98,1,-0.334366,0.529025,-0.779957,-0.567442,0.300319,-0.766693,-0.528,0.492,0.344,0.506,0.287
22201,740.222,0.98,1,-0.337047,0.525041,-0.781493,-0.561752,0.302268,-0.77011,-0.525,0.49,0.348,0.503,0.28
22202,740.255,0.98,1,-0.330863,0.531054,-0.780072,-0.573613,0.321277,-0.753491,-0.533,0.507,0.354,0.505,0.273
22203,740.288,0.98,1,-0.324118,0.534282,-0.780699,-0.578364,0.324872,-0.7483,-0.533,0.512,0.359,0.504,0.266
22204,740.322,0.98,1,-0.307849,0.559406,-0.769607,-0.551679,0.387036,-0.738819,-0.518,0.56,0.344,0.482,0.268
22205,740.355,0.98,1,-0.262836,0.607319,-0.749721,-0.515953,0.489704,-0.702839,-0.492,0.647,0.334,0.456,0.265
22206,740.388,0.98,1,-0.202132,0.614341,-0.762711,-0.503415,0.488861,-0.712452,-0.446,0.642,0.334,0.435,0.257
22207,740.422,0.93,1,-0.190911,0.602846,-0.774681,-0.505442,0.521793,-0.687212,-0.445,0.656,0.339,0.396,0.246
22208,740.455,0.93,1,-0.19419,0.557451,-0.80718,-0.471525,0.502578,-0.724624,-0.41,0.605,0.326,0.361,0.242
22209,740.488,0.93,1,-0.188118,0.535829,-0.823104,-0.438003,0.473483,-0.764177,-0.376,0.566,0.31,0.329,0.245
22210,740.522,0.93,1,-0.190637,0.4986,-0.84561,-0.418116,0.44744,-0.790555,-0.356,0.524,0.292,0.297,0.25
22211,740.555,0.93,1,-0.176996,0.480074,-0.859186,-0.393041,0.419902,-0.818047,-0.328,0.492,0.283,0.277,0.249
22212,740.588,0.93,1,-0.175942,0.459624,-0.870512,-0.367918,0.421253,-0.828964,-0.31,0.478,0.285,0.261,0.244
22213,740.622,0.93,1,-0.160428,0.45914,-0.873758,-0.361484,0.418032,-0.833414,-0.297,0.475,0.286,0.254,0.239
22214,740.655,0.93,1,-0.160104,0.444388,-0.881411,-0.350134,0.413189,-0.840643,-0.288,0.462,0.283,0.249,0.236
22215,740.689,0.98,1,-0.142808,0.43654,-0.888279,-0.338387,0.405315,-0.849243,-0.27,0.451,0.281,0.243,0.233
22216,740.722,0.98,1,-0.12117,0.424303,-0.897376,-0.321153,0.397408,-0.859609,-0.247,0.437,0.278,0.236,0.233
22217,740.755,0.98,1,-0.126262,0.394291,-0.910271,-0.305822,0.398026,-0.864897,-0.239,0.42,0.278,0.23,0.229
22218,740.789,0.98,1,-0.120671,0.389906,-0.912914,-0.299539,0.390266,-0.870614,-0.231,0.412,0.273,0.222,0.229
22222,740.922,0.98,1,-0.146761,0.396821,-0.906087,-0.288842,0.390102,-0.874295,-0.24,0.416,0.274,0.213,0.22
22223,740.955,0.98,1,-0.147737,0.41168,-0.899274,-0.286123,0.396961,-0.872098,-0.24,0.428,0.275,0.215,0.219
22234,741.322,0.98,1,-0.198735,0.384136,-0.901634,-0.314405,0.394177,-0.863582,-0.283,0.415,0.342,0.254,0.214
22236,741.389,0.93,1,-0.207013,0.39739,-0.893995,-0.323334,0.368279,-0.87168,-0.292,0.409,0.286,0.281,0.241
22237,741.422,0.93,1,-0.178582,0.404156,-0.897088,-0.317566,0.377175,-0.869995,-0.274,0.416,0.298,0.265,0.236
22238,741.455,0.93,1,-0.161804,0.427237,-0.889544,-0.315123,0.404003,-0.858766,-0.266,0.444,0.33,0.256,0.225
22239,741.489,0.93,1,-0.163411,0.445865,-0.880058,-0.316288,0.416566,-0.852312,-0.27,0.462,0.353,0.252,0.218
22240,741.522,0.88,1,-0.160197,0.467416,-0.869402,-0.309887,0.44736,-0.838951,-0.269,0.492,0.382,0.256,0.215
22241,741.555,0.88,1,-0.218359,0.371589,-0.902353,-0.306199,0.44888,-0.839493,-0.293,0.44,0.37,0.254,0.227
22242,741.589,0.93,1,-0.212742,0.3815,-0.899554,-0.305593,0.44564,-0.841438,-0.289,0.444,0.351,0.241,0.235
22243,741.622,0.93,1,-0.146072,0.459652,-0.876004,-0.317622,0.429972,-0.845127,-0.263,0.477,0.323,0.235,0.244
22244,741.655,0.93,1,-0.145148,0.472775,-0.869147,-0.309547,0.439496,-0.843223,-0.26,0.49,0.322,0.226,0.245
22245,741.689,0.88,1,-0.128333,0.474297,-0.870961,-0.320238,0.435613,-0.841242,-0.256,0.488,0.317,0.209,0.245
22246,741.722,0.88,1,-0.112167,0.464064,-0.878671,-0.31883,0.414568,-0.852338,-0.244,0.47,0.305,0.199,0.25
22247,741.756,0.88,1,-0.100639,0.493836,-0.863712,-0.326219,0.435696,-0.838898,-0.246,0.5,0.346,0.192,0.237
22248,741.789,0.88,1,-0.101683,0.501764,-0.859007,-0.315581,0.444099,-0.838561,-0.241,0.508,0.363,0.19,0.234
22249,741.822,0.88,1,-0.102107,0.499896,-0.860046,-0.31494,0.454917,-0.832985,-0.242,0.514,0.367,0.184,0.242
22250,741.856,0.88,1,-0.126085,0.493249,-0.860702,-0.311,0.459013,-0.832218,-0.253,0.512,0.38,0.195,0.238
22251,741.889,0.88,1,-0.145535,0.488378,-0.860411,-0.303551,0.464994,-0.831648,-0.259,0.513,0.389,0.216,0.227
22252,741.922,0.88,1,-0.213846,0.415886,-0.883916,-0.318838,0.459337,-0.829067,-0.301,0.472,0.401,0.225,0.222
22253,741.956,0.88,1,-0.156103,0.467945,-0.869861,-0.314519,0.455945,-0.832582,-0.27,0.497,0.393,0.217,0.229
22254,741.989,0.88,1,-0.128547,0.48512,-0.864947,-0.303999,0.454285,-0.837382,-0.249,0.504,0.389,0.2,0.238
22255,742.022,0.88,1,-0.108988,0.494689,-0.862209,-0.314499,0.444513,-0.838748,-0.244,0.505,0.409,0.184,0.236
22256,742.056,0.88,1,-0.08715,0.505522,-0.858401,-0.308277,0.450577,-0.837822,-0.229,0.513,0.41,0.156,0.251
22257,742.089,0.98,1,-0.079591,0.505326,-0.85925,-0.300715,0.436171,-0.848131,-0.219,0.504,0.398,0.153,0.258
22258,742.122,0.88,1,-0.085839,0.501751,-0.860743,-0.288744,0.435735,-0.852503,-0.215,0.501,0.393,0.161,0.255
22259,742.156,0.88,1,-0.093312,0.471583,-0.876871,-0.281897,0.419238,-0.863003,-0.212,0.473,0.354,0.157,0.253
22260,742.189,0.93,1,-0.098965,0.476228,-0.873735,-0.289658,0.423423,-0.858377,-0.221,0.479,0.371,0.161,0.248
22261,742.222,0.98,1,-0.067353,0.475013,-0.877397,-0.285699,0.423993,-0.859422,-0.201,0.478,0.358,0.145,0.244
22262,742.256,0.93,1,-0.104286,0.449654,-0.887094,-0.272051,0.399247,-0.875551,-0.21,0.449,0.324,0.159,0.244
22263,742.289,0.98,1,-0.139238,0.457641,-0.878167,-0.292204,0.437002,-0.850674,-0.245,0.478,0.401,0.173,0.221
22264,742.322,0.98,1,-0.131045,0.458596,-0.87893,-0.25966,0.438,-0.860658,-0.221,0.476,0.367,0.183,0.214
22265,742.356,0.98,1,-0.130625,0.460527,-0.877982,-0.261175,0.435319,-0.86156,-0.222,0.476,0.353,0.195,0.2
22266,742.389,0.98,1,-0.195839,0.447585,-0.872534,-0.27038,0.458144,-0.846758,-0.265,0.485,0.34,0.21,0.187
22267,742.422,0.98,1,-0.247061,0.487154,-0.83764,-0.287044,0.503116,-0.815156,-0.313,0.54,0.324,0.225,0.18
22268,742.456,0.98,1,-0.22796,0.530605,-0.81639,-0.331781,0.468636,-0.81872,-0.33,0.549,0.311,0.243,0.176
22269,742.489,0.98,1,-0.226028,0.542491,-0.809083,-0.332854,0.470843,-0.817016,-0.331,0.557,0.307,0.269,0.17
22270,742.522,0.98,1,-0.226268,0.535849,-0.81343,-0.376374,0.4878,-0.787651,-0.36,0.569,0.299,0.297,0.17
22271,742.556,0.98,1,-0.253377,0.531521,-0.808261,-0.379801,0.531236,-0.757324,-0.384,0.596,0.292,0.324,0.17
22272,742.589,0.98,1,-0.29046,0.510913,-0.809074,-0.462405,0.299694,-0.834485,-0.43,0.458,0.3,0.363,0.167
22273,742.622,0.98,1,-0.306903,0.47776,-0.823138,-0.465348,0.290463,-0.836112,-0.436,0.434,0.297,0.376,0.168
22274,742.656,0.98,1,-0.276038,0.497332,-0.822474,-0.483611,0.284143,-0.827879,-0.431,0.442,0.3,0.392,0.167
22275,742.689,0.98,1,-0.258945,0.497131,-0.828135,-0.482143,0.299439,-0.823332,-0.422,0.449,0.311,0.397,0.162
22276,742.722,0.98,1,-0.255253,0.481644,-0.83837,-0.49728,0.293586,-0.816407,-0.427,0.438,0.324,0.408,0.152
22277,742.756,0.98,1,-0.248755,0.482487,-0.839838,-0.489677,0.310283,-0.814826,-0.42,0.447,0.336,0.414,0.143
22278,742.789,0.98,1,-0.234089,0.496748,-0.835729,-0.506183,0.332272,-0.795848,-0.426,0.47,0.346,0.438,0.129
22279,742.822,0.98,1,-0.234535,0.498648,-0.834472,-0.516557,0.332277,-0.789152,-0.433,0.473,0.349,0.439,0.122
22280,742.856,0.98,1,-0.248564,0.504417,-0.82691,-0.518518,0.330078,-0.788788,-0.443,0.477,0.353,0.444,0.118
22281,742.889,0.98,1,-0.239897,0.461588,-0.854041,-0.531377,0.294873,-0.794158,-0.438,0.43,0.332,0.451,0.12
22282,742.923,0.98,1,-0.230458,0.463026,-0.85586,-0.520277,0.302775,-0.798523,-0.426,0.434,0.331,0.45,0.119
22283,742.956,0.98,1,-0.242141,0.456536,-0.856121,-0.532893,0.300941,-0.79086,-0.44,0.431,0.332,0.451,0.115
22284,742.989,0.98,1,-0.220996,0.457773,-0.861165,-0.529817,0.303626,-0.7919,-0.426,0.432,0.32,0.444,0.119
22285,743.023,0.98,1,-0.215673,0.450715,-0.866222,-0.524043,0.299839,-0.797167,-0.418,0.424,0.314,0.442,0.121
22286,743.056,0.98,1,-0.206755,0.453524,-0.86693,-0.522269,0.292857,-0.800918,-0.412,0.421,0.31,0.446,0.123
22287,743.089,0.98,1,-0.311451,0.503198,-0.806095,-0.541443,0.321792,-0.776717,-0.494,0.48,0.312,0.437,0.123
22288,743.123,0.98,1,-0.346435,0.494108,-0.797396,-0.519858,0.357596,-0.775805,-0.503,0.496,0.31,0.458,0.122
22289,743.156,0.98,1,-0.331193,0.505744,-0.796576,-0.485868,0.478483,-0.731427,-0.491,0.572,0.275,0.441,0.133
22290,743.189,0.98,1,-0.335062,0.497113,-0.800383,-0.515251,0.488145,-0.704437,-0.514,0.58,0.264,0.456,0.143
22291,743.223,0.98,1,-0.338127,0.473859,-0.813098,-0.542391,0.463006,-0.701025,-0.527,0.554,0.255,0.484,0.151
22292,743.256,0.98,1,-0.32896,0.459461,-0.825034,-0.520981,0.467499,-0.714159,-0.505,0.542,0.238,0.469,0.163
22293,743.289,0.98,1,-0.328905,0.446038,-0.832389,-0.529163,0.433608,-0.729363,-0.502,0.513,0.228,0.471,0.168
22294,743.323,0.98,1,-0.326471,0.442717,-0.835116,-0.53325,0.423722,-0.732191,-0.502,0.505,0.225,0.48,0.173
22295,743.356,0.98,1,-0.344145,0.429408,-0.834969,-0.549474,0.290653,-0.783326,-0.505,0.419,0.235,0.506,0.175
22296,743.389,0.98,1,-0.315979,0.423944,-0.848781,-0.531884,0.343504,-0.774019,-0.481,0.442,0.235,0.508,0.173
22297,743.423,0.98,1,-0.252443,0.469718,-0.845954,-0.494548,0.390703,-0.776385,-0.432,0.488,0.218,0.486,0.176
22298,743.456,0.98,1,-0.250764,0.467837,-0.847494,-0.554606,0.415875,-0.720736,-0.474,0.513,0.206,0.451,0.172
22299,743.489,0.98,1,-0.31307,0.467048,-0.826954,-0.587879,0.408053,-0.698492,-0.533,0.521,0.224,0.436,0.167
22300,743.523,0.98,1,-0.209477,0.356416,-0.910542,-0.529929,0.491783,-0.690887,-0.433,0.487,0.233,0.399,0.163
22331,744.556,0.98,1,-0.198669,0.44,-0.875746,-0.292085,0.439813,-0.849265,-0.277,0.472,0.161,0.244,0.059
22332,744.59,0.98,1,-0.197507,0.495086,-0.846097,-0.323809,0.461207,-0.826096,-0.302,0.519,0.176,0.271,0.056
22333,744.623,0.98,1,-0.222089,0.489415,-0.843297,-0.345556,0.47512,-0.809229,-0.331,0.528,0.195,0.331,0.053
22334,744.656,0.93,1,-0.245889,0.47227,-0.846463,-0.359503,0.431593,-0.827336,-0.347,0.495,0.195,0.381,0.064
22335,744.69,0.93,1,-0.256463,0.453174,-0.853733,-0.394749,0.425021,-0.814574,-0.372,0.485,0.2,0.422,0.066
22336,744.723,0.93,1,-0.249185,0.441708,-0.861859,-0.410349,0.428254,-0.805116,-0.377,0.481,0.206,0.448,0.067
22337,744.756,0.93,1,-0.256128,0.431659,-0.864909,-0.417036,0.407773,-0.812282,-0.382,0.464,0.197,0.448,0.075
22338,744.79,0.93,1,-0.247407,0.420666,-0.872829,-0.447492,0.387077,-0.806178,-0.392,0.448,0.188,0.45,0.085
22339,744.823,0.93,1,-0.244605,0.386695,-0.889177,-0.45353,0.365268,-0.812951,-0.389,0.416,0.189,0.452,0.086
22340,744.856,0.93,1,-0.235756,0.385853,-0.891929,-0.456173,0.36639,-0.810965,-0.386,0.416,0.196,0.456,0.086
22341,744.89,0.93,1,-0.244066,0.391617,-0.887169,-0.458295,0.381522,-0.80275,-0.394,0.429,0.207,0.475,0.084
22342,744.923,0.93,1,-0.323109,0.444816,-0.835308,-0.469296,0.42105,-0.776194,-0.457,0.493,0.224,0.503,0.081
22343,744.956,0.93,1,-0.339959,0.442576,-0.829792,-0.494394,0.458626,-0.738401,-0.489,0.522,0.243,0.523,0.079
22344,744.99,0.93,1,-0.349469,0.454981,-0.819063,-0.490773,0.477525,-0.728775,-0.497,0.542,0.26,0.537,0.074
22345,745.023,0.93,1,-0.356184,0.465588,-0.810161,-0.493337,0.483064,-0.723373,-0.506,0.554,0.273,0.539,0.067
22346,745.056,0.93,1,-0.425541,0.453558,-0.783071,-0.525495,0.481494,-0.701441,-0.57,0.562,0.286,0.559,0.059
22347,745.09,0.98,1,-0.453492,0.442071,-0.773898,-0.526083,0.486495,-0.697538,-0.587,0.563,0.298,0.578,0.051
22348,745.123,0.93,1,-0.464233,0.429174,-0.774789,-0.538105,0.480173,-0.692731,-0.599,0.555,0.301,0.586,0.043
22349,745.157,0.98,1,-0.459839,0.429836,-0.777039,-0.52331,0.481723,-0.702915,-0.586,0.552,0.29,0.583,0.05
22350,745.19,0.98,1,-0.406604,0.473268,-0.781467,-0.546378,0.429921,-0.718776,-0.566,0.542,0.284,0.597,0.061
22351,745.223,0.98,1,-0.447057,0.436913,-0.780543,-0.548034,0.365871,-0.752195,-0.576,0.482,0.299,0.614,0.061
22352,745.257,0.98,1,-0.451538,0.441238,-0.775514,-0.54352,0.390641,-0.742957,-0.58,0.501,0.29,0.606,0.064
22353,745.29,0.98,1,-0.417305,0.470746,-0.777338,-0.51011,0.436307,-0.741232,-0.548,0.538,0.27,0.573,0.071
22354,745.323,0.98,1,-0.370901,0.444207,-0.815544,-0.51657,0.333499,-0.788628,-0.505,0.451,0.28,0.593,0.071
22355,745.357,0.98,1,-0.32036,0.466535,-0.824448,-0.49676,0.356813,-0.791147,-0.468,0.471,0.28,0.596,0.074
22356,745.39,0.98,1,-0.262722,0.452451,-0.852212,-0.476514,0.353119,-0.805134,-0.42,0.452,0.271,0.572,0.082
22357,745.423,0.98,1,-0.279579,0.481342,-0.83075,-0.471845,0.338295,-0.814198,-0.429,0.462,0.275,0.545,0.083
22358,745.457,0.98,1,-0.275175,0.491987,-0.825971,-0.461811,0.360529,-0.810401,-0.423,0.48,0.281,0.523,0.079
22359,745.49,0.98,1,-0.268817,0.490585,-0.828893,-0.474213,0.349049,-0.808261,-0.426,0.474,0.288,0.506,0.073
22360,745.523,0.98,1,-0.280323,0.499179,-0.819902,-0.485642,0.34775,-0.802011,-0.441,0.481,0.298,0.499,0.066
22361,745.557,0.98,1,-0.289102,0.499812,-0.816461,-0.491853,0.345499,-0.799194,-0.45,0.482,0.311,0.494,0.056
22362,745.59,0.93,1,-0.291963,0.50949,-0.80943,-0.482129,0.372952,-0.792754,-0.45,0.503,0.325,0.507,0.045
22363,745.623,0.93,1,-0.275105,0.446726,-0.851325,-0.488709,0.377219,-0.786683,-0.436,0.466,0.301,0.49,0.046
22364,745.657,0.93,1,-0.271962,0.468461,-0.840583,-0.498769,0.389147,-0.774464,-0.445,0.488,0.321,0.508,0.039
22365,745.69,0.93,1,-0.292172,0.486662,-0.823284,-0.505889,0.396759,-0.765937,-0.465,0.507,0.34,0.532,0.032
22366,745.723,0.98,1,-0.305377,0.496245,-0.812703,-0.534044,0.419133,-0.734251,-0.497,0.534,0.357,0.554,0.028
22367,745.757,0.98,1,-0.411317,0.511714,-0.754299,-0.541148,0.442469,-0.715108,-0.575,0.576,0.396,0.604,0.014
22368,745.79,0.98,1,-0.425234,0.523597,-0.738257,-0.547988,0.471581,-0.690884,-0.598,0.608,0.416,0.622,0.006
22369,745.823,0.88,1,-0.337723,0.545973,-0.766718,-0.559549,0.442971,-0.700487,-0.549,0.593,0.434,0.641,0.004
22370,745.857,0.98,1,-0.36926,0.486287,-0.791942,-0.61588,0.552798,-0.561343,-0.629,0.655,0.41,0.644,0.044
22371,745.89,0.98,1,-0.322797,0.511291,-0.796482,-0.561969,0.420169,-0.712495,-0.53,0.553,0.436,0.629,0.027
22372,745.923,0.98,1,-0.303484,0.539013,-0.785724,-0.571355,0.430061,-0.699,-0.532,0.578,0.431,0.623,0.033
22373,745.957,0.98,1,-0.311552,0.502553,-0.806459,-0.54508,0.410919,-0.730776,-0.508,0.536,0.418,0.608,0.039
22374,745.99,0.98,1,-0.301919,0.496412,-0.813892,-0.5564,0.410702,-0.722318,-0.51,0.533,0.416,0.598,0.041
22375,746.023,0.98,1,-0.303492,0.510884,-0.804295,-0.554877,0.41002,-0.723875,-0.512,0.542,0.408,0.592,0.046
22376,746.057,0.98,1,-0.29911,0.518591,-0.800997,-0.549167,0.422515,-0.721039,-0.508,0.554,0.402,0.593,0.051
22377,746.09,0.98,1,-0.299218,0.519989,-0.80005,-0.547929,0.420447,-0.723186,-0.508,0.553,0.408,0.594,0.053
22378,746.123,0.98,1,-0.319084,0.509173,-0.79933,-0.557035,0.417077,-0.718163,-0.524,0.548,0.413,0.598,0.055
22379,746.157,0.98,1,-0.317222,0.515627,-0.795926,-0.568045,0.415124,-0.710632,-0.531,0.553,0.42,0.588,0.056
22380,746.19,0.98,1,-0.296173,0.505737,-0.810254,-0.602399,0.386834,-0.698194,-0.537,0.534,0.43,0.587,0.051
22381,746.224,0.98,1,-0.255913,0.512695,-0.819544,-0.568774,0.395614,-0.7211,-0.491,0.533,0.43,0.568,0.059
22382,746.257,0.98,1,-0.248127,0.526183,-0.813366,-0.563308,0.415928,-0.713925,-0.488,0.553,0.443,0.55,0.058
22383,746.29,0.98,1,-0.243067,0.522095,-0.817518,-0.544955,0.410844,-0.730912,-0.471,0.542,0.443,0.526,0.065
22384,746.324,0.98,1,-0.221055,0.538598,-0.813048,-0.527333,0.404018,-0.747456,-0.447,0.543,0.43,0.497,0.075
22385,746.357,0.98,1,-0.221734,0.531514,-0.817513,-0.52117,0.393965,-0.757082,-0.441,0.531,0.422,0.474,0.08
22386,746.39,0.98,1,-0.226303,0.51914,-0.824185,-0.504031,0.399222,-0.765882,-0.431,0.524,0.428,0.465,0.077
22387,746.424,0.98,1,-0.232625,0.512635,-0.826493,-0.499487,0.412156,-0.761997,-0.432,0.527,0.431,0.463,0.07
22388,746.457,0.98,1,-0.217731,0.515339,-0.828866,-0.458007,0.434151,-0.77572,-0.399,0.534,0.426,0.451,0.068
22389,746.49,0.98,1,-0.184294,0.51721,-0.835781,-0.490475,0.419439,-0.763875,-0.399,0.53,0.428,0.455,0.061
22390,746.524,0.98,1,-0.182647,0.521412,-0.833528,-0.480088,0.447208,-0.754666,-0.395,0.548,0.429,0.454,0.058
22391,746.557,0.98,1,-0.222543,0.515263,-0.827634,-0.460105,0.449917,-0.765427,-0.405,0.545,0.437,0.457,0.058
22392,746.59,0.98,1,-0.185755,0.525919,-0.830002,-0.492274,0.427968,-0.757964,-0.404,0.541,0.433,0.459,0.06
22393,746.624,0.98,1,-0.199176,0.531738,-0.823155,-0.48816,0.432811,-0.757875,-0.41,0.548,0.441,0.459,0.059
22394,746.657,0.98,1,-0.200022,0.537523,-0.819183,-0.488243,0.428889,-0.760048,-0.411,0.549,0.45,0.476,0.054
22395,746.69,0.98,1,-0.259859,0.523611,-0.81136,-0.48932,0.424306,-0.761925,-0.444,0.542,0.458,0.491,0.052
22396,746.724,0.98,1,-0.335602,0.5071,-0.793864,-0.52966,0.39543,-0.750397,-0.511,0.529,0.437,0.511,0.061
22397,746.757,0.98,1,-0.367319,0.508693,-0.778658,-0.529964,0.392494,-0.751722,-0.53,0.532,0.422,0.554,0.062
22398,746.79,0.98,1,-0.396989,0.510985,-0.762426,-0.540074,0.415558,-0.731868,-0.56,0.555,0.427,0.576,0.056
22399,746.824,0.98,1,-0.464994,0.456253,-0.758692,-0.553389,0.414178,-0.722646,-0.602,0.531,0.427,0.61,0.055
22400,746.857,0.88,1,-0.478437,0.412112,-0.775411,-0.550179,0.424085,-0.719344,-0.603,0.51,0.429,0.629,0.053
22401,746.89,0.88,1,-0.361196,0.477992,-0.800663,-0.56901,0.374033,-0.732344,-0.545,0.507,0.373,0.658,0.089
22402,746.924,0.88,1,-0.35464,0.472638,-0.806749,-0.580726,0.361167,-0.729599,-0.547,0.497,0.355,0.677,0.109
22403,746.957,0.88,1,-0.354473,0.486352,-0.798631,-0.571497,0.375779,-0.729508,-0.545,0.514,0.357,0.67,0.119
22404,746.99,0.88,1,-0.352622,0.474792,-0.806369,-0.578089,0.389877,-0.716804,-0.548,0.516,0.354,0.668,0.132
22405,747.024,0.88,1,-0.346977,0.476279,-0.807939,-0.576324,0.374874,-0.726168,-0.542,0.507,0.347,0.673,0.142
22406,747.057,0.88,1,-0.363903,0.476749,-0.800178,-0.590173,0.399868,-0.701285,-0.566,0.528,0.35,0.683,0.138
22407,747.09,0.88,1,-0.381235,0.482484,-0.788587,-0.629693,0.418933,-0.654203,-0.611,0.558,0.381,0.678,0.121
22408,747.124,0.98,1,-0.389048,0.489975,-0.780106,-0.739265,0.530151,-0.415244,-0.757,0.706,0.419,0.665,0.1
22409,747.157,0.98,1,-0.428512,0.496225,-0.755075,-0.701712,0.54845,-0.454756,-0.751,0.712,0.447,0.66,0.086
22410,747.19,0.98,1,-0.437652,0.486617,-0.756085,-0.671707,0.534283,-0.513178,-0.718,0.677,0.464,0.662,0.074
22411,747.224,0.93,1,-0.432173,0.508284,-0.744899,-0.725221,0.502153,-0.47106,-0.761,0.693,0.453,0.68,0.078
22412,747.257,0.93,1,-0.421434,0.474907,-0.772565,-0.715035,0.480287,-0.507985,-0.726,0.641,0.406,0.68,0.104
22413,747.29,0.93,1,-0.37016,0.520152,-0.769691,-0.630288,0.443014,-0.637554,-0.618,0.6,0.409,0.658,0.112
22414,747.324,0.88,1,-0.381801,0.511653,-0.769701,-0.57757,0.412996,-0.704164,-0.577,0.56,0.445,0.64,0.097
22415,747.357,0.88,1,-0.329311,0.5159,-0.790823,-0.575072,0.410249,-0.707805,-0.543,0.554,0.439,0.626,0.096
22416,747.391,0.98,1,-0.318355,0.523734,-0.79016,-0.560932,0.410072,-0.719164,-0.528,0.554,0.447,0.602,0.095
22417,747.424,0.98,1,-0.247132,0.60042,-0.76054,-0.53322,0.446829,-0.718345,-0.486,0.616,0.463,0.54,0.086
22418,747.457,0.98,1,-0.212752,0.579092,-0.787013,-0.468877,0.459165,-0.754534,-0.416,0.593,0.424,0.463,0.1
22419,747.491,0.98,1,-0.215507,0.573794,-0.790137,-0.428489,0.462809,-0.776019,-0.39,0.585,0.444,0.411,0.09
22420,747.524,0.98,1,-0.130049,0.605958,-0.784794,-0.406606,0.494902,-0.767948,-0.333,0.617,0.453,0.363,0.083
22421,747.557,0.98,1,-0.094315,0.591004,-0.801136,-0.405679,0.505378,-0.761588,-0.31,0.612,0.477,0.331,0.073
22422,747.591,0.98,1,-0.081565,0.587446,-0.805142,-0.395037,0.574365,-0.716973,-0.303,0.652,0.499,0.301,0.063
22423,747.624,0.98,1,-0.110798,0.596698,-0.79478,-0.393617,0.59492,-0.700811,-0.325,0.673,0.51,0.286,0.052
22424,747.657,0.98,1,-0.111637,0.600361,-0.791899,-0.407344,0.586668,-0.699922,-0.335,0.672,0.519,0.282,0.044
22425,747.691,0.98,1,-0.102589,0.615342,-0.781556,-0.403151,0.632798,-0.661087,-0.337,0.713,0.52,0.278,0.037
22426,747.724,0.98,1,-0.10139,0.609906,-0.785961,-0.400699,0.623089,-0.671714,-0.332,0.702,0.532,0.282,0.029
22427,747.757,0.93,1,-0.103257,0.642804,-0.759039,-0.403143,0.639873,-0.654246,-0.344,0.737,0.52,0.281,0.03
22428,747.791,0.98,1,-0.092815,0.612958,-0.784645,-0.395237,0.640943,-0.658012,-0.326,0.716,0.557,0.29,0.011
22429,747.824,0.98,1,-0.115077,0.66877,-0.734509,-0.383528,0.635021,-0.670563,-0.341,0.748,0.552,0.284,0.009
22430,747.857,0.98,1,-0.104391,0.666974,-0.737732,-0.374605,0.637242,-0.673494,-0.327,0.746,0.549,0.28,0.003
22431,747.891,0.98,1,-0.135469,0.64289,-0.753884,-0.408818,0.658598,-0.631756,-0.374,0.754,0.557,0.288,-0.007
22432,747.924,0.98,1,-0.186064,0.592269,-0.783963,-0.436247,0.519788,-0.734512,-0.389,0.632,0.608,0.344,-0.034
22433,747.957,0.98,1,-0.2594,0.68801,-0.677756,-0.447641,0.577917,-0.682371,-0.479,0.75,0.561,0.361,-0.007
22434,747.991,0.98,1,-0.277965,0.674829,-0.683624,-0.473163,0.544901,-0.692243,-0.5,0.725,0.546,0.405,0.003
22435,748.024,0.98,1,-0.316418,0.624846,-0.713756,-0.489126,0.517228,-0.702304,-0.517,0.679,0.525,0.46,0.006
22436,748.057,0.98,1,-0.362027,0.597065,-0.715856,-0.519125,0.49606,-0.696013,-0.558,0.659,0.52,0.499,0.01
22437,748.091,0.98,1,-0.36958,0.534864,-0.759823,-0.529253,0.475954,-0.702395,-0.551,0.605,0.522,0.533,0.015
22438,748.124,0.98,1,-0.387085,0.529494,-0.754852,-0.561403,0.468913,-0.68187,-0.583,0.607,0.525,0.552,0.019
22439,748.157,0.98,1,-0.407605,0.522928,-0.748602,-0.585121,0.456919,-0.669969,-0.611,0.604,0.523,0.56,0.025
22440,748.191,0.98,1,-0.499658,0.446615,-0.742211,-0.56923,0.47154,-0.673519,-0.647,0.575,0.521,0.561,0.03
22441,748.224,0.98,1,-0.454793,0.44106,-0.773712,-0.576085,0.465107,-0.672162,-0.619,0.56,0.516,0.579,0.033
22442,748.257,0.98,1,-0.39061,0.542481,-0.743732,-0.533379,0.475186,-0.69979,-0.569,0.614,0.497,0.571,0.052
22443,748.291,0.98,1,-0.32063,0.447434,-0.834865,-0.429293,0.625612,-0.651396,-0.467,0.625,0.42,0.481,0.086
22444,748.324,0.98,1,-0.220133,0.368583,-0.903154,-0.339591,0.5909,-0.731789,-0.33,0.531,0.4,0.392,0.096
22445,748.357,0.98,1,-0.134118,0.343585,-0.929495,-0.283058,0.538623,-0.793577,-0.238,0.473,0.381,0.317,0.1
22446,748.391,0.93,1,-0.172372,0.337141,-0.92554,-0.289052,0.526514,-0.79952,-0.261,0.464,0.393,0.264,0.086
22447,748.424,0.93,1,-0.223045,0.286273,-0.931825,-0.308257,0.512119,-0.801693,-0.297,0.432,0.385,0.244,0.075
22448,748.458,0.93,1,-0.238471,0.270122,-0.932827,-0.302865,0.4919,-0.816276,-0.3,0.411,0.395,0.24,0.069
22449,748.491,0.98,1,-0.20804,0.268952,-0.940417,-0.261434,0.45279,-0.852428,-0.256,0.383,0.407,0.234,0.067
22450,748.524,0.98,1,-0.133532,0.340563,-0.930691,-0.24746,0.438007,-0.864241,-0.209,0.409,0.412,0.221,0.066
22451,748.558,0.98,1,-0.095121,0.347919,-0.932687,-0.236854,0.438886,-0.866764,-0.182,0.412,0.419,0.215,0.066
22452,748.591,0.98,1,-0.072656,0.34725,-0.934954,-0.22863,0.445481,-0.865607,-0.166,0.415,0.42,0.21,0.066
22453,748.624,0.98,1,-0.070282,0.348409,-0.934704,-0.22744,0.449638,-0.863769,-0.164,0.418,0.43,0.211,0.064
22454,748.658,0.98,1,-0.066911,0.350628,-0.934121,-0.220604,0.448962,-0.865891,-0.158,0.418,0.434,0.211,0.064
22455,748.691,0.98,1,-0.07144,0.354799,-0.932209,-0.226149,0.44959,-0.864133,-0.164,0.421,0.446,0.212,0.061
22456,748.724,0.98,1,-0.06956,0.355931,-0.93192,-0.222404,0.458842,-0.860233,-0.161,0.427,0.451,0.209,0.06
22457,748.758,0.98,1,-0.063682,0.361614,-0.93015,-0.220241,0.457203,-0.861661,-0.157,0.429,0.455,0.208,0.059
22458,748.791,0.98,1,-0.062827,0.353648,-0.933266,-0.23183,0.455696,-0.859416,-0.163,0.424,0.447,0.21,0.058
22459,748.824,0.98,1,-0.140406,0.326969,-0.934547,-0.312748,0.435633,-0.844046,-0.249,0.405,0.439,0.224,0.052
22460,748.858,0.98,1,-0.28869,0.291192,-0.912067,-0.360318,0.567891,-0.740048,-0.374,0.48,0.442,0.254,0.042
22461,748.891,0.98,1,-0.443967,0.431128,-0.785508,-0.476467,0.562368,-0.675812,-0.562,0.597,0.467,0.311,0.018
22462,748.924,0.98,1,-0.483676,0.518148,-0.705394,-0.543152,0.575168,-0.611692,-0.662,0.693,0.461,0.379,0.012
22463,748.958,0.98,1,-0.463455,0.52115,-0.716668,-0.598594,0.54105,-0.59072,-0.682,0.682,0.441,0.453,0.021
22464,748.991,0.98,1,-0.479652,0.474291,-0.738228,-0.611206,0.530635,-0.587243,-0.689,0.649,0.43,0.535,0.029
22465,749.024,0.98,1,-0.542467,0.438033,-0.716838,-0.637239,0.537775,-0.552018,-0.749,0.656,0.458,0.614,0.019
22466,749.058,0.88,1,-0.546488,0.415869,-0.726914,-0.620351,0.539573,-0.569232,-0.733,0.635,0.465,0.646,0.008
22467,749.091,0.93,1,-0.458032,0.532308,-0.711937,-0.67118,0.465798,-0.576671,-0.72,0.659,0.474,0.728,0.005
22468,749.124,0.98,1,-0.445013,0.506465,-0.73855,-0.640238,0.421841,-0.641986,-0.666,0.592,0.493,0.724,-0.005
22469,749.158,0.98,1,-0.445378,0.498677,-0.743612,-0.663343,0.429307,-0.61292,-0.685,0.6,0.488,0.737,-0.003
22470,749.191,0.98,1,-0.44338,0.489341,-0.750972,-0.652902,0.43072,-0.623056,-0.673,0.59,0.484,0.736,0.003
22471,749.224,0.98,1,-0.443772,0.48093,-0.756157,-0.647835,0.427417,-0.630575,-0.667,0.58,0.464,0.741,0.009
22472,749.258,0.98,1,-0.440173,0.483667,-0.756514,-0.649866,0.424926,-0.630168,-0.666,0.58,0.443,0.758,0.017
22473,749.291,0.98,1,-0.470223,0.445423,-0.761898,-0.649625,0.414411,-0.637378,-0.675,0.551,0.418,0.755,0.032
22474,749.324,0.98,1,-0.472293,0.464054,-0.749395,-0.654144,0.415355,-0.63212,-0.684,0.567,0.417,0.781,0.035
22475,749.358,0.98,1,-0.442124,0.439944,-0.781649,-0.646278,0.396207,-0.652185,-0.649,0.528,0.381,0.798,0.059
22476,749.391,0.98,1,-0.431947,0.436359,-0.789311,-0.641674,0.393937,-0.658079,-0.638,0.521,0.364,0.778,0.077
22477,749.424,0.98,1,-0.478307,0.385205,-0.789201,-0.615331,0.369375,-0.69637,-0.635,0.47,0.341,0.752,0.098
22478,749.458,0.93,1,-0.466053,0.385294,-0.796457,-0.613467,0.373141,-0.696006,-0.626,0.47,0.334,0.735,0.106
22479,749.491,0.88,1,-0.447465,0.336949,-0.828397,-0.60567,0.353732,-0.712767,-0.599,0.421,0.3,0.738,0.117
22480,749.524,0.88,1,-0.436344,0.378341,-0.816371,-0.599173,0.372114,-0.708889,-0.596,0.457,0.321,0.77,0.11
22481,749.558,0.93,1,-0.405224,0.35366,-0.843041,-0.602187,0.357602,-0.713787,-0.574,0.429,0.307,0.767,0.115
22482,749.591,0.93,1,-0.410529,0.3464,-0.843489,-0.598001,0.361576,-0.715302,-0.574,0.426,0.301,0.77,0.118
22483,749.625,0.93,1,-0.405502,0.354794,-0.842431,-0.589002,0.366186,-0.720406,-0.567,0.432,0.309,0.756,0.112
22484,749.658,0.93,1,-0.362792,0.385817,-0.848249,-0.606117,0.36814,-0.70505,-0.558,0.452,0.32,0.739,0.112
22485,749.691,0.98,1,-0.350795,0.393672,-0.849685,-0.583091,0.360826,-0.727881,-0.535,0.446,0.32,0.753,0.124
22486,749.725,0.98,1,-0.323062,0.38205,-0.865834,-0.569236,0.341307,-0.747984,-0.505,0.421,0.319,0.722,0.144
22487,749.758,0.93,1,-0.340476,0.350024,-0.872674,-0.544631,0.45637,-0.703635,-0.512,0.473,0.318,0.638,0.161
22488,749.791,0.88,1,-0.20693,0.585018,-0.784177,-0.439993,0.335091,-0.833139,-0.381,0.517,0.382,0.59,0.112
22489,749.825,0.98,1,-0.183363,0.591421,-0.785238,-0.401211,0.375565,-0.835452,-0.346,0.538,0.39,0.487,0.082
22490,749.858,0.98,1,-0.101313,0.541447,-0.834609,-0.369381,0.370056,-0.852418,-0.272,0.495,0.337,0.338,0.077
22491,749.891,0.93,1,-0.112426,0.570967,-0.813239,-0.383893,0.442393,-0.810503,-0.297,0.558,0.314,0.272,0.076
22492,749.925,0.93,1,-0.134361,0.565331,-0.813848,-0.375828,0.441615,-0.814696,-0.304,0.554,0.328,0.261,0.065
22493,749.958,0.98,1,-0.151515,0.57314,-0.805328,-0.375813,0.434503,-0.818518,-0.314,0.555,0.338,0.268,0.061
22494,749.991,0.98,1,-0.136915,0.566631,-0.812517,-0.387695,0.414533,-0.82332,-0.31,0.54,0.34,0.281,0.065
22495,750.025,0.98,1,-0.133749,0.563146,-0.815462,-0.374729,0.431166,-0.820776,-0.301,0.546,0.326,0.287,0.074
22496,750.058,0.98,1,-0.107645,0.558182,-0.822706,-0.348486,0.478568,-0.805934,-0.273,0.567,0.305,0.27,0.08
22497,750.091,0.93,1,-0.119868,0.505408,-0.854514,-0.295538,0.466005,-0.833964,-0.241,0.522,0.292,0.26,0.084
22498,750.125,0.93,1,-0.113413,0.481647,-0.868996,-0.275928,0.454449,-0.846959,-0.223,0.499,0.283,0.251,0.088
22499,750.158,0.93,1,-0.100747,0.466903,-0.878551,-0.251246,0.440601,-0.861827,-0.2,0.481,0.283,0.237,0.087
22500,750.191,0.98,1,-0.099103,0.454257,-0.885341,-0.243289,0.429669,-0.869595,-0.193,0.467,0.278,0.226,0.089
22501,750.225,0.98,1,-0.100532,0.449093,-0.887811,-0.244575,0.437552,-0.865293,-0.194,0.468,0.275,0.22,0.089
22502,750.258,0.98,1,-0.10715,0.444257,-0.889469,-0.242168,0.442842,-0.863276,-0.197,0.469,0.278,0.219,0.088
22503,750.291,0.98,1,-0.11292,0.43184,-0.894854,-0.235678,0.434736,-0.869172,-0.195,0.457,0.274,0.22,0.088
22504,750.325,0.98,1,-0.123067,0.417044,-0.900516,-0.242496,0.423345,-0.872911,-0.203,0.443,0.267,0.22,0.089
22505,750.358,0.98,1,-0.112849,0.423184,-0.898988,-0.223195,0.434357,-0.87265,-0.187,0.451,0.271,0.222,0.089
22506,750.391,0.98,1,-0.109647,0.430142,-0.896078,-0.215131,0.43565,-0.874029,-0.181,0.455,0.272,0.221,0.089
22507,750.425,0.98,1,-0.092118,0.405417,-0.909479,-0.204846,0.414729,-0.886588,-0.164,0.428,0.261,0.218,0.092
22508,750.458,0.98,1,-0.099507,0.396714,-0.912533,-0.201768,0.414062,-0.887605,-0.166,0.423,0.256,0.214,0.091
22509,750.491,0.98,1,-0.095355,0.397688,-0.912552,-0.206878,0.42162,-0.882858,-0.167,0.428,0.254,0.207,0.092
22510,750.525,0.98,1,-0.096999,0.398399,-0.912069,-0.207565,0.421273,-0.882862,-0.168,0.428,0.251,0.2,0.093
22511,750.558,0.98,1,-0.09613,0.397407,-0.912593,-0.197708,0.419105,-0.88615,-0.162,0.426,0.244,0.197,0.097
22512,750.591,0.98,1,-0.08961,0.397409,-0.913256,-0.19417,0.415769,-0.888501,-0.156,0.424,0.239,0.196,0.101
22513,750.625,0.98,1,-0.086818,0.396265,-0.914022,-0.188203,0.414614,-0.890323,-0.151,0.422,0.232,0.197,0.105
22514,750.658,0.98,1,-0.083782,0.394064,-0.915257,-0.19051,0.411517,-0.891269,-0.151,0.419,0.233,0.198,0.106
22515,750.692,0.93,1,-0.076074,0.400739,-0.913028,-0.18912,0.413799,-0.890508,-0.146,0.424,0.235,0.198,0.106
22516,750.725,0.93,1,-0.078247,0.392003,-0.91663,-0.186169,0.41281,-0.891588,-0.145,0.419,0.236,0.201,0.104
22517,750.758,0.93,1,-0.078266,0.394776,-0.915438,-0.193891,0.411954,-0.890337,-0.15,0.42,0.236,0.202,0.102
22518,750.792,0.93,1,-0.080516,0.398977,-0.913419,-0.193606,0.405601,-0.893311,-0.151,0.419,0.242,0.202,0.101
22519,750.825,0.93,1,-0.0869,0.407809,-0.908922,-0.203436,0.420294,-0.884289,-0.161,0.433,0.251,0.201,0.102
22520,750.858,0.98,1,-0.079496,0.405647,-0.910566,-0.197282,0.419433,-0.88609,-0.153,0.431,0.251,0.2,0.105
22521,750.892,0.98,1,-0.091288,0.398551,-0.912592,-0.198362,0.417304,-0.886854,-0.16,0.426,0.251,0.204,0.104
22522,750.925,0.98,1,-0.083126,0.396213,-0.914388,-0.210804,0.408005,-0.888309,-0.162,0.42,0.252,0.208,0.101
22523,750.958,0.93,1,-0.087776,0.501419,-0.860741,-0.28902,0.446912,-0.846603,-0.217,0.507,0.259,0.214,0.096
22524,750.992,0.93,1,-0.10992,0.53018,-0.84073,-0.304969,0.48447,-0.819928,-0.245,0.548,0.262,0.217,0.088
22525,751.025,0.93,1,-0.109622,0.53456,-0.837991,-0.349372,0.487928,-0.799916,-0.273,0.558,0.267,0.229,0.083
22526,751.058,0.93,1,-0.111132,0.528405,-0.841688,-0.335133,0.50422,-0.795894,-0.266,0.563,0.271,0.245,0.08
22527,751.092,0.98,1,-0.116215,0.513973,-0.849897,-0.343951,0.495739,-0.797459,-0.272,0.55,0.267,0.264,0.083
22528,751.125,0.93,1,-0.107349,0.519046,-0.847978,-0.361876,0.476492,-0.80125,-0.277,0.543,0.259,0.282,0.085
22529,751.158,0.93,1,-0.130511,0.509881,-0.850287,-0.375579,0.461969,-0.803446,-0.297,0.531,0.252,0.29,0.087
22530,751.192,0.93,1,-0.121546,0.503072,-0.855655,-0.382341,0.449978,-0.807054,-0.294,0.52,0.25,0.295,0.084
22531,751.225,0.93,1,-0.100119,0.508341,-0.855316,-0.373717,0.456982,-0.807158,-0.278,0.526,0.245,0.291,0.083
22532,751.258,0.93,1,-0.129102,0.482951,-0.866078,-0.357294,0.441245,-0.823192,-0.28,0.501,0.247,0.288,0.08
22533,751.292,0.98,1,-0.124752,0.429635,-0.894344,-0.317679,0.414831,-0.85264,-0.248,0.45,0.223,0.279,0.087
22564,752.325,0.93,1,-0.019843,0.418876,-0.907827,-0.218819,0.380768,-0.898406,-0.131,0.417,0.216,0.176,0.089
22565,752.359,0.93,1,-0.025515,0.424162,-0.905227,-0.218482,0.382289,-0.897842,-0.135,0.421,0.224,0.176,0.086
22566,752.392,0.93,1,-0.034861,0.407274,-0.912641,-0.232907,0.396493,-0.888002,-0.148,0.42,0.228,0.176,0.081
22567,752.425,0.93,1,-0.038104,0.423813,-0.904948,-0.251639,0.418183,-0.872812,-0.162,0.442,0.246,0.184,0.073
22568,752.459,0.93,1,-0.039167,0.439665,-0.897307,-0.260677,0.428659,-0.865043,-0.169,0.458,0.246,0.187,0.07
22569,752.492,0.93,1,-0.044922,0.419901,-0.906457,-0.250774,0.417779,-0.873254,-0.165,0.44,0.24,0.189,0.07
22570,752.525,0.98,1,-0.043653,0.416485,-0.908094,-0.253038,0.423467,-0.869855,-0.165,0.441,0.244,0.194,0.071
22571,752.559,0.98,1,-0.045993,0.416509,-0.907967,-0.268072,0.421171,-0.86646,-0.175,0.441,0.247,0.196,0.074
22572,752.592,0.93,1,-0.053202,0.410843,-0.910153,-0.274559,0.419791,-0.865097,-0.183,0.438,0.252,0.196,0.076
22573,752.625,0.93,1,-0.053761,0.40896,-0.910967,-0.278093,0.423914,-0.861952,-0.185,0.439,0.252,0.2,0.078
22574,752.659,0.93,1,-0.058622,0.40485,-0.912502,-0.29504,0.419813,-0.858317,-0.197,0.436,0.252,0.204,0.08
22575,752.692,0.98,1,-0.072865,0.432462,-0.898703,-0.315032,0.414755,-0.853659,-0.218,0.45,0.25,0.213,0.083
22576,752.725,0.98,1,-0.125298,0.405965,-0.905259,-0.329551,0.361099,-0.872355,-0.251,0.407,0.247,0.222,0.081
22578,752.792,0.93,1,-0.135942,0.339219,-0.930833,-0.305499,0.489116,-0.816968,-0.247,0.443,0.224,0.248,0.071
22579,752.825,0.93,1,-0.174779,0.285701,-0.942246,-0.340292,0.512481,-0.788394,-0.289,0.432,0.215,0.262,0.067
22612,753.926,0.98,1,-0.075259,0.328674,-0.94144,-0.166449,0.400569,-0.901021,-0.13,0.377,0.245,0.188,0.085
22613,753.959,0.98,1,-0.0898,0.321049,-0.942796,-0.16201,0.400879,-0.901692,-0.136,0.373,0.245,0.187,0.086
22614,753.993,0.98,1,-0.076679,0.329447,-0.941055,-0.166475,0.406501,-0.898356,-0.131,0.381,0.247,0.188,0.087
22615,754.026,0.98,1,-0.050106,0.360487,-0.931418,-0.170086,0.404972,-0.89837,-0.12,0.396,0.249,0.188,0.09
22616,754.059,0.98,1,-0.043471,0.365224,-0.929904,-0.166423,0.403871,-0.899551,-0.114,0.398,0.246,0.186,0.094
22617,754.093,0.98,1,-0.030451,0.39983,-0.916084,-0.169134,0.399768,-0.900877,-0.109,0.415,0.244,0.184,0.097
22631,754.559,0.93,1,0.002374,0.412002,-0.91118,-0.183372,0.384424,-0.904761,-0.099,0.413,0.232,0.161,0.101
22633,754.626,0.93,1,-0.024604,0.386159,-0.922104,-0.198641,0.393895,-0.897434,-0.122,0.405,0.226,0.166,0.107
22634,754.659,0.93,1,-0.021631,0.376651,-0.926102,-0.191816,0.399592,-0.8964,-0.117,0.403,0.221,0.164,0.107
22635,754.693,0.93,1,-0.037484,0.296895,-0.954174,-0.192105,0.400162,-0.896084,-0.123,0.36,0.233,0.165,0.103
22636,754.726,0.98,1,-0.046463,0.293353,-0.954874,-0.184747,0.409819,-0.893262,-0.124,0.364,0.253,0.162,0.097
22637,754.759,0.98,1,-0.033541,0.302005,-0.952716,-0.182545,0.407574,-0.894741,-0.116,0.367,0.261,0.16,0.094
22762,758.927,0.98,1,-0.014202,0.412984,-0.910628,-0.245338,0.28554,-0.926432,-0.14,0.363,0.085,0.196,0.088
22763,758.961,0.98,1,-0.012429,0.420704,-0.907113,-0.248355,0.288014,-0.924861,-0.141,0.369,0.089,0.202,0.089
22764,758.994,0.98,1,-0.024008,0.442376,-0.896508,-0.245162,0.325121,-0.913341,-0.148,0.401,0.091,0.209,0.087
22765,759.027,0.93,1,-0.053004,0.473454,-0.879222,-0.27176,0.43425,-0.858821,-0.185,0.481,0.09,0.221,0.085
22766,759.061,0.93,1,-0.048167,0.478061,-0.877005,-0.290813,0.459299,-0.839328,-0.195,0.5,0.096,0.234,0.081
22767,759.094,0.93,1,-0.054292,0.476202,-0.877658,-0.303085,0.469268,-0.829414,-0.206,0.506,0.098,0.251,0.079
22768,759.127,0.93,1,-0.050934,0.476799,-0.877535,-0.3153,0.467184,-0.826029,-0.212,0.506,0.101,0.263,0.08
22769,759.161,0.93,1,-0.033164,0.460339,-0.887124,-0.321962,0.450804,-0.832536,-0.204,0.487,0.084,0.271,0.088
22770,759.194,0.93,1,-0.049518,0.4113,-0.910154,-0.274894,0.421301,-0.864257,-0.181,0.439,0.054,0.26,0.1
22974,765.996,0.98,1,0.155813,0.339847,-0.927484,-0.055301,0.451078,-0.89077,0.055,0.41,0.176,0.117,0.013
22975,766.029,0.98,1,0.228764,0.472414,-0.851171,-0.039136,0.496611,-0.867091,0.11,0.513,0.179,0.079,0.019
22976,766.063,0.98,1,0.253882,0.476097,-0.841948,-0.032235,0.495963,-0.867745,0.129,0.517,0.197,0.029,0.021
22977,766.096,0.98,1,0.263755,0.509088,-0.819306,-0.023095,0.505584,-0.862468,0.142,0.543,0.201,0.006,0.009
22978,766.129,0.98,1,0.242701,0.495622,-0.83394,-0.025203,0.427908,-0.903471,0.125,0.489,0.204,-0.041,0.015
22979,766.163,0.98,1,0.258222,0.453407,-0.853079,-0.079812,0.374155,-0.923925,0.1,0.436,0.223,-0.071,0.022
22980,766.196,0.98,1,0.226919,0.433561,-0.872085,-0.164323,0.398157,-0.902479,0.035,0.438,0.247,-0.084,0.029
22981,766.229,0.98,1,0.205793,0.438315,-0.874945,-0.188679,0.377988,-0.90638,0.01,0.43,0.264,-0.11,0.038
22982,766.263,0.98,1,0.193815,0.439433,-0.877117,-0.182153,0.34948,-0.919067,0.006,0.414,0.275,-0.126,0.052
22983,766.296,0.98,1,0.180834,0.429414,-0.884818,-0.147058,0.327554,-0.933318,0.019,0.395,0.287,-0.137,0.062
22984,766.33,0.98,1,0.145971,0.443391,-0.884363,-0.182884,0.304049,-0.934937,-0.02,0.39,0.292,-0.141,0.069
22985,766.363,0.98,1,0.137224,0.442564,-0.886175,-0.166179,0.303863,-0.938111,-0.016,0.388,0.299,-0.146,0.071
22986,766.396,0.98,1,0.158823,0.438933,-0.884372,-0.178187,0.306156,-0.935157,-0.011,0.389,0.305,-0.153,0.073
22987,766.43,0.98,1,0.158285,0.455438,-0.876083,-0.172148,0.304767,-0.93674,-0.008,0.397,0.312,-0.16,0.073
22988,766.463,0.98,1,0.187652,0.458867,-0.868463,-0.15661,0.308602,-0.93821,0.017,0.402,0.318,-0.169,0.072
22989,766.496,0.98,1,0.230946,0.511825,-0.827465,-0.111977,0.316255,-0.942042,0.067,0.438,0.32,-0.173,0.073
22990,766.53,0.98,1,0.239948,0.511318,-0.825215,-0.103933,0.322754,-0.940759,0.077,0.441,0.322,-0.186,0.072
22991,766.563,0.98,1,0.279592,0.502454,-0.818149,-0.10244,0.30708,-0.946154,0.1,0.43,0.325,-0.206,0.072
22992,766.596,0.98,1,0.265696,0.514141,-0.815515,-0.100725,0.317081,-0.943034,0.094,0.442,0.331,-0.226,0.073
22993,766.63,0.98,1,0.30397,0.524962,-0.794995,-0.089968,0.317093,-0.944117,0.122,0.451,0.339,-0.248,0.077
22994,766.663,0.98,1,0.307434,0.520451,-0.796627,-0.097842,0.3229,-0.941362,0.12,0.452,0.342,-0.255,0.078
22995,766.696,0.98,1,0.333221,0.521664,-0.785385,-0.078478,0.328188,-0.941347,0.146,0.457,0.346,-0.255,0.079
22996,766.73,0.98,1,0.333696,0.516427,-0.788638,-0.072775,0.31382,-0.946689,0.149,0.446,0.344,-0.256,0.081
22997,766.763,0.98,1,0.339366,0.522037,-0.782501,-0.069282,0.326234,-0.942747,0.155,0.457,0.342,-0.254,0.082
22998,766.796,0.98,1,0.328922,0.523429,-0.786024,-0.072932,0.319269,-0.944854,0.147,0.453,0.342,-0.252,0.082
22999,766.83,0.98,1,0.327766,0.516776,-0.790893,-0.071078,0.315068,-0.946404,0.147,0.447,0.343,-0.249,0.083
23000,766.863,0.98,1,0.311334,0.512511,-0.800252,-0.075837,0.313969,-0.9464,0.134,0.442,0.341,-0.249,0.084
23001,766.896,0.98,1,0.322702,0.508986,-0.797996,-0.088153,0.325332,-0.941482,0.134,0.447,0.342,-0.246,0.084
23002,766.93,0.98,1,0.331897,0.515101,-0.790263,-0.09804,0.327805,-0.939645,0.134,0.453,0.344,-0.245,0.084
23003,766.963,0.98,1,0.324065,0.509734,-0.796965,-0.106015,0.321572,-0.940932,0.125,0.446,0.347,-0.246,0.084
23004,766.996,0.98,1,0.326219,0.520013,-0.789409,-0.124857,0.345297,-0.930151,0.117,0.466,0.355,-0.244,0.081
23005,767.03,0.98,1,0.331611,0.53138,-0.779531,-0.116066,0.345073,-0.931372,0.125,0.473,0.355,-0.248,0.08
23006,767.063,0.98,1,0.367551,0.55725,-0.744566,-0.105645,0.370647,-0.922746,0.156,0.508,0.361,-0.252,0.076
23007,767.096,0.98,1,0.363858,0.556047,-0.747274,-0.110625,0.366511,-0.923814,0.15,0.504,0.362,-0.249,0.073
23008,767.13,0.98,1,0.36464,0.574109,-0.733101,-0.117824,0.414804,-0.90225,0.15,0.544,0.366,-0.254,0.066
23009,767.163,0.98,1,0.350839,0.56823,-0.74433,-0.069192,0.500088,-0.863206,0.173,0.587,0.375,-0.244,0.054
23010,767.196,0.98,1,0.350577,0.560833,-0.750041,-0.018106,0.503113,-0.864031,0.203,0.583,0.381,-0.233,0.046
23011,767.23,0.98,1,0.359276,0.550955,-0.75324,0.006379,0.454225,-0.890864,0.219,0.549,0.379,-0.227,0.038
23012,767.263,0.98,1,0.364892,0.552171,-0.74964,0.067748,0.458581,-0.886066,0.259,0.553,0.379,-0.232,0.032
23013,767.296,0.98,1,0.375905,0.550915,-0.745109,0.099636,0.463517,-0.880468,0.285,0.558,0.379,-0.23,0.026
23014,767.33,0.98,1,0.335431,0.548028,-0.766258,0.092319,0.467744,-0.879029,0.254,0.553,0.387,-0.228,0.021
23015,767.363,0.98,1,0.307785,0.517276,-0.798558,0.085421,0.453916,-0.886941,0.229,0.523,0.39,-0.222,0.013
23016,767.397,0.98,1,0.320214,0.517052,-0.793801,0.097382,0.452784,-0.886286,0.244,0.524,0.394,-0.214,0.005
23017,767.43,0.98,1,0.344452,0.516575,-0.783903,0.097914,0.459199,-0.882921,0.259,0.53,0.395,-0.209,0.002
23018,767.463,0.98,1,0.347603,0.505665,-0.789605,0.107268,0.46227,-0.880227,0.266,0.525,0.397,-0.206,-0.002
23019,767.497,0.98,1,0.351441,0.513519,-0.782807,0.108218,0.457404,-0.88265,0.269,0.528,0.394,-0.196,-0.009
23020,767.53,0.98,1,0.347446,0.518148,-0.78154,0.100302,0.457001,-0.883793,0.263,0.53,0.393,-0.187,-0.016
23021,767.563,0.98,1,0.342835,0.512094,-0.787543,0.103895,0.455805,-0.883995,0.261,0.525,0.394,-0.178,-0.023
23022,767.597,0.98,1,0.353973,0.515988,-0.780039,0.100584,0.455562,-0.884503,0.267,0.528,0.392,-0.171,-0.03
23023,767.63,0.98,1,0.362673,0.516488,-0.775698,0.107389,0.453569,-0.884728,0.276,0.529,0.39,-0.169,-0.036
23024,767.663,0.98,1,0.343851,0.501718,-0.793754,0.103797,0.451841,-0.88604,0.26,0.516,0.39,-0.164,-0.042
23025,767.697,0.98,1,0.333559,0.462965,-0.82122,0.098663,0.431107,-0.89689,0.246,0.48,0.391,-0.163,-0.049
23026,767.73,0.98,1,0.336315,0.460355,-0.821563,0.100752,0.422908,-0.900554,0.249,0.474,0.393,-0.16,-0.054
23027,767.763,0.98,1,0.342456,0.459052,-0.819753,0.097688,0.423766,-0.900488,0.25,0.474,0.393,-0.159,-0.058
23028,767.797,0.98,1,0.341852,0.45697,-0.821168,0.101039,0.417584,-0.903003,0.251,0.469,0.393,-0.154,-0.062
23029,767.83,0.98,1,0.341814,0.452306,-0.823761,0.096599,0.404261,-0.909528,0.248,0.459,0.391,-0.156,-0.065
23030,767.863,0.98,1,0.309935,0.429413,-0.84826,0.095211,0.398926,-0.912027,0.226,0.44,0.39,-0.155,-0.068
23031,767.897,0.98,1,0.312561,0.424417,-0.849809,0.094646,0.393649,-0.914376,0.227,0.434,0.389,-0.154,-0.071
23032,767.93,0.98,1,0.318592,0.422822,-0.848363,0.094563,0.387727,-0.916911,0.23,0.43,0.385,-0.15,-0.075
23033,767.963,0.98,1,0.320127,0.437051,-0.840538,0.096827,0.374257,-0.922256,0.232,0.431,0.381,-0.142,-0.078
23034,767.997,0.98,1,0.18096,0.513081,-0.839048,0.022877,0.416164,-0.909002,0.116,0.489,0.376,-0.126,-0.08
23035,768.03,0.98,1,0.088121,0.504383,-0.858972,-0.002699,0.454603,-0.89069,0.049,0.501,0.371,-0.097,-0.082
23036,768.063,0.98,1,0.055012,0.426697,-0.90272,-0.018765,0.461224,-0.887085,0.02,0.461,0.372,-0.049,-0.081
23037,768.097,0.98,1,0.014461,0.3951,-0.918524,-0.080384,0.492959,-0.866331,-0.037,0.462,0.369,0.004,-0.079
23038,768.13,0.98,1,-0.014038,0.289482,-0.957081,-0.128862,0.502608,-0.854857,-0.079,0.412,0.352,0.072,-0.069
23039,768.163,0.98,1,-0.040032,0.280725,-0.958953,-0.149203,0.493944,-0.856597,-0.104,0.403,0.346,0.101,-0.049
23040,768.197,0.98,1,-0.086168,0.261437,-0.961367,-0.163754,0.482643,-0.860372,-0.136,0.388,0.335,0.118,-0.029
23041,768.23,0.98,1,-0.089238,0.387676,-0.917466,-0.155037,0.433855,-0.887543,-0.135,0.427,0.323,0.136,-0.019
23042,768.263,0.98,1,-0.138615,0.434626,-0.88988,-0.176354,0.443616,-0.878694,-0.176,0.461,0.314,0.151,-0.014
23043,768.297,0.98,1,-0.147907,0.434396,-0.888495,-0.207882,0.430618,-0.878267,-0.199,0.455,0.306,0.169,-0.011
23044,768.33,0.98,1,-0.153575,0.432947,-0.888241,-0.21965,0.435233,-0.873113,-0.209,0.458,0.299,0.186,-0.01
23045,768.363,0.93,1,-0.151925,0.436414,-0.886827,-0.242558,0.433841,-0.867726,-0.221,0.46,0.295,0.203,-0.005
23046,768.397,0.93,1,-0.150449,0.45208,-0.879198,-0.254528,0.446555,-0.85779,-0.229,0.477,0.293,0.222,-0.001
23047,768.43,0.93,1,-0.20389,0.464899,-0.861567,-0.316703,0.488772,-0.812897,-0.301,0.518,0.285,0.237,0.003
23048,768.464,0.98,1,-0.301067,0.484934,-0.821095,-0.357175,0.48912,-0.795731,-0.387,0.542,0.293,0.284,0.004
23049,768.497,0.98,1,-0.325277,0.464998,-0.823391,-0.401868,0.49788,-0.768516,-0.428,0.544,0.294,0.331,0.011
23050,768.53,0.98,1,-0.365951,0.375412,-0.851555,-0.447773,0.487027,-0.749869,-0.47,0.494,0.289,0.381,0.023
23051,768.564,0.98,1,-0.39579,0.27653,-0.875718,-0.464431,0.495163,-0.734247,-0.491,0.447,0.298,0.429,0.021
23052,768.597,0.98,1,-0.413782,0.315289,-0.854036,-0.459275,0.503918,-0.731528,-0.503,0.477,0.31,0.475,0.014
23053,768.63,0.98,1,-0.439377,0.292833,-0.849233,-0.483497,0.505804,-0.714418,-0.533,0.472,0.319,0.531,0.009
23054,768.664,0.93,1,-0.434172,0.318995,-0.842459,-0.542579,0.493678,-0.679625,-0.571,0.49,0.333,0.565,-0.0
23055,768.697,0.93,1,-0.458218,0.310498,-0.832843,-0.584839,0.458424,-0.669186,-0.607,0.473,0.342,0.6,-0.013
23056,768.73,0.88,1,-0.439015,0.311659,-0.842695,-0.561953,0.453174,-0.691985,-0.578,0.462,0.348,0.61,-0.021
23057,768.764,0.98,1,-0.394351,0.462398,-0.794151,-0.585345,0.483144,-0.651109,-0.596,0.579,0.345,0.637,-0.008
23058,768.797,0.98,1,-0.389267,0.457388,-0.799542,-0.603017,0.478721,-0.63812,-0.604,0.577,0.336,0.642,-0.006
23059,768.83,0.98,1,-0.413318,0.428122,-0.803667,-0.615524,0.477741,-0.626812,-0.624,0.565,0.337,0.655,-0.008
23060,768.864,0.98,1,-0.392735,0.439059,-0.808075,-0.591224,0.388735,-0.706639,-0.576,0.5,0.354,0.676,-0.017
23061,768.897,0.98,1,-0.375742,0.440093,-0.815559,-0.540229,0.377846,-0.751921,-0.529,0.481,0.349,0.66,-0.013
23062,768.93,0.88,1,-0.349597,0.43837,-0.828018,-0.546428,0.378352,-0.747172,-0.517,0.478,0.336,0.631,0.002
23063,768.964,0.98,1,-0.350991,0.415623,-0.839084,-0.536978,0.378536,-0.7539,-0.509,0.462,0.317,0.611,0.019
23064,768.997,0.98,1,-0.357662,0.437949,-0.82479,-0.461958,0.488512,-0.740237,-0.482,0.535,0.337,0.538,-0.01
23065,769.03,0.93,1,-0.346347,0.423946,-0.836847,-0.471668,0.465115,-0.749131,-0.476,0.511,0.324,0.516,-0.014
23066,769.064,0.93,1,-0.451316,0.379773,-0.807519,-0.493069,0.436068,-0.752813,-0.544,0.482,0.333,0.525,-0.02
23067,769.097,0.93,1,-0.450431,0.387158,-0.8045,-0.513904,0.44542,-0.733147,-0.56,0.496,0.343,0.535,-0.025
23068,769.13,0.93,1,-0.455374,0.396221,-0.797272,-0.523948,0.484663,-0.700414,-0.579,0.532,0.348,0.548,-0.028
23069,769.164,0.93,1,-0.458425,0.334446,-0.823403,-0.505336,0.46438,-0.727315,-0.556,0.476,0.353,0.544,-0.032
23070,769.197,0.98,1,-0.473062,0.387612,-0.791182,-0.521226,0.466958,-0.714335,-0.584,0.516,0.365,0.562,-0.033
23071,769.23,0.98,1,-0.463347,0.335934,-0.820036,-0.494558,0.467072,-0.732978,-0.553,0.477,0.373,0.559,-0.037
23072,769.264,0.98,1,-0.465878,0.33073,-0.820716,-0.47358,0.477494,-0.740082,-0.542,0.478,0.365,0.552,-0.033
23073,769.297,0.98,1,-0.46074,0.333532,-0.822481,-0.476806,0.467116,-0.74462,-0.539,0.472,0.364,0.548,-0.028
23074,769.33,0.98,1,-0.449445,0.337818,-0.826969,-0.484911,0.496887,-0.719697,-0.543,0.495,0.369,0.556,-0.026
23075,769.364,0.98,1,-0.443649,0.333467,-0.831851,-0.464601,0.515649,-0.719897,-0.53,0.501,0.368,0.55,-0.02
23076,769.397,0.93,1,-0.447129,0.302055,-0.841925,-0.4691,0.47019,-0.747573,-0.523,0.452,0.329,0.535,-0.0
23077,769.43,0.93,1,-0.450934,0.291578,-0.843588,-0.470063,0.454371,-0.756696,-0.522,0.436,0.32,0.539,0.013
23078,769.464,0.93,1,-0.464996,0.289383,-0.836682,-0.478161,0.481527,-0.734503,-0.541,0.456,0.304,0.53,0.028
23079,769.497,0.93,1,-0.373986,0.339256,-0.863157,-0.451931,0.496065,-0.741403,-0.475,0.48,0.298,0.544,0.042
23080,769.53,0.93,1,-0.207951,0.456141,-0.86527,-0.387371,0.478881,-0.787792,-0.346,0.515,0.271,0.483,0.072
23081,769.564,0.93,1,-0.18265,0.393886,-0.900829,-0.322647,0.47016,-0.821491,-0.285,0.465,0.249,0.401,0.098
23082,769.597,0.98,1,-0.091743,0.426094,-0.900015,-0.291231,0.411932,-0.863421,-0.214,0.444,0.234,0.32,0.12
23083,769.631,0.93,1,-0.055371,0.469168,-0.881371,-0.239197,0.419719,-0.875569,-0.166,0.468,0.227,0.246,0.119
23084,769.664,0.93,1,-0.06398,0.507216,-0.859441,-0.272089,0.460713,-0.844814,-0.195,0.517,0.243,0.226,0.103
23085,769.697,0.93,1,-0.069778,0.51389,-0.855013,-0.295001,0.448541,-0.843674,-0.212,0.515,0.243,0.217,0.098
23086,769.731,0.93,1,-0.077187,0.479976,-0.873879,-0.302085,0.439756,-0.845789,-0.217,0.491,0.247,0.214,0.095
23087,769.764,0.93,1,-0.076692,0.487516,-0.869739,-0.281132,0.432425,-0.856723,-0.204,0.49,0.249,0.211,0.096
23088,769.797,0.93,1,-0.090702,0.479314,-0.872944,-0.267952,0.416109,-0.868939,-0.203,0.475,0.247,0.212,0.1
23089,769.831,0.93,1,-0.090058,0.461665,-0.882471,-0.28072,0.408653,-0.868446,-0.209,0.461,0.244,0.212,0.104
23090,769.864,0.93,1,-0.110033,0.456569,-0.882858,-0.309007,0.4179,-0.854327,-0.237,0.466,0.245,0.214,0.106
23091,769.897,0.93,1,-0.115568,0.45895,-0.880914,-0.323635,0.42768,-0.844008,-0.249,0.475,0.238,0.218,0.112
23092,769.931,0.93,1,-0.110689,0.464242,-0.878765,-0.325917,0.422575,-0.8457,-0.248,0.475,0.231,0.221,0.119
23093,769.964,0.93,1,-0.120714,0.46306,-0.878068,-0.31723,0.42677,-0.846896,-0.249,0.476,0.232,0.22,0.121
23094,769.997,0.93,1,-0.130467,0.474674,-0.870438,-0.322924,0.433771,-0.841168,-0.259,0.488,0.247,0.231,0.119
23095,770.031,0.93,1,-0.132213,0.479931,-0.867286,-0.328337,0.429684,-0.84117,-0.263,0.489,0.259,0.231,0.113
23096,770.064,0.93,1,-0.126086,0.481101,-0.86755,-0.328856,0.435289,-0.83808,-0.261,0.493,0.264,0.231,0.107
23097,770.097,0.98,1,-0.12814,0.46341,-0.87683,-0.330742,0.42588,-0.842161,-0.261,0.477,0.26,0.228,0.105
23098,770.131,0.98,1,-0.119701,0.488438,-0.864349,-0.328407,0.437525,-0.837091,-0.258,0.498,0.25,0.227,0.101
23099,770.164,0.98,1,-0.124078,0.492575,-0.861379,-0.32843,0.429929,-0.841008,-0.26,0.497,0.233,0.224,0.1
23100,770.197,0.98,1,-0.115201,0.469943,-0.875147,-0.335408,0.433432,-0.836444,-0.257,0.486,0.221,0.22,0.103
23101,770.231,0.93,1,-0.040848,0.4869,-0.872502,-0.284259,0.38083,-0.879867,-0.183,0.46,0.208,0.234,0.102
23102,770.264,0.93,1,-0.074417,0.500631,-0.862456,-0.388943,0.354275,-0.850419,-0.264,0.463,0.181,0.234,0.103
23103,770.297,0.93,1,-0.08421,0.490721,-0.867238,-0.262473,0.369971,-0.891196,-0.195,0.455,0.169,0.227,0.1
23104,770.331,0.93,1,-0.118549,0.505422,-0.85469,-0.286219,0.402046,-0.869735,-0.231,0.484,0.151,0.218,0.098
23105,770.364,0.93,1,-0.108876,0.41796,-0.901918,-0.332024,0.422362,-0.843428,-0.247,0.449,0.148,0.217,0.095
23106,770.397,0.98,1,-0.100316,0.408656,-0.907159,-0.339948,0.382919,-0.858957,-0.244,0.421,0.168,0.216,0.088
23107,770.431,0.98,1,-0.094515,0.414815,-0.904984,-0.336346,0.387409,-0.858362,-0.24,0.427,0.182,0.215,0.083
23108,770.464,0.98,1,-0.101609,0.412059,-0.905474,-0.317304,0.391704,-0.863647,-0.233,0.426,0.196,0.213,0.077
23109,770.497,0.98,1,-0.086316,0.452779,-0.887435,-0.277356,0.446772,-0.850569,-0.206,0.478,0.2,0.211,0.063
23110,770.531,0.98,1,-0.093503,0.459283,-0.883355,-0.251078,0.459474,-0.851964,-0.196,0.487,0.197,0.21,0.049
23111,770.564,0.93,1,-0.084905,0.464873,-0.881297,-0.269843,0.46724,-0.841945,-0.203,0.496,0.204,0.211,0.036
23112,770.597,0.93,1,-0.103022,0.455774,-0.884114,-0.27706,0.462515,-0.84221,-0.217,0.489,0.216,0.216,0.025
23113,770.631,0.93,1,-0.108015,0.468851,-0.876648,-0.271305,0.46627,-0.842013,-0.217,0.498,0.223,0.222,0.019
23114,770.664,0.93,1,-0.122219,0.463999,-0.877364,-0.258596,0.480689,-0.837894,-0.218,0.503,0.233,0.229,0.014
23115,770.698,0.93,1,-0.11149,0.453019,-0.884502,-0.253233,0.463252,-0.849277,-0.207,0.486,0.235,0.236,0.016
23116,770.731,0.93,1,-0.112512,0.448227,-0.886811,-0.258416,0.465686,-0.846379,-0.211,0.485,0.236,0.239,0.017
23117,770.764,0.93,1,-0.117706,0.447195,-0.886658,-0.264923,0.463207,-0.845728,-0.217,0.484,0.242,0.24,0.016
23118,770.798,0.93,1,-0.113905,0.449479,-0.885999,-0.260422,0.462935,-0.847273,-0.213,0.485,0.243,0.245,0.014
23119,770.831,0.93,1,-0.1328,0.445782,-0.885236,-0.264896,0.475596,-0.838832,-0.227,0.491,0.247,0.244,0.015
23120,770.864,0.93,1,-0.114654,0.455636,-0.882752,-0.259529,0.479915,-0.838049,-0.214,0.498,0.246,0.242,0.018
23121,770.898,0.93,1,-0.10653,0.464512,-0.879136,-0.268695,0.469085,-0.841286,-0.215,0.497,0.251,0.242,0.019
23122,770.931,0.93,1,-0.076645,0.47099,-0.878802,-0.282412,0.474217,-0.833884,-0.207,0.504,0.258,0.239,0.021
23123,770.964,0.93,1,-0.079053,0.477578,-0.875026,-0.289465,0.47329,-0.831989,-0.213,0.508,0.26,0.238,0.023
23124,770.998,0.93,1,-0.071716,0.486483,-0.870742,-0.288109,0.470414,-0.834089,-0.208,0.511,0.259,0.235,0.027
23125,771.031,0.93,1,-0.08166,0.495835,-0.864569,-0.314065,0.470316,-0.824722,-0.23,0.52,0.256,0.23,0.033
23126,771.064,0.93,1,-0.071751,0.477301,-0.875806,-0.29603,0.469356,-0.831908,-0.212,0.506,0.251,0.231,0.039
23127,771.098,0.93,1,-0.077412,0.486396,-0.870303,-0.304912,0.458416,-0.834795,-0.221,0.506,0.245,0.237,0.046
23128,771.131,0.93,1,-0.181277,0.512883,-0.839101,-0.348317,0.459275,-0.817155,-0.309,0.531,0.243,0.245,0.049
23129,771.164,0.93,1,-0.190574,0.485577,-0.853168,-0.367762,0.460655,-0.807804,-0.324,0.518,0.241,0.268,0.044
23130,771.198,0.93,1,-0.210292,0.484887,-0.848918,-0.364803,0.453721,-0.813053,-0.333,0.514,0.237,0.275,0.041
23131,771.231,0.93,1,-0.220918,0.488287,-0.844258,-0.371451,0.465715,-0.803202,-0.345,0.525,0.232,0.287,0.032
23132,771.264,0.93,1,-0.20307,0.487768,-0.849026,-0.373232,0.444598,-0.814267,-0.334,0.511,0.24,0.319,0.025
23133,771.298,0.93,1,-0.242031,0.455088,-0.856922,-0.393201,0.431844,-0.811729,-0.364,0.489,0.229,0.337,0.031
23134,771.331,0.93,1,-0.283454,0.401567,-0.87086,-0.423603,0.4134,-0.806015,-0.399,0.452,0.221,0.35,0.036
23135,771.364,0.93,1,-0.29612,0.389889,-0.871952,-0.433446,0.408381,-0.803336,-0.411,0.445,0.21,0.357,0.044
23136,771.398,0.93,1,-0.312853,0.365193,-0.876788,-0.43808,0.406898,-0.801573,-0.421,0.431,0.21,0.368,0.05
23137,771.431,0.93,1,-0.326749,0.356509,-0.875292,-0.45753,0.39618,-0.796058,-0.439,0.423,0.208,0.382,0.057
23138,771.464,0.98,1,-0.310041,0.362276,-0.878994,-0.463981,0.392631,-0.794079,-0.433,0.424,0.209,0.392,0.063
23139,771.498,0.98,1,-0.303179,0.379514,-0.874101,-0.444093,0.378714,-0.812008,-0.417,0.423,0.212,0.386,0.07
23140,771.531,0.98,1,-0.311419,0.376463,-0.872522,-0.453118,0.381139,-0.805864,-0.427,0.424,0.223,0.394,0.079
23141,771.564,0.98,1,-0.314246,0.390231,-0.86543,-0.463198,0.380252,-0.800535,-0.437,0.433,0.234,0.398,0.093
23142,771.598,0.98,1,-0.330474,0.379486,-0.864163,-0.481034,0.371993,-0.793869,-0.455,0.426,0.233,0.395,0.109
23143,771.631,0.98,1,-0.360056,0.347563,-0.865771,-0.497533,0.358105,-0.790077,-0.478,0.403,0.232,0.392,0.123
23145,771.698,0.98,1,-0.349012,0.357641,-0.866189,-0.500756,0.34573,-0.793545,-0.473,0.401,0.217,0.396,0.121
23163,772.298,0.98,1,-0.303504,0.467302,-0.83037,-0.416311,0.370226,-0.830432,-0.409,0.467,0.21,0.492,0.093
23164,772.331,0.98,1,-0.210612,0.415308,-0.884964,-0.466091,0.301358,-0.831831,-0.375,0.395,0.176,0.466,0.099
23165,772.365,0.98,1,-0.329286,0.403547,-0.853651,-0.532321,0.461293,-0.709819,-0.504,0.505,0.194,0.449,0.094
23166,772.398,0.98,1,-0.179673,0.425716,-0.886839,-0.445803,0.355575,-0.821478,-0.351,0.429,0.177,0.43,0.092
23167,772.431,0.98,1,-0.15408,0.413873,-0.8972,-0.415463,0.27636,-0.866612,-0.312,0.373,0.187,0.425,0.088
23168,772.465,0.93,1,-0.258755,0.44682,-0.856386,-0.386641,0.343044,-0.856054,-0.36,0.432,0.174,0.399,0.088
23169,772.498,0.93,1,-0.238362,0.414178,-0.87843,-0.392997,0.349106,-0.850693,-0.35,0.416,0.164,0.376,0.091
23176,772.731,0.98,1,-0.130237,0.407087,-0.904057,-0.338212,0.369253,-0.865601,-0.259,0.413,0.143,0.317,0.101
23177,772.765,0.98,1,-0.121186,0.414936,-0.901744,-0.324964,0.375947,-0.867792,-0.247,0.42,0.146,0.306,0.105
23178,772.798,0.98,1,-0.12297,0.414155,-0.901861,-0.338938,0.351563,-0.872654,-0.255,0.407,0.15,0.3,0.11
23179,772.831,0.98,1,-0.091073,0.44536,-0.890708,-0.365182,0.395517,-0.842739,-0.257,0.452,0.161,0.288,0.095
23180,772.865,0.98,1,-0.104058,0.445838,-0.889045,-0.364228,0.403792,-0.83922,-0.265,0.457,0.175,0.29,0.088
23181,772.898,0.98,1,-0.112204,0.434294,-0.893755,-0.352517,0.404862,-0.843693,-0.261,0.45,0.177,0.291,0.085
23182,772.932,0.98,1,-0.105989,0.424397,-0.899252,-0.354565,0.410658,-0.840026,-0.259,0.448,0.176,0.295,0.082
23183,772.965,0.98,1,-0.11458,0.440499,-0.890411,-0.390409,0.399253,-0.829565,-0.286,0.454,0.189,0.32,0.08
23184,772.998,0.98,1,-0.160514,0.442895,-0.882088,-0.401518,0.396327,-0.825656,-0.318,0.457,0.181,0.321,0.093
23185,773.032,0.98,1,-0.281619,0.355977,-0.89105,-0.434502,0.393588,-0.810121,-0.398,0.415,0.17,0.332,0.098
23203,773.632,0.98,1,-0.448171,0.313065,-0.837337,-0.58683,0.36418,-0.72319,-0.586,0.409,0.236,0.552,0.126
23204,773.665,0.98,1,-0.439326,0.308569,-0.843669,-0.585698,0.358726,-0.726824,-0.578,0.402,0.239,0.557,0.13
23205,773.698,0.98,1,-0.431746,0.314213,-0.845497,-0.583522,0.365675,-0.72511,-0.574,0.409,0.25,0.557,0.126
23206,773.732,0.98,1,-0.438759,0.312186,-0.842633,-0.58839,0.359817,-0.724106,-0.58,0.405,0.256,0.563,0.122
23207,773.765,0.98,1,-0.445238,0.321897,-0.835551,-0.589484,0.360396,-0.722927,-0.586,0.413,0.265,0.565,0.116
23208,773.798,0.98,1,-0.439098,0.326919,-0.836849,-0.580455,0.36777,-0.72651,-0.578,0.418,0.267,0.563,0.114
23209,773.832,0.98,1,-0.454268,0.332491,-0.826493,-0.594802,0.368746,-0.714309,-0.598,0.427,0.273,0.569,0.115
23210,773.865,0.98,1,-0.452311,0.334749,-0.826655,-0.594384,0.370288,-0.713858,-0.597,0.429,0.278,0.564,0.115
23211,773.898,0.98,1,-0.474543,0.326725,-0.817349,-0.590212,0.375493,-0.714601,-0.607,0.43,0.279,0.573,0.112
23212,773.932,0.98,1,-0.48016,0.318503,-0.817314,-0.611696,0.366385,-0.701134,-0.623,0.424,0.269,0.573,0.115
23213,773.965,0.98,1,-0.498559,0.29941,-0.813506,-0.581993,0.357777,-0.73026,-0.611,0.402,0.265,0.561,0.116
23214,773.998,0.98,1,-0.507167,0.318692,-0.80076,-0.597104,0.378304,-0.707357,-0.632,0.433,0.275,0.539,0.11
23215,774.032,0.98,1,-0.482049,0.315162,-0.817497,-0.544412,0.393728,-0.740671,-0.583,0.427,0.287,0.524,0.1
23216,774.065,0.98,1,-0.472628,0.32794,-0.817972,-0.53673,0.407685,-0.738725,-0.575,0.441,0.309,0.523,0.089
23217,774.099,0.98,1,-0.472225,0.325196,-0.819299,-0.506181,0.400056,-0.764026,-0.554,0.43,0.317,0.537,0.088
23218,774.132,0.98,1,-0.44302,0.310233,-0.841124,-0.535837,0.395637,-0.745889,-0.553,0.419,0.303,0.482,0.092
23219,774.165,0.98,1,-0.43181,0.317677,-0.844169,-0.544499,0.403009,-0.735598,-0.554,0.428,0.324,0.484,0.089
23220,774.199,0.98,1,-0.425133,0.326603,-0.844152,-0.566977,0.40045,-0.719845,-0.565,0.435,0.349,0.535,0.085
23221,774.232,0.98,1,-0.42545,0.345153,-0.836577,-0.585881,0.415803,-0.695594,-0.583,0.461,0.367,0.549,0.075
23222,774.265,0.98,1,-0.417968,0.358644,-0.834672,-0.601881,0.422665,-0.677564,-0.593,0.477,0.388,0.566,0.058
23223,774.299,0.98,1,-0.431772,0.372714,-0.821375,-0.612248,0.423291,-0.667815,-0.611,0.491,0.394,0.565,0.054
23224,774.332,0.98,1,-0.436976,0.371445,-0.819195,-0.609685,0.42748,-0.667492,-0.613,0.493,0.393,0.563,0.053
23225,774.365,0.98,1,-0.4595,0.369298,-0.807761,-0.610918,0.432143,-0.663349,-0.629,0.499,0.397,0.567,0.05
23226,774.399,0.98,1,-0.455271,0.368393,-0.810564,-0.609256,0.438349,-0.660801,-0.626,0.502,0.393,0.565,0.052
23227,774.432,0.98,1,-0.454502,0.367249,-0.811514,-0.628069,0.427735,-0.650056,-0.638,0.498,0.398,0.578,0.048
23228,774.465,0.98,1,-0.466323,0.349849,-0.812495,-0.62918,0.432002,-0.646148,-0.644,0.492,0.384,0.578,0.05
23229,774.499,0.98,1,-0.475722,0.348532,-0.807598,-0.635351,0.426227,-0.643941,-0.653,0.49,0.38,0.575,0.053
23230,774.532,0.98,1,-0.487778,0.332041,-0.807355,-0.631586,0.420204,-0.651558,-0.654,0.476,0.354,0.559,0.061
23231,774.565,0.98,1,-0.500826,0.337118,-0.797198,-0.657568,0.41438,-0.629201,-0.682,0.485,0.366,0.579,0.054
23232,774.599,0.98,1,-0.495928,0.339616,-0.799197,-0.661165,0.405117,-0.63146,-0.68,0.48,0.378,0.584,0.047
23233,774.632,0.98,1,-0.4949,0.337077,-0.800908,-0.657406,0.407461,-0.633872,-0.677,0.479,0.373,0.583,0.046
23234,774.665,0.98,1,-0.502226,0.343966,-0.793383,-0.669911,0.411225,-0.618153,-0.693,0.491,0.373,0.603,0.045
23235,774.699,0.98,1,-0.486819,0.33207,-0.807921,-0.67261,0.38433,-0.632366,-0.678,0.462,0.373,0.597,0.055
23236,774.732,0.98,1,-0.497564,0.318094,-0.806998,-0.655363,0.40438,-0.637946,-0.673,0.464,0.366,0.581,0.064
23237,774.765,0.98,1,-0.506033,0.302701,-0.807653,-0.641803,0.384915,-0.663272,-0.663,0.437,0.359,0.569,0.075
23238,774.799,0.98,1,-0.511855,0.302954,-0.80388,-0.60526,0.387052,-0.695594,-0.64,0.431,0.326,0.538,0.1
23239,774.832,0.98,1,-0.485322,0.347663,-0.802242,-0.579178,0.397807,-0.711549,-0.613,0.458,0.341,0.548,0.104
23240,774.865,0.98,1,-0.503212,0.318345,-0.803389,-0.579769,0.401901,-0.708762,-0.622,0.445,0.362,0.538,0.105
23241,774.899,0.98,1,-0.505353,0.324563,-0.799548,-0.565446,0.40261,-0.719845,-0.614,0.446,0.364,0.541,0.102
23242,774.932,0.98,1,-0.505907,0.334672,-0.795017,-0.591769,0.415668,-0.690673,-0.636,0.468,0.375,0.535,0.093
23243,774.965,0.98,1,-0.505807,0.339327,-0.793105,-0.586605,0.423834,-0.690116,-0.635,0.475,0.386,0.524,0.077
23244,774.999,0.93,1,-0.51063,0.348765,-0.785888,-0.582897,0.423944,-0.693183,-0.637,0.481,0.396,0.525,0.067
23245,775.032,0.93,1,-0.500941,0.351903,-0.79071,-0.572418,0.411008,-0.709514,-0.621,0.47,0.387,0.517,0.064
23246,775.065,0.98,1,-0.509772,0.346716,-0.787351,-0.556971,0.396354,-0.729854,-0.613,0.455,0.375,0.527,0.065
23247,775.099,0.98,1,-0.51292,0.326991,-0.793719,-0.569287,0.388818,-0.724385,-0.619,0.441,0.355,0.539,0.071
23248,775.132,0.98,1,-0.500122,0.31662,-0.805996,-0.592316,0.371973,-0.714701,-0.623,0.425,0.338,0.516,0.084
23249,775.166,0.93,1,-0.497094,0.308195,-0.811119,-0.575314,0.373865,-0.727488,-0.609,0.417,0.327,0.517,0.092
23250,775.199,0.93,1,-0.490873,0.296029,-0.819397,-0.591215,0.370614,-0.716317,-0.614,0.41,0.314,0.499,0.103
23251,775.232,0.98,1,-0.425954,0.272649,-0.862685,-0.5412,0.423508,-0.72646,-0.547,0.413,0.317,0.48,0.105
23252,775.266,0.93,1,-0.308591,0.215973,-0.926352,-0.48065,0.441687,-0.757554,-0.438,0.372,0.315,0.461,0.101
23253,775.299,0.93,1,-0.190953,0.24994,-0.949245,-0.359214,0.476384,-0.802511,-0.304,0.393,0.31,0.408,0.099
23254,775.332,0.93,1,-0.118521,0.234709,-0.964813,-0.287552,0.472853,-0.832901,-0.222,0.375,0.301,0.348,0.1
23255,775.366,0.88,1,-0.151103,0.215104,-0.964831,-0.267713,0.465372,-0.843658,-0.228,0.36,0.286,0.288,0.112
23256,775.399,0.93,1,-0.239646,0.254648,-0.936869,-0.28921,0.503009,-0.814456,-0.293,0.408,0.299,0.231,0.092
23257,775.432,0.98,1,-0.224611,0.307381,-0.924698,-0.303609,0.504505,-0.808268,-0.296,0.438,0.31,0.22,0.085
23258,775.466,0.98,1,-0.206742,0.337639,-0.918291,-0.278809,0.498659,-0.820735,-0.272,0.448,0.317,0.207,0.081
23259,775.499,0.98,1,-0.181719,0.353668,-0.91755,-0.283241,0.501855,-0.817261,-0.262,0.458,0.315,0.206,0.083
23260,775.532,0.98,1,-0.145597,0.371619,-0.916897,-0.273332,0.498097,-0.822915,-0.236,0.464,0.304,0.199,0.092
23261,775.566,0.98,1,-0.041135,0.44503,-0.89457,-0.262931,0.465821,-0.844913,-0.173,0.482,0.289,0.196,0.103
23262,775.599,0.98,1,-0.039205,0.43558,-0.899296,-0.257828,0.439724,-0.86033,-0.167,0.462,0.278,0.19,0.107
23263,775.632,0.98,1,-0.051897,0.403603,-0.913461,-0.259414,0.431674,-0.863922,-0.173,0.439,0.275,0.181,0.108
23264,775.666,0.98,1,-0.048494,0.405731,-0.912705,-0.251606,0.424332,-0.869849,-0.167,0.436,0.268,0.176,0.105
23265,775.699,0.98,1,-0.059294,0.398333,-0.915323,-0.25053,0.414128,-0.875061,-0.171,0.426,0.26,0.173,0.104
23266,775.732,0.98,1,-0.045991,0.391532,-0.919014,-0.245816,0.403628,-0.881282,-0.161,0.416,0.252,0.173,0.105
23267,775.766,0.98,1,-0.054909,0.385333,-0.921142,-0.23907,0.403589,-0.883154,-0.162,0.412,0.248,0.174,0.107
23268,775.799,0.98,1,-0.051278,0.387889,-0.920279,-0.231276,0.391442,-0.890665,-0.155,0.406,0.232,0.169,0.108
23269,775.832,0.93,1,-0.050056,0.388248,-0.920195,-0.235031,0.380385,-0.894465,-0.156,0.401,0.225,0.171,0.107
23303,776.966,0.98,1,-0.179011,0.382807,-0.906319,-0.281726,0.381164,-0.880537,-0.252,0.404,0.198,0.27,0.026
23304,776.999,0.98,1,-0.122769,0.408422,-0.904499,-0.330395,0.407503,-0.851341,-0.253,0.435,0.205,0.259,0.022
23305,777.033,0.93,1,0.049458,0.393408,-0.918033,-0.249651,0.462359,-0.850822,-0.113,0.451,0.197,0.229,0.026
23306,777.066,0.93,1,0.122793,0.425513,-0.896583,-0.155064,0.409758,-0.898918,-0.018,0.435,0.191,0.176,0.03
23307,777.099,0.93,1,0.185318,0.535488,-0.82396,-0.144392,0.41177,-0.899776,0.024,0.502,0.197,0.109,0.031
23308,777.133,0.98,1,0.242502,0.468407,-0.849581,-0.140376,0.435952,-0.888955,0.059,0.48,0.235,0.052,0.028
23309,777.166,0.98,1,0.266956,0.499083,-0.824409,-0.056785,0.422637,-0.904518,0.121,0.49,0.258,-0.012,0.01
23310,777.199,0.98,1,0.253712,0.502314,-0.826626,-0.047288,0.448093,-0.892735,0.119,0.505,0.285,-0.053,0.014
23311,777.233,0.98,1,0.233257,0.536973,-0.810711,-0.084927,0.479802,-0.873257,0.088,0.543,0.305,-0.076,0.022
23312,777.266,0.98,1,0.216105,0.601158,-0.769355,-0.174709,0.586046,-0.791218,0.027,0.65,0.323,-0.07,0.031
23313,777.299,0.98,1,0.192168,0.608831,-0.769673,-0.169157,0.579683,-0.797091,0.015,0.649,0.332,-0.076,0.04
23314,777.333,0.98,1,0.156312,0.575709,-0.802574,-0.223352,0.493135,-0.840793,-0.041,0.577,0.334,-0.081,0.055
23315,777.366,0.98,1,0.169309,0.563841,-0.808342,-0.195303,0.511677,-0.836686,-0.016,0.579,0.339,-0.088,0.061
23316,777.4,0.98,1,0.174699,0.559886,-0.809943,-0.176542,0.497761,-0.849157,-0.001,0.568,0.338,-0.091,0.068
23317,777.433,0.98,1,0.171651,0.556274,-0.813078,-0.215969,0.46432,-0.858932,-0.026,0.548,0.337,-0.088,0.075
23318,777.466,0.98,1,0.163258,0.563522,-0.809809,-0.223325,0.457419,-0.860752,-0.036,0.549,0.337,-0.085,0.081
23319,777.5,0.98,1,0.13618,0.575642,-0.806282,-0.200779,0.483516,-0.851998,-0.039,0.568,0.344,-0.085,0.085
23320,777.533,0.98,1,0.13226,0.597152,-0.791149,-0.151699,0.538355,-0.828952,-0.012,0.611,0.358,-0.09,0.088
23321,777.566,0.98,1,0.11106,0.604786,-0.788606,-0.160212,0.539526,-0.826586,-0.03,0.616,0.361,-0.093,0.097
23322,777.6,0.98,1,0.104535,0.59173,-0.79933,-0.161922,0.54785,-0.820756,-0.035,0.613,0.369,-0.082,0.105
23323,777.633,0.98,1,0.09526,0.591166,-0.800905,-0.152043,0.564877,-0.811047,-0.035,0.622,0.38,-0.076,0.107
23324,777.666,0.98,1,0.0777,0.5968,-0.798619,-0.162053,0.570992,-0.804802,-0.053,0.629,0.376,-0.075,0.113
23325,777.7,0.98,1,0.084761,0.589346,-0.803422,-0.147053,0.545969,-0.824799,-0.038,0.609,0.379,-0.075,0.114
23326,777.733,0.98,1,0.109256,0.538617,-0.835437,-0.166352,0.493853,-0.853485,-0.034,0.549,0.368,-0.093,0.117
23327,777.766,0.98,1,0.117612,0.525407,-0.842683,-0.171128,0.488092,-0.855851,-0.031,0.538,0.354,-0.086,0.115
23328,777.8,0.98,1,0.114293,0.520863,-0.845955,-0.154581,0.486905,-0.859667,-0.024,0.534,0.347,-0.093,0.112
23329,777.833,0.98,1,0.122688,0.513581,-0.849225,-0.16302,0.484882,-0.859252,-0.024,0.529,0.339,-0.098,0.113
23330,777.866,0.98,1,0.122714,0.515846,-0.847847,-0.150037,0.485975,-0.860998,-0.016,0.53,0.337,-0.102,0.116
23331,777.9,0.98,1,0.131677,0.523612,-0.84172,-0.155683,0.489964,-0.857728,-0.014,0.538,0.339,-0.106,0.122
23332,777.933,0.98,1,0.121814,0.526038,-0.841692,-0.154136,0.494877,-0.855184,-0.019,0.542,0.343,-0.112,0.128
23333,777.966,0.98,1,0.115612,0.526715,-0.842143,-0.150229,0.494367,-0.856173,-0.02,0.541,0.34,-0.115,0.127
23334,778.0,0.98,1,0.111095,0.52029,-0.846732,-0.16343,0.477753,-0.863158,-0.031,0.528,0.335,-0.119,0.128
23335,778.033,0.98,1,0.106921,0.525015,-0.84435,-0.1879,0.491105,-0.850594,-0.048,0.54,0.339,-0.119,0.127
23336,778.066,0.98,1,0.096028,0.503482,-0.858653,-0.165948,0.464102,-0.870098,-0.04,0.51,0.345,-0.097,0.121
23337,778.1,0.98,1,0.01285,0.592811,-0.805239,-0.186991,0.563699,-0.804536,-0.108,0.623,0.346,-0.047,0.116
23338,778.133,0.98,1,0.000479,0.609781,-0.79257,-0.19172,0.548312,-0.814001,-0.118,0.625,0.352,0.006,0.114
23339,778.166,0.98,1,-0.037646,0.589172,-0.80713,-0.204802,0.496295,-0.843651,-0.146,0.582,0.347,0.059,0.112
23340,778.2,0.98,1,-0.102702,0.499611,-0.86014,-0.223001,0.478183,-0.849477,-0.188,0.52,0.339,0.105,0.111
23341,778.233,0.93,1,-0.172874,0.391003,-0.904008,-0.267938,0.452977,-0.850306,-0.246,0.448,0.32,0.16,0.125
23342,778.266,0.93,1,-0.203067,0.351133,-0.91404,-0.284374,0.440599,-0.851472,-0.269,0.422,0.316,0.187,0.149
23343,778.3,0.93,1,-0.218661,0.371769,-0.902206,-0.29292,0.409607,-0.863956,-0.282,0.417,0.306,0.201,0.164
23344,778.333,0.93,1,-0.183656,0.458785,-0.86936,-0.287727,0.411962,-0.864581,-0.265,0.465,0.305,0.217,0.166
23345,778.366,0.93,1,-0.206811,0.443754,-0.871959,-0.292706,0.415055,-0.861424,-0.281,0.46,0.304,0.23,0.167
23346,778.4,0.93,1,-0.193046,0.448446,-0.872714,-0.298109,0.405353,-0.864188,-0.276,0.457,0.308,0.244,0.165
23347,778.433,0.93,1,-0.250065,0.383047,-0.889237,-0.298508,0.411267,-0.86125,-0.304,0.426,0.305,0.252,0.167
23348,778.466,0.93,1,-0.246838,0.38356,-0.889917,-0.292923,0.409742,-0.863891,-0.299,0.425,0.299,0.253,0.17
23349,778.5,0.93,1,-0.180432,0.449845,-0.874691,-0.295618,0.404709,-0.865344,-0.267,0.457,0.3,0.254,0.171
23350,778.533,0.93,1,-0.189583,0.456599,-0.869238,-0.288663,0.409647,-0.865369,-0.269,0.463,0.3,0.255,0.172
23351,778.567,0.93,1,-0.188945,0.472249,-0.860977,-0.300963,0.427182,-0.852606,-0.278,0.483,0.313,0.257,0.169
23352,778.6,0.98,1,-0.183345,0.479318,-0.858277,-0.292232,0.428682,-0.854887,-0.271,0.487,0.306,0.252,0.166
23353,778.633,0.98,1,-0.174996,0.483763,-0.857526,-0.301567,0.422323,-0.85481,-0.271,0.487,0.31,0.261,0.161
23354,778.667,0.98,1,-0.177871,0.486566,-0.855345,-0.299525,0.427869,-0.852768,-0.273,0.492,0.313,0.262,0.159
23355,778.7,0.98,1,-0.17979,0.477068,-0.86028,-0.306201,0.427743,-0.850457,-0.277,0.487,0.31,0.26,0.157
23356,778.733,0.98,1,-0.182036,0.481663,-0.857242,-0.304397,0.431104,-0.849407,-0.278,0.491,0.309,0.26,0.155
23357,778.767,0.98,1,-0.177589,0.48342,-0.857185,-0.300574,0.433611,-0.849492,-0.273,0.493,0.31,0.257,0.153
23358,778.8,0.98,1,-0.179544,0.47335,-0.862383,-0.302202,0.437243,-0.84705,-0.275,0.489,0.308,0.254,0.153
23359,778.833,0.98,1,-0.17573,0.475656,-0.861899,-0.303054,0.43355,-0.848641,-0.273,0.489,0.31,0.254,0.151
23360,778.867,0.98,1,-0.176639,0.470752,-0.864403,-0.295909,0.429343,-0.853289,-0.268,0.483,0.308,0.251,0.151
23361,778.9,0.98,1,-0.175761,0.471855,-0.86398,-0.320185,0.418155,-0.850075,-0.282,0.479,0.308,0.252,0.15
23362,778.933,0.98,1,-0.161672,0.484261,-0.859857,-0.328087,0.421003,-0.845645,-0.28,0.488,0.314,0.252,0.147
23363,778.967,0.98,1,-0.153441,0.488028,-0.859235,-0.315743,0.421677,-0.849997,-0.268,0.489,0.316,0.25,0.146
23364,779.0,0.98,1,-0.158629,0.486831,-0.858972,-0.322279,0.414108,-0.851264,-0.274,0.485,0.318,0.247,0.146
23365,779.033,0.98,1,-0.158318,0.480903,-0.862362,-0.317165,0.418865,-0.850857,-0.271,0.484,0.319,0.245,0.147
23366,779.067,0.98,1,-0.160497,0.482385,-0.861131,-0.320419,0.43576,-0.841097,-0.275,0.495,0.315,0.244,0.149
23367,779.1,0.98,1,-0.166228,0.476997,-0.863042,-0.348557,0.442208,-0.826414,-0.296,0.498,0.319,0.247,0.145
23368,779.133,0.98,1,-0.155247,0.486412,-0.859827,-0.318684,0.429412,-0.845012,-0.271,0.493,0.317,0.249,0.145
23369,779.167,0.98,1,-0.164039,0.478779,-0.862474,-0.332336,0.440187,-0.834139,-0.285,0.496,0.315,0.249,0.145
23370,779.2,0.98,1,-0.167,0.481111,-0.860606,-0.319292,0.425965,-0.846526,-0.278,0.488,0.313,0.249,0.144
23371,779.233,0.98,1,-0.156242,0.479856,-0.863323,-0.307684,0.415893,-0.855783,-0.264,0.48,0.316,0.246,0.141
23372,779.267,0.93,1,-0.163001,0.488359,-0.857284,-0.314072,0.408133,-0.857197,-0.271,0.482,0.314,0.25,0.143
23373,779.3,0.98,1,-0.156787,0.474299,-0.86629,-0.31156,0.398896,-0.862445,-0.265,0.468,0.312,0.247,0.145
23374,779.333,0.98,1,-0.155131,0.476183,-0.865554,-0.304097,0.397843,-0.86559,-0.259,0.468,0.314,0.245,0.145
23375,779.367,0.98,1,-0.15225,0.472918,-0.867853,-0.30455,0.401944,-0.863534,-0.258,0.468,0.313,0.245,0.146
23376,779.4,0.98,1,-0.156718,0.473068,-0.866975,-0.311037,0.398157,-0.862976,-0.264,0.467,0.312,0.246,0.148
23377,779.433,0.98,1,-0.159249,0.467012,-0.869793,-0.308148,0.404078,-0.861258,-0.264,0.466,0.311,0.245,0.149
23378,779.467,0.98,1,-0.161655,0.474815,-0.865112,-0.314743,0.406608,-0.857675,-0.27,0.473,0.314,0.248,0.149
23379,779.5,0.98,1,-0.150077,0.501901,-0.851806,-0.320337,0.429183,-0.844503,-0.271,0.502,0.319,0.247,0.149
23380,779.533,0.98,1,-0.140744,0.523454,-0.840349,-0.366854,0.432794,-0.823473,-0.296,0.522,0.319,0.248,0.147
23381,779.567,0.98,1,-0.079246,0.583488,-0.808246,-0.324246,0.428146,-0.843537,-0.24,0.55,0.346,0.259,0.137
23382,779.6,0.98,1,-0.267938,0.523809,-0.8086,-0.456413,0.43273,-0.777452,-0.428,0.543,0.342,0.257,0.134
23383,779.634,0.93,1,-0.262213,0.527827,-0.807863,-0.440133,0.425248,-0.790852,-0.414,0.538,0.331,0.249,0.135
23384,779.667,0.93,1,-0.067883,0.513871,-0.855177,-0.300889,0.31511,-0.900095,-0.207,0.441,0.33,0.24,0.13
23385,779.7,0.93,1,-0.13265,0.563032,-0.81572,-0.348456,0.491626,-0.798049,-0.29,0.579,0.333,0.238,0.127
23386,779.734,0.93,1,-0.140903,0.540198,-0.829658,-0.360219,0.439058,-0.823085,-0.294,0.535,0.331,0.233,0.127
23387,779.767,0.93,1,-0.141048,0.519533,-0.842728,-0.338405,0.436536,-0.833618,-0.279,0.518,0.335,0.233,0.123
23388,779.8,0.93,1,-0.142161,0.505357,-0.85112,-0.296652,0.44167,-0.846714,-0.253,0.509,0.338,0.228,0.121
23389,779.834,0.93,1,-0.174554,0.481758,-0.858743,-0.276122,0.438933,-0.85504,-0.257,0.493,0.338,0.227,0.12
23390,779.867,0.98,1,-0.173864,0.463152,-0.869058,-0.266255,0.426359,-0.86448,-0.249,0.474,0.337,0.225,0.117
23391,779.9,0.98,1,-0.172349,0.448214,-0.877154,-0.27147,0.420248,-0.86585,-0.249,0.462,0.337,0.227,0.116
23392,779.934,0.98,1,-0.16978,0.443212,-0.880192,-0.279122,0.404064,-0.871105,-0.251,0.451,0.337,0.232,0.115
23393,779.967,0.98,1,-0.16471,0.44214,-0.881693,-0.273551,0.402552,-0.873569,-0.245,0.449,0.339,0.238,0.114
23394,780.0,0.98,1,-0.170688,0.439904,-0.881674,-0.27533,0.397693,-0.875233,-0.249,0.445,0.34,0.246,0.114
23395,780.034,0.98,1,-0.181383,0.415288,-0.891424,-0.283344,0.4002,-0.871525,-0.258,0.433,0.343,0.253,0.114
23396,780.067,0.98,1,-0.209613,0.38831,-0.897372,-0.288574,0.398504,-0.870586,-0.275,0.419,0.342,0.257,0.117
23397,780.1,0.98,1,-0.208048,0.385299,-0.899033,-0.291843,0.39577,-0.870743,-0.275,0.416,0.34,0.261,0.118
23398,780.134,0.98,1,-0.199037,0.402914,-0.893333,-0.30304,0.396644,-0.86651,-0.278,0.426,0.334,0.264,0.121
23399,780.167,0.98,1,-0.225741,0.393239,-0.891294,-0.316098,0.387686,-0.865899,-0.299,0.418,0.336,0.266,0.124
23400,780.2,0.98,1,-0.210745,0.420168,-0.882635,-0.318484,0.387374,-0.865164,-0.294,0.433,0.335,0.269,0.125
23401,780.234,0.98,1,-0.205411,0.412714,-0.887397,-0.322003,0.386478,-0.864262,-0.292,0.428,0.332,0.274,0.126
23402,780.267,0.98,1,-0.226011,0.390737,-0.892325,-0.318268,0.388003,-0.864962,-0.3,0.417,0.332,0.278,0.127
23403,780.3,0.98,1,-0.207005,0.421749,-0.882767,-0.320876,0.392879,-0.861792,-0.294,0.437,0.33,0.28,0.128
23404,780.334,0.98,1,-0.203039,0.4385,-0.875496,-0.312031,0.402703,-0.860504,-0.288,0.451,0.329,0.282,0.128
23405,780.367,0.98,1,-0.206889,0.437365,-0.875162,-0.311631,0.405287,-0.859435,-0.29,0.452,0.328,0.284,0.129
23406,780.4,0.98,1,-0.199604,0.450219,-0.870322,-0.31516,0.408555,-0.856596,-0.29,0.461,0.326,0.284,0.131
23407,780.434,0.98,1,-0.213372,0.445321,-0.869576,-0.31255,0.407191,-0.8582,-0.295,0.458,0.322,0.284,0.134
23408,780.467,0.98,1,-0.204882,0.456928,-0.865587,-0.301058,0.407172,-0.862308,-0.285,0.464,0.312,0.283,0.136
23409,780.5,0.98,1,-0.19849,0.457734,-0.86665,-0.303908,0.406777,-0.861494,-0.283,0.464,0.305,0.283,0.137
23410,780.534,0.98,1,-0.189215,0.450059,-0.872723,-0.302968,0.397702,-0.86605,-0.276,0.454,0.294,0.282,0.14
23411,780.567,0.98,1,-0.19675,0.442778,-0.874779,-0.30126,0.39736,-0.866803,-0.279,0.449,0.293,0.283,0.138
23412,780.6,0.98,1,-0.202881,0.457996,-0.865493,-0.30107,0.400401,-0.865469,-0.283,0.46,0.294,0.285,0.134
23413,780.634,0.98,1,-0.18968,0.442389,-0.876535,-0.29876,0.396,-0.868289,-0.273,0.448,0.286,0.286,0.135
23414,780.667,0.98,1,-0.191388,0.444883,-0.8749,-0.299227,0.392584,-0.869679,-0.274,0.448,0.282,0.287,0.136
23415,780.7,0.98,1,-0.188237,0.445098,-0.875474,-0.301824,0.386524,-0.871494,-0.273,0.444,0.276,0.286,0.137
23416,780.734,0.98,1,-0.186137,0.437642,-0.879672,-0.302658,0.380322,-0.87393,-0.272,0.436,0.273,0.286,0.139
23417,780.767,0.98,1,-0.186529,0.436892,-0.879962,-0.306295,0.378022,-0.873661,-0.274,0.435,0.27,0.287,0.137
23418,780.801,0.98,1,-0.183422,0.437715,-0.880205,-0.308438,0.378829,-0.872557,-0.274,0.436,0.271,0.287,0.133
23419,780.834,0.98,1,-0.180976,0.437811,-0.880664,-0.310475,0.381027,-0.870875,-0.274,0.437,0.275,0.287,0.131
23420,780.867,0.98,1,-0.187479,0.448466,-0.873916,-0.304908,0.389932,-0.868898,-0.275,0.448,0.28,0.291,0.128
23421,780.901,0.98,1,-0.193814,0.455864,-0.868691,-0.29634,0.408731,-0.863204,-0.276,0.463,0.286,0.295,0.124
23422,780.934,0.98,1,-0.258939,0.372969,-0.890979,-0.289635,0.418033,-0.861023,-0.303,0.424,0.286,0.295,0.12
23423,780.967,0.98,1,-0.265489,0.322024,-0.908744,-0.291939,0.416784,-0.86085,-0.305,0.396,0.278,0.293,0.121
23424,781.001,0.98,1,-0.253405,0.332953,-0.908256,-0.292457,0.408595,-0.864592,-0.299,0.396,0.269,0.29,0.118
23685,789.703,0.98,1,-0.052159,0.183772,-0.981584,-0.216778,0.458174,-0.862023,-0.145,0.335,0.072,0.202,0.036
23910,797.205,0.98,1,-0.008288,0.456807,-0.889527,-0.333514,0.387596,-0.859382,-0.193,0.45,0.066,0.183,0.046
23911,797.239,0.98,1,-0.119771,0.421008,-0.899115,-0.128774,0.407982,-0.903863,-0.137,0.431,0.066,0.185,0.046
23912,797.272,0.98,1,-0.167191,0.42445,-0.889882,-0.19008,0.406551,-0.893636,-0.198,0.436,0.065,0.187,0.045
23913,797.305,0.98,1,-0.110146,0.450083,-0.886167,-0.205979,0.364984,-0.907942,-0.174,0.426,0.069,0.188,0.041
23914,797.339,0.98,1,0.018577,0.444823,-0.895426,-0.189395,0.382273,-0.904432,-0.095,0.431,0.07,0.19,0.038
23915,797.372,0.98,1,-0.012012,0.392281,-0.919767,-0.240204,0.381436,-0.892641,-0.138,0.403,0.083,0.19,0.035
23918,797.472,0.98,1,0.003152,0.38699,-0.922079,-0.228814,0.391464,-0.891291,-0.124,0.405,0.102,0.201,0.022
23919,797.506,0.98,1,-0.02673,0.395932,-0.917891,-0.232365,0.403138,-0.885148,-0.143,0.417,0.11,0.206,0.018
24028,801.14,0.98,1,0.142263,0.178781,-0.97355,-0.033385,0.440987,-0.896892,0.058,0.32,0.194,0.107,-0.03
24029,801.173,0.98,1,0.295756,0.435301,-0.850319,0.023181,0.453238,-0.891088,0.181,0.472,0.193,0.041,-0.027
24030,801.207,0.98,1,0.303318,0.463344,-0.832653,0.016553,0.396644,-0.917823,0.181,0.457,0.206,-0.028,-0.027
24031,801.24,0.98,1,0.312865,0.465151,-0.8281,0.034821,0.402376,-0.914812,0.197,0.462,0.21,-0.079,-0.028
24032,801.273,0.98,1,0.29995,0.476571,-0.826384,-0.095101,0.40614,-0.908849,0.118,0.471,0.225,-0.096,-0.013
24033,801.307,0.98,1,0.2956,0.447661,-0.843931,-0.101772,0.353857,-0.929746,0.109,0.424,0.249,-0.119,0.007
24034,801.34,0.98,1,0.28069,0.445201,-0.850299,-0.104138,0.322449,-0.940841,0.098,0.405,0.262,-0.143,0.025
24035,801.373,0.98,1,0.252051,0.456415,-0.85332,-0.112804,0.323851,-0.939359,0.078,0.411,0.277,-0.155,0.037
24036,801.407,0.98,1,0.213122,0.430606,-0.877016,-0.109311,0.334056,-0.936193,0.057,0.399,0.295,-0.173,0.046
24037,801.44,0.98,1,0.175417,0.446822,-0.877256,-0.119705,0.325609,-0.937896,0.031,0.402,0.306,-0.183,0.056
24038,801.473,0.98,1,0.176844,0.4808,-0.858812,-0.139752,0.316271,-0.938319,0.021,0.417,0.314,-0.181,0.063
24039,801.507,0.98,1,0.243335,0.505121,-0.828034,-0.091177,0.364876,-0.926581,0.087,0.46,0.326,-0.195,0.066
24040,801.54,0.98,1,0.267804,0.52708,-0.806516,-0.096806,0.353931,-0.930248,0.098,0.469,0.321,-0.201,0.069
24041,801.573,0.98,1,0.30609,0.534258,-0.787958,-0.100965,0.341217,-0.934547,0.119,0.47,0.322,-0.219,0.07
24042,801.607,0.98,1,0.325357,0.530227,-0.782945,-0.096066,0.333583,-0.937813,0.132,0.465,0.326,-0.233,0.069
24043,801.64,0.93,1,0.348387,0.5285,-0.774154,-0.089938,0.314032,-0.945143,0.149,0.456,0.33,-0.244,0.07
24044,801.673,0.98,1,0.365053,0.519679,-0.772444,-0.091419,0.318578,-0.943478,0.158,0.454,0.333,-0.256,0.07
24045,801.707,0.98,1,0.352508,0.509215,-0.785136,-0.093794,0.30415,-0.947996,0.148,0.439,0.337,-0.265,0.071
24046,801.74,0.98,1,0.366706,0.508506,-0.779069,-0.068513,0.327019,-0.942531,0.172,0.452,0.346,-0.264,0.07
24047,801.773,0.98,1,0.364885,0.521751,-0.771126,-0.061019,0.317766,-0.946204,0.175,0.455,0.35,-0.264,0.069
24048,801.807,0.98,1,0.383873,0.526314,-0.758707,-0.059683,0.323002,-0.944514,0.188,0.463,0.352,-0.263,0.069
24049,801.84,0.98,1,0.400741,0.529823,-0.747459,-0.051347,0.330208,-0.942511,0.204,0.471,0.357,-0.263,0.069
24050,801.874,0.98,1,0.375451,0.534601,-0.757125,-0.068412,0.322155,-0.944212,0.179,0.467,0.359,-0.268,0.069
24051,801.907,0.93,1,0.378979,0.54056,-0.751112,-0.067652,0.33411,-0.940103,0.182,0.477,0.366,-0.271,0.07
24052,801.94,0.98,1,0.368725,0.544171,-0.753604,-0.069205,0.34609,-0.935645,0.175,0.485,0.371,-0.273,0.071
24053,801.974,0.93,1,0.362968,0.547001,-0.75435,-0.071134,0.344567,-0.936063,0.171,0.485,0.37,-0.272,0.073
24054,802.007,0.93,1,0.358832,0.551015,-0.753407,-0.074327,0.34569,-0.9354,0.167,0.488,0.372,-0.27,0.073
24055,802.04,0.98,1,0.35393,0.553243,-0.754092,-0.077507,0.358422,-0.930337,0.163,0.496,0.375,-0.269,0.075
24056,802.074,0.98,1,0.356159,0.571317,-0.739424,-0.086804,0.366846,-0.926223,0.16,0.513,0.376,-0.267,0.078
24057,802.107,0.98,1,0.369197,0.571689,-0.732711,-0.100531,0.370873,-0.923226,0.161,0.517,0.379,-0.266,0.079
24058,802.14,0.98,1,0.364951,0.57596,-0.731492,-0.105266,0.381685,-0.918279,0.156,0.526,0.378,-0.266,0.08
24059,802.174,0.98,1,0.371454,0.568319,-0.73419,-0.104596,0.37362,-0.921666,0.16,0.517,0.374,-0.261,0.08
24060,802.207,0.98,1,0.377878,0.568284,-0.730932,-0.109775,0.389543,-0.914443,0.162,0.527,0.37,-0.257,0.074
24061,802.24,0.98,1,0.352489,0.583442,-0.731674,-0.12958,0.389223,-0.911984,0.135,0.534,0.372,-0.257,0.072
24062,802.274,0.98,1,0.348907,0.570742,-0.743315,-0.127281,0.41683,-0.900029,0.134,0.541,0.369,-0.257,0.065
24063,802.307,0.98,1,0.349775,0.559012,-0.751773,-0.070003,0.493196,-0.867097,0.171,0.576,0.378,-0.247,0.052
24064,802.34,0.98,1,0.357243,0.571869,-0.738474,-0.038187,0.504062,-0.862823,0.197,0.592,0.388,-0.244,0.048
24065,802.374,0.98,1,0.34801,0.549979,-0.759218,-0.029444,0.507362,-0.86123,0.194,0.578,0.39,-0.235,0.044
24066,802.407,0.98,1,0.357218,0.55387,-0.752079,-0.010802,0.494378,-0.86918,0.211,0.574,0.394,-0.232,0.043
24067,802.44,0.98,1,0.345456,0.540733,-0.766986,0.001839,0.484081,-0.875021,0.208,0.558,0.393,-0.228,0.04
24068,802.474,0.98,1,0.340652,0.548935,-0.7633,0.008632,0.482289,-0.87597,0.21,0.562,0.396,-0.224,0.039
24069,802.507,0.98,1,0.35005,0.544881,-0.761952,0.00237,0.483316,-0.875443,0.212,0.561,0.396,-0.22,0.036
24070,802.54,0.98,1,0.342296,0.546484,-0.764322,0.011068,0.48814,-0.872695,0.213,0.564,0.396,-0.219,0.032
24071,802.574,0.98,1,0.352606,0.550198,-0.756935,0.012398,0.484391,-0.874764,0.22,0.565,0.397,-0.217,0.029
24072,802.607,0.98,1,0.393634,0.568497,-0.722401,0.002097,0.552272,-0.833661,0.249,0.624,0.398,-0.222,0.028
24073,802.64,0.98,1,0.396169,0.551563,-0.734049,-0.034118,0.49633,-0.867463,0.222,0.579,0.399,-0.222,0.029
24074,802.674,0.98,1,0.406717,0.554798,-0.725796,-0.021584,0.497109,-0.867419,0.237,0.584,0.399,-0.221,0.026
24075,802.707,0.98,1,0.415897,0.562355,-0.714693,-0.010321,0.489782,-0.871784,0.25,0.586,0.4,-0.222,0.023
24076,802.74,0.98,1,0.390312,0.566012,-0.726145,-0.004876,0.497449,-0.867479,0.237,0.588,0.406,-0.223,0.021
24077,802.774,0.98,1,0.378427,0.592817,-0.710888,-0.029617,0.477753,-0.877995,0.216,0.593,0.408,-0.223,0.022
24078,802.807,0.98,1,0.342415,0.596488,-0.725916,-0.048388,0.451549,-0.890933,0.18,0.575,0.411,-0.228,0.024
24079,802.84,0.98,1,0.325988,0.591426,-0.737527,-0.060082,0.434651,-0.898593,0.161,0.56,0.414,-0.228,0.026
24080,802.874,0.98,1,0.32245,0.590509,-0.739814,-0.051889,0.433,-0.899899,0.164,0.558,0.417,-0.227,0.024
24081,802.907,0.98,1,0.31956,0.589861,-0.741583,-0.046648,0.446001,-0.893816,0.165,0.565,0.422,-0.232,0.024
24082,802.94,0.98,1,0.310927,0.592536,-0.743119,-0.049649,0.439831,-0.896707,0.158,0.562,0.422,-0.23,0.025
24083,802.974,0.98,1,0.307738,0.598959,-0.739287,-0.054841,0.434565,-0.898969,0.153,0.563,0.427,-0.23,0.026
24084,803.007,0.98,1,0.308881,0.600835,-0.737285,-0.041959,0.431865,-0.900962,0.162,0.562,0.428,-0.231,0.027
24085,803.041,0.98,1,0.308184,0.608169,-0.731542,-0.032275,0.440389,-0.897227,0.168,0.572,0.433,-0.23,0.027
24086,803.074,0.98,1,0.302335,0.614398,-0.728772,-0.034879,0.432369,-0.901022,0.163,0.571,0.434,-0.234,0.032
24087,803.107,0.98,1,0.301181,0.614531,-0.729138,-0.013511,0.442059,-0.896884,0.175,0.576,0.438,-0.234,0.029
24088,803.141,0.98,1,0.303117,0.616691,-0.726507,-0.028337,0.426615,-0.903989,0.167,0.569,0.437,-0.236,0.032
24089,803.174,0.98,1,0.30706,0.611876,-0.728918,-0.031826,0.415058,-0.909238,0.166,0.56,0.435,-0.239,0.033
24090,803.207,0.98,1,0.309538,0.617333,-0.723247,-0.038792,0.441687,-0.89633,0.166,0.579,0.434,-0.234,0.031
24091,803.241,0.98,1,0.305907,0.616811,-0.725235,-0.032681,0.438903,-0.89794,0.167,0.577,0.434,-0.241,0.033
24092,803.274,0.98,1,0.306209,0.622123,-0.720554,-0.035927,0.449789,-0.892412,0.166,0.587,0.433,-0.236,0.032
24093,803.307,0.98,1,0.306471,0.618876,-0.723234,-0.043749,0.446855,-0.893536,0.161,0.583,0.429,-0.235,0.031
24094,803.341,0.98,1,0.237369,0.611079,-0.755141,-0.065192,0.518445,-0.852622,0.107,0.612,0.433,-0.227,0.023
24095,803.374,0.98,1,0.163123,0.588656,-0.791755,0.031449,0.550201,-0.83444,0.119,0.611,0.448,-0.204,0.01
24096,803.407,0.98,1,0.121575,0.608751,-0.783991,0.075734,0.4983,-0.863691,0.119,0.592,0.462,-0.158,-0.002
24097,803.441,0.98,1,0.106143,0.580324,-0.807439,0.100833,0.317957,-0.942728,0.118,0.474,0.463,-0.091,-0.002
24098,803.474,0.98,1,0.082551,0.515595,-0.852846,-0.028186,0.38639,-0.921905,0.031,0.47,0.459,-0.027,0.001
24099,803.507,0.98,1,0.102295,0.404061,-0.908994,-0.047187,0.378762,-0.92429,0.03,0.404,0.459,0.019,0.006
24100,803.541,0.98,1,0.02979,0.336049,-0.941373,-0.065907,0.454684,-0.888211,-0.02,0.408,0.461,0.067,0.024
24101,803.574,0.98,1,-0.003531,0.342868,-0.939377,-0.081286,0.439203,-0.894703,-0.046,0.403,0.46,0.079,0.042
24102,803.607,0.98,1,-0.060804,0.49421,-0.867214,-0.144123,0.482001,-0.864236,-0.118,0.513,0.454,0.086,0.055
24103,803.641,0.98,1,-0.055323,0.500875,-0.86375,-0.150768,0.477127,-0.865805,-0.119,0.515,0.451,0.1,0.06
24104,803.674,0.98,1,-0.051962,0.501741,-0.863456,-0.155754,0.473163,-0.867097,-0.119,0.513,0.443,0.118,0.063
24105,803.707,0.98,1,-0.058048,0.49736,-0.8656,-0.15871,0.47668,-0.864631,-0.125,0.513,0.44,0.138,0.064
24106,803.741,0.98,1,-0.060893,0.491675,-0.868647,-0.180195,0.477442,-0.859988,-0.139,0.511,0.433,0.159,0.067
24107,803.774,0.98,1,-0.082007,0.496824,-0.863968,-0.195475,0.500428,-0.843422,-0.161,0.529,0.433,0.174,0.067
24108,803.807,0.98,1,-0.080063,0.488674,-0.868785,-0.192467,0.493561,-0.848147,-0.157,0.52,0.422,0.184,0.069
24109,803.841,0.98,1,-0.08829,0.48018,-0.872716,-0.199719,0.490122,-0.848465,-0.166,0.513,0.412,0.194,0.071
24110,803.874,0.98,1,-0.104487,0.462429,-0.880478,-0.20164,0.477842,-0.85499,-0.175,0.497,0.401,0.199,0.074
24111,803.907,0.98,1,-0.117176,0.464358,-0.877862,-0.198436,0.46955,-0.860318,-0.18,0.493,0.384,0.204,0.08
24112,803.941,0.98,1,-0.158387,0.470468,-0.868086,-0.213519,0.464771,-0.859301,-0.212,0.496,0.374,0.211,0.085
24113,803.974,0.98,1,-0.233459,0.473719,-0.849169,-0.254253,0.481289,-0.838878,-0.281,0.515,0.365,0.219,0.089
24114,804.007,0.98,1,-0.242225,0.480408,-0.842933,-0.262598,0.477846,-0.838275,-0.292,0.518,0.361,0.233,0.09
24115,804.041,0.98,1,-0.233308,0.484979,-0.84283,-0.337034,0.503574,-0.795501,-0.335,0.543,0.357,0.252,0.09
24116,804.074,0.98,1,-0.223603,0.473788,-0.851778,-0.367153,0.50676,-0.779996,-0.347,0.541,0.348,0.27,0.091
24117,804.108,0.98,1,-0.298035,0.439197,-0.847515,-0.390418,0.508255,-0.767627,-0.403,0.531,0.352,0.294,0.095
24118,804.141,0.98,1,-0.251651,0.468574,-0.846824,-0.399336,0.506945,-0.763896,-0.384,0.545,0.349,0.302,0.096
24119,804.174,0.98,1,-0.335216,0.367775,-0.867393,-0.428999,0.494359,-0.756022,-0.44,0.488,0.361,0.313,0.098
24120,804.208,0.98,1,-0.250242,0.479684,-0.841001,-0.415188,0.52409,-0.743605,-0.398,0.565,0.367,0.314,0.096
24121,804.241,0.98,1,-0.214523,0.516915,-0.828721,-0.397316,0.50592,-0.765627,-0.366,0.57,0.367,0.308,0.089
24122,804.274,0.98,1,-0.217538,0.523236,-0.823955,-0.377807,0.516821,-0.768218,-0.358,0.579,0.374,0.3,0.082
24123,804.308,0.98,1,-0.136633,0.525484,-0.839761,-0.363433,0.487549,-0.793859,-0.297,0.555,0.413,0.319,0.064
24124,804.341,0.98,1,-0.080918,0.542167,-0.836365,-0.354642,0.467035,-0.810005,-0.259,0.55,0.426,0.312,0.054
24125,804.374,0.98,1,-0.061639,0.547222,-0.834715,-0.327485,0.461969,-0.82422,-0.23,0.547,0.428,0.29,0.048
24126,804.408,0.98,1,-0.051406,0.540543,-0.839744,-0.316846,0.440317,-0.840077,-0.216,0.529,0.44,0.281,0.038
24127,804.441,0.98,1,-0.043865,0.538552,-0.84145,-0.308062,0.42414,-0.851589,-0.205,0.517,0.445,0.266,0.031
24128,804.474,0.98,1,-0.042326,0.543856,-0.83811,-0.292598,0.421049,-0.858547,-0.195,0.517,0.446,0.252,0.023
24129,804.508,0.93,1,-0.028166,0.549367,-0.835106,-0.290694,0.416895,-0.861218,-0.186,0.518,0.455,0.244,0.015
24130,804.541,0.98,1,-0.023252,0.564243,-0.825281,-0.280953,0.414002,-0.865834,-0.178,0.524,0.466,0.221,0.007
24131,804.574,0.98,1,-0.026199,0.547348,-0.836495,-0.277781,0.450001,-0.848727,-0.178,0.534,0.454,0.206,-0.003
24132,804.608,0.98,1,-0.015072,0.536457,-0.843793,-0.256639,0.443714,-0.858635,-0.158,0.522,0.448,0.195,-0.013
24133,804.641,0.98,1,-0.028262,0.527806,-0.848895,-0.232308,0.382725,-0.894178,-0.148,0.481,0.435,0.181,-0.02
24134,804.674,0.98,1,-0.020415,0.521751,-0.852854,-0.218924,0.372524,-0.901831,-0.136,0.471,0.432,0.169,-0.026
24135,804.708,0.98,1,-0.023817,0.518108,-0.854984,-0.213968,0.371399,-0.903482,-0.134,0.468,0.429,0.158,-0.032
24136,804.741,0.98,1,-0.020143,0.520776,-0.853456,-0.209297,0.378175,-0.901764,-0.13,0.473,0.437,0.153,-0.038
24137,804.774,0.98,1,-0.015504,0.528767,-0.848626,-0.204061,0.387041,-0.899199,-0.125,0.483,0.442,0.146,-0.043
24138,804.808,0.98,1,-0.040752,0.533419,-0.844869,-0.173953,0.386652,-0.905672,-0.122,0.484,0.448,0.149,-0.048
24139,804.841,0.98,1,0.000809,0.521599,-0.85319,-0.176418,0.384504,-0.906109,-0.099,0.476,0.452,0.148,-0.053
24140,804.874,0.98,1,-0.02297,0.529682,-0.847885,-0.164019,0.384606,-0.908392,-0.106,0.48,0.456,0.148,-0.055
24141,804.908,0.98,1,-0.027745,0.525362,-0.850426,-0.168383,0.385802,-0.907085,-0.111,0.478,0.457,0.146,-0.057
24142,804.941,0.98,1,-0.047717,0.52094,-0.852259,-0.17454,0.401385,-0.899125,-0.126,0.485,0.467,0.146,-0.059
24143,804.974,0.98,1,-0.011385,0.529103,-0.848481,-0.157736,0.411881,-0.897482,-0.097,0.494,0.47,0.143,-0.057
24144,805.008,0.98,1,-0.05947,0.540661,-0.839136,-0.166187,0.427936,-0.888399,-0.13,0.511,0.484,0.141,-0.057
24145,805.041,0.98,1,-0.051137,0.53846,-0.841098,-0.200188,0.444294,-0.873228,-0.146,0.521,0.495,0.141,-0.056
24146,805.074,0.98,1,-0.048448,0.535916,-0.84288,-0.188312,0.44937,-0.873273,-0.137,0.521,0.502,0.138,-0.055
24147,805.108,0.98,1,-0.034096,0.542825,-0.839153,-0.203074,0.449973,-0.869647,-0.138,0.526,0.502,0.13,-0.053
24148,805.141,0.98,1,-0.025758,0.536569,-0.843463,-0.188702,0.452832,-0.871398,-0.124,0.523,0.505,0.127,-0.053
24149,805.174,0.98,1,-0.030483,0.543009,-0.839174,-0.191681,0.454821,-0.86971,-0.129,0.529,0.507,0.129,-0.053
24150,805.208,0.98,1,-0.045905,0.533394,-0.84462,-0.195837,0.449583,-0.871506,-0.14,0.52,0.505,0.13,-0.051
24151,805.241,0.98,1,-0.035332,0.539221,-0.841423,-0.207734,0.451021,-0.868002,-0.141,0.525,0.508,0.128,-0.051
24152,805.275,0.98,1,-0.043875,0.542845,-0.838686,-0.236844,0.46738,-0.85174,-0.165,0.539,0.516,0.13,-0.052
24153,805.308,0.98,1,-0.013133,0.539701,-0.841755,-0.185093,0.450248,-0.873509,-0.115,0.523,0.513,0.127,-0.049
24154,805.341,0.98,1,-0.022383,0.540601,-0.840981,-0.178849,0.451139,-0.874349,-0.117,0.524,0.51,0.123,-0.048
24155,805.375,0.98,1,-0.006274,0.544578,-0.838686,-0.164295,0.452734,-0.876378,-0.099,0.527,0.515,0.122,-0.049
24156,805.408,0.98,1,-0.001004,0.544494,-0.838764,-0.140498,0.460797,-0.876314,-0.082,0.53,0.527,0.125,-0.054
24157,805.441,0.98,1,0.018549,0.555016,-0.831633,-0.135712,0.476967,-0.868381,-0.069,0.546,0.55,0.131,-0.06
24158,805.475,0.98,1,0.021539,0.559526,-0.828533,-0.133765,0.486904,-0.863152,-0.066,0.554,0.56,0.131,-0.063
24159,805.508,0.98,1,0.000759,0.562286,-0.826943,-0.139703,0.487529,-0.861858,-0.082,0.556,0.561,0.132,-0.063
24160,805.541,0.98,1,0.034214,0.563246,-0.825581,-0.132985,0.484888,-0.864407,-0.058,0.555,0.567,0.134,-0.063
24161,805.575,0.98,1,0.019138,0.570495,-0.821078,-0.119034,0.509969,-0.851917,-0.06,0.573,0.574,0.135,-0.065
24162,805.608,0.98,1,0.032834,0.565469,-0.824115,-0.127912,0.485937,-0.864583,-0.056,0.557,0.576,0.137,-0.065
24163,805.641,0.98,1,0.032613,0.56525,-0.824275,-0.130962,0.490161,-0.861737,-0.058,0.559,0.572,0.137,-0.065
24164,805.675,0.98,1,0.03041,0.559313,-0.828399,-0.131007,0.490323,-0.861638,-0.059,0.556,0.576,0.138,-0.067
24165,805.708,0.93,1,-0.012596,0.565385,-0.824731,-0.143636,0.494986,-0.856947,-0.093,0.563,0.579,0.141,-0.067
24166,805.741,0.93,1,-0.004303,0.628596,-0.777721,-0.159521,0.648627,-0.744201,-0.107,0.698,0.508,0.116,-0.057
24167,805.775,0.93,1,-0.044438,0.545392,-0.837002,-0.198308,0.602367,-0.773194,-0.15,0.619,0.495,0.117,-0.054
24168,805.808,0.98,1,-0.046901,0.47269,-0.87998,-0.202402,0.546622,-0.81255,-0.146,0.542,0.489,0.118,-0.052
24169,805.841,0.98,1,-0.030543,0.469322,-0.882499,-0.17055,0.513307,-0.841088,-0.116,0.518,0.487,0.12,-0.05
24170,805.875,0.98,1,-0.052044,0.455912,-0.888502,-0.182484,0.514794,-0.837668,-0.135,0.512,0.488,0.122,-0.048
24171,805.908,0.98,1,-0.04941,0.46015,-0.886465,-0.187924,0.5273,-0.828637,-0.138,0.522,0.486,0.124,-0.044
24172,805.941,0.98,1,-0.052687,0.458428,-0.887169,-0.191084,0.539137,-0.820255,-0.142,0.529,0.481,0.124,-0.038
24173,805.975,0.98,1,-0.06477,0.454277,-0.888503,-0.206091,0.542192,-0.814589,-0.158,0.529,0.478,0.124,-0.028
24174,806.008,0.98,1,-0.082821,0.472381,-0.877495,-0.208368,0.548276,-0.809924,-0.171,0.544,0.472,0.124,-0.016
24175,806.041,0.98,1,-0.07692,0.480964,-0.87336,-0.210012,0.54095,-0.814413,-0.168,0.544,0.474,0.129,-0.007
24176,806.075,0.98,1,-0.088804,0.474249,-0.8759,-0.224403,0.534104,-0.815093,-0.183,0.538,0.473,0.137,0.002
24177,806.108,0.98,1,-0.088542,0.493126,-0.86544,-0.237058,0.53205,-0.812851,-0.192,0.548,0.471,0.142,0.012
24178,806.141,0.98,1,-0.076568,0.504523,-0.859996,-0.236446,0.530445,-0.814077,-0.185,0.554,0.465,0.146,0.021
24179,806.175,0.98,1,-0.073618,0.515595,-0.853664,-0.234685,0.536677,-0.810494,-0.183,0.564,0.457,0.148,0.029
24180,806.208,0.98,1,-0.071424,0.512603,-0.85565,-0.228932,0.528806,-0.817285,-0.178,0.557,0.438,0.148,0.041
24181,806.241,0.98,1,-0.109244,0.492055,-0.863682,-0.222981,0.495032,-0.839775,-0.193,0.525,0.425,0.149,0.051
24182,806.275,0.98,1,-0.200704,0.440514,-0.875023,-0.261662,0.467383,-0.844444,-0.263,0.486,0.417,0.156,0.056
24183,806.308,0.98,1,-0.256404,0.415845,-0.872542,-0.276028,0.452076,-0.848196,-0.3,0.467,0.399,0.167,0.06
24184,806.342,0.98,1,-0.314397,0.389669,-0.865628,-0.30192,0.445789,-0.842684,-0.346,0.455,0.373,0.19,0.062
24185,806.375,0.98,1,-0.338904,0.367177,-0.866213,-0.313723,0.458021,-0.831742,-0.367,0.452,0.35,0.215,0.062
24186,806.408,0.98,1,-0.384601,0.344356,-0.856446,-0.370359,0.452619,-0.811154,-0.425,0.446,0.343,0.257,0.073
24187,806.442,0.98,1,-0.400068,0.307517,-0.863353,-0.412941,0.443024,-0.795745,-0.456,0.425,0.336,0.288,0.095
24188,806.475,0.98,1,-0.416023,0.287526,-0.862701,-0.439798,0.412009,-0.798014,-0.476,0.399,0.329,0.312,0.12
24192,806.608,0.98,1,-0.104994,0.510987,-0.853152,-0.32501,0.471682,-0.819686,-0.252,0.531,0.248,0.253,0.191
24193,806.642,0.98,1,0.01619,0.524336,-0.851358,-0.166337,0.475186,-0.86402,-0.087,0.528,0.239,0.148,0.189
24194,806.675,0.98,1,0.074546,0.496312,-0.864938,-0.1268,0.462302,-0.87761,-0.03,0.503,0.242,0.07,0.175
24195,806.708,0.98,1,0.200151,0.486214,-0.850609,-0.020071,0.477114,-0.878612,0.104,0.508,0.254,-0.002,0.164
24196,806.742,0.98,1,0.332701,0.483618,-0.809582,0.014509,0.469625,-0.882747,0.202,0.513,0.265,-0.082,0.145
24197,806.775,0.98,1,0.341644,0.543815,-0.766515,0.044069,0.48106,-0.875579,0.231,0.558,0.278,-0.125,0.107
24198,806.808,0.98,1,0.34412,0.53855,-0.76912,0.077984,0.456758,-0.886166,0.25,0.541,0.278,-0.149,0.084
24199,806.842,0.98,1,0.349991,0.54102,-0.764725,0.086598,0.446528,-0.890569,0.258,0.538,0.276,-0.161,0.071
24200,806.875,0.98,1,0.349303,0.540821,-0.765179,0.073912,0.428835,-0.900354,0.249,0.527,0.274,-0.164,0.061
24201,806.908,0.98,1,0.330552,0.538118,-0.775348,0.052924,0.422453,-0.904838,0.224,0.519,0.272,-0.158,0.052
24202,806.942,0.98,1,0.316316,0.533194,-0.784633,0.027975,0.413633,-0.910014,0.2,0.51,0.273,-0.154,0.048
24203,806.975,0.98,1,0.300675,0.542311,-0.784534,0.031517,0.406819,-0.912965,0.193,0.51,0.276,-0.146,0.046
24204,807.008,0.98,1,0.285541,0.551497,-0.783784,0.02646,0.406612,-0.913218,0.182,0.514,0.284,-0.134,0.043
24205,807.042,0.98,1,0.274736,0.556946,-0.783793,0.023492,0.401189,-0.915694,0.174,0.513,0.291,-0.118,0.038
24206,807.075,0.98,1,0.252755,0.560487,-0.78865,0.00494,0.398679,-0.917077,0.15,0.512,0.294,-0.103,0.035
24207,807.108,0.98,1,0.231725,0.566146,-0.791064,-0.000952,0.408494,-0.91276,0.135,0.52,0.293,-0.094,0.029
24208,807.142,0.98,1,0.262747,0.537995,-0.800953,-0.00602,0.399199,-0.916845,0.148,0.499,0.288,-0.085,0.023
24209,807.175,0.98,1,0.240853,0.531568,-0.81205,-0.009113,0.325132,-0.945625,0.131,0.454,0.286,-0.07,0.018
24210,807.208,0.98,1,0.226845,0.518909,-0.824181,-0.037653,0.289175,-0.956535,0.106,0.426,0.283,-0.056,0.016
24211,807.242,0.98,1,0.221845,0.504747,-0.834275,-0.030904,0.274638,-0.961051,0.106,0.41,0.287,-0.048,0.019
24212,807.275,0.98,1,0.2017,0.488857,-0.848726,-0.047771,0.250068,-0.967049,0.085,0.386,0.288,-0.038,0.028
24213,807.308,0.98,1,0.181681,0.480447,-0.857999,-0.041179,0.24456,-0.968759,0.077,0.378,0.293,-0.031,0.038
24214,807.342,0.98,1,0.18868,0.458869,-0.868239,-0.045925,0.234054,-0.971138,0.077,0.36,0.296,-0.032,0.053
24215,807.375,0.98,1,0.211508,0.446061,-0.869652,-0.046208,0.279464,-0.959044,0.09,0.378,0.298,-0.034,0.068
24216,807.408,0.98,1,0.128638,0.446784,-0.885345,-0.037456,0.321195,-0.946272,0.05,0.397,0.294,-0.035,0.081
24217,807.442,0.98,1,0.089795,0.48038,-0.872452,-0.053216,0.321405,-0.945445,0.02,0.415,0.321,0.0,0.074
24218,807.475,0.98,1,0.048985,0.432574,-0.900267,-0.071196,0.253342,-0.964753,-0.012,0.352,0.316,0.021,0.064
24222,807.609,0.98,1,0.017679,0.44597,-0.894873,-0.041407,0.369908,-0.928145,-0.013,0.421,0.357,-0.008,-0.002
24223,807.642,0.98,1,0.028441,0.466696,-0.88396,-0.050754,0.352025,-0.934613,-0.012,0.423,0.345,0.009,0.007
24224,807.675,0.98,1,0.040963,0.435885,-0.89907,-0.056497,0.347333,-0.936038,-0.008,0.403,0.29,0.023,0.034
24225,807.709,0.98,1,0.020131,0.432983,-0.901177,-0.113418,0.400151,-0.909404,-0.051,0.431,0.286,0.055,0.051
24226,807.742,0.98,1,0.015844,0.452789,-0.891477,-0.13257,0.418834,-0.898334,-0.065,0.453,0.313,0.067,0.05
24227,807.775,0.98,1,-0.002617,0.439224,-0.898374,-0.137862,0.40945,-0.901856,-0.078,0.441,0.311,0.073,0.051
24228,807.809,0.98,1,-0.000907,0.437453,-0.899241,-0.14079,0.403425,-0.904116,-0.078,0.436,0.301,0.072,0.059
24229,807.842,0.98,1,-0.001933,0.442039,-0.896994,-0.155724,0.390785,-0.907214,-0.087,0.432,0.306,0.066,0.068
24230,807.875,0.98,1,-0.030875,0.395775,-0.917829,-0.155123,0.397879,-0.904229,-0.102,0.411,0.319,0.069,0.07
24231,807.909,0.98,1,0.006453,0.425644,-0.904868,-0.143169,0.400302,-0.90513,-0.075,0.428,0.322,0.067,0.072
24232,807.942,0.98,1,0.010511,0.441741,-0.897081,-0.144019,0.401645,-0.9044,-0.074,0.438,0.325,0.069,0.074
24233,807.975,0.98,1,0.030636,0.45096,-0.892018,-0.144326,0.415894,-0.897888,-0.063,0.451,0.324,0.068,0.075
24234,808.009,0.98,1,0.03381,0.459571,-0.887497,-0.149957,0.417987,-0.895991,-0.065,0.457,0.326,0.067,0.077
24235,808.042,0.98,1,0.028465,0.457144,-0.888937,-0.145532,0.422305,-0.894695,-0.066,0.458,0.325,0.065,0.08
24236,808.075,0.98,1,0.044264,0.474866,-0.878944,-0.135277,0.427571,-0.893803,-0.051,0.471,0.325,0.066,0.081
24237,808.109,0.98,1,-0.057875,0.550953,-0.832527,-0.173854,0.484356,-0.857423,-0.136,0.55,0.331,0.084,0.074
24238,808.142,0.98,1,-0.042072,0.592634,-0.804372,-0.252194,0.528135,-0.810846,-0.18,0.607,0.327,0.109,0.067
24239,808.175,0.98,1,-0.072199,0.568385,-0.819589,-0.266036,0.508969,-0.818642,-0.204,0.582,0.316,0.14,0.074
24240,808.209,0.98,1,-0.065567,0.561125,-0.82513,-0.298383,0.512713,-0.805042,-0.22,0.582,0.314,0.157,0.09
24241,808.242,0.98,1,-0.074626,0.559624,-0.82538,-0.29165,0.513615,-0.806932,-0.221,0.582,0.313,0.185,0.099
24242,808.275,0.98,1,-0.095211,0.544427,-0.833387,-0.323402,0.413999,-0.850891,-0.244,0.517,0.315,0.212,0.103
24243,808.309,0.98,1,-0.150453,0.524063,-0.838285,-0.354271,0.33284,-0.873905,-0.287,0.464,0.319,0.243,0.103
24244,808.342,0.98,1,-0.159927,0.529437,-0.833139,-0.358535,0.333966,-0.871733,-0.295,0.469,0.328,0.272,0.097
24245,808.375,0.98,1,-0.141637,0.54128,-0.828827,-0.378078,0.334156,-0.863364,-0.298,0.477,0.338,0.298,0.091
24246,808.409,0.98,1,-0.136783,0.530954,-0.836289,-0.392492,0.364666,-0.844375,-0.305,0.49,0.344,0.322,0.086
24247,808.442,0.98,1,-0.158487,0.542446,-0.825006,-0.400888,0.361043,-0.841984,-0.324,0.497,0.354,0.336,0.085
24248,808.475,0.98,1,-0.156889,0.53805,-0.828183,-0.405884,0.385892,-0.82846,-0.327,0.509,0.368,0.344,0.079
24249,808.509,0.98,1,-0.177863,0.555091,-0.812551,-0.411401,0.4327,-0.802197,-0.35,0.549,0.369,0.333,0.08
24250,808.542,0.98,1,-0.17237,0.563288,-0.808081,-0.403606,0.4966,-0.768434,-0.35,0.592,0.365,0.318,0.08
24251,808.576,0.98,1,-0.15892,0.551782,-0.818707,-0.399007,0.47046,-0.787059,-0.334,0.567,0.365,0.309,0.075
24252,808.609,0.98,1,-0.150279,0.563901,-0.812054,-0.408567,0.500862,-0.763027,-0.341,0.594,0.362,0.29,0.07
24253,808.642,0.98,1,-0.153294,0.573991,-0.804385,-0.39549,0.515232,-0.760345,-0.337,0.608,0.364,0.285,0.061
24254,808.676,0.98,1,-0.16682,0.567227,-0.806489,-0.411548,0.503053,-0.759978,-0.354,0.599,0.365,0.283,0.055
24255,808.709,0.98,1,-0.166968,0.554832,-0.815036,-0.421676,0.536987,-0.730639,-0.364,0.615,0.386,0.286,0.048
24256,808.742,0.98,1,-0.189641,0.561898,-0.805175,-0.397728,0.483402,-0.77983,-0.355,0.583,0.399,0.284,0.051
24257,808.776,0.98,1,-0.16909,0.56586,-0.806976,-0.380238,0.461122,-0.80174,-0.329,0.568,0.434,0.291,0.05
24258,808.809,0.98,1,-0.157264,0.598202,-0.785763,-0.387239,0.476794,-0.789122,-0.333,0.599,0.475,0.298,0.05
24259,808.842,0.98,1,-0.130661,0.591838,-0.795396,-0.381877,0.507723,-0.772261,-0.316,0.612,0.507,0.294,0.054
24260,808.876,0.98,1,-0.143144,0.610484,-0.778986,-0.411771,0.533101,-0.739086,-0.35,0.646,0.53,0.29,0.059
24261,808.909,0.98,1,-0.134715,0.610941,-0.78013,-0.398264,0.531741,-0.74742,-0.336,0.642,0.54,0.288,0.064
24262,808.942,0.98,1,-0.142405,0.617844,-0.773298,-0.415539,0.535412,-0.735297,-0.354,0.653,0.549,0.287,0.065
24263,808.976,0.98,1,-0.142427,0.619344,-0.772093,-0.414356,0.541605,-0.731418,-0.355,0.658,0.56,0.288,0.063
24264,809.009,0.98,1,-0.131581,0.6474,-0.750706,-0.400267,0.583873,-0.706313,-0.35,0.702,0.554,0.28,0.066
24265,809.042,0.98,1,-0.131453,0.648346,-0.749912,-0.376973,0.60508,-0.701263,-0.337,0.712,0.557,0.278,0.063
24266,809.076,0.98,1,-0.135045,0.641299,-0.755314,-0.381842,0.596459,-0.705998,-0.34,0.703,0.561,0.277,0.06
24267,809.109,0.98,1,-0.121488,0.638307,-0.760135,-0.402678,0.584389,-0.704514,-0.344,0.696,0.553,0.275,0.063
24268,809.142,0.98,1,-0.12292,0.634764,-0.762867,-0.38259,0.584312,-0.715685,-0.329,0.69,0.551,0.274,0.063
24269,809.176,0.98,1,-0.132297,0.636043,-0.760228,-0.39158,0.595238,-0.701682,-0.344,0.7,0.547,0.273,0.063
24270,809.209,0.98,1,-0.13472,0.636912,-0.759074,-0.392671,0.588377,-0.706839,-0.345,0.696,0.541,0.273,0.065
24271,809.242,0.98,1,-0.13147,0.627828,-0.767168,-0.418707,0.586553,-0.693282,-0.36,0.694,0.524,0.27,0.069
24272,809.276,0.98,1,-0.132693,0.627811,-0.766972,-0.418164,0.578931,-0.699984,-0.359,0.688,0.514,0.27,0.072
24273,809.309,0.98,1,-0.129507,0.614268,-0.778398,-0.418248,0.57396,-0.704016,-0.354,0.676,0.506,0.269,0.076
24274,809.342,0.98,1,-0.138234,0.617748,-0.774131,-0.412483,0.57185,-0.709116,-0.356,0.676,0.495,0.267,0.08
24275,809.376,0.98,1,-0.132002,0.616563,-0.776161,-0.400343,0.564833,-0.721588,-0.342,0.668,0.486,0.265,0.084
24276,809.409,0.98,1,-0.138045,0.619946,-0.772405,-0.387249,0.573298,-0.722058,-0.338,0.674,0.481,0.264,0.085
24277,809.442,0.98,1,-0.157092,0.62433,-0.765202,-0.378221,0.576152,-0.724567,-0.345,0.678,0.472,0.262,0.087
24278,809.476,0.98,1,-0.155317,0.614808,-0.773232,-0.385986,0.572901,-0.723048,-0.347,0.671,0.466,0.255,0.09
24279,809.509,0.98,1,-0.13856,0.626351,-0.767128,-0.381328,0.577083,-0.722194,-0.336,0.68,0.454,0.236,0.099
24280,809.542,0.88,1,-0.125284,0.604375,-0.786788,-0.371644,0.504176,-0.779543,-0.307,0.616,0.393,0.226,0.135
24281,809.576,0.88,1,-0.123587,0.623167,-0.772263,-0.306862,0.477545,-0.823278,-0.264,0.604,0.411,0.233,0.15
24282,809.609,0.88,1,0.024154,0.612127,-0.79039,-0.1912,0.542697,-0.817877,-0.103,0.623,0.445,0.206,0.156
24283,809.643,0.88,1,0.143061,0.55704,-0.818071,-0.129276,0.493961,-0.85982,0.008,0.56,0.434,0.155,0.171
24284,809.676,0.88,1,0.202491,0.576198,-0.791829,-0.108346,0.52011,-0.847199,0.057,0.59,0.435,0.109,0.184
24285,809.709,0.98,1,0.225911,0.574414,-0.786774,-0.118265,0.519486,-0.846255,0.066,0.59,0.441,0.075,0.194
24286,809.743,0.98,1,0.225869,0.625577,-0.746751,-0.147133,0.515678,-0.844055,0.049,0.622,0.474,0.035,0.181
24287,809.776,0.88,1,0.182362,0.575603,-0.797136,-0.077325,0.437665,-0.895807,0.062,0.539,0.326,0.024,0.041
24288,809.809,0.88,1,0.164228,0.575726,-0.80098,-0.079013,0.429075,-0.899806,0.05,0.534,0.336,0.015,0.061
24289,809.843,0.98,1,0.234342,0.59084,-0.772005,-0.047494,0.37764,-0.924734,0.11,0.519,0.395,-0.001,0.091
24290,809.876,0.98,1,0.175287,0.416054,-0.892286,-0.011411,0.344062,-0.938878,0.089,0.393,0.344,-0.033,0.104
24292,809.943,0.98,1,0.253416,0.445508,-0.858663,-0.067885,0.260807,-0.963001,0.101,0.37,0.402,-0.084,0.136
24293,809.976,0.98,1,0.267359,0.453458,-0.850232,-0.053801,0.268864,-0.961675,0.117,0.379,0.409,-0.091,0.156
24294,810.009,0.98,1,0.226775,0.439986,-0.868899,-0.033686,0.303695,-0.952173,0.106,0.388,0.451,-0.111,0.162
24295,810.043,0.88,1,0.2426,0.418388,-0.875269,-0.053416,0.277186,-0.95933,0.103,0.362,0.419,-0.161,0.188
24297,810.109,0.98,1,0.201597,0.440005,-0.875074,0.002595,0.444994,-0.89553,0.115,0.464,0.431,-0.278,0.224
24298,810.143,0.98,1,0.148068,0.483026,-0.862996,-0.036094,0.347057,-0.937149,0.062,0.432,0.463,-0.276,0.228
24299,810.176,0.98,1,0.264324,0.665049,-0.698458,-0.071438,0.337959,-0.938446,0.117,0.55,0.5,-0.304,0.232
24300,810.209,0.88,1,0.318586,0.694614,-0.644992,-0.029042,0.39117,-0.91986,0.183,0.607,0.518,-0.336,0.241
24301,810.243,0.88,1,0.315709,0.707018,-0.632814,-0.022708,0.397694,-0.917237,0.187,0.619,0.528,-0.341,0.249
24302,810.276,0.88,1,0.314817,0.724265,-0.613457,-0.02227,0.429416,-0.902832,0.191,0.65,0.556,-0.356,0.263
24303,810.309,0.88,1,0.296254,0.731018,-0.614692,-0.027684,0.441081,-0.89704,0.176,0.66,0.567,-0.352,0.28
24304,810.343,0.98,1,0.286966,0.740784,-0.607363,-0.027895,0.456191,-0.889444,0.171,0.675,0.582,-0.362,0.294
24305,810.376,0.98,1,0.270485,0.737894,-0.618345,-0.040064,0.459667,-0.887187,0.152,0.672,0.591,-0.357,0.299
24306,810.409,0.98,1,0.25821,0.713588,-0.651245,-0.07519,0.446605,-0.891566,0.118,0.645,0.584,-0.347,0.3
24307,810.443,0.98,1,0.22639,0.71596,-0.660416,-0.092204,0.461397,-0.882389,0.087,0.652,0.582,-0.351,0.305
24308,810.476,0.98,1,0.243448,0.703013,-0.668211,-0.074485,0.469251,-0.879918,0.109,0.648,0.578,-0.363,0.312
24309,810.509,0.88,1,0.22971,0.728523,-0.645358,-0.113542,0.463854,-0.878606,0.076,0.664,0.566,-0.356,0.31
24310,810.543,0.88,1,0.186789,0.690524,-0.698775,-0.106424,0.425744,-0.898563,0.05,0.61,0.551,-0.357,0.289
24311,810.576,0.88,1,0.039616,0.502599,-0.863612,-0.061471,0.425743,-0.902754,-0.012,0.484,0.51,-0.344,0.27
24312,810.609,0.88,1,0.18345,0.51128,-0.839607,-0.052595,0.369381,-0.927788,0.074,0.462,0.456,-0.295,0.228
24313,810.643,0.88,1,0.102125,0.408742,-0.906918,-0.136106,0.321199,-0.93718,-0.018,0.377,0.402,-0.258,0.202
24351,811.91,0.98,1,-0.295188,0.336878,-0.894079,-0.332004,0.437122,-0.835881,-0.348,0.421,0.163,0.254,0.068
24352,811.943,0.93,1,-0.198831,0.419364,-0.885776,-0.354756,0.452295,-0.818277,-0.314,0.473,0.182,0.267,0.066
24353,811.977,0.98,1,-0.228681,0.416969,-0.879683,-0.356326,0.459531,-0.81355,-0.333,0.478,0.22,0.287,0.061
24354,812.01,0.98,1,-0.264699,0.429918,-0.863195,-0.365342,0.461972,-0.80815,-0.36,0.49,0.226,0.306,0.065
24355,812.043,0.98,1,-0.221438,0.475903,-0.851165,-0.372372,0.475176,-0.797212,-0.346,0.523,0.23,0.325,0.066
24356,812.077,0.98,1,-0.214229,0.474963,-0.853532,-0.396714,0.474049,-0.786063,-0.357,0.525,0.232,0.34,0.068
24357,812.11,0.98,1,-0.208236,0.468421,-0.858615,-0.389748,0.461496,-0.796942,-0.347,0.512,0.218,0.339,0.075
24358,812.143,0.93,1,-0.203433,0.458364,-0.865169,-0.401489,0.462538,-0.790484,-0.35,0.508,0.204,0.331,0.081
24359,812.177,0.93,1,-0.200214,0.456894,-0.866696,-0.408451,0.452292,-0.792843,-0.352,0.501,0.214,0.326,0.082
24360,812.21,0.93,1,-0.193447,0.454632,-0.869418,-0.393239,0.447031,-0.803447,-0.337,0.494,0.213,0.316,0.088
24361,812.243,0.93,1,-0.201041,0.443488,-0.873442,-0.378902,0.468658,-0.797993,-0.334,0.5,0.211,0.306,0.097
24362,812.277,0.93,1,-0.203537,0.448837,-0.870125,-0.372153,0.471687,-0.799383,-0.332,0.504,0.209,0.298,0.101
24363,812.31,0.98,1,-0.283184,0.438102,-0.853155,-0.388346,0.475602,-0.789297,-0.388,0.508,0.208,0.297,0.098
24364,812.343,0.98,1,-0.347086,0.380879,-0.857008,-0.397981,0.472416,-0.786406,-0.426,0.479,0.207,0.3,0.093
24365,812.377,0.98,1,-0.314308,0.405976,-0.858134,-0.417891,0.470584,-0.777122,-0.421,0.492,0.207,0.31,0.085
24366,812.41,0.98,1,-0.31703,0.389205,-0.864876,-0.415717,0.473686,-0.776403,-0.42,0.484,0.204,0.32,0.083
24367,812.443,0.98,1,-0.321196,0.378322,-0.868162,-0.413298,0.46877,-0.780666,-0.419,0.475,0.201,0.329,0.085
24368,812.477,0.98,1,-0.319649,0.363472,-0.87505,-0.424975,0.462122,-0.778356,-0.423,0.463,0.2,0.343,0.087
24369,812.51,0.98,1,-0.3216,0.374563,-0.869641,-0.439202,0.456865,-0.773548,-0.434,0.468,0.176,0.378,0.092
24370,812.543,0.98,1,-0.329999,0.357562,-0.873642,-0.430975,0.444582,-0.785244,-0.43,0.45,0.167,0.389,0.098
24371,812.577,0.98,1,-0.32772,0.347346,-0.878607,-0.425596,0.44492,-0.787981,-0.425,0.444,0.165,0.397,0.102
24372,812.61,0.98,1,-0.315673,0.333666,-0.888266,-0.430833,0.440047,-0.787871,-0.419,0.432,0.164,0.395,0.104
24373,812.643,0.98,1,-0.336583,0.317392,-0.886552,-0.455072,0.445372,-0.771073,-0.446,0.431,0.167,0.396,0.103
24374,812.677,0.98,1,-0.350273,0.300619,-0.887095,-0.487502,0.434998,-0.757046,-0.471,0.421,0.177,0.399,0.098
24375,812.71,0.98,1,-0.357481,0.271008,-0.893735,-0.483933,0.431557,-0.761293,-0.47,0.401,0.188,0.407,0.091
24376,812.743,0.98,1,-0.368937,0.248311,-0.895671,-0.480224,0.421996,-0.768963,-0.472,0.383,0.208,0.414,0.079
24387,813.11,0.98,1,-0.38737,0.11563,-0.914644,-0.420726,0.413987,-0.80722,-0.439,0.298,0.246,0.35,0.043
24388,813.144,0.98,1,-0.393492,0.119042,-0.911588,-0.440459,0.415183,-0.796002,-0.454,0.303,0.244,0.352,0.047
24389,813.177,0.98,1,-0.401713,0.122782,-0.907497,-0.457328,0.409304,-0.789507,-0.469,0.304,0.24,0.361,0.045
24493,816.645,0.98,1,-0.074675,0.407579,-0.910111,-0.295841,0.358956,-0.885228,-0.204,0.404,0.241,0.214,0.113
24495,816.711,0.98,1,-0.076768,0.399022,-0.913722,-0.282031,0.363847,-0.887735,-0.197,0.401,0.242,0.216,0.115
24497,816.778,0.98,1,-0.085382,0.402566,-0.9114,-0.283948,0.357036,-0.889887,-0.202,0.399,0.23,0.222,0.116
24498,816.811,0.98,1,-0.085588,0.406164,-0.909783,-0.303154,0.362709,-0.881215,-0.214,0.406,0.225,0.224,0.117
24499,816.845,0.93,1,-0.0852,0.414876,-0.90588,-0.302117,0.364797,-0.880709,-0.213,0.411,0.23,0.224,0.118
24500,816.878,0.93,1,-0.089817,0.423831,-0.901277,-0.309297,0.372594,-0.874934,-0.221,0.422,0.25,0.228,0.117
24501,816.911,0.93,1,-0.100008,0.441028,-0.891904,-0.303155,0.380795,-0.873551,-0.225,0.436,0.264,0.227,0.116
24502,816.945,0.98,1,-0.086727,0.421542,-0.902652,-0.316208,0.380359,-0.869102,-0.224,0.425,0.271,0.224,0.114
24503,816.978,0.98,1,-0.08948,0.420704,-0.902774,-0.311775,0.376352,-0.872442,-0.222,0.422,0.275,0.222,0.113
24504,817.011,0.98,1,-0.099121,0.424146,-0.900153,-0.310049,0.381351,-0.870885,-0.227,0.427,0.277,0.222,0.112
24505,817.045,0.98,1,-0.092604,0.432392,-0.896918,-0.311323,0.385198,-0.868735,-0.225,0.434,0.281,0.222,0.113
24506,817.078,0.98,1,-0.111794,0.435356,-0.89329,-0.310697,0.381734,-0.870486,-0.235,0.434,0.283,0.225,0.113
24507,817.111,0.98,1,-0.112393,0.441312,-0.890287,-0.317972,0.370344,-0.872777,-0.239,0.431,0.28,0.221,0.114
24508,817.145,0.98,1,-0.15486,0.464134,-0.872123,-0.310497,0.406644,-0.859204,-0.263,0.466,0.27,0.211,0.115
24509,817.178,0.98,1,-0.265749,0.411882,-0.871625,-0.334458,0.43997,-0.833405,-0.338,0.463,0.268,0.208,0.112
24510,817.211,0.98,1,-0.321573,0.349089,-0.880186,-0.37296,0.430553,-0.821903,-0.387,0.43,0.27,0.218,0.107
24511,817.245,0.98,1,-0.335642,0.339671,-0.878617,-0.400202,0.435694,-0.806232,-0.412,0.431,0.272,0.236,0.101
24512,817.278,0.98,1,-0.347394,0.325023,-0.87959,-0.386332,0.406428,-0.827988,-0.406,0.405,0.272,0.256,0.097
24513,817.311,0.98,1,-0.367735,0.334972,-0.867505,-0.400911,0.396856,-0.825697,-0.426,0.408,0.272,0.274,0.095
24640,821.546,0.98,1,-0.052623,0.493797,-0.867983,-0.305797,0.383163,-0.871593,-0.203,0.467,0.119,0.166,0.041
24641,821.579,0.98,1,-0.166126,0.435933,-0.884514,-0.390828,0.360334,-0.847002,-0.311,0.431,0.126,0.189,0.035
24642,821.613,0.98,1,-0.205124,0.512954,-0.833548,-0.322563,0.420412,-0.84806,-0.304,0.507,0.153,0.225,0.024
24643,821.646,0.98,1,-0.222737,0.486019,-0.845088,-0.301892,0.406031,-0.862554,-0.298,0.481,0.175,0.257,0.016
24644,821.679,0.98,1,-0.261215,0.455144,-0.851241,-0.361325,0.456229,-0.813203,-0.358,0.501,0.202,0.301,0.012
24645,821.713,0.98,1,-0.2754,0.44743,-0.85086,-0.360502,0.469779,-0.80582,-0.366,0.506,0.213,0.339,0.016
24646,821.746,0.98,1,-0.304039,0.420506,-0.85483,-0.410844,0.471163,-0.780521,-0.412,0.499,0.232,0.377,0.019
24647,821.779,0.98,1,-0.318602,0.415552,-0.851945,-0.433746,0.466556,-0.770838,-0.434,0.498,0.248,0.404,0.018
24648,821.813,0.98,1,-0.293621,0.404295,-0.866217,-0.441607,0.470262,-0.764092,-0.424,0.492,0.262,0.421,0.013
24649,821.846,0.98,1,-0.332434,0.409449,-0.849611,-0.452195,0.475089,-0.754858,-0.455,0.504,0.285,0.443,0.002
24650,821.88,0.98,1,-0.329262,0.427216,-0.842065,-0.450734,0.487715,-0.747645,-0.456,0.522,0.308,0.464,-0.01
24651,821.913,0.93,1,-0.408648,0.444557,-0.797105,-0.478646,0.511504,-0.713626,-0.531,0.564,0.337,0.483,-0.025
24652,821.946,0.98,1,-0.451869,0.448925,-0.770896,-0.502886,0.514555,-0.694507,-0.577,0.582,0.349,0.502,-0.034
24653,821.98,0.98,1,-0.456827,0.435917,-0.775426,-0.49387,0.519433,-0.697339,-0.573,0.575,0.355,0.522,-0.039
24654,822.013,0.93,1,-0.459668,0.41194,-0.786772,-0.508934,0.507681,-0.695159,-0.579,0.555,0.348,0.555,-0.037
24655,822.046,0.98,1,-0.47697,0.40031,-0.782465,-0.512548,0.500751,-0.697526,-0.589,0.547,0.344,0.57,-0.036
24656,822.08,0.93,1,-0.490724,0.385847,-0.781225,-0.516083,0.495912,-0.698376,-0.597,0.537,0.344,0.584,-0.036
24657,822.113,0.93,1,-0.489269,0.380688,-0.784661,-0.511667,0.491046,-0.705032,-0.592,0.529,0.348,0.592,-0.039
24658,822.146,0.93,1,-0.492702,0.404002,-0.770732,-0.512903,0.491722,-0.703662,-0.599,0.546,0.353,0.592,-0.043
24659,822.18,0.98,1,-0.475701,0.422553,-0.771464,-0.522902,0.489098,-0.698109,-0.597,0.555,0.352,0.6,-0.043
24660,822.213,0.98,1,-0.43091,0.442214,-0.786615,-0.48281,0.336808,-0.808366,-0.52,0.454,0.369,0.622,-0.041
24661,822.246,0.98,1,-0.417053,0.442495,-0.793892,-0.507276,0.392755,-0.767082,-0.535,0.491,0.376,0.631,-0.041
24662,822.28,0.98,1,-0.369749,0.463112,-0.805489,-0.546471,0.49127,-0.67825,-0.553,0.572,0.398,0.657,-0.049
24663,822.313,0.98,1,-0.367454,0.472576,-0.80103,-0.570591,0.524717,-0.631742,-0.58,0.608,0.413,0.663,-0.055
24664,822.346,0.98,1,-0.354521,0.456291,-0.816158,-0.581525,0.515903,-0.629025,-0.575,0.592,0.413,0.66,-0.058
24665,822.38,0.98,1,-0.353986,0.452393,-0.818557,-0.554878,0.539818,-0.633015,-0.559,0.6,0.42,0.653,-0.06
24666,822.413,0.98,1,-0.358523,0.469101,-0.807097,-0.551688,0.563188,-0.615191,-0.569,0.628,0.419,0.637,-0.06
24667,822.446,0.98,1,-0.346619,0.477479,-0.807384,-0.479836,0.59304,-0.646576,-0.517,0.635,0.424,0.62,-0.063
24668,822.48,0.98,1,-0.3482,0.491762,-0.798077,-0.437675,0.607105,-0.663222,-0.493,0.645,0.433,0.603,-0.065
24669,822.513,0.98,1,-0.355982,0.493018,-0.793858,-0.459571,0.589724,-0.664094,-0.51,0.639,0.435,0.597,-0.065
24670,822.546,0.98,1,-0.344838,0.483537,-0.804536,-0.474412,0.580912,-0.661419,-0.51,0.628,0.425,0.6,-0.064
24671,822.58,0.98,1,-0.342612,0.481644,-0.80662,-0.451889,0.582278,-0.675832,-0.492,0.622,0.422,0.59,-0.062
24672,822.613,0.98,1,-0.236466,0.504842,-0.830192,-0.504598,0.42816,-0.749707,-0.439,0.533,0.446,0.573,-0.089
24673,822.646,0.98,1,-0.211381,0.53358,-0.818908,-0.486145,0.449278,-0.749541,-0.418,0.56,0.462,0.558,-0.102
24674,822.68,0.98,1,-0.206137,0.538907,-0.816754,-0.450267,0.47182,-0.758054,-0.395,0.571,0.483,0.524,-0.117
24675,822.713,0.98,1,-0.201258,0.540291,-0.817056,-0.432903,0.475892,-0.765586,-0.381,0.571,0.494,0.496,-0.124
24676,822.746,0.98,1,-0.186567,0.535737,-0.823516,-0.423393,0.459529,-0.780751,-0.363,0.555,0.49,0.464,-0.12
24677,822.78,0.98,1,-0.150786,0.487946,-0.859751,-0.397669,0.441571,-0.804285,-0.318,0.509,0.468,0.427,-0.11
24678,822.813,0.98,1,-0.133092,0.510626,-0.84944,-0.388524,0.454978,-0.801277,-0.306,0.529,0.475,0.412,-0.109
24679,822.846,0.98,1,-0.125186,0.505918,-0.853449,-0.392433,0.452167,-0.800963,-0.303,0.525,0.468,0.388,-0.105
24680,822.88,0.98,1,-0.109008,0.503344,-0.857183,-0.393886,0.459912,-0.795823,-0.295,0.528,0.473,0.373,-0.106
24681,822.913,0.98,1,-0.09435,0.513432,-0.852928,-0.387036,0.465551,-0.795905,-0.284,0.536,0.479,0.361,-0.105
24682,822.946,0.98,1,-0.090503,0.516178,-0.851686,-0.363024,0.486091,-0.79494,-0.269,0.547,0.484,0.357,-0.104
24683,822.98,0.98,1,-0.098992,0.515017,-0.851445,-0.339658,0.499922,-0.796687,-0.26,0.552,0.486,0.359,-0.103
24684,823.013,0.98,1,-0.091235,0.533657,-0.840765,-0.348901,0.523386,-0.77739,-0.266,0.579,0.483,0.355,-0.099
24685,823.047,0.98,1,-0.086305,0.536925,-0.839204,-0.305625,0.472548,-0.826614,-0.231,0.545,0.495,0.367,-0.106
24686,823.08,0.98,1,-0.105593,0.524846,-0.844622,-0.313876,0.460901,-0.830092,-0.245,0.532,0.491,0.371,-0.106
24687,823.113,0.98,1,-0.100659,0.531021,-0.841358,-0.36233,0.491218,-0.7921,-0.276,0.559,0.479,0.364,-0.101
24688,823.147,0.98,1,-0.109478,0.5272,-0.84266,-0.367546,0.493102,-0.788518,-0.285,0.559,0.481,0.378,-0.107
24689,823.18,0.98,1,-0.122259,0.533337,-0.837021,-0.367989,0.491304,-0.789433,-0.293,0.562,0.481,0.378,-0.109
24690,823.213,0.98,1,-0.088243,0.527108,-0.845204,-0.384178,0.501588,-0.775124,-0.284,0.566,0.485,0.398,-0.118
24691,823.247,0.98,1,-0.130866,0.509937,-0.850199,-0.383495,0.644059,-0.661906,-0.328,0.652,0.479,0.4,-0.125
24692,823.28,0.98,1,-0.162734,0.517929,-0.839802,-0.368595,0.640596,-0.673628,-0.338,0.653,0.471,0.42,-0.139
24693,823.313,0.98,1,-0.139901,0.479739,-0.866186,-0.381694,0.618592,-0.686771,-0.324,0.616,0.447,0.429,-0.158
24694,823.347,0.98,1,-0.193789,0.464539,-0.864089,-0.366764,0.602279,-0.709045,-0.342,0.596,0.459,0.445,-0.197
24695,823.38,0.98,1,-0.182772,0.472475,-0.862184,-0.369602,0.618406,-0.693519,-0.341,0.612,0.48,0.479,-0.242
24696,823.413,0.98,1,-0.200884,0.466849,-0.861219,-0.42098,0.647555,-0.635176,-0.394,0.64,0.508,0.508,-0.288
24697,823.447,0.98,1,-0.219676,0.501085,-0.837052,-0.454637,0.65934,-0.598812,-0.439,0.68,0.548,0.571,-0.347
24698,823.48,0.98,1,-0.230658,0.482704,-0.844863,-0.542686,0.712648,-0.444549,-0.54,0.748,0.556,0.595,-0.381
24699,823.513,0.88,1,-0.352552,0.514012,-0.781984,-0.55958,0.659476,-0.501957,-0.618,0.74,0.57,0.601,-0.396
24700,823.547,0.88,1,-0.348201,0.50666,-0.788703,-0.389711,0.557711,-0.73286,-0.452,0.61,0.57,0.614,-0.416
24701,823.58,0.88,1,-0.320345,0.545915,-0.774181,-0.348517,0.612325,-0.709643,-0.423,0.663,0.583,0.614,-0.439
24702,823.613,0.77,1,-0.33861,0.547547,-0.765203,-0.33922,0.531199,-0.776375,-0.414,0.611,0.592,0.609,-0.463
24703,823.647,0.88,1,-0.32675,0.542364,-0.774,-0.303132,0.514948,-0.801835,-0.38,0.591,0.598,0.595,-0.474
24704,823.68,0.88,1,-0.299283,0.561234,-0.771651,-0.367607,0.525834,-0.767049,-0.409,0.615,0.623,0.607,-0.503
24705,823.713,0.88,1,-0.2955,0.547984,-0.782555,-0.356548,0.514153,-0.780077,-0.395,0.597,0.63,0.613,-0.523
24706,823.747,0.82,1,-0.313685,0.527613,-0.789447,-0.504738,0.612081,-0.608767,-0.53,0.684,0.64,0.616,-0.547
24707,823.78,0.82,1,-0.265261,0.494648,-0.827623,-0.412659,0.665109,-0.622369,-0.437,0.675,0.604,0.589,-0.542
24708,823.813,0.82,1,-0.243853,0.513006,-0.82302,-0.37526,0.700767,-0.606717,-0.409,0.704,0.65,0.615,-0.581
24709,823.847,0.82,1,-0.248483,0.5253,-0.813828,-0.330192,0.690627,-0.643434,-0.378,0.695,0.677,0.624,-0.6
24711,823.913,0.98,1,-0.286334,0.464909,-0.837779,-0.316585,0.650122,-0.690735,-0.376,0.63,0.689,0.639,-0.607
24712,823.947,0.98,1,-0.32381,0.472377,-0.819761,-0.342597,0.641599,-0.686279,-0.417,0.637,0.717,0.654,-0.623
24717,824.114,0.98,1,-0.375627,0.433559,-0.819104,-0.324188,0.503404,-0.800929,-0.408,0.524,0.703,0.705,-0.569
24718,824.147,0.98,1,-0.375242,0.436232,-0.81786,-0.315838,0.477611,-0.819838,-0.399,0.509,0.718,0.723,-0.587
24719,824.18,0.98,1,-0.398135,0.417359,-0.816885,-0.32085,0.487876,-0.811808,-0.416,0.507,0.708,0.729,-0.585
24720,824.214,0.98,1,-0.416652,0.399033,-0.816807,-0.355302,0.471067,-0.807376,-0.444,0.492,0.7,0.722,-0.579
24723,824.314,0.98,1,-0.408821,0.429955,-0.804987,-0.372948,0.510648,-0.774692,-0.46,0.537,0.675,0.725,-0.562
24727,824.447,0.98,1,-0.399915,0.449569,-0.798721,-0.381879,0.538252,-0.751301,-0.467,0.567,0.652,0.731,-0.552
24728,824.48,0.98,1,-0.435639,0.462617,-0.772142,-0.40062,0.542185,-0.738606,-0.506,0.587,0.675,0.738,-0.569
24730,824.547,0.98,1,-0.390349,0.401592,-0.828464,-0.286609,0.540609,-0.790947,-0.396,0.527,0.69,0.733,-0.585
24731,824.58,0.98,1,-0.401285,0.384685,-0.831257,-0.28516,0.550335,-0.784739,-0.402,0.525,0.694,0.723,-0.586
24732,824.614,0.98,1,-0.403784,0.385326,-0.829748,-0.429274,0.618372,-0.658285,-0.51,0.593,0.7,0.734,-0.589
24747,825.114,0.88,1,-0.391967,0.342267,-0.853941,-0.450706,0.371937,-0.811496,-0.468,0.405,0.642,0.918,-0.836
24751,825.247,0.88,1,-0.264491,0.219382,-0.939104,-0.31918,0.506804,-0.800796,-0.324,0.395,0.407,0.53,-0.328
24752,825.281,0.98,1,-0.201198,0.192527,-0.960444,-0.390305,0.526827,-0.755059,-0.332,0.397,0.429,0.509,-0.32
24753,825.314,0.88,1,-0.179637,0.140225,-0.973688,-0.514681,0.579989,-0.63144,-0.408,0.422,0.436,0.461,-0.306
24754,825.347,0.88,1,-0.125949,0.127136,-0.983856,-0.56741,0.542931,-0.619089,-0.408,0.396,0.435,0.416,-0.289
24801,826.914,0.98,1,0.222989,0.41604,-0.881582,0.022408,0.232836,-0.972258,0.132,0.337,0.125,-0.121,0.157
24802,826.948,0.98,1,0.23123,0.441594,-0.866907,-0.00499,0.306974,-0.951705,0.124,0.39,0.131,-0.114,0.154
24803,826.981,0.98,1,0.235206,0.453545,-0.859637,-0.028631,0.316405,-0.948192,0.114,0.403,0.131,-0.11,0.152
24804,827.014,0.98,1,0.224345,0.452788,-0.862932,-0.021872,0.334322,-0.942205,0.112,0.411,0.13,-0.11,0.15
24805,827.048,0.98,1,0.222676,0.461083,-0.858963,-0.017506,0.36207,-0.931987,0.114,0.431,0.131,-0.11,0.15
24806,827.081,0.98,1,0.198702,0.452234,-0.869484,-0.009323,0.341507,-0.939833,0.104,0.413,0.134,-0.115,0.151
24807,827.114,0.98,1,0.209184,0.457629,-0.864187,-0.005886,0.354017,-0.93522,0.113,0.424,0.145,-0.114,0.149
24808,827.148,0.98,1,0.205621,0.469914,-0.858429,-0.017135,0.366111,-0.930413,0.105,0.437,0.162,-0.115,0.146
24809,827.181,0.98,1,0.225619,0.477846,-0.848976,-0.05844,0.357894,-0.931932,0.094,0.439,0.179,-0.113,0.138
24810,827.214,0.98,1,0.195816,0.492984,-0.847716,-0.063481,0.447667,-0.891944,0.076,0.496,0.181,-0.122,0.134
24811,827.248,0.98,1,0.197982,0.503497,-0.841008,-0.094646,0.410224,-0.90706,0.059,0.482,0.189,-0.145,0.127
24812,827.281,0.98,1,0.212293,0.551261,-0.806872,-0.095036,0.425701,-0.899859,0.069,0.52,0.199,-0.14,0.118
24813,827.314,0.98,1,0.178235,0.521419,-0.834479,-0.035423,0.453134,-0.890738,0.083,0.514,0.208,-0.117,0.106
24814,827.348,0.98,1,0.203833,0.507667,-0.837094,-0.029541,0.450254,-0.892412,0.1,0.506,0.211,-0.106,0.099
24815,827.381,0.98,1,0.228114,0.488448,-0.842249,-0.039641,0.441577,-0.896347,0.108,0.491,0.214,-0.105,0.095
24816,827.414,0.98,1,0.240049,0.485512,-0.840627,-0.050601,0.428496,-0.902126,0.108,0.483,0.215,-0.106,0.091
24817,827.448,0.98,1,0.246997,0.48265,-0.840263,-0.042604,0.421967,-0.905609,0.117,0.478,0.217,-0.102,0.085
24818,827.481,0.98,1,0.245653,0.47235,-0.846487,-0.048694,0.425482,-0.903656,0.112,0.474,0.217,-0.1,0.078
24819,827.515,0.98,1,0.2429,0.467205,-0.850129,-0.0417,0.424797,-0.904328,0.114,0.47,0.218,-0.102,0.069
24820,827.548,0.98,1,0.237581,0.462227,-0.854343,-0.035461,0.418435,-0.907554,0.114,0.464,0.218,-0.098,0.053
24821,827.581,0.98,1,0.281712,0.465329,-0.839111,0.000879,0.412593,-0.910915,0.16,0.465,0.211,-0.091,0.035
24822,827.615,0.98,1,0.300397,0.466835,-0.831762,0.021785,0.404847,-0.914125,0.182,0.463,0.194,-0.091,0.023
24823,827.648,0.98,1,0.301527,0.46415,-0.832854,0.025138,0.396964,-0.91749,0.185,0.457,0.175,-0.102,0.016
24824,827.681,0.98,1,0.30328,0.471384,-0.828141,-0.018185,0.252809,-0.967345,0.157,0.383,0.166,-0.109,0.011
24825,827.715,0.98,1,0.265907,0.486899,-0.831999,-0.03014,0.211321,-0.976952,0.13,0.368,0.16,-0.109,0.011
24826,827.748,0.98,1,0.232681,0.496296,-0.836391,-0.03799,0.201992,-0.97865,0.107,0.367,0.154,-0.105,0.017
24827,827.781,0.98,1,0.206013,0.491088,-0.846399,-0.052831,0.195038,-0.979372,0.084,0.359,0.15,-0.091,0.024
24828,827.815,0.98,1,0.171469,0.488918,-0.855311,-0.070187,0.231898,-0.970205,0.055,0.376,0.155,-0.066,0.032
24829,827.848,0.98,1,0.146662,0.486616,-0.861217,-0.07613,0.289548,-0.954131,0.039,0.404,0.161,-0.052,0.043
24830,827.881,0.98,1,0.13863,0.487774,-0.861892,-0.088346,0.315932,-0.94466,0.028,0.419,0.174,-0.044,0.053
24831,827.915,0.98,1,0.138637,0.488647,-0.861397,-0.099274,0.359528,-0.927839,0.022,0.443,0.187,-0.043,0.06
24832,827.948,0.98,1,0.169676,0.484315,-0.858283,-0.093193,0.391905,-0.915274,0.043,0.459,0.19,-0.043,0.06
24833,827.981,0.98,1,0.162308,0.502082,-0.849452,-0.068732,0.40969,-0.909632,0.053,0.478,0.178,-0.047,0.07
24834,828.015,0.98,1,0.19397,0.499332,-0.844419,-0.085171,0.376766,-0.922385,0.062,0.46,0.149,-0.057,0.072
24839,828.181,0.98,1,0.154477,0.448724,-0.880218,-0.042326,0.317531,-0.947303,0.061,0.397,0.152,-0.105,0.135
24840,828.215,0.98,1,0.156437,0.485542,-0.860102,-0.030402,0.3262,-0.944812,0.07,0.423,0.153,-0.115,0.145
24841,828.248,0.98,1,0.159061,0.489158,-0.857569,-0.004202,0.322961,-0.946403,0.086,0.423,0.162,-0.158,0.15
24842,828.281,0.88,1,0.163698,0.504055,-0.848016,-0.034926,0.307868,-0.950788,0.071,0.424,0.151,-0.144,0.151
24843,828.315,0.98,1,0.158379,0.495003,-0.854335,-0.034662,0.310149,-0.950056,0.068,0.42,0.133,-0.143,0.142
24844,828.348,0.98,1,0.131643,0.514348,-0.847417,-0.0695,0.312567,-0.94735,0.035,0.432,0.138,-0.156,0.133
24845,828.381,0.98,1,0.134759,0.498449,-0.856381,-0.112414,0.298946,-0.947626,0.012,0.416,0.158,-0.151,0.124
24846,828.415,0.98,1,0.103675,0.478606,-0.871887,-0.093791,0.288585,-0.952849,0.005,0.398,0.159,-0.131,0.121
24847,828.448,0.98,1,0.086842,0.500877,-0.861151,-0.055342,0.322784,-0.944853,0.017,0.428,0.174,-0.135,0.112
24848,828.481,0.88,1,0.111332,0.477951,-0.871302,-0.020164,0.316072,-0.948521,0.05,0.411,0.162,-0.145,0.108
24849,828.515,0.88,1,0.132152,0.446262,-0.885091,0.002511,0.286907,-0.957955,0.073,0.379,0.128,-0.184,0.1
24850,828.548,0.93,1,0.097418,0.437821,-0.893769,-0.021029,0.290981,-0.956498,0.041,0.375,0.117,-0.095,0.097
24851,828.582,0.98,1,0.095216,0.441021,-0.892431,-0.022022,0.300947,-0.953387,0.04,0.382,0.134,-0.089,0.09
24852,828.615,0.98,1,0.100232,0.45346,-0.885623,-0.019379,0.313114,-0.949518,0.044,0.396,0.146,-0.085,0.088
24853,828.648,0.98,1,0.108998,0.470034,-0.875893,-0.026664,0.314049,-0.949032,0.045,0.406,0.144,-0.083,0.09
24854,828.682,0.98,1,0.098132,0.468099,-0.87821,-0.068432,0.295932,-0.952755,0.016,0.395,0.146,-0.065,0.093
24855,828.715,0.98,1,0.088223,0.4823,-0.871553,-0.131425,0.393201,-0.910011,-0.024,0.457,0.15,-0.049,0.094
24856,828.748,0.98,1,0.07741,0.478146,-0.874863,-0.15561,0.396929,-0.904562,-0.044,0.457,0.159,-0.028,0.09
24857,828.782,0.98,1,-0.025585,0.485265,-0.873993,-0.185323,0.428909,-0.884134,-0.119,0.479,0.113,-0.006,0.104
24858,828.815,0.98,1,-0.054789,0.506267,-0.860635,-0.137209,0.385431,-0.912478,-0.108,0.466,0.113,-0.005,0.097
24859,828.848,0.98,1,-0.09837,0.491479,-0.865316,-0.260511,0.433849,-0.862502,-0.205,0.492,0.127,0.056,0.094
24860,828.882,0.98,1,-0.110669,0.474617,-0.873207,-0.364999,0.430228,-0.825639,-0.273,0.489,0.134,0.142,0.091
24861,828.915,0.98,1,-0.142434,0.472557,-0.869714,-0.3716,0.4556,-0.808914,-0.297,0.505,0.134,0.237,0.093
24862,828.948,0.98,1,-0.138548,0.437144,-0.888656,-0.377689,0.446989,-0.810896,-0.295,0.48,0.137,0.283,0.101
24863,828.982,0.98,1,-0.144268,0.440108,-0.88628,-0.371463,0.444805,-0.814962,-0.294,0.48,0.143,0.297,0.104
24864,829.015,0.98,1,-0.189275,0.453082,-0.871144,-0.389085,0.450248,-0.803673,-0.333,0.495,0.15,0.309,0.103
24865,829.048,0.98,1,-0.266516,0.390107,-0.881355,-0.421349,0.428779,-0.799133,-0.389,0.453,0.152,0.324,0.096
24866,829.082,0.98,1,-0.274588,0.332415,-0.902276,-0.471523,0.410727,-0.780365,-0.417,0.416,0.153,0.354,0.08
24868,829.148,0.98,1,-0.322255,0.2349,-0.917046,-0.540525,0.41516,-0.731762,-0.482,0.376,0.144,0.465,0.067
24885,829.715,0.98,1,-0.417123,0.331232,-0.846342,-0.56599,0.347783,-0.747464,-0.553,0.403,0.187,0.538,0.022
24887,829.782,0.98,1,-0.427928,0.336779,-0.838723,-0.554562,0.367799,-0.746448,-0.555,0.418,0.196,0.53,0.027
24888,829.815,0.98,1,-0.446727,0.307819,-0.840049,-0.546853,0.389375,-0.741174,-0.561,0.415,0.203,0.527,0.026
24889,829.849,0.98,1,-0.462413,0.283872,-0.839994,-0.546279,0.404541,-0.733434,-0.57,0.412,0.209,0.525,0.027
24890,829.882,0.98,1,-0.482483,0.232758,-0.844413,-0.543212,0.40563,-0.735109,-0.576,0.384,0.21,0.519,0.028
24891,829.915,0.98,1,-0.468236,0.211099,-0.858016,-0.54021,0.404802,-0.737772,-0.564,0.368,0.207,0.517,0.031
24892,829.949,0.98,1,-0.407591,0.248013,-0.87884,-0.545415,0.43042,-0.719208,-0.538,0.401,0.208,0.514,0.035
24893,829.982,0.98,1,-0.40299,0.240629,-0.883004,-0.545415,0.430094,-0.719404,-0.534,0.396,0.208,0.516,0.04
24894,830.015,0.98,1,-0.415282,0.247618,-0.875343,-0.559632,0.429806,-0.708575,-0.552,0.404,0.215,0.521,0.039
24895,830.049,0.98,1,-0.418999,0.246579,-0.873864,-0.557425,0.443603,-0.701779,-0.555,0.413,0.232,0.537,0.035
24896,830.082,0.98,1,-0.455911,0.248468,-0.854639,-0.56044,0.446158,-0.697746,-0.58,0.421,0.246,0.558,0.037
24897,830.115,0.98,1,-0.492766,0.266295,-0.828413,-0.560785,0.444529,-0.698509,-0.604,0.436,0.265,0.577,0.042
24898,830.149,0.98,1,-0.500449,0.272661,-0.82171,-0.580706,0.42773,-0.692696,-0.62,0.433,0.282,0.605,0.049
24899,830.182,0.98,1,-0.492646,0.264223,-0.829148,-0.577627,0.422274,-0.698593,-0.611,0.422,0.283,0.614,0.064
24900,830.215,0.98,1,-0.497981,0.261003,-0.826978,-0.570249,0.410686,-0.711444,-0.607,0.412,0.28,0.625,0.077
24902,830.282,0.98,1,-0.484276,0.264306,-0.834038,-0.570763,0.397624,-0.718418,-0.597,0.403,0.281,0.621,0.091
24903,830.315,0.98,1,-0.466527,0.274025,-0.840989,-0.578688,0.397113,-0.712335,-0.592,0.408,0.279,0.615,0.097
24904,830.349,0.98,1,-0.479791,0.298814,-0.824931,-0.587558,0.398969,-0.703988,-0.609,0.428,0.282,0.614,0.102
24905,830.382,0.98,1,-0.478657,0.31087,-0.821126,-0.594178,0.399267,-0.698239,-0.615,0.437,0.287,0.616,0.1
24906,830.415,0.98,1,-0.482191,0.311222,-0.818922,-0.601557,0.39617,-0.69367,-0.622,0.437,0.294,0.614,0.098
24907,830.449,0.98,1,-0.454595,0.317506,-0.832186,-0.607698,0.397889,-0.687305,-0.61,0.44,0.293,0.606,0.096
24908,830.482,0.98,1,-0.453066,0.308066,-0.836557,-0.611316,0.405992,-0.679311,-0.612,0.44,0.297,0.605,0.096
24909,830.515,0.98,1,-0.441272,0.300943,-0.845406,-0.587275,0.386477,-0.711157,-0.584,0.416,0.291,0.595,0.104
24910,830.549,0.93,1,-0.447773,0.300493,-0.842142,-0.577312,0.385994,-0.719527,-0.581,0.414,0.293,0.592,0.105
24911,830.582,0.93,1,-0.452649,0.305758,-0.837628,-0.588849,0.401186,-0.701646,-0.595,0.431,0.293,0.587,0.101
24912,830.615,0.98,1,-0.437579,0.301407,-0.847159,-0.574501,0.397532,-0.715483,-0.575,0.421,0.291,0.558,0.1
24913,830.649,0.98,1,-0.400312,0.347446,-0.847958,-0.573635,0.378786,-0.726267,-0.554,0.432,0.279,0.52,0.101
24914,830.682,0.98,1,-0.404502,0.347944,-0.845762,-0.55303,0.374393,-0.744303,-0.542,0.426,0.264,0.488,0.1
24915,830.715,0.98,1,-0.36991,0.410052,-0.833681,-0.522401,0.398845,-0.753671,-0.512,0.471,0.267,0.474,0.093
24916,830.749,0.98,1,-0.465073,0.282014,-0.839152,-0.512381,0.426197,-0.745535,-0.553,0.42,0.269,0.472,0.086
24917,830.782,0.98,1,-0.419776,0.285588,-0.861526,-0.489484,0.441415,-0.752036,-0.513,0.423,0.276,0.466,0.082
24918,830.816,0.98,1,-0.411506,0.281343,-0.866896,-0.48555,0.423478,-0.764793,-0.503,0.408,0.277,0.448,0.08
24919,830.849,0.98,1,-0.409786,0.289891,-0.864892,-0.470614,0.402696,-0.785085,-0.49,0.397,0.278,0.433,0.08
24923,830.982,0.98,1,-0.403945,0.296657,-0.865346,-0.45891,0.400073,-0.793311,-0.48,0.398,0.267,0.403,0.08
24925,831.049,0.98,1,-0.396613,0.321782,-0.859741,-0.458991,0.388811,-0.798845,-0.476,0.405,0.267,0.401,0.081
24926,831.082,0.98,1,-0.398662,0.32636,-0.857063,-0.45964,0.396431,-0.794716,-0.479,0.412,0.266,0.403,0.083
24927,831.116,0.98,1,-0.403353,0.317201,-0.858306,-0.458405,0.400337,-0.79347,-0.481,0.41,0.267,0.407,0.081
24928,831.149,0.98,1,-0.362633,0.361463,-0.858977,-0.465342,0.406518,-0.786257,-0.466,0.437,0.271,0.41,0.081
24929,831.182,0.98,1,-0.322678,0.403597,-0.856147,-0.463767,0.408227,-0.786302,-0.447,0.459,0.275,0.407,0.081
24930,831.216,0.98,1,-0.412006,0.316292,-0.854523,-0.475545,0.393082,-0.786984,-0.496,0.408,0.276,0.405,0.08
24931,831.249,0.98,1,-0.427224,0.301857,-0.852269,-0.439002,0.487979,-0.754423,-0.494,0.457,0.282,0.399,0.081
24932,831.282,0.98,1,-0.425057,0.295151,-0.855694,-0.446899,0.489221,-0.748962,-0.498,0.455,0.279,0.398,0.084
24933,831.316,0.98,1,-0.418632,0.290881,-0.860311,-0.442229,0.49193,-0.749959,-0.491,0.452,0.278,0.4,0.086
24934,831.349,0.98,1,-0.426926,0.287808,-0.857263,-0.476191,0.416744,-0.774317,-0.506,0.408,0.275,0.407,0.087
24935,831.382,0.98,1,-0.421972,0.280371,-0.862167,-0.469739,0.40112,-0.786415,-0.496,0.392,0.275,0.41,0.087
24936,831.416,0.98,1,-0.427067,0.281249,-0.859368,-0.470626,0.401893,-0.785489,-0.5,0.394,0.273,0.412,0.087
24940,831.549,0.98,1,-0.413158,0.30977,-0.856354,-0.471876,0.397762,-0.786841,-0.494,0.407,0.267,0.417,0.091
24941,831.582,0.98,1,-0.409638,0.321876,-0.853576,-0.470881,0.400347,-0.786125,-0.493,0.415,0.262,0.412,0.094
24942,831.616,0.98,1,-0.414478,0.31011,-0.855593,-0.471881,0.400679,-0.785356,-0.495,0.409,0.257,0.41,0.095
24943,831.649,0.98,1,-0.355786,0.35484,-0.864583,-0.473439,0.390695,-0.789438,-0.465,0.423,0.252,0.404,0.1
24949,831.849,0.98,1,-0.309208,0.281393,-0.90841,-0.391378,0.447703,-0.803981,-0.388,0.403,0.243,0.359,0.104
24950,831.882,0.98,1,-0.28131,0.33213,-0.900308,-0.363628,0.458294,-0.811013,-0.36,0.433,0.244,0.329,0.106
24951,831.916,0.98,1,-0.23102,0.409431,-0.882607,-0.359969,0.44987,-0.817337,-0.335,0.468,0.243,0.297,0.094
24952,831.949,0.98,1,-0.158544,0.446248,-0.880753,-0.367905,0.441506,-0.818363,-0.3,0.481,0.242,0.282,0.086
24953,831.983,0.98,1,-0.15227,0.443659,-0.883165,-0.373649,0.426824,-0.823534,-0.299,0.472,0.238,0.271,0.084
24954,832.016,0.98,1,-0.141573,0.431287,-0.891038,-0.371638,0.406061,-0.834865,-0.289,0.452,0.238,0.264,0.084
24955,832.049,0.98,1,-0.12085,0.462284,-0.878458,-0.364362,0.404304,-0.838916,-0.275,0.467,0.242,0.258,0.083
24956,832.083,0.98,1,-0.118669,0.45559,-0.882245,-0.367502,0.400301,-0.839465,-0.275,0.461,0.241,0.254,0.083
24957,832.116,0.98,1,-0.110507,0.457367,-0.882385,-0.362535,0.397054,-0.843159,-0.268,0.46,0.24,0.252,0.083
24958,832.149,0.98,1,-0.108953,0.445015,-0.888871,-0.360567,0.397441,-0.84382,-0.265,0.453,0.237,0.252,0.082
24959,832.183,0.98,1,-0.108948,0.451436,-0.885628,-0.354307,0.391706,-0.849137,-0.261,0.452,0.232,0.253,0.082
24960,832.216,0.98,1,-0.100192,0.445637,-0.88959,-0.357627,0.379378,-0.853332,-0.257,0.442,0.225,0.253,0.083
24961,832.249,0.98,1,-0.103477,0.443864,-0.8901,-0.365237,0.390826,-0.844901,-0.264,0.448,0.223,0.256,0.083
24962,832.283,0.98,1,-0.10496,0.435017,-0.894284,-0.365695,0.384642,-0.847536,-0.264,0.44,0.218,0.257,0.084
24963,832.316,0.98,1,-0.118388,0.444549,-0.887897,-0.353947,0.38726,-0.851323,-0.265,0.446,0.219,0.258,0.086
24964,832.349,0.98,1,-0.120485,0.441733,-0.889019,-0.360538,0.389605,-0.847479,-0.27,0.446,0.216,0.261,0.089
24965,832.383,0.98,1,-0.122904,0.443001,-0.888057,-0.363273,0.391671,-0.845356,-0.273,0.449,0.212,0.261,0.092
24966,832.416,0.98,1,-0.115543,0.43973,-0.890667,-0.36608,0.398033,-0.841163,-0.271,0.451,0.206,0.263,0.095
24967,832.449,0.98,1,-0.112689,0.437593,-0.892084,-0.366364,0.387765,-0.845822,-0.269,0.443,0.201,0.262,0.097
24968,832.483,0.98,1,-0.108514,0.433163,-0.894759,-0.362445,0.38905,-0.84692,-0.264,0.441,0.192,0.262,0.098
24969,832.516,0.98,1,-0.12306,0.432613,-0.893142,-0.372816,0.385773,-0.843912,-0.278,0.44,0.185,0.264,0.098
24987,833.116,0.98,1,-0.14122,0.376469,-0.915603,-0.369929,0.374743,-0.85013,-0.282,0.402,0.176,0.28,0.089
24988,833.15,0.98,1,-0.108589,0.426086,-0.898142,-0.376587,0.379399,-0.845127,-0.271,0.433,0.189,0.282,0.084
24989,833.183,0.98,1,-0.136213,0.383517,-0.913433,-0.373593,0.366501,-0.852118,-0.281,0.402,0.186,0.284,0.084
24990,833.216,0.98,1,-0.130967,0.407811,-0.903625,-0.385201,0.371897,-0.844578,-0.287,0.42,0.19,0.283,0.083
24991,833.25,0.98,1,-0.102511,0.424592,-0.899563,-0.377652,0.364613,-0.851138,-0.268,0.424,0.194,0.28,0.082
24992,833.283,0.98,1,-0.106793,0.426808,-0.898014,-0.375637,0.372631,-0.848554,-0.269,0.429,0.196,0.28,0.08
24993,833.316,0.98,1,-0.113521,0.430229,-0.895553,-0.367655,0.367442,-0.854292,-0.268,0.428,0.198,0.281,0.078
24994,833.35,0.98,1,-0.126434,0.402178,-0.90679,-0.376261,0.363178,-0.852367,-0.278,0.41,0.194,0.281,0.078
24996,833.416,0.98,1,-0.119295,0.417504,-0.90081,-0.379702,0.365708,-0.849756,-0.278,0.421,0.192,0.28,0.079
24997,833.45,0.98,1,-0.119938,0.413811,-0.902428,-0.380685,0.371017,-0.84701,-0.279,0.422,0.193,0.28,0.079
24998,833.483,0.98,1,-0.119357,0.412635,-0.903043,-0.377889,0.362736,-0.851835,-0.276,0.416,0.189,0.279,0.079
24999,833.516,0.98,1,-0.11886,0.415652,-0.901724,-0.381869,0.364192,-0.849435,-0.279,0.419,0.188,0.281,0.08
25000,833.55,0.98,1,-0.131318,0.402031,-0.90616,-0.371036,0.361444,-0.855389,-0.278,0.409,0.188,0.284,0.08
25037,834.783,0.98,1,-0.137494,0.393021,-0.909192,-0.368688,0.370528,-0.852513,-0.28,0.409,0.184,0.281,0.085
25038,834.817,0.98,1,-0.132876,0.425307,-0.895242,-0.377304,0.384776,-0.842371,-0.286,0.436,0.191,0.289,0.085
25039,834.85,0.98,1,-0.125538,0.433694,-0.892272,-0.406637,0.407418,-0.817714,-0.302,0.457,0.19,0.294,0.087
25040,834.883,0.98,1,-0.129526,0.432122,-0.892465,-0.413952,0.406285,-0.814602,-0.308,0.457,0.189,0.298,0.091
25041,834.917,0.98,1,-0.126175,0.424885,-0.896411,-0.407175,0.408831,-0.816741,-0.302,0.453,0.189,0.3,0.094
25042,834.95,0.98,1,-0.135432,0.425822,-0.894614,-0.410992,0.401093,-0.818663,-0.309,0.45,0.192,0.302,0.096
25043,834.983,0.98,1,-0.137505,0.42863,-0.892955,-0.42443,0.401547,-0.811554,-0.318,0.453,0.194,0.305,0.098
25044,835.017,0.98,1,-0.142286,0.435559,-0.888844,-0.421669,0.407002,-0.810275,-0.32,0.46,0.199,0.308,0.1
25045,835.05,0.98,1,-0.137122,0.45227,-0.881277,-0.43286,0.404299,-0.805713,-0.326,0.47,0.201,0.311,0.1
25046,835.083,0.98,1,-0.140415,0.454428,-0.879647,-0.421858,0.408331,-0.809507,-0.321,0.472,0.206,0.315,0.099
25047,835.117,0.98,1,-0.135814,0.447906,-0.883705,-0.405638,0.411722,-0.816053,-0.308,0.468,0.211,0.318,0.099
25048,835.15,0.98,1,-0.196535,0.466155,-0.862597,-0.439657,0.421324,-0.793214,-0.367,0.492,0.21,0.319,0.1
25049,835.183,0.98,1,-0.283179,0.456201,-0.843617,-0.470923,0.471279,-0.74574,-0.443,0.528,0.213,0.333,0.099
25050,835.217,0.98,1,-0.354136,0.43953,-0.82547,-0.508568,0.477311,-0.716612,-0.51,0.536,0.217,0.368,0.102
25051,835.25,0.98,1,-0.362972,0.418149,-0.832708,-0.529371,0.454912,-0.716116,-0.523,0.513,0.203,0.401,0.121
25052,835.284,0.98,1,-0.381333,0.420248,-0.823393,-0.509499,0.454463,-0.730667,-0.521,0.513,0.206,0.44,0.134
25053,835.317,0.98,1,-0.306896,0.405387,-0.86109,-0.524162,0.43534,-0.731938,-0.481,0.486,0.202,0.466,0.142
25054,835.35,0.98,1,-0.358391,0.346506,-0.866885,-0.549681,0.414488,-0.725293,-0.518,0.446,0.196,0.492,0.147
25057,835.45,0.98,1,-0.469608,0.279941,-0.837318,-0.52247,0.442405,-0.728905,-0.565,0.432,0.206,0.512,0.148
25061,835.584,0.98,1,-0.456016,0.322767,-0.82938,-0.498254,0.36385,-0.786992,-0.533,0.402,0.206,0.478,0.141
25063,835.65,0.98,1,-0.434316,0.357666,-0.826707,-0.501602,0.36455,-0.784538,-0.526,0.421,0.207,0.469,0.136
25064,835.684,0.98,1,-0.342463,0.401654,-0.849349,-0.492867,0.391253,-0.777177,-0.474,0.454,0.211,0.464,0.133
25065,835.717,0.98,1,-0.332688,0.405628,-0.851343,-0.498422,0.372943,-0.782617,-0.471,0.445,0.214,0.458,0.128
25066,835.75,0.98,1,-0.323604,0.408441,-0.853497,-0.497037,0.447007,-0.743733,-0.475,0.492,0.224,0.455,0.121
25067,835.784,0.98,1,-0.321265,0.40755,-0.854805,-0.486174,0.453107,-0.747214,-0.467,0.493,0.224,0.449,0.117
25068,835.817,0.98,1,-0.313,0.413037,-0.855238,-0.488745,0.449231,-0.747877,-0.464,0.493,0.226,0.448,0.116
25069,835.85,0.98,1,-0.298329,0.420838,-0.856677,-0.487664,0.45467,-0.745291,-0.456,0.5,0.228,0.441,0.114
25070,835.884,0.98,1,-0.292835,0.426807,-0.855619,-0.491311,0.458643,-0.740446,-0.457,0.506,0.229,0.434,0.113
25071,835.917,0.98,1,-0.282114,0.426002,-0.859613,-0.468897,0.454116,-0.757571,-0.435,0.498,0.233,0.424,0.111
25072,835.95,0.98,1,-0.381321,0.388313,-0.838933,-0.452334,0.467816,-0.759303,-0.481,0.492,0.242,0.411,0.105
25073,835.984,0.98,1,-0.285634,0.423261,-0.859804,-0.444072,0.465881,-0.765346,-0.422,0.501,0.248,0.399,0.1
25074,836.017,0.98,1,-0.245864,0.432771,-0.867329,-0.445068,0.383269,-0.809333,-0.391,0.453,0.248,0.382,0.098
25075,836.05,0.98,1,-0.229471,0.444802,-0.865733,-0.44171,0.393389,-0.806311,-0.382,0.465,0.258,0.372,0.09
25076,836.084,0.98,1,-0.227114,0.457284,-0.859832,-0.438525,0.417731,-0.795737,-0.382,0.486,0.27,0.368,0.085
25077,836.117,0.98,1,-0.23122,0.453215,-0.860891,-0.434458,0.461788,-0.773303,-0.387,0.51,0.275,0.368,0.081
25078,836.15,0.98,1,-0.22218,0.454684,-0.862495,-0.431205,0.44137,-0.786927,-0.377,0.498,0.277,0.368,0.082
25079,836.184,0.98,1,-0.228514,0.459904,-0.858062,-0.425809,0.454356,-0.782462,-0.38,0.508,0.282,0.365,0.082
25080,836.217,0.98,1,-0.227754,0.471387,-0.852011,-0.428021,0.466778,-0.773897,-0.383,0.523,0.285,0.368,0.082
25081,836.25,0.98,1,-0.221956,0.47134,-0.853566,-0.437898,0.414607,-0.797713,-0.38,0.492,0.286,0.369,0.082
25082,836.284,0.98,1,-0.224761,0.471169,-0.852925,-0.439724,0.43312,-0.786797,-0.385,0.504,0.285,0.366,0.083
25083,836.317,0.98,1,-0.22757,0.463759,-0.856236,-0.444819,0.428538,-0.786442,-0.389,0.498,0.286,0.365,0.084
25084,836.351,0.98,1,-0.230007,0.462912,-0.856043,-0.446952,0.448446,-0.774035,-0.394,0.51,0.29,0.365,0.083
25085,836.384,0.98,1,-0.229771,0.467483,-0.853619,-0.450964,0.407269,-0.794206,-0.392,0.488,0.293,0.364,0.085
25086,836.417,0.98,1,-0.228459,0.465065,-0.85529,-0.446074,0.404984,-0.798126,-0.387,0.484,0.297,0.362,0.086
25087,836.451,0.98,1,-0.229148,0.44998,-0.863139,-0.454205,0.411172,-0.790339,-0.392,0.48,0.308,0.365,0.085
25088,836.484,0.98,1,-0.229325,0.428502,-0.873954,-0.440351,0.396019,-0.805767,-0.379,0.456,0.314,0.366,0.084
25089,836.517,0.98,1,-0.231926,0.433031,-0.871031,-0.440675,0.416902,-0.794983,-0.384,0.472,0.318,0.369,0.083
25090,836.551,0.98,1,-0.237842,0.431193,-0.870347,-0.438651,0.415831,-0.796662,-0.386,0.47,0.316,0.369,0.085
25091,836.584,0.98,1,-0.236612,0.433837,-0.869368,-0.442983,0.420679,-0.791704,-0.388,0.475,0.321,0.373,0.084
25092,836.617,0.98,1,-0.243955,0.422447,-0.87294,-0.435568,0.408702,-0.802024,-0.385,0.461,0.317,0.368,0.087
25093,836.651,0.98,1,-0.250167,0.420486,-0.872129,-0.452991,0.387221,-0.803031,-0.397,0.449,0.32,0.369,0.088
25094,836.684,0.98,1,-0.249884,0.414737,-0.874958,-0.45001,0.37291,-0.811437,-0.393,0.437,0.315,0.364,0.09
25095,836.717,0.98,1,-0.250443,0.406895,-0.878473,-0.440699,0.370432,-0.817658,-0.387,0.43,0.312,0.363,0.092
25096,836.751,0.98,1,-0.252401,0.404452,-0.879041,-0.447029,0.362868,-0.817614,-0.391,0.425,0.308,0.361,0.093
25097,836.784,0.98,1,-0.252313,0.400713,-0.880777,-0.441237,0.360016,-0.822009,-0.387,0.42,0.306,0.358,0.094
25098,836.817,0.98,1,-0.256251,0.397088,-0.881281,-0.443362,0.359578,-0.821057,-0.39,0.418,0.302,0.354,0.096
25099,836.851,0.98,1,-0.25345,0.393699,-0.883609,-0.437891,0.354104,-0.826355,-0.384,0.412,0.297,0.351,0.098
25106,837.084,0.98,1,-0.157694,0.402146,-0.901893,-0.363622,0.346147,-0.864847,-0.287,0.401,0.265,0.283,0.097
25107,837.117,0.98,1,-0.141003,0.406735,-0.902599,-0.355572,0.365316,-0.860298,-0.275,0.413,0.264,0.267,0.098
25108,837.151,0.98,1,-0.143788,0.402603,-0.904011,-0.346648,0.359581,-0.866335,-0.27,0.407,0.265,0.255,0.099
25109,837.184,0.98,1,-0.145218,0.403007,-0.903602,-0.341721,0.368604,-0.864499,-0.269,0.411,0.265,0.246,0.102
25110,837.217,0.98,1,-0.129895,0.40466,-0.905195,-0.338341,0.36439,-0.867609,-0.258,0.409,0.262,0.241,0.105
25111,837.251,0.98,1,-0.141009,0.399444,-0.905848,-0.329997,0.355487,-0.874489,-0.259,0.401,0.261,0.239,0.11
25112,837.284,0.98,1,-0.13786,0.403069,-0.904726,-0.338661,0.350271,-0.873281,-0.262,0.401,0.26,0.24,0.113
25113,837.317,0.98,1,-0.145073,0.400656,-0.90467,-0.340908,0.352454,-0.871526,-0.267,0.401,0.26,0.241,0.116
25114,837.351,0.98,1,-0.145977,0.397605,-0.90587,-0.338133,0.35857,-0.870112,-0.266,0.403,0.26,0.242,0.121
25116,837.417,0.98,1,-0.142546,0.408316,-0.901642,-0.332737,0.374438,-0.865496,-0.263,0.417,0.26,0.241,0.129
25117,837.451,0.98,1,-0.11877,0.453563,-0.883275,-0.334299,0.392904,-0.856663,-0.255,0.453,0.261,0.242,0.132
25118,837.484,0.98,1,-0.11291,0.487472,-0.865808,-0.345819,0.390006,-0.853408,-0.261,0.472,0.265,0.243,0.135
25119,837.518,0.98,1,-0.114804,0.460932,-0.879978,-0.35358,0.383538,-0.853159,-0.264,0.453,0.267,0.244,0.139
25120,837.551,0.98,1,-0.11413,0.46306,-0.878948,-0.362261,0.392772,-0.845279,-0.27,0.461,0.27,0.246,0.14
25121,837.584,0.98,1,-0.112584,0.463528,-0.878901,-0.366835,0.396037,-0.841776,-0.272,0.463,0.273,0.249,0.141
25122,837.618,0.98,1,-0.116912,0.470325,-0.874715,-0.369753,0.404505,-0.836455,-0.277,0.473,0.276,0.252,0.141
25123,837.651,0.98,1,-0.108402,0.476265,-0.872594,-0.386269,0.403393,-0.8295,-0.283,0.477,0.276,0.251,0.14
25124,837.684,0.98,1,-0.125627,0.547166,-0.827543,-0.400052,0.464143,-0.790272,-0.314,0.559,0.274,0.249,0.137
25125,837.718,0.98,1,-0.139291,0.542358,-0.82852,-0.386719,0.459594,-0.799513,-0.313,0.552,0.275,0.25,0.133
25126,837.751,0.98,1,-0.128461,0.552216,-0.823745,-0.387435,0.469838,-0.793188,-0.309,0.564,0.276,0.25,0.129
25127,837.784,0.98,1,-0.13212,0.553051,-0.822605,-0.389933,0.455145,-0.800497,-0.311,0.556,0.277,0.251,0.126
25128,837.818,0.98,1,-0.111189,0.506222,-0.855205,-0.39269,0.445762,-0.80442,-0.295,0.521,0.282,0.249,0.123
25129,837.851,0.98,1,-0.115048,0.561247,-0.819613,-0.388367,0.455445,-0.801087,-0.301,0.56,0.284,0.251,0.122
25130,837.884,0.98,1,-0.106693,0.504225,-0.856956,-0.412862,0.448255,-0.792851,-0.305,0.524,0.284,0.25,0.121
25131,837.918,0.98,1,-0.12182,0.556606,-0.821796,-0.394789,0.45339,-0.799111,-0.309,0.557,0.283,0.251,0.119
25132,837.951,0.98,1,-0.118446,0.56005,-0.819948,-0.397533,0.465888,-0.790516,-0.31,0.567,0.284,0.252,0.118
25133,837.984,0.98,1,-0.123139,0.545035,-0.829321,-0.394611,0.46528,-0.792337,-0.309,0.557,0.299,0.252,0.114
25134,838.018,0.93,1,-0.144882,0.548019,-0.823823,-0.376168,0.48258,-0.790958,-0.312,0.568,0.299,0.259,0.119
25135,838.051,0.93,1,-0.149989,0.537722,-0.829674,-0.395125,0.453611,-0.79882,-0.323,0.547,0.279,0.244,0.124
25136,838.084,0.98,1,-0.18392,0.547007,-0.816674,-0.406156,0.489462,-0.771663,-0.356,0.578,0.302,0.238,0.12
25137,838.118,0.98,1,-0.199939,0.604518,-0.771092,-0.369431,0.464681,-0.804731,-0.347,0.596,0.347,0.289,0.104
25138,838.151,0.98,1,-0.119503,0.550738,-0.826079,-0.442366,0.445645,-0.778276,-0.337,0.556,0.305,0.293,0.114
25139,838.184,0.98,1,-0.16739,0.572018,-0.80298,-0.33053,0.431398,-0.839432,-0.294,0.548,0.287,0.324,0.112
25140,838.218,0.98,1,-0.232011,0.551079,-0.80155,-0.438737,0.470883,-0.765362,-0.404,0.578,0.265,0.354,0.112
25141,838.251,0.98,1,-0.278145,0.47109,-0.837084,-0.48538,0.436176,-0.757731,-0.447,0.517,0.257,0.38,0.115
25142,838.284,0.98,1,-0.266897,0.413339,-0.870584,-0.474251,0.404993,-0.781707,-0.422,0.46,0.247,0.388,0.124
25143,838.318,0.98,1,-0.272153,0.407461,-0.871727,-0.481618,0.367802,-0.795466,-0.425,0.435,0.253,0.394,0.121
25144,838.351,0.98,1,-0.278036,0.395543,-0.875352,-0.482417,0.37476,-0.791725,-0.428,0.433,0.257,0.389,0.117
25145,838.384,0.98,1,-0.277065,0.393819,-0.876437,-0.477212,0.35679,-0.8031,-0.422,0.42,0.257,0.384,0.112
25146,838.418,0.98,1,-0.27848,0.400443,-0.87298,-0.479309,0.348965,-0.805286,-0.424,0.42,0.261,0.375,0.104
25147,838.451,0.98,1,-0.284181,0.395722,-0.873296,-0.478615,0.351343,-0.804665,-0.427,0.419,0.263,0.369,0.097
25148,838.484,0.98,1,-0.288314,0.395174,-0.872188,-0.478842,0.351982,-0.80425,-0.429,0.419,0.266,0.367,0.089
25149,838.518,0.98,1,-0.293562,0.402513,-0.867067,-0.469426,0.354316,-0.808764,-0.427,0.424,0.272,0.365,0.079
25150,838.551,0.98,1,-0.287063,0.416377,-0.862685,-0.469579,0.376595,-0.798544,-0.427,0.445,0.274,0.365,0.068
25151,838.585,0.98,1,-0.284657,0.40771,-0.867607,-0.46943,0.378648,-0.79766,-0.425,0.441,0.273,0.368,0.06
25152,838.618,0.98,1,-0.294395,0.39912,-0.868352,-0.463684,0.403464,-0.788805,-0.429,0.451,0.275,0.377,0.049
25153,838.651,0.98,1,-0.353039,0.283967,-0.891474,-0.468038,0.443335,-0.764457,-0.46,0.414,0.277,0.382,0.039
25154,838.685,0.98,1,-0.391766,0.303994,-0.868394,-0.493153,0.457417,-0.73998,-0.503,0.442,0.274,0.388,0.032
25155,838.718,0.98,1,-0.384301,0.235243,-0.892734,-0.503014,0.450534,-0.737561,-0.498,0.398,0.269,0.396,0.03
25156,838.751,0.98,1,-0.397045,0.210304,-0.89338,-0.521164,0.441569,-0.730346,-0.515,0.382,0.259,0.411,0.027
25157,838.785,0.98,1,-0.404532,0.207698,-0.890626,-0.516454,0.432792,-0.738896,-0.514,0.375,0.254,0.42,0.021
25170,839.218,0.98,1,-0.33348,0.37887,-0.863278,-0.476475,0.345473,-0.808468,-0.451,0.409,0.179,0.428,0.071
25171,839.251,0.98,1,-0.337765,0.389495,-0.85686,-0.491795,0.407605,-0.769413,-0.472,0.456,0.198,0.448,0.064
25172,839.285,0.98,1,-0.332917,0.396152,-0.855705,-0.51703,0.395039,-0.759358,-0.484,0.456,0.204,0.447,0.062
25173,839.318,0.98,1,-0.326598,0.414576,-0.849388,-0.498759,0.452576,-0.739199,-0.479,0.5,0.215,0.439,0.058
25174,839.351,0.98,1,-0.291554,0.471976,-0.832007,-0.433023,0.50068,-0.74954,-0.43,0.551,0.228,0.432,0.052
25175,839.385,0.98,1,-0.234884,0.485296,-0.84221,-0.399879,0.485373,-0.777503,-0.374,0.54,0.23,0.417,0.054
25176,839.418,0.98,1,-0.220565,0.464097,-0.857884,-0.372894,0.47726,-0.795722,-0.345,0.518,0.216,0.371,0.065
25177,839.451,0.98,1,-0.20046,0.445525,-0.872539,-0.35785,0.480586,-0.800613,-0.322,0.506,0.206,0.353,0.078
25178,839.485,0.98,1,-0.193579,0.428657,-0.882485,-0.362847,0.420473,-0.831591,-0.314,0.46,0.195,0.325,0.087
25179,839.518,0.93,1,-0.208663,0.426053,-0.880306,-0.363799,0.398707,-0.841833,-0.321,0.447,0.193,0.308,0.088
25180,839.551,0.93,1,-0.20955,0.43341,-0.876496,-0.398931,0.406571,-0.821921,-0.344,0.459,0.209,0.288,0.067
25181,839.585,0.93,1,-0.214688,0.442092,-0.870898,-0.398351,0.423156,-0.813791,-0.349,0.474,0.229,0.292,0.051
25182,839.618,0.93,1,-0.219393,0.447805,-0.866797,-0.412613,0.440775,-0.797163,-0.363,0.49,0.236,0.293,0.047
25183,839.651,0.93,1,-0.21348,0.456217,-0.863882,-0.414324,0.468749,-0.780135,-0.365,0.512,0.242,0.291,0.048
25184,839.685,0.93,1,-0.204887,0.473743,-0.856498,-0.427205,0.468879,-0.773077,-0.37,0.524,0.246,0.283,0.054
25185,839.718,0.93,1,-0.213745,0.481921,-0.849744,-0.421936,0.47222,-0.773937,-0.373,0.531,0.247,0.277,0.059
25186,839.752,0.93,1,-0.203937,0.501419,-0.840826,-0.433015,0.46852,-0.770056,-0.377,0.542,0.256,0.273,0.059
25187,839.785,0.93,1,-0.205765,0.510567,-0.834854,-0.438697,0.473383,-0.763841,-0.383,0.552,0.264,0.27,0.056
25188,839.818,0.93,1,-0.230095,0.523349,-0.820465,-0.445814,0.476538,-0.757734,-0.405,0.565,0.271,0.27,0.051
25189,839.852,0.98,1,-0.22592,0.542515,-0.809097,-0.46012,0.482593,-0.745248,-0.416,0.583,0.279,0.278,0.048
25190,839.885,0.98,1,-0.236358,0.543844,-0.805213,-0.464261,0.479649,-0.744579,-0.425,0.584,0.296,0.289,0.048
25191,839.918,0.98,1,-0.24837,0.55397,-0.794626,-0.436519,0.497987,-0.749306,-0.418,0.598,0.317,0.289,0.044
25192,839.952,0.98,1,-0.26034,0.558848,-0.787345,-0.427957,0.506705,-0.7484,-0.421,0.607,0.33,0.297,0.046
25193,839.985,0.98,1,-0.266036,0.557414,-0.786457,-0.43116,0.499004,-0.751728,-0.426,0.602,0.333,0.303,0.054
25194,840.018,0.98,1,-0.27176,0.551169,-0.788898,-0.430945,0.48569,-0.760521,-0.426,0.59,0.323,0.307,0.066
25195,840.052,0.98,1,-0.275593,0.539072,-0.795896,-0.441554,0.474441,-0.761536,-0.432,0.577,0.302,0.304,0.081
25196,840.085,0.93,1,-0.264446,0.544792,-0.795783,-0.447756,0.475378,-0.757318,-0.43,0.581,0.301,0.3,0.09
25197,840.118,0.93,1,-0.145727,0.583949,-0.798604,-0.360292,0.511308,-0.780226,-0.31,0.606,0.295,0.273,0.1
25198,840.152,0.93,1,-0.019294,0.575037,-0.8179,-0.286997,0.509871,-0.810965,-0.186,0.588,0.302,0.224,0.108
25199,840.185,0.88,1,0.068648,0.558579,-0.826606,-0.112425,0.517693,-0.848148,-0.026,0.571,0.303,0.155,0.125
25200,840.218,0.98,1,0.153894,0.584736,-0.796492,-0.125545,0.472115,-0.872551,0.017,0.564,0.272,0.088,0.159
25201,840.252,0.98,1,0.335472,0.562444,-0.755722,-0.071351,0.512111,-0.85595,0.162,0.588,0.267,-0.002,0.152
25202,840.285,0.98,1,0.236541,0.597079,-0.766515,-0.098263,0.332796,-0.937865,0.081,0.499,0.301,-0.026,0.138
25203,840.318,0.98,1,0.176427,0.557799,-0.811008,-0.07928,0.303278,-0.949599,0.055,0.455,0.313,-0.019,0.13
25204,840.352,0.98,1,0.152906,0.535777,-0.830399,-0.096841,0.305336,-0.947307,0.032,0.442,0.315,-0.016,0.135
25205,840.385,0.98,1,0.156634,0.543184,-0.824874,-0.1066,0.29105,-0.95075,0.028,0.439,0.313,-0.026,0.157
25206,840.418,0.98,1,0.127785,0.49196,-0.861189,-0.092086,0.260734,-0.961009,0.02,0.392,0.298,-0.011,0.161
25207,840.452,0.98,1,0.130226,0.489566,-0.862187,-0.084173,0.24159,-0.966721,0.025,0.38,0.288,-0.012,0.174
25208,840.485,0.98,1,0.135825,0.509957,-0.849409,-0.080497,0.252685,-0.964194,0.03,0.398,0.303,-0.009,0.177
25209,840.518,0.98,1,0.126211,0.527129,-0.84036,-0.089556,0.260111,-0.961417,0.02,0.412,0.306,-0.008,0.176
25210,840.552,0.98,1,0.100998,0.493886,-0.863641,-0.126891,0.254167,-0.9588,-0.014,0.389,0.291,-0.007,0.171
25211,840.585,0.98,1,0.096165,0.485582,-0.868886,-0.141003,0.251992,-0.957402,-0.025,0.384,0.275,-0.006,0.168
25212,840.618,0.98,1,0.097766,0.506034,-0.856955,-0.110213,0.257751,-0.959905,-0.007,0.398,0.282,-0.002,0.177
25213,840.652,0.98,1,0.114603,0.524431,-0.843705,-0.084509,0.283941,-0.95511,0.017,0.422,0.298,-0.003,0.191
25214,840.685,0.98,1,0.088771,0.522095,-0.848255,-0.101267,0.293719,-0.950513,-0.007,0.426,0.303,0.009,0.19
25215,840.718,0.98,1,0.025104,0.475542,-0.879335,-0.093758,0.314595,-0.944584,-0.038,0.409,0.296,0.019,0.188
25216,840.752,0.98,1,-0.002672,0.438082,-0.898931,-0.103521,0.321507,-0.941231,-0.058,0.391,0.293,0.039,0.176
25217,840.785,0.98,1,-0.010046,0.474257,-0.880329,-0.108044,0.333213,-0.936641,-0.065,0.418,0.282,0.054,0.166
25218,840.819,0.98,1,0.020297,0.50272,-0.864211,-0.109055,0.36256,-0.925558,-0.05,0.45,0.271,0.05,0.174
25219,840.852,0.98,1,-0.022369,0.458323,-0.888504,-0.113808,0.346576,-0.931093,-0.075,0.416,0.272,0.052,0.179
25220,840.885,0.98,1,-0.026386,0.461124,-0.886943,-0.166961,0.368671,-0.914443,-0.107,0.432,0.287,0.066,0.176
25221,840.919,0.98,1,0.018587,0.519958,-0.853989,-0.132928,0.336928,-0.9321,-0.064,0.447,0.289,0.051,0.175
25222,840.952,0.98,1,0.029082,0.526828,-0.849474,-0.106257,0.322586,-0.940557,-0.043,0.443,0.282,0.037,0.171
25223,840.985,0.98,1,0.050015,0.531434,-0.845622,-0.132269,0.306905,-0.942504,-0.046,0.438,0.278,0.034,0.163
25224,841.019,0.98,1,0.058544,0.534701,-0.843011,-0.142013,0.294319,-0.945097,-0.047,0.434,0.28,0.034,0.159
25225,841.052,0.98,1,0.060461,0.521612,-0.851038,-0.172707,0.288452,-0.94179,-0.063,0.424,0.282,0.037,0.151
25226,841.085,0.98,1,0.065117,0.525585,-0.848246,-0.179621,0.283025,-0.942143,-0.064,0.424,0.279,0.036,0.142
25227,841.119,0.98,1,0.053624,0.546524,-0.835725,-0.187596,0.262331,-0.946567,-0.075,0.426,0.274,0.041,0.134
25228,841.152,0.98,1,-0.003551,0.554102,-0.832441,-0.146599,0.280546,-0.948579,-0.084,0.438,0.265,0.04,0.13
25229,841.185,0.98,1,-0.095893,0.497959,-0.861883,-0.345789,0.426511,-0.835774,-0.255,0.499,0.242,0.049,0.134
25230,841.219,0.98,1,-0.149104,0.395767,-0.906166,-0.394201,0.460606,-0.795266,-0.309,0.466,0.24,0.105,0.125
25231,841.252,0.93,1,-0.205172,0.346161,-0.915465,-0.451796,0.437825,-0.777297,-0.37,0.434,0.254,0.204,0.107
25232,841.285,0.93,1,-0.295796,0.28547,-0.911598,-0.518502,0.41718,-0.746403,-0.457,0.401,0.259,0.308,0.082
25233,841.319,0.93,1,-0.329515,0.218894,-0.918426,-0.505947,0.413558,-0.756959,-0.463,0.361,0.251,0.388,0.07
25234,841.352,0.98,1,-0.384932,0.331356,-0.861412,-0.50282,0.449658,-0.738227,-0.507,0.454,0.204,0.451,0.084
25235,841.385,0.98,1,-0.405387,0.339385,-0.848811,-0.518008,0.445798,-0.730022,-0.529,0.461,0.19,0.481,0.107
25236,841.419,0.98,1,-0.400899,0.367081,-0.839364,-0.512354,0.429505,-0.743653,-0.523,0.466,0.183,0.477,0.123
25237,841.452,0.98,1,-0.466378,0.293079,-0.834624,-0.501214,0.429083,-0.751447,-0.548,0.427,0.18,0.479,0.132
25238,841.485,0.98,1,-0.424629,0.292542,-0.856802,-0.547434,0.392492,-0.739099,-0.547,0.405,0.195,0.509,0.136
25239,841.519,0.98,1,-0.523962,0.317919,-0.790184,-0.557382,0.364323,-0.746052,-0.613,0.418,0.192,0.504,0.145
25240,841.552,0.98,1,-0.528435,0.305106,-0.792254,-0.583988,0.354031,-0.730493,-0.631,0.409,0.182,0.529,0.151
25241,841.585,0.98,1,-0.514066,0.349326,-0.783395,-0.597909,0.352951,-0.719674,-0.637,0.437,0.181,0.573,0.153
25242,841.619,0.98,1,-0.480595,0.395317,-0.782785,-0.595562,0.331879,-0.731548,-0.618,0.448,0.194,0.618,0.144
25243,841.652,0.98,1,-0.44198,0.398028,-0.803883,-0.600432,0.332067,-0.72747,-0.598,0.445,0.199,0.642,0.136
25244,841.685,0.98,1,-0.442764,0.403467,-0.800733,-0.592069,0.348354,-0.726708,-0.595,0.457,0.226,0.676,0.124
25245,841.719,0.88,1,-0.437588,0.391161,-0.809636,-0.627965,0.302023,-0.717246,-0.609,0.426,0.251,0.709,0.111
25246,841.752,0.98,1,-0.477824,0.440024,-0.760305,-0.653771,0.337223,-0.677395,-0.667,0.496,0.305,0.767,0.081
25247,841.785,0.98,1,-0.495471,0.416354,-0.762337,-0.664119,0.325806,-0.672902,-0.68,0.477,0.313,0.801,0.07
25248,841.819,0.98,1,-0.540123,0.352462,-0.764223,-0.684923,0.303937,-0.662195,-0.71,0.431,0.312,0.803,0.063
25249,841.852,0.98,1,-0.537937,0.370688,-0.757109,-0.682887,0.331434,-0.651012,-0.714,0.463,0.325,0.813,0.049
25250,841.885,0.98,1,-0.546218,0.393056,-0.739698,-0.668861,0.356583,-0.652284,-0.718,0.494,0.334,0.813,0.039
25251,841.919,0.98,1,-0.555204,0.400182,-0.729111,-0.677559,0.365744,-0.63808,-0.734,0.511,0.355,0.844,0.018
25252,841.952,0.98,1,-0.554626,0.416848,-0.720158,-0.650826,0.387489,-0.6529,-0.72,0.53,0.378,0.851,-0.001
25253,841.986,0.98,1,-0.568155,0.393939,-0.722504,-0.640544,0.383467,-0.665325,-0.717,0.511,0.382,0.865,-0.013
25254,842.019,0.98,1,-0.571454,0.393387,-0.720199,-0.637799,0.386086,-0.666446,-0.717,0.512,0.382,0.858,-0.014
25255,842.052,0.98,1,-0.580451,0.385697,-0.717158,-0.644857,0.382255,-0.661846,-0.726,0.508,0.383,0.855,-0.018
25256,842.086,0.98,1,-0.568493,0.36054,-0.739478,-0.626483,0.381301,-0.679801,-0.7,0.482,0.361,0.827,-0.008
25257,842.119,0.98,1,-0.563087,0.367764,-0.740056,-0.686592,0.398446,-0.608139,-0.747,0.517,0.346,0.816,-0.006
25258,842.152,0.98,1,-0.522781,0.397053,-0.754353,-0.668406,0.406527,-0.622872,-0.713,0.528,0.358,0.814,-0.012
25259,842.186,0.98,1,-0.547931,0.38767,-0.741272,-0.662828,0.398536,-0.633899,-0.722,0.519,0.375,0.797,-0.018
25260,842.219,0.98,1,-0.539153,0.398078,-0.742192,-0.673138,0.369277,-0.640718,-0.72,0.507,0.386,0.785,-0.016
25261,842.252,0.98,1,-0.550136,0.415676,-0.724267,-0.661533,0.400426,-0.63406,-0.728,0.541,0.385,0.79,-0.019
25262,842.286,0.98,1,-0.542558,0.395301,-0.741193,-0.667816,0.383572,-0.637883,-0.72,0.514,0.371,0.779,-0.015
25263,842.319,0.98,1,-0.529149,0.373012,-0.762144,-0.668387,0.389369,-0.63376,-0.709,0.5,0.368,0.772,-0.018
25264,842.352,0.98,1,-0.522155,0.363738,-0.771394,-0.679673,0.377973,-0.628634,-0.709,0.487,0.371,0.755,-0.019
25265,842.386,0.98,1,-0.519332,0.406454,-0.751724,-0.662039,0.386515,-0.642114,-0.703,0.517,0.397,0.753,-0.026
25266,842.419,0.98,1,-0.479334,0.444895,-0.75651,-0.655016,0.367485,-0.660234,-0.675,0.521,0.418,0.762,-0.036
25267,842.452,0.98,1,-0.491161,0.454403,-0.743154,-0.660075,0.386058,-0.644408,-0.693,0.545,0.403,0.76,-0.034
25268,842.486,0.98,1,-0.506354,0.448238,-0.736674,-0.638128,0.392595,-0.662315,-0.686,0.541,0.39,0.756,-0.024
25269,842.519,0.98,1,-0.492705,0.446404,-0.74697,-0.62624,0.382839,-0.67916,-0.665,0.527,0.379,0.759,-0.02
25270,842.552,0.98,1,-0.494136,0.447926,-0.745112,-0.624921,0.398352,-0.671409,-0.669,0.539,0.384,0.756,-0.022
25271,842.586,0.98,1,-0.483485,0.447569,-0.75228,-0.630446,0.395309,-0.668033,-0.665,0.536,0.375,0.755,-0.022
25272,842.619,0.98,1,-0.483965,0.450207,-0.750394,-0.706915,0.385436,-0.593052,-0.725,0.556,0.389,0.757,-0.029
25273,842.652,0.98,1,-0.493612,0.460595,-0.737699,-0.678079,0.384281,-0.626527,-0.71,0.554,0.394,0.752,-0.034
25274,842.686,0.88,1,-0.509856,0.437548,-0.740674,-0.705889,0.384288,-0.595016,-0.738,0.552,0.394,0.744,-0.031
25275,842.719,0.88,1,-0.493467,0.435185,-0.753063,-0.637871,0.40415,-0.655578,-0.677,0.537,0.401,0.747,-0.044
25276,842.752,0.98,1,-0.530994,0.397795,-0.748201,-0.638796,0.388267,-0.66422,-0.692,0.508,0.391,0.737,-0.038
25277,842.786,0.98,1,-0.488371,0.432454,-0.757943,-0.649831,0.376106,-0.660503,-0.676,0.518,0.389,0.733,-0.033
25278,842.819,0.98,1,-0.487771,0.417613,-0.766603,-0.650559,0.384946,-0.654667,-0.675,0.514,0.383,0.726,-0.031
25279,842.852,0.98,1,-0.505832,0.435448,-0.74466,-0.657342,0.372258,-0.655229,-0.693,0.523,0.368,0.738,-0.018
25280,842.886,0.98,1,-0.529495,0.402882,-0.74654,-0.696783,0.358837,-0.621072,-0.731,0.508,0.329,0.733,-0.001
25281,842.919,0.98,1,-0.529127,0.375834,-0.760771,-0.674279,0.340076,-0.655512,-0.704,0.468,0.313,0.748,0.006
25282,842.952,0.98,1,-0.519548,0.40054,-0.754744,-0.666442,0.319123,-0.673807,-0.693,0.467,0.288,0.753,0.025
25283,842.986,0.98,1,-0.502515,0.402655,-0.76508,-0.652566,0.312544,-0.690271,-0.671,0.457,0.265,0.737,0.049
25284,843.019,0.98,1,-0.516512,0.377167,-0.76874,-0.651826,0.298481,-0.69716,-0.673,0.432,0.252,0.733,0.063
25288,843.153,0.88,1,-0.4709,0.365636,-0.802847,-0.59697,0.338906,-0.727165,-0.609,0.432,0.249,0.712,0.058
25289,843.186,0.88,1,-0.479414,0.371186,-0.795225,-0.589648,0.424926,-0.686843,-0.625,0.493,0.227,0.7,0.059
25290,843.219,0.88,1,-0.503961,0.298022,-0.810683,-0.635219,0.417735,-0.649611,-0.662,0.456,0.23,0.699,0.053
25291,843.253,0.88,1,-0.47309,0.358904,-0.804595,-0.598638,0.411187,-0.687429,-0.623,0.476,0.24,0.708,0.054
25292,843.286,0.88,1,-0.484797,0.329099,-0.810349,-0.601042,0.403232,-0.690038,-0.626,0.454,0.23,0.704,0.057
25293,843.319,0.98,1,-0.527242,0.278921,-0.802633,-0.636193,0.362415,-0.681112,-0.665,0.408,0.259,0.715,0.049
25294,843.353,0.98,1,-0.517266,0.293058,-0.804085,-0.600956,0.417764,-0.681414,-0.645,0.446,0.232,0.696,0.061
25295,843.386,0.98,1,-0.516592,0.282874,-0.808155,-0.619789,0.406493,-0.671286,-0.655,0.436,0.215,0.693,0.074
25296,843.419,0.98,1,-0.525092,0.247957,-0.814123,-0.62228,0.404097,-0.670428,-0.658,0.414,0.204,0.688,0.088
25301,843.586,0.98,1,-0.425716,0.329966,-0.842548,-0.614439,0.351325,-0.706425,-0.591,0.414,0.174,0.718,0.134
25302,843.619,0.98,1,-0.40795,0.319783,-0.85517,-0.617053,0.34411,-0.707696,-0.58,0.402,0.146,0.712,0.151
25303,843.653,0.88,1,-0.377407,0.337532,-0.862343,-0.602293,0.349416,-0.717741,-0.555,0.41,0.134,0.708,0.162
25306,843.753,0.98,1,-0.378043,0.338681,-0.861614,-0.586388,0.338117,-0.736089,-0.543,0.401,0.129,0.705,0.177
25307,843.786,0.88,1,-0.362823,0.354872,-0.861641,-0.575076,0.336478,-0.745701,-0.528,0.406,0.126,0.697,0.181
25308,843.819,0.88,1,-0.360135,0.373718,-0.854774,-0.574614,0.344485,-0.742394,-0.53,0.423,0.138,0.685,0.179
25309,843.853,0.88,1,-0.321465,0.376658,-0.868786,-0.558007,0.343561,-0.755377,-0.496,0.417,0.144,0.652,0.176
25310,843.886,0.98,1,-0.388651,0.293408,-0.87342,-0.485162,0.437825,-0.75692,-0.492,0.422,0.151,0.585,0.162
25311,843.919,0.98,1,-0.39469,0.251365,-0.883762,-0.469015,0.432596,-0.769991,-0.481,0.392,0.161,0.522,0.136
25312,843.953,0.98,1,-0.399618,0.248976,-0.882223,-0.47365,0.425319,-0.771207,-0.486,0.387,0.162,0.491,0.123
25313,843.986,0.98,1,-0.385308,0.250886,-0.888028,-0.475719,0.413357,-0.77642,-0.477,0.38,0.167,0.488,0.109
25314,844.019,0.98,1,-0.32926,0.255485,-0.909019,-0.448599,0.423368,-0.787095,-0.43,0.381,0.167,0.475,0.102
25315,844.053,0.98,1,-0.334099,0.263522,-0.904949,-0.418901,0.421294,-0.804384,-0.415,0.381,0.167,0.447,0.097
25316,844.086,0.98,1,-0.31415,0.301916,-0.900087,-0.401171,0.417016,-0.815573,-0.395,0.397,0.166,0.419,0.098
25329,844.52,0.98,1,-0.241425,0.384262,-0.891099,-0.433161,0.351999,-0.82974,-0.374,0.404,0.138,0.37,0.129
25330,844.553,0.93,1,-0.252332,0.389835,-0.885639,-0.442673,0.350607,-0.825297,-0.386,0.408,0.137,0.373,0.137
25621,854.256,0.98,1,-0.015628,0.349683,-0.936738,-0.196055,0.401607,-0.894581,-0.115,0.389,0.183,0.175,0.021
25622,854.289,0.98,1,-0.016762,0.358273,-0.933466,-0.21003,0.415607,-0.884962,-0.124,0.402,0.183,0.171,0.024
25623,854.323,0.98,1,-0.011744,0.364639,-0.931075,-0.215176,0.418693,-0.882267,-0.124,0.408,0.182,0.17,0.025
25624,854.356,0.98,1,0.001532,0.374525,-0.927216,-0.199606,0.425142,-0.882843,-0.109,0.416,0.184,0.168,0.025
25625,854.389,0.98,1,6.1e-05,0.383008,-0.923745,-0.211895,0.421732,-0.881613,-0.117,0.419,0.185,0.165,0.026
25626,854.423,0.98,1,0.017361,0.388065,-0.921469,-0.220119,0.425575,-0.877743,-0.112,0.425,0.187,0.162,0.025
25627,854.456,0.98,1,0.13406,0.421855,-0.896698,-0.17403,0.469625,-0.865544,-0.023,0.468,0.187,0.154,0.024
25628,854.489,0.98,1,0.207303,0.484925,-0.849631,-0.102536,0.48396,-0.869062,0.061,0.513,0.172,0.131,0.027
25629,854.523,0.93,1,0.176983,0.520293,-0.835447,-0.06487,0.460306,-0.885387,0.065,0.518,0.162,0.093,0.031
25630,854.556,0.93,1,0.191643,0.513829,-0.836213,-0.032849,0.467472,-0.883397,0.092,0.519,0.173,0.046,0.03
25631,854.589,0.98,1,0.230164,0.504696,-0.83205,-0.040587,0.414647,-0.909077,0.108,0.486,0.2,-0.007,0.022
25632,854.623,0.98,1,0.229143,0.515396,-0.825748,-0.06245,0.473495,-0.87858,0.097,0.526,0.217,-0.023,0.004
25633,854.656,0.98,1,0.246284,0.503827,-0.827951,-0.145062,0.414463,-0.898431,0.059,0.489,0.211,-0.057,0.003
25634,854.689,0.98,1,0.268617,0.456196,-0.848369,-0.124174,0.38355,-0.915134,0.082,0.444,0.227,-0.083,0.001
25635,854.723,0.98,1,0.26301,0.462823,-0.846534,-0.13196,0.374494,-0.917791,0.074,0.443,0.232,-0.097,0.005
25636,854.756,0.98,1,0.264331,0.473912,-0.839962,-0.09424,0.389673,-0.916119,0.097,0.457,0.244,-0.106,0.01
25637,854.789,0.98,1,0.256157,0.444393,-0.858428,-0.114417,0.380861,-0.917526,0.08,0.435,0.247,-0.11,0.015
25638,854.823,0.98,1,0.257648,0.456572,-0.851563,-0.111373,0.370931,-0.921958,0.082,0.437,0.253,-0.117,0.022
25639,854.856,0.98,1,0.295666,0.468964,-0.832258,-0.129935,0.348414,-0.928291,0.094,0.435,0.255,-0.123,0.031
25640,854.889,0.98,1,0.332603,0.497214,-0.801345,-0.152133,0.336544,-0.929297,0.104,0.449,0.248,-0.141,0.042
25641,854.923,0.98,1,0.317293,0.475771,-0.820346,-0.119085,0.308902,-0.943609,0.112,0.419,0.256,-0.167,0.048
25642,854.956,0.98,1,0.310531,0.46343,-0.829941,-0.126499,0.276999,-0.952507,0.103,0.394,0.263,-0.193,0.053
25643,854.989,0.98,1,0.274292,0.453407,-0.848048,-0.111302,0.284266,-0.952263,0.09,0.389,0.271,-0.218,0.059
25644,855.023,0.98,1,0.21721,0.460719,-0.860556,-0.104124,0.284373,-0.953043,0.062,0.39,0.276,-0.224,0.064
25645,855.056,0.98,1,0.177308,0.470015,-0.864666,-0.090047,0.292876,-0.951901,0.048,0.398,0.278,-0.221,0.065
25646,855.089,0.98,1,0.178662,0.451029,-0.874444,-0.084083,0.302529,-0.949424,0.052,0.392,0.286,-0.226,0.068
25647,855.123,0.98,1,0.198822,0.438778,-0.876324,-0.085574,0.299851,-0.95014,0.062,0.384,0.281,-0.231,0.068
25648,855.156,0.98,1,0.168908,0.435062,-0.884416,-0.095513,0.29423,-0.95095,0.04,0.378,0.28,-0.225,0.065
25649,855.189,0.98,1,0.161926,0.452941,-0.876712,-0.083256,0.296485,-0.951401,0.043,0.389,0.277,-0.221,0.063
25650,855.223,0.98,1,0.23722,0.470198,-0.850083,-0.113044,0.279436,-0.953486,0.069,0.394,0.272,-0.211,0.057
25651,855.256,0.98,1,0.217985,0.52562,-0.822317,-0.06695,0.436531,-0.897195,0.088,0.51,0.276,-0.213,0.042
25652,855.29,0.98,1,0.178124,0.514232,-0.83895,-0.097661,0.483462,-0.869901,0.047,0.528,0.262,-0.185,0.031
25653,855.323,0.98,1,0.138205,0.540903,-0.829652,-0.111012,0.479074,-0.870726,0.016,0.54,0.248,-0.14,0.024
25654,855.356,0.98,1,0.098142,0.515258,-0.851397,-0.128417,0.42673,-0.895215,-0.017,0.495,0.239,-0.082,0.012
25655,855.39,0.98,1,0.071259,0.536924,-0.840616,-0.206572,0.388268,-0.898096,-0.078,0.489,0.218,0.001,0.007
25751,858.59,0.98,1,-0.121036,0.287329,-0.950154,-0.312083,0.530626,-0.788061,-0.244,0.44,0.163,0.206,-0.006
25752,858.624,0.98,1,-0.075711,0.492487,-0.86702,-0.286688,0.405162,-0.868132,-0.206,0.477,0.171,0.205,-0.008
25753,858.657,0.98,1,-0.121902,0.516525,-0.84755,-0.225441,0.522829,-0.822087,-0.205,0.557,0.182,0.204,-0.011
25827,861.125,0.98,1,-0.14114,0.292859,-0.945681,-0.337056,0.53664,-0.77357,-0.271,0.45,0.178,0.235,-0.018
25883,862.992,0.98,1,-0.09298,0.42009,-0.902706,-0.328994,0.39429,-0.858078,-0.235,0.433,0.135,0.245,-0.01
25884,863.025,0.98,1,-0.09585,0.46834,-0.878334,-0.25696,0.39173,-0.88347,-0.198,0.454,0.147,0.25,-0.011
25885,863.059,0.98,1,-0.088916,0.455478,-0.885796,-0.285168,0.424301,-0.859446,-0.211,0.467,0.145,0.252,-0.012
25886,863.092,0.98,1,-0.099625,0.438619,-0.893134,-0.299846,0.423898,-0.854636,-0.225,0.458,0.153,0.264,-0.013
25887,863.125,0.98,1,-0.105256,0.423884,-0.89958,-0.307195,0.404018,-0.861627,-0.23,0.439,0.157,0.271,-0.011
25888,863.159,0.98,1,-0.099071,0.409202,-0.907049,-0.314581,0.397468,-0.862008,-0.23,0.428,0.154,0.276,-0.007
25889,863.192,0.98,1,-0.103832,0.384639,-0.917209,-0.321302,0.378454,-0.868065,-0.234,0.404,0.147,0.278,-0.003
25890,863.225,0.98,1,-0.105248,0.383475,-0.917535,-0.332186,0.37393,-0.865927,-0.241,0.402,0.148,0.28,-0.004
25895,863.392,0.98,1,-0.15647,0.383602,-0.910147,-0.358382,0.372369,-0.856098,-0.284,0.404,0.176,0.305,0.004
25898,863.492,0.98,1,-0.14951,0.383359,-0.911418,-0.392588,0.363028,-0.845035,-0.299,0.402,0.197,0.328,0.013
25899,863.525,0.98,1,-0.158332,0.381212,-0.910829,-0.399378,0.370702,-0.838497,-0.309,0.406,0.2,0.333,0.014
25900,863.559,0.98,1,-0.156959,0.380482,-0.911371,-0.399684,0.363237,-0.841613,-0.307,0.401,0.204,0.336,0.013
25901,863.592,0.98,1,-0.162131,0.379791,-0.910754,-0.40417,0.366548,-0.838027,-0.313,0.403,0.207,0.338,0.012
25902,863.625,0.98,1,-0.168482,0.380556,-0.909281,-0.399601,0.375767,-0.836133,-0.315,0.409,0.208,0.339,0.012
25903,863.659,0.98,1,-0.168151,0.385367,-0.907313,-0.400382,0.391149,-0.828672,-0.316,0.421,0.214,0.339,0.011
25904,863.692,0.98,1,-0.166114,0.380919,-0.909564,-0.399612,0.37003,-0.838683,-0.313,0.406,0.208,0.34,0.011
25905,863.725,0.98,1,-0.164409,0.386841,-0.907372,-0.404377,0.377727,-0.832948,-0.316,0.414,0.215,0.342,0.009
25906,863.759,0.98,1,-0.170518,0.383071,-0.907844,-0.400565,0.382974,-0.832393,-0.317,0.415,0.213,0.342,0.01
25907,863.792,0.98,1,-0.166308,0.385036,-0.907793,-0.403992,0.388745,-0.828051,-0.317,0.419,0.213,0.342,0.011
25908,863.825,0.98,1,-0.173217,0.381814,-0.907862,-0.398048,0.394024,-0.828434,-0.318,0.42,0.209,0.341,0.012
25909,863.859,0.98,1,-0.165247,0.383528,-0.908625,-0.395123,0.390756,-0.831377,-0.312,0.419,0.21,0.34,0.012
25910,863.892,0.98,1,-0.164229,0.38342,-0.908855,-0.399358,0.379855,-0.8344,-0.313,0.413,0.206,0.339,0.013
25911,863.925,0.98,1,-0.159561,0.379704,-0.911244,-0.395404,0.388071,-0.8325,-0.308,0.415,0.205,0.339,0.013
25912,863.959,0.98,1,-0.161525,0.376815,-0.912096,-0.39097,0.370654,-0.842471,-0.305,0.403,0.203,0.341,0.013
25955,865.393,0.98,1,-0.188523,0.384655,-0.903604,-0.395001,0.381244,-0.835839,-0.324,0.415,0.17,0.323,0.038
25956,865.426,0.98,1,-0.188352,0.389603,-0.901517,-0.389525,0.359605,-0.847912,-0.319,0.405,0.17,0.327,0.037
25957,865.459,0.98,1,-0.184942,0.391594,-0.90136,-0.389909,0.356866,-0.848892,-0.317,0.404,0.172,0.332,0.037
25958,865.493,0.98,1,-0.183964,0.392968,-0.900963,-0.39382,0.358236,-0.846506,-0.319,0.406,0.176,0.339,0.036
25959,865.526,0.98,1,-0.191015,0.386312,-0.902373,-0.40563,0.353577,-0.842881,-0.329,0.401,0.178,0.351,0.036
25960,865.559,0.98,1,-0.179694,0.399808,-0.898812,-0.396904,0.379979,-0.835514,-0.321,0.423,0.188,0.364,0.032
25961,865.593,0.98,1,-0.184563,0.405047,-0.895474,-0.417477,0.373282,-0.828477,-0.336,0.424,0.191,0.37,0.032
25962,865.626,0.98,1,-0.188485,0.401085,-0.89644,-0.409858,0.361389,-0.837505,-0.332,0.414,0.194,0.374,0.033
25963,865.659,0.98,1,-0.202227,0.397739,-0.894935,-0.393832,0.354436,-0.848098,-0.33,0.407,0.193,0.373,0.035
25964,865.693,0.98,1,-0.204222,0.399492,-0.8937,-0.392313,0.36606,-0.843854,-0.331,0.415,0.199,0.375,0.036
25965,865.726,0.98,1,-0.203533,0.399285,-0.893949,-0.396018,0.363809,-0.843097,-0.332,0.414,0.197,0.373,0.037
25966,865.759,0.98,1,-0.207187,0.397414,-0.893944,-0.402584,0.370093,-0.837232,-0.339,0.417,0.199,0.375,0.037
25967,865.793,0.98,1,-0.200384,0.395615,-0.89629,-0.4028,0.362916,-0.840264,-0.334,0.412,0.198,0.372,0.038
25968,865.826,0.98,1,-0.200099,0.398848,-0.89492,-0.388779,0.366207,-0.845425,-0.326,0.414,0.2,0.374,0.037
25969,865.859,0.98,1,-0.207497,0.397005,-0.894053,-0.385695,0.364834,-0.847429,-0.328,0.412,0.198,0.373,0.038
25970,865.893,0.98,1,-0.199897,0.394641,-0.896828,-0.385827,0.382353,-0.839609,-0.325,0.421,0.198,0.374,0.038
25971,865.926,0.98,1,-0.199816,0.394026,-0.897116,-0.395184,0.387276,-0.832975,-0.331,0.424,0.196,0.372,0.038
25972,865.959,0.98,1,-0.199946,0.392589,-0.897717,-0.389638,0.406404,-0.826449,-0.329,0.434,0.198,0.374,0.036
25973,865.993,0.98,1,-0.194887,0.390073,-0.899923,-0.390064,0.386405,-0.835788,-0.325,0.421,0.197,0.369,0.037
25974,866.026,0.98,1,-0.193477,0.3908,-0.899912,-0.385567,0.388609,-0.836852,-0.322,0.422,0.195,0.368,0.038
25975,866.059,0.98,1,-0.203525,0.39168,-0.897309,-0.385592,0.375188,-0.842943,-0.326,0.415,0.194,0.366,0.039
26041,868.26,0.98,1,-0.310008,0.161849,-0.936856,-0.384803,0.404732,-0.829529,-0.375,0.31,0.192,0.277,0.038
26042,868.293,0.98,1,-0.387504,0.216137,-0.896173,-0.427059,0.451264,-0.78357,-0.452,0.378,0.199,0.333,0.035
26043,868.327,0.98,1,-0.383053,0.222031,-0.896645,-0.466183,0.453262,-0.759755,-0.474,0.387,0.184,0.374,0.051
26044,868.36,0.98,1,-0.380546,0.194715,-0.90403,-0.509389,0.420196,-0.750971,-0.493,0.356,0.175,0.416,0.062
26045,868.393,0.98,1,-0.378992,0.187907,-0.906121,-0.543587,0.40274,-0.736419,-0.512,0.345,0.159,0.469,0.064
26046,868.427,0.98,1,-0.390519,0.177034,-0.903412,-0.54455,0.422085,-0.724783,-0.521,0.353,0.172,0.535,0.05
26047,868.46,0.88,1,-0.441425,0.247545,-0.862476,-0.566976,0.444866,-0.693276,-0.575,0.419,0.223,0.629,0.019
26048,868.493,0.93,1,-0.44723,0.389653,-0.805081,-0.59806,0.286156,-0.748625,-0.592,0.41,0.25,0.692,0.014
26050,868.56,0.93,1,-0.482818,0.315498,-0.816914,-0.62855,0.336261,-0.701323,-0.632,0.405,0.227,0.734,0.007
26051,868.593,0.93,1,-0.503053,0.308899,-0.807168,-0.682392,0.359604,-0.636417,-0.688,0.434,0.239,0.746,-0.004
26052,868.627,0.98,1,-0.502324,0.302123,-0.81018,-0.674901,0.365837,-0.640838,-0.682,0.431,0.256,0.749,-0.018
26053,868.66,0.98,1,-0.518707,0.316515,-0.794205,-0.705081,0.380165,-0.598611,-0.721,0.464,0.267,0.775,-0.029
26054,868.694,0.98,1,-0.48938,0.336094,-0.804704,-0.691031,0.396973,-0.60406,-0.697,0.48,0.274,0.763,-0.036
26055,868.727,0.98,1,-0.476966,0.354741,-0.804153,-0.679148,0.43538,-0.590933,-0.692,0.515,0.269,0.757,-0.045
26056,868.76,0.98,1,-0.473237,0.349999,-0.808423,-0.674605,0.465321,-0.573049,-0.693,0.533,0.271,0.759,-0.057
26057,868.794,0.98,1,-0.474196,0.351082,-0.80739,-0.6604,0.453056,-0.598843,-0.679,0.519,0.276,0.76,-0.066
26058,868.827,0.98,1,-0.517682,0.357972,-0.777085,-0.683856,0.45406,-0.571114,-0.728,0.542,0.271,0.763,-0.074
26059,868.86,0.98,1,-0.518762,0.361111,-0.774909,-0.716031,0.437007,-0.544357,-0.752,0.544,0.287,0.776,-0.088
26060,868.894,0.98,1,-0.508243,0.374343,-0.775601,-0.691467,0.46912,-0.549363,-0.736,0.567,0.292,0.783,-0.097
26061,868.927,0.98,1,-0.511111,0.381818,-0.770052,-0.678797,0.486619,-0.549942,-0.734,0.582,0.296,0.783,-0.103
26062,868.96,0.98,1,-0.497682,0.380844,-0.779276,-0.667388,0.439904,-0.600898,-0.701,0.536,0.3,0.789,-0.112
26063,868.994,0.98,1,-0.497003,0.38251,-0.778893,-0.639903,0.443386,-0.627641,-0.68,0.531,0.298,0.787,-0.117
26064,869.027,0.98,1,-0.497448,0.376829,-0.781374,-0.632706,0.425417,-0.647073,-0.669,0.512,0.296,0.793,-0.119
26065,869.06,0.98,1,-0.490896,0.359707,-0.793493,-0.522737,0.380215,-0.763009,-0.577,0.444,0.284,0.785,-0.116
26066,869.094,0.98,1,-0.484044,0.371302,-0.792361,-0.527504,0.378787,-0.760434,-0.577,0.45,0.288,0.787,-0.12
26067,869.127,0.98,1,-0.48963,0.350501,-0.798381,-0.527785,0.371684,-0.763737,-0.577,0.433,0.28,0.785,-0.118
26068,869.16,0.98,1,-0.4962,0.347618,-0.79558,-0.53327,0.365353,-0.762981,-0.584,0.429,0.28,0.787,-0.119
26069,869.194,0.98,1,-0.482724,0.337436,-0.808155,-0.534327,0.365025,-0.762399,-0.575,0.421,0.287,0.787,-0.122
26070,869.227,0.98,1,-0.475951,0.347322,-0.807984,-0.533389,0.361356,-0.764799,-0.571,0.423,0.294,0.789,-0.126
26071,869.26,0.98,1,-0.471237,0.330935,-0.817568,-0.527554,0.363883,-0.767643,-0.562,0.413,0.295,0.783,-0.125
26073,869.327,0.98,1,-0.472456,0.319623,-0.821356,-0.533605,0.358994,-0.76576,-0.565,0.404,0.3,0.78,-0.121
26074,869.36,0.98,1,-0.484701,0.32532,-0.811931,-0.559008,0.375278,-0.739375,-0.592,0.424,0.309,0.778,-0.127
26075,869.394,0.88,1,-0.481224,0.333828,-0.810544,-0.554122,0.410249,-0.724324,-0.593,0.451,0.318,0.781,-0.13
26076,869.427,0.88,1,-0.478836,0.341349,-0.808825,-0.567625,0.454282,-0.686608,-0.611,0.489,0.324,0.785,-0.136
26077,869.46,0.88,1,-0.464541,0.337574,-0.818685,-0.57684,0.428459,-0.69547,-0.602,0.468,0.318,0.78,-0.131
26078,869.494,0.88,1,-0.464696,0.347258,-0.814536,-0.573117,0.425537,-0.700326,-0.601,0.472,0.326,0.787,-0.14
26079,869.527,0.88,1,-0.462225,0.342581,-0.817916,-0.566061,0.40385,-0.718665,-0.59,0.452,0.327,0.788,-0.143
26080,869.56,0.88,1,-0.465562,0.342748,-0.815951,-0.556944,0.42367,-0.714365,-0.589,0.464,0.324,0.785,-0.143
26081,869.594,0.88,1,-0.468959,0.351297,-0.81035,-0.554362,0.429003,-0.713189,-0.591,0.473,0.324,0.78,-0.145
26082,869.627,0.88,1,-0.458722,0.340513,-0.820747,-0.566296,0.437918,-0.698239,-0.594,0.474,0.326,0.784,-0.149
26083,869.66,0.88,1,-0.466741,0.33313,-0.819254,-0.593443,0.438682,-0.674821,-0.617,0.477,0.328,0.784,-0.155
26084,869.694,0.88,1,-0.469884,0.322904,-0.821548,-0.596298,0.415519,-0.686857,-0.615,0.455,0.321,0.776,-0.153
26085,869.727,0.88,1,-0.485864,0.326918,-0.810593,-0.593911,0.418017,-0.68741,-0.625,0.461,0.318,0.775,-0.156
26086,869.761,0.98,1,-0.483229,0.338468,-0.807422,-0.586892,0.422696,-0.690569,-0.62,0.47,0.332,0.777,-0.175
26087,869.794,0.98,1,-0.47784,0.329651,-0.814248,-0.57127,0.420644,-0.704776,-0.604,0.459,0.324,0.774,-0.185
26088,869.827,0.98,1,-0.4798,0.329192,-0.81328,-0.576028,0.413086,-0.705373,-0.608,0.455,0.32,0.77,-0.198
26089,869.861,0.98,1,-0.497513,0.340028,-0.798036,-0.608944,0.382349,-0.694979,-0.638,0.451,0.314,0.769,-0.212
26090,869.894,0.98,1,-0.503694,0.358616,-0.785931,-0.631948,0.41569,-0.654098,-0.668,0.493,0.307,0.763,-0.221
26091,869.927,0.98,1,-0.513183,0.353247,-0.782215,-0.626576,0.465459,-0.625101,-0.681,0.527,0.318,0.762,-0.242
26092,869.961,0.88,1,-0.52947,0.381209,-0.757853,-0.5799,0.504069,-0.640024,-0.671,0.565,0.329,0.757,-0.259
26093,869.994,0.88,1,-0.50302,0.379464,-0.776517,-0.571874,0.517001,-0.636922,-0.65,0.565,0.343,0.753,-0.273
26094,870.027,0.88,1,-0.481534,0.388601,-0.785566,-0.592726,0.510106,-0.623271,-0.651,0.568,0.324,0.73,-0.27
26095,870.061,0.88,1,-0.470939,0.407925,-0.782185,-0.600971,0.494212,-0.628163,-0.65,0.569,0.325,0.72,-0.266
26096,870.094,0.88,1,-0.483832,0.408069,-0.7742,-0.648329,0.441816,-0.620055,-0.682,0.547,0.321,0.704,-0.261
26097,870.127,0.88,1,-0.46532,0.397967,-0.790633,-0.612713,0.480202,-0.627686,-0.65,0.554,0.312,0.703,-0.262
26098,870.161,0.88,1,-0.489284,0.403653,-0.773088,-0.626299,0.498998,-0.598958,-0.683,0.582,0.305,0.697,-0.26
26099,870.194,0.88,1,-0.488295,0.391202,-0.780083,-0.637185,0.49482,-0.590888,-0.687,0.574,0.299,0.696,-0.259
26100,870.227,0.88,1,-0.486591,0.394607,-0.779432,-0.628733,0.491766,-0.60238,-0.679,0.57,0.298,0.687,-0.261
26101,870.261,0.98,1,-0.494054,0.385836,-0.779128,-0.606183,0.515941,-0.605266,-0.672,0.577,0.298,0.693,-0.263
26102,870.294,0.98,1,-0.489414,0.411546,-0.768833,-0.570152,0.529183,-0.628405,-0.649,0.593,0.301,0.692,-0.264
26103,870.327,0.88,1,-0.487592,0.401058,-0.775504,-0.602679,0.524242,-0.601621,-0.67,0.592,0.286,0.688,-0.255
26104,870.361,0.88,1,-0.483665,0.388786,-0.784164,-0.609304,0.50887,-0.608111,-0.666,0.573,0.263,0.679,-0.244
26105,870.394,0.88,1,-0.485818,0.372732,-0.790602,-0.603831,0.494318,-0.62533,-0.656,0.549,0.25,0.679,-0.235
26106,870.427,0.88,1,-0.484895,0.361436,-0.796393,-0.593426,0.474777,-0.649948,-0.641,0.524,0.238,0.685,-0.223
26107,870.461,0.88,1,-0.467945,0.377731,-0.798966,-0.597124,0.480772,-0.642106,-0.636,0.537,0.228,0.678,-0.213
26108,870.494,0.98,1,-0.47091,0.377451,-0.797354,-0.607029,0.4769,-0.635674,-0.645,0.538,0.224,0.679,-0.204
26109,870.527,0.98,1,-0.44478,0.397381,-0.802657,-0.616524,0.450311,-0.645847,-0.632,0.529,0.22,0.671,-0.199
26110,870.561,0.88,1,-0.413244,0.384447,-0.825488,-0.626631,0.426083,-0.652523,-0.613,0.502,0.207,0.674,-0.194
26111,870.594,0.88,1,-0.398262,0.389286,-0.830568,-0.563009,0.388286,-0.729558,-0.552,0.462,0.212,0.676,-0.19
26112,870.627,0.88,1,-0.414838,0.382058,-0.825797,-0.605302,0.468999,-0.643156,-0.607,0.525,0.207,0.667,-0.176
26113,870.661,0.88,1,-0.326414,0.375033,-0.867643,-0.531749,0.496705,-0.68595,-0.505,0.511,0.191,0.646,-0.156
26114,870.694,0.88,1,-0.307079,0.346842,-0.88623,-0.515482,0.51169,-0.687351,-0.482,0.499,0.165,0.591,-0.126
26115,870.727,0.98,1,-0.23431,0.366344,-0.900495,-0.550827,0.517053,-0.655169,-0.467,0.516,0.151,0.52,-0.102
26116,870.761,0.98,1,-0.06347,0.368129,-0.927606,-0.349609,0.412973,-0.840968,-0.229,0.416,0.12,0.44,-0.092
26211,873.928,0.98,1,0.075432,0.418624,-0.905022,-0.179573,0.400478,-0.898538,-0.058,0.426,0.077,0.153,-0.038
26212,873.962,0.93,1,0.07217,0.435162,-0.897455,-0.181541,0.412437,-0.892714,-0.061,0.442,0.08,0.134,-0.032
26213,873.995,0.93,1,0.07931,0.473244,-0.877354,-0.152779,0.425931,-0.891763,-0.042,0.47,0.078,0.109,-0.022
26214,874.028,0.93,1,0.139512,0.453046,-0.880503,-0.111447,0.444115,-0.889012,0.016,0.469,0.077,0.086,-0.012
26215,874.062,0.98,1,0.167745,0.426339,-0.888874,-0.095515,0.457174,-0.884233,0.041,0.462,0.087,0.065,-0.006
26216,874.095,0.98,1,0.195255,0.408514,-0.891623,-0.093904,0.45437,-0.88585,0.057,0.452,0.1,0.046,-0.001
26217,874.128,0.98,1,0.204917,0.419599,-0.884277,-0.088035,0.447299,-0.890041,0.066,0.454,0.112,0.028,0.005
26218,874.162,0.98,1,0.198507,0.437281,-0.877144,-0.079556,0.454164,-0.887359,0.067,0.468,0.138,0.019,-0.013
26219,874.195,0.98,1,0.226083,0.459696,-0.858817,-0.028287,0.470141,-0.882138,0.113,0.491,0.135,0.01,-0.016
26220,874.229,0.98,1,0.247668,0.468456,-0.848062,-0.067966,0.396036,-0.915716,0.102,0.456,0.129,-0.007,-0.008
26221,874.262,0.98,1,0.258306,0.463357,-0.84769,-0.06275,0.371274,-0.926401,0.11,0.44,0.136,-0.039,0.001
26222,874.295,0.98,1,0.272631,0.465832,-0.841827,-0.065757,0.373934,-0.925121,0.117,0.444,0.156,-0.059,0.01
26223,874.329,0.98,1,0.268528,0.469505,-0.841105,-0.081309,0.366296,-0.926939,0.105,0.442,0.171,-0.077,0.018
26224,874.362,0.98,1,0.299347,0.4237,-0.854909,-0.07691,0.355486,-0.931512,0.124,0.411,0.186,-0.093,0.022
26225,874.395,0.98,1,0.299608,0.428364,-0.85249,-0.084171,0.353196,-0.931755,0.12,0.413,0.202,-0.105,0.027
26226,874.429,0.98,1,0.286955,0.438643,-0.851615,-0.111075,0.34014,-0.933792,0.098,0.411,0.214,-0.112,0.033
26227,874.462,0.98,1,0.284783,0.443092,-0.85004,-0.112007,0.332838,-0.936308,0.096,0.41,0.23,-0.12,0.041
26228,874.495,0.98,1,0.262585,0.452845,-0.852045,-0.099248,0.346337,-0.932845,0.091,0.421,0.244,-0.128,0.048
26229,874.529,0.98,1,0.249503,0.448774,-0.858108,-0.109845,0.317354,-0.941924,0.077,0.402,0.253,-0.137,0.054
26230,874.562,0.98,1,0.266981,0.469286,-0.841719,-0.118871,0.30957,-0.943417,0.083,0.411,0.257,-0.14,0.057
26231,874.595,0.98,1,0.271043,0.501101,-0.821848,-0.108795,0.331383,-0.937203,0.092,0.442,0.266,-0.153,0.06
26232,874.629,0.98,1,0.275094,0.486681,-0.829135,-0.116458,0.294817,-0.948431,0.089,0.414,0.267,-0.168,0.067
26233,874.662,0.98,1,0.258618,0.477537,-0.839688,-0.099046,0.292313,-0.95118,0.089,0.406,0.278,-0.185,0.07
26234,874.695,0.98,1,0.242645,0.481441,-0.842222,-0.104377,0.282013,-0.953716,0.077,0.402,0.287,-0.202,0.075
26235,874.729,0.98,1,0.233738,0.458111,-0.857613,-0.095486,0.26508,-0.959487,0.076,0.379,0.294,-0.22,0.079
26236,874.762,0.98,1,0.233175,0.481355,-0.844942,-0.078228,0.284745,-0.955406,0.086,0.402,0.304,-0.232,0.085
26237,874.795,0.98,1,0.230335,0.48565,-0.843262,-0.091616,0.290805,-0.952386,0.077,0.408,0.316,-0.238,0.092
26238,874.829,0.98,1,0.263158,0.509835,-0.819034,-0.069359,0.291883,-0.953936,0.109,0.425,0.324,-0.243,0.1
26239,874.862,0.98,1,0.261982,0.515385,-0.815931,-0.069751,0.296593,-0.952453,0.108,0.43,0.337,-0.245,0.106
26240,874.895,0.98,1,0.283482,0.527646,-0.800766,-0.062659,0.310542,-0.948492,0.126,0.447,0.344,-0.248,0.111
26241,874.929,0.98,1,0.296482,0.531472,-0.793496,-0.057758,0.315125,-0.947291,0.136,0.453,0.352,-0.253,0.114
26242,874.962,0.98,1,0.294789,0.528151,-0.796339,-0.064697,0.307227,-0.949435,0.131,0.446,0.357,-0.247,0.115
26243,874.995,0.98,1,0.286433,0.522368,-0.803174,-0.080482,0.300292,-0.950446,0.117,0.439,0.361,-0.247,0.114
26244,875.029,0.98,1,0.298021,0.529706,-0.7941,-0.119386,0.31363,-0.94201,0.103,0.452,0.363,-0.249,0.112
26245,875.062,0.98,1,0.281863,0.520502,-0.805997,-0.097387,0.30289,-0.948037,0.105,0.439,0.367,-0.241,0.109
26246,875.095,0.98,1,0.265055,0.520583,-0.811628,-0.090736,0.299332,-0.949825,0.099,0.436,0.371,-0.236,0.112
26247,875.129,0.98,1,0.267224,0.525121,-0.807985,-0.083698,0.313482,-0.945898,0.104,0.446,0.369,-0.236,0.119
26248,875.162,0.98,1,0.261578,0.52079,-0.812622,-0.09389,0.302081,-0.948647,0.095,0.437,0.367,-0.236,0.13
26249,875.195,0.98,1,0.252745,0.516573,-0.81809,-0.092819,0.300258,-0.949331,0.09,0.433,0.365,-0.241,0.138
26250,875.229,0.98,1,0.212366,0.532495,-0.81936,-0.083451,0.317042,-0.944733,0.073,0.449,0.367,-0.238,0.144
26251,875.262,0.98,1,0.223281,0.540971,-0.810862,-0.095387,0.324451,-0.941081,0.073,0.459,0.371,-0.234,0.143
26252,875.295,0.93,1,0.2079,0.53728,-0.817379,-0.122286,0.311197,-0.942445,0.049,0.449,0.372,-0.222,0.141
26253,875.329,0.98,1,0.207115,0.527836,-0.823707,-0.143185,0.297457,-0.943937,0.036,0.437,0.373,-0.212,0.138
26254,875.362,0.98,1,0.192354,0.52151,-0.831281,-0.152627,0.29707,-0.942579,0.022,0.432,0.371,-0.206,0.135
26255,875.396,0.98,1,0.163963,0.517029,-0.840117,-0.147444,0.315527,-0.937391,0.009,0.438,0.374,-0.197,0.132
26256,875.429,0.98,1,0.171472,0.530056,-0.830445,-0.12633,0.35471,-0.926402,0.026,0.467,0.374,-0.198,0.127
26257,875.462,0.98,1,0.169091,0.522309,-0.835824,-0.137563,0.356914,-0.923953,0.018,0.463,0.376,-0.193,0.125
26258,875.496,0.98,1,0.146892,0.523036,-0.839557,-0.135398,0.356321,-0.924501,0.007,0.462,0.378,-0.19,0.124
26259,875.529,0.98,1,0.15628,0.525917,-0.836055,-0.135608,0.370317,-0.918953,0.012,0.472,0.381,-0.189,0.126
26260,875.562,0.98,1,0.181189,0.529102,-0.828989,-0.123397,0.376885,-0.918004,0.033,0.478,0.382,-0.185,0.129
26261,875.596,0.98,1,0.206072,0.555913,-0.805292,-0.102721,0.390151,-0.915003,0.06,0.503,0.384,-0.185,0.131
26262,875.629,0.98,1,0.247992,0.603807,-0.757573,-0.061347,0.485424,-0.872124,0.114,0.589,0.39,-0.189,0.129
26263,875.662,0.98,1,0.273522,0.62372,-0.732229,-0.056393,0.556829,-0.828711,0.138,0.648,0.39,-0.181,0.123
26264,875.696,0.98,1,0.285033,0.605417,-0.743119,-0.025461,0.556897,-0.830191,0.164,0.636,0.384,-0.171,0.12
26265,875.729,0.98,1,0.285589,0.607475,-0.741224,-0.003368,0.562034,-0.827107,0.178,0.641,0.391,-0.17,0.119
26266,875.762,0.98,1,0.292419,0.605888,-0.739859,0.003459,0.557452,-0.830202,0.186,0.638,0.391,-0.166,0.118
26267,875.796,0.98,1,0.293166,0.610048,-0.736135,0.013627,0.555537,-0.83138,0.193,0.639,0.394,-0.164,0.117
26268,875.829,0.98,1,0.304263,0.59552,-0.743492,0.020998,0.547688,-0.836419,0.203,0.626,0.395,-0.163,0.118
26269,875.862,0.98,1,0.299441,0.58559,-0.753272,0.029189,0.534626,-0.844584,0.203,0.611,0.393,-0.162,0.119
26270,875.896,0.98,1,0.316071,0.561368,-0.76483,0.042151,0.523225,-0.851152,0.218,0.591,0.394,-0.165,0.118
26271,875.929,0.98,1,0.340879,0.540474,-0.769213,0.043696,0.493164,-0.868838,0.231,0.563,0.389,-0.166,0.115
26272,875.962,0.98,1,0.351785,0.53216,-0.7701,0.053361,0.48005,-0.875617,0.241,0.551,0.387,-0.162,0.112
26273,875.996,0.98,1,0.351835,0.530265,-0.771383,0.051143,0.468806,-0.881819,0.239,0.544,0.383,-0.162,0.11
26274,876.029,0.98,1,0.348502,0.527772,-0.774599,0.05296,0.464715,-0.883875,0.237,0.539,0.385,-0.164,0.108
26275,876.062,0.98,1,0.357793,0.533686,-0.766266,0.059997,0.461228,-0.885251,0.248,0.542,0.384,-0.164,0.107
26276,876.096,0.98,1,0.356208,0.521734,-0.775184,0.056991,0.460131,-0.88602,0.244,0.534,0.383,-0.165,0.107
26277,876.129,0.98,1,0.356107,0.517507,-0.778058,0.043711,0.446716,-0.893607,0.235,0.523,0.384,-0.167,0.104
26278,876.162,0.98,1,0.367465,0.5233,-0.768848,0.061777,0.43214,-0.899688,0.252,0.52,0.382,-0.166,0.103
26279,876.196,0.98,1,0.368888,0.521816,-0.769175,0.068108,0.425894,-0.902206,0.256,0.516,0.38,-0.163,0.101
26280,876.229,0.98,1,0.364903,0.523382,-0.770012,0.069303,0.420119,-0.904819,0.254,0.513,0.377,-0.162,0.1
26281,876.262,0.98,1,0.363501,0.525627,-0.769144,0.062725,0.424179,-0.903404,0.25,0.516,0.378,-0.16,0.099
26282,876.296,0.98,1,0.368674,0.524496,-0.767453,0.065892,0.419795,-0.905224,0.254,0.514,0.377,-0.159,0.1
26283,876.329,0.98,1,0.365787,0.531204,-0.764214,0.070583,0.421672,-0.903997,0.256,0.519,0.377,-0.161,0.101
26284,876.362,0.98,1,0.355821,0.546954,-0.757782,0.068538,0.51153,-0.856528,0.257,0.58,0.375,-0.162,0.103
26285,876.396,0.98,1,0.300481,0.585888,-0.752626,-0.082902,0.437891,-0.895197,0.131,0.556,0.369,-0.164,0.109
26286,876.429,0.98,1,0.229654,0.526622,-0.818492,-0.092964,0.352445,-0.931204,0.078,0.466,0.375,-0.177,0.11
26287,876.463,0.98,1,0.21522,0.54354,-0.811323,-0.105759,0.352191,-0.929934,0.063,0.475,0.378,-0.18,0.11
26288,876.496,0.98,1,0.218099,0.541321,-0.812037,-0.101948,0.340184,-0.934816,0.066,0.467,0.376,-0.182,0.107
26289,876.529,0.98,1,0.179975,0.530775,-0.828183,-0.106246,0.345116,-0.932527,0.042,0.462,0.382,-0.182,0.106
26290,876.563,0.98,1,0.144533,0.534564,-0.832677,-0.109442,0.340041,-0.934021,0.02,0.46,0.386,-0.181,0.107
26291,876.596,0.98,1,0.162238,0.538387,-0.826933,-0.106596,0.344192,-0.932828,0.032,0.465,0.386,-0.184,0.107
26292,876.629,0.98,1,0.160435,0.542167,-0.824813,-0.111596,0.335528,-0.935397,0.028,0.463,0.386,-0.184,0.109
26293,876.663,0.98,1,0.156786,0.54291,-0.825025,-0.105417,0.343027,-0.933391,0.029,0.467,0.388,-0.188,0.11
26294,876.696,0.98,1,0.155066,0.550834,-0.820083,-0.090111,0.354093,-0.930859,0.037,0.477,0.389,-0.184,0.108
26295,876.729,0.98,1,0.167797,0.550196,-0.818003,-0.089228,0.356333,-0.930089,0.045,0.478,0.39,-0.187,0.108
26296,876.763,0.98,1,0.169507,0.546969,-0.819812,-0.095997,0.347744,-0.932662,0.042,0.472,0.385,-0.186,0.107
26297,876.796,0.98,1,0.140094,0.548041,-0.824636,-0.113538,0.333319,-0.935953,0.015,0.464,0.38,-0.179,0.104
26298,876.829,0.98,1,0.135586,0.54604,-0.826714,-0.11781,0.324614,-0.938481,0.01,0.458,0.376,-0.171,0.1
26299,876.863,0.98,1,0.161513,0.562563,-0.810825,-0.087736,0.427564,-0.899717,0.043,0.525,0.38,-0.162,0.091
26300,876.896,0.98,1,0.223378,0.598694,-0.769199,-0.136027,0.461911,-0.876433,0.053,0.572,0.375,-0.154,0.088
26301,876.929,0.98,1,0.217753,0.596981,-0.772138,-0.06011,0.521679,-0.851022,0.097,0.603,0.379,-0.145,0.082
26302,876.963,0.98,1,0.236475,0.619954,-0.748156,-0.029011,0.549155,-0.835217,0.13,0.636,0.369,-0.147,0.078
26303,876.996,0.98,1,0.258764,0.613511,-0.746086,-0.011944,0.562998,-0.826372,0.156,0.642,0.359,-0.155,0.072
26304,877.029,0.98,1,0.27037,0.606613,-0.74761,-0.010883,0.553669,-0.832666,0.163,0.633,0.354,-0.16,0.067
26305,877.063,0.98,1,0.176407,0.599671,-0.780561,-0.045777,0.519275,-0.85338,0.08,0.6,0.351,-0.151,0.065
26306,877.096,0.98,1,0.068457,0.492821,-0.867434,-0.047202,0.47401,-0.879254,0.012,0.506,0.353,-0.122,0.06
26307,877.129,0.98,1,0.021301,0.448485,-0.893536,-0.061419,0.442625,-0.894601,-0.022,0.462,0.358,-0.078,0.051
26308,877.163,0.98,1,-0.006186,0.424515,-0.9054,-0.104374,0.486725,-0.867298,-0.062,0.475,0.36,-0.02,0.04
26309,877.196,0.98,1,-0.037092,0.506793,-0.861269,-0.173716,0.502605,-0.846883,-0.123,0.534,0.354,0.038,0.034
26310,877.229,0.98,1,-0.062073,0.314284,-0.947297,-0.196587,0.489252,-0.849698,-0.143,0.42,0.332,0.09,0.052
26311,877.263,0.98,1,-0.07993,0.357391,-0.930528,-0.206607,0.478146,-0.853633,-0.159,0.438,0.317,0.116,0.068
26312,877.296,0.98,1,-0.115562,0.317653,-0.941139,-0.230604,0.465121,-0.854684,-0.19,0.411,0.3,0.142,0.077
26313,877.329,0.98,1,-0.152007,0.276063,-0.949043,-0.263359,0.465135,-0.845158,-0.227,0.392,0.284,0.169,0.08
26314,877.363,0.98,1,-0.280129,0.335424,-0.899454,-0.307069,0.449068,-0.839075,-0.326,0.424,0.276,0.197,0.075
26315,877.396,0.98,1,-0.29784,0.343651,-0.890615,-0.359935,0.455292,-0.814344,-0.368,0.438,0.277,0.24,0.066
26316,877.429,0.98,1,-0.301306,0.223616,-0.926936,-0.396782,0.452907,-0.798398,-0.384,0.374,0.272,0.279,0.067
26317,877.463,0.98,1,-0.325918,0.234088,-0.915958,-0.431021,0.458612,-0.777107,-0.42,0.388,0.281,0.319,0.073
26318,877.496,0.98,1,-0.343268,0.253479,-0.904387,-0.454923,0.452845,-0.766796,-0.446,0.4,0.296,0.347,0.07
26319,877.53,0.98,1,-0.38734,0.262375,-0.883814,-0.490726,0.458568,-0.74088,-0.495,0.418,0.304,0.369,0.064
26320,877.563,0.98,1,-0.413929,0.298511,-0.859973,-0.506928,0.434291,-0.744591,-0.521,0.428,0.305,0.386,0.058
26321,877.596,0.98,1,-0.424204,0.298512,-0.854951,-0.516616,0.431847,-0.739335,-0.533,0.43,0.292,0.402,0.057
26322,877.63,0.98,1,-0.426052,0.277648,-0.861041,-0.528851,0.412142,-0.741927,-0.537,0.406,0.286,0.414,0.054
26324,877.696,0.98,1,-0.440704,0.298725,-0.846489,-0.527252,0.388277,-0.755808,-0.543,0.405,0.285,0.44,0.045
26326,877.763,0.98,1,-0.434351,0.299088,-0.849639,-0.53025,0.38328,-0.756262,-0.541,0.402,0.284,0.441,0.045
26327,877.796,0.98,1,-0.426613,0.344004,-0.836458,-0.518872,0.389935,-0.760738,-0.534,0.431,0.28,0.44,0.047
26328,877.83,0.98,1,-0.411416,0.398221,-0.819852,-0.523098,0.396843,-0.754244,-0.536,0.468,0.269,0.431,0.052
26329,877.863,0.98,1,-0.285938,0.541716,-0.790433,-0.477118,0.460153,-0.748744,-0.46,0.577,0.281,0.431,0.053
26330,877.896,0.98,1,-0.237473,0.489492,-0.839049,-0.480904,0.405535,-0.777349,-0.418,0.506,0.282,0.373,0.059
26331,877.93,0.93,1,-0.184205,0.516804,-0.836052,-0.352652,0.455591,-0.817358,-0.314,0.532,0.281,0.295,0.067
26332,877.963,0.88,1,-0.156053,0.479959,-0.8633,-0.451255,0.402743,-0.796346,-0.351,0.489,0.251,0.23,0.085
26333,877.996,0.98,1,0.074472,0.564892,-0.821798,-0.09281,0.439629,-0.893372,-0.011,0.53,0.275,0.125,0.044
26334,878.03,0.93,1,0.103613,0.523289,-0.845833,-0.066151,0.330356,-0.941535,0.021,0.446,0.26,0.099,0.064
26335,878.063,0.98,1,0.20634,0.467278,-0.859695,-0.052692,0.34886,-0.935692,0.085,0.427,0.25,0.053,0.087
26336,878.096,0.98,1,0.190567,0.501195,-0.84409,-0.040019,0.442586,-0.895833,0.086,0.497,0.26,-0.006,0.076
26337,878.13,0.98,1,0.172733,0.51547,-0.839318,-0.076743,0.448449,-0.890508,0.055,0.508,0.274,-0.017,0.072
26338,878.163,0.98,1,0.148573,0.490789,-0.858518,-0.074934,0.42824,-0.900553,0.042,0.481,0.282,-0.01,0.073
26339,878.196,0.98,1,0.15346,0.482196,-0.862518,-0.078388,0.414362,-0.90673,0.042,0.469,0.279,-0.003,0.075
26340,878.23,0.98,1,0.136928,0.451125,-0.881894,-0.060432,0.393652,-0.917271,0.042,0.439,0.268,0.003,0.067
26341,878.263,0.98,1,0.124754,0.429345,-0.894483,-0.099235,0.374167,-0.922037,0.014,0.416,0.252,0.015,0.058
26342,878.296,0.98,1,0.071829,0.456786,-0.886672,-0.129292,0.375154,-0.917902,-0.032,0.432,0.251,0.03,0.056
26343,878.33,0.98,1,0.003774,0.435738,-0.900066,-0.125049,0.350314,-0.928247,-0.066,0.406,0.263,0.043,0.053
26344,878.363,0.98,1,-0.00974,0.427655,-0.903889,-0.125482,0.33936,-0.93225,-0.074,0.396,0.249,0.055,0.055
26345,878.396,0.98,1,-0.040931,0.412346,-0.910108,-0.144559,0.376739,-0.91497,-0.101,0.408,0.267,0.079,0.06
26346,878.43,0.98,1,-0.031146,0.386094,-0.921934,-0.188689,0.389293,-0.901581,-0.12,0.402,0.239,0.063,0.074
26347,878.463,0.98,1,-0.034917,0.412631,-0.910229,-0.188672,0.401532,-0.8962,-0.123,0.423,0.285,0.073,0.078
26348,878.496,0.98,1,-0.053177,0.417409,-0.907162,-0.178377,0.426947,-0.886509,-0.128,0.44,0.251,0.056,0.108
26349,878.53,0.98,1,-0.0358,0.452497,-0.891047,-0.198762,0.420687,-0.885165,-0.131,0.457,0.283,0.075,0.126
26350,878.563,0.98,1,0.014939,0.450984,-0.892407,-0.199293,0.426969,-0.882032,-0.104,0.459,0.292,0.08,0.131
26351,878.596,0.98,1,-0.038009,0.457042,-0.888632,-0.197548,0.423143,-0.884265,-0.132,0.461,0.332,0.079,0.139
26352,878.63,0.98,1,-0.021904,0.491672,-0.870505,-0.187172,0.458736,-0.868636,-0.12,0.5,0.359,0.079,0.154
26353,878.663,0.98,1,0.012347,0.52791,-0.84921,-0.186641,0.455848,-0.870269,-0.101,0.52,0.37,0.061,0.168
26354,878.697,0.98,1,0.047893,0.539592,-0.840563,-0.182144,0.463223,-0.867322,-0.078,0.531,0.309,0.059,0.197
26355,878.73,0.98,1,0.013383,0.525144,-0.850908,-0.2256,0.451661,-0.863196,-0.123,0.518,0.324,0.087,0.184
26356,878.763,0.98,1,-0.050812,0.49327,-0.868391,-0.222081,0.424785,-0.877632,-0.155,0.484,0.313,0.11,0.182
26357,878.797,0.98,1,-0.065764,0.512936,-0.855904,-0.227279,0.42907,-0.87421,-0.168,0.499,0.332,0.129,0.174
26358,878.83,0.88,1,-0.073548,0.501975,-0.861749,-0.227964,0.438435,-0.869372,-0.172,0.498,0.348,0.123,0.169
26359,878.863,0.88,1,-0.060586,0.517631,-0.853456,-0.233714,0.449822,-0.861997,-0.17,0.514,0.364,0.118,0.169
26360,878.897,0.98,1,-0.039719,0.516134,-0.855586,-0.236262,0.455403,-0.858364,-0.16,0.516,0.362,0.101,0.173
26361,878.93,0.88,1,-0.022877,0.520344,-0.85365,-0.232979,0.452335,-0.86088,-0.148,0.516,0.368,0.099,0.169
26362,878.963,0.98,1,0.015409,0.541712,-0.840423,-0.226728,0.453527,-0.861921,-0.124,0.529,0.373,0.087,0.163
26363,878.997,0.98,1,0.017951,0.546333,-0.837376,-0.223558,0.459104,-0.859794,-0.121,0.535,0.387,0.095,0.15
26364,879.03,0.98,1,0.038189,0.556629,-0.829883,-0.21632,0.464875,-0.858543,-0.105,0.544,0.388,0.098,0.138
26365,879.063,0.98,1,0.048249,0.55348,-0.831464,-0.195437,0.465004,-0.863467,-0.087,0.541,0.387,0.093,0.131
26366,879.097,0.98,1,0.029232,0.561852,-0.826721,-0.201729,0.482366,-0.852425,-0.102,0.556,0.39,0.123,0.116
26367,879.13,0.98,1,-0.115077,0.584857,-0.802932,-0.24265,0.50553,-0.827986,-0.216,0.589,0.395,0.142,0.107
26368,879.163,0.98,1,-0.185414,0.577176,-0.795292,-0.322268,0.537784,-0.779058,-0.312,0.616,0.403,0.156,0.101
26369,879.197,0.98,1,-0.320823,0.476404,-0.818603,-0.381775,0.448929,-0.807905,-0.408,0.517,0.381,0.197,0.091
26370,879.23,0.98,1,-0.360428,0.412135,-0.836801,-0.448457,0.390621,-0.803929,-0.458,0.455,0.339,0.216,0.101
26371,879.263,0.98,1,-0.367259,0.416,-0.831904,-0.453148,0.381122,-0.805855,-0.464,0.453,0.332,0.259,0.099
26372,879.297,0.93,1,-0.358102,0.338606,-0.87012,-0.508981,0.44501,-0.736821,-0.495,0.454,0.326,0.304,0.094
26373,879.33,0.93,1,-0.361027,0.345063,-0.866367,-0.530012,0.452626,-0.717089,-0.513,0.467,0.335,0.357,0.084
26374,879.363,0.98,1,-0.358246,0.326693,-0.874604,-0.555651,0.470299,-0.685617,-0.53,0.472,0.35,0.412,0.08
26375,879.397,0.98,1,-0.368535,0.366403,-0.85436,-0.544886,0.500607,-0.672675,-0.539,0.516,0.357,0.44,0.079
26376,879.43,0.98,1,-0.414686,0.326769,-0.849269,-0.537369,0.505004,-0.67543,-0.558,0.499,0.349,0.461,0.075
26377,879.463,0.98,1,-0.445253,0.309408,-0.840248,-0.54938,0.497469,-0.671346,-0.582,0.49,0.331,0.475,0.081
26378,879.497,0.98,1,-0.488886,0.279768,-0.826269,-0.548827,0.498938,-0.670708,-0.606,0.48,0.312,0.487,0.086
26379,879.53,0.98,1,-0.493711,0.27499,-0.825003,-0.539459,0.480723,-0.691295,-0.598,0.462,0.297,0.483,0.087
26380,879.563,0.98,1,-0.463521,0.271026,-0.843619,-0.538816,0.483466,-0.689883,-0.579,0.457,0.295,0.485,0.082
26381,879.597,0.98,1,-0.422025,0.277856,-0.862955,-0.507046,0.492908,-0.707069,-0.534,0.456,0.288,0.478,0.079
26382,879.63,0.98,1,-0.437382,0.288734,-0.851663,-0.524233,0.491146,-0.695669,-0.556,0.467,0.283,0.484,0.078
26383,879.663,0.98,1,-0.413635,0.279137,-0.866596,-0.539711,0.484976,-0.68812,-0.55,0.457,0.273,0.502,0.082
26384,879.697,0.98,1,-0.407747,0.253873,-0.877092,-0.567332,0.474851,-0.672793,-0.562,0.44,0.258,0.516,0.09
26385,879.73,0.98,1,-0.459742,0.24252,-0.854296,-0.556601,0.471423,-0.684073,-0.584,0.435,0.257,0.546,0.096
26386,879.764,0.98,1,-0.444098,0.275605,-0.852537,-0.586619,0.460147,-0.666441,-0.596,0.451,0.265,0.578,0.098
26387,879.797,0.98,1,-0.4361,0.309845,-0.844875,-0.592362,0.456425,-0.663916,-0.598,0.47,0.266,0.591,0.106
26388,879.83,0.88,1,-0.380144,0.307792,-0.872212,-0.620829,0.441102,-0.648075,-0.582,0.458,0.269,0.629,0.114
26389,879.864,0.93,1,-0.431259,0.386163,-0.81541,-0.65499,0.36601,-0.661079,-0.634,0.471,0.257,0.68,0.133
26390,879.897,0.98,1,-0.430912,0.393836,-0.811916,-0.602884,0.384861,-0.698865,-0.6,0.476,0.275,0.688,0.134
26391,879.93,0.98,1,-0.405865,0.407508,-0.818053,-0.623505,0.406581,-0.667782,-0.606,0.501,0.304,0.682,0.121
26392,879.964,0.98,1,-0.396671,0.413331,-0.81964,-0.581338,0.390257,-0.713965,-0.568,0.483,0.338,0.682,0.11
26393,879.997,0.98,1,-0.404544,0.420821,-0.811945,-0.575164,0.410919,-0.707341,-0.573,0.501,0.364,0.704,0.094
26394,880.03,0.98,1,-0.430837,0.451402,-0.781419,-0.604135,0.414662,-0.680497,-0.616,0.535,0.389,0.7,0.083
26395,880.064,0.98,1,-0.43411,0.458029,-0.775731,-0.638977,0.410595,-0.650477,-0.645,0.547,0.405,0.703,0.071
26396,880.097,0.98,1,-0.459387,0.411432,-0.787202,-0.652423,0.448737,-0.610721,-0.672,0.552,0.427,0.688,0.058
26397,880.13,0.98,1,-0.417203,0.485995,-0.767952,-0.63711,0.47551,-0.606615,-0.654,0.61,0.46,0.681,0.044
26398,880.164,0.98,1,-0.40191,0.446272,-0.799568,-0.607359,0.50423,-0.613895,-0.62,0.592,0.493,0.68,0.024
26399,880.197,0.88,1,-0.403377,0.453737,-0.794613,-0.599315,0.511547,-0.615744,-0.618,0.6,0.496,0.675,0.015
26400,880.23,0.88,1,-0.334796,0.557712,-0.759519,-0.575625,0.515306,-0.634913,-0.578,0.656,0.501,0.667,0.009
26401,880.264,0.88,1,-0.333499,0.549078,-0.76635,-0.582925,0.517863,-0.626112,-0.582,0.654,0.499,0.661,0.001
26402,880.297,0.88,1,-0.365573,0.523986,-0.769282,-0.597293,0.514827,-0.614974,-0.608,0.644,0.5,0.654,-0.004
26403,880.33,0.88,1,-0.36221,0.531397,-0.765782,-0.59391,0.520783,-0.613234,-0.606,0.652,0.498,0.653,-0.014
26404,880.364,0.88,1,-0.364215,0.309429,-0.878408,-0.55334,0.472525,-0.685956,-0.53,0.464,0.283,0.584,0.028
26405,880.397,0.88,1,-0.357051,0.460748,-0.812543,-0.552561,0.461638,-0.69395,-0.543,0.549,0.391,0.623,-0.003
26406,880.43,0.88,1,-0.411393,0.454927,-0.789808,-0.548283,0.494832,-0.674186,-0.58,0.575,0.43,0.628,-0.016
26407,880.464,0.88,1,-0.421633,0.458539,-0.782284,-0.576675,0.504922,-0.642262,-0.611,0.595,0.466,0.624,-0.023
26408,880.497,0.88,1,-0.421667,0.455097,-0.784273,-0.587347,0.489279,-0.644693,-0.615,0.584,0.481,0.613,-0.021
26409,880.53,0.88,1,-0.42299,0.456124,-0.782962,-0.585893,0.490724,-0.644917,-0.615,0.586,0.473,0.628,-0.023
26410,880.564,0.88,1,-0.40445,0.47213,-0.783271,-0.558275,0.486057,-0.672368,-0.584,0.582,0.483,0.629,-0.03
26411,880.597,0.88,1,-0.418162,0.46197,-0.782128,-0.538344,0.49214,-0.684093,-0.578,0.577,0.493,0.631,-0.04
26412,880.63,0.88,1,-0.434288,0.471376,-0.767592,-0.553657,0.527433,-0.644421,-0.611,0.616,0.495,0.646,-0.05
26413,880.664,0.88,1,-0.424409,0.484321,-0.765056,-0.579667,0.532838,-0.616498,-0.628,0.635,0.501,0.651,-0.056
26417,880.797,0.88,1,-0.419248,0.500986,-0.757129,-0.520148,0.591128,-0.616453,-0.6,0.672,0.528,0.649,-0.095
26419,880.864,0.88,1,-0.423947,0.504984,-0.751837,-0.521325,0.592573,-0.614066,-0.605,0.677,0.531,0.654,-0.097
26421,880.931,0.88,1,-0.423598,0.483886,-0.76578,-0.530172,0.540934,-0.652923,-0.592,0.626,0.541,0.652,-0.101
26422,880.964,0.88,1,-0.396854,0.509947,-0.763191,-0.507488,0.566616,-0.649155,-0.57,0.651,0.528,0.655,-0.104
26423,880.997,0.88,1,-0.399478,0.524753,-0.751699,-0.538401,0.574771,-0.61625,-0.601,0.677,0.533,0.656,-0.108
26425,881.064,0.88,1,-0.36475,0.497173,-0.787259,-0.524332,0.532458,-0.664503,-0.549,0.617,0.55,0.651,-0.097
26426,881.097,0.88,1,-0.39565,0.501528,-0.769371,-0.552871,0.56129,-0.615862,-0.6,0.654,0.542,0.651,-0.092
26428,881.164,0.88,1,-0.381917,0.480648,-0.789377,-0.566604,0.572689,-0.592442,-0.602,0.651,0.547,0.625,-0.086
26429,881.197,0.88,1,-0.38871,0.501014,-0.773233,-0.563239,0.600058,-0.568061,-0.617,0.687,0.542,0.628,-0.089
26430,881.231,0.88,1,-0.3619,0.512179,-0.77891,-0.55889,0.615241,-0.555986,-0.604,0.701,0.553,0.608,-0.09
26431,881.264,0.88,1,-0.358828,0.515011,-0.778464,-0.538734,0.614459,-0.576373,-0.585,0.695,0.559,0.601,-0.092
26432,881.297,0.88,1,-0.33791,0.529864,-0.777857,-0.511056,0.637446,-0.576615,-0.56,0.711,0.568,0.588,-0.098
26433,881.331,0.88,1,-0.32908,0.521266,-0.787393,-0.528308,0.627354,-0.572116,-0.563,0.702,0.573,0.592,-0.109
26434,881.364,0.88,1,-0.334755,0.533098,-0.777011,-0.509841,0.625805,-0.590279,-0.553,0.703,0.569,0.592,-0.12
26435,881.397,0.88,1,-0.313578,0.525547,-0.790866,-0.469845,0.609318,-0.638731,-0.501,0.671,0.585,0.578,-0.131
26436,881.431,0.88,1,-0.296003,0.53612,-0.790543,-0.461553,0.633526,-0.620978,-0.493,0.692,0.588,0.575,-0.139
26437,881.464,0.88,1,-0.319434,0.539546,-0.779007,-0.474062,0.608308,-0.636574,-0.511,0.681,0.593,0.576,-0.138
26438,881.497,0.88,1,-0.336761,0.527984,-0.779631,-0.490901,0.621269,-0.610771,-0.537,0.691,0.581,0.577,-0.134
26439,881.531,0.88,1,-0.335187,0.538841,-0.772852,-0.500201,0.63348,-0.590341,-0.55,0.71,0.574,0.581,-0.129
26440,881.564,0.98,1,-0.344088,0.532651,-0.773231,-0.561257,0.618042,-0.550468,-0.6,0.716,0.569,0.579,-0.121
26441,881.597,0.98,1,-0.350419,0.523496,-0.776632,-0.560774,0.610651,-0.55914,-0.599,0.704,0.548,0.582,-0.12
26442,881.631,0.88,1,-0.355261,0.522217,-0.775293,-0.549879,0.629752,-0.548676,-0.6,0.716,0.538,0.599,-0.122
26443,881.664,0.88,1,-0.368193,0.525925,-0.766705,-0.557057,0.634854,-0.535396,-0.618,0.728,0.539,0.605,-0.115
26444,881.697,0.88,1,-0.383654,0.501738,-0.775286,-0.561424,0.618185,-0.550136,-0.619,0.702,0.527,0.617,-0.106
26445,881.731,0.88,1,-0.359515,0.476275,-0.80244,-0.567983,0.613546,-0.548596,-0.602,0.679,0.509,0.627,-0.098
26446,881.764,0.88,1,-0.334134,0.499565,-0.799243,-0.583579,0.574029,-0.574392,-0.589,0.663,0.478,0.639,-0.088
26447,881.797,0.88,1,-0.284603,0.515355,-0.808338,-0.418085,0.5669,-0.70981,-0.433,0.619,0.49,0.631,-0.073
26448,881.831,0.88,1,-0.25426,0.526961,-0.810965,-0.407592,0.522515,-0.748897,-0.401,0.592,0.472,0.626,-0.056
26449,881.864,0.93,1,-0.121342,0.543905,-0.830328,-0.39144,0.624853,-0.675525,-0.328,0.66,0.47,0.426,-0.059
26450,881.897,0.88,1,-0.044544,0.405297,-0.913099,-0.322177,0.294974,-0.899551,-0.2,0.369,0.388,0.19,0.021
26451,881.931,0.98,1,-0.026917,0.517371,-0.855338,-0.140713,0.536288,-0.832223,-0.099,0.558,0.347,0.109,-0.029
26452,881.964,0.98,1,0.143007,0.548537,-0.823806,-0.002811,0.462814,-0.886451,0.082,0.534,0.363,0.019,-0.015
26453,881.998,0.82,1,-0.066482,0.564878,-0.822492,-0.12991,0.427425,-0.894668,-0.114,0.524,0.366,0.009,-0.009
26454,882.031,0.98,1,0.326596,0.334006,-0.88418,0.063202,0.413768,-0.908186,0.214,0.395,0.37,-0.068,-0.023
26455,882.064,0.98,1,0.369784,0.424894,-0.826272,0.08781,0.452496,-0.887433,0.261,0.473,0.362,-0.099,-0.023
26456,882.098,0.98,1,0.370639,0.494444,-0.786227,0.09001,0.482523,-0.871246,0.271,0.533,0.355,-0.115,-0.02
26457,882.131,0.98,1,0.377429,0.515168,-0.769512,0.104141,0.46346,-0.879977,0.284,0.535,0.355,-0.13,-0.017
26458,882.164,0.98,1,0.385178,0.509028,-0.769758,0.109372,0.439181,-0.891716,0.289,0.519,0.349,-0.141,-0.015
26459,882.198,0.98,1,0.390617,0.48686,-0.781272,0.093935,0.420268,-0.902525,0.28,0.494,0.338,-0.143,-0.017
26460,882.231,0.98,1,0.404672,0.48281,-0.776618,0.090138,0.410972,-0.907181,0.286,0.488,0.327,-0.147,-0.016
26461,882.264,0.98,1,0.444747,0.474114,-0.759879,0.127146,0.35522,-0.926096,0.327,0.457,0.321,-0.154,-0.014
26462,882.298,0.98,1,0.459885,0.433559,-0.77494,0.105673,0.308368,-0.945379,0.318,0.407,0.317,-0.166,-0.01
26474,882.698,0.98,1,0.422254,0.402894,-0.812021,0.084311,0.294985,-0.951775,0.28,0.377,0.325,-0.201,0.004
26480,882.898,0.98,1,0.429292,0.402112,-0.808711,0.14346,0.27899,-0.949518,0.315,0.37,0.308,-0.224,-0.003
26481,882.931,0.98,1,0.428065,0.427111,-0.796453,0.129591,0.344008,-0.929981,0.312,0.42,0.303,-0.224,-0.007
26482,882.964,0.98,1,0.429693,0.423535,-0.797485,0.127727,0.341593,-0.931128,0.312,0.417,0.302,-0.226,-0.01
26483,882.998,0.98,1,0.428362,0.425895,-0.796943,0.088504,0.312939,-0.945641,0.288,0.401,0.306,-0.212,-0.011
26484,883.031,0.98,1,0.438823,0.429392,-0.78934,0.141012,0.349328,-0.926329,0.326,0.426,0.308,-0.232,-0.008
26485,883.064,0.98,1,0.435805,0.422546,-0.794688,0.144794,0.346317,-0.926876,0.325,0.42,0.307,-0.233,-0.009
26486,883.098,0.98,1,0.428091,0.414072,-0.803295,0.140253,0.342338,-0.92905,0.317,0.412,0.306,-0.23,-0.012
26488,883.165,0.98,1,0.368445,0.427262,-0.825648,0.130958,0.342781,-0.930242,0.277,0.413,0.294,-0.224,-0.02
26489,883.198,0.98,1,0.361959,0.429292,-0.827462,0.118209,0.348884,-0.929681,0.267,0.417,0.293,-0.222,-0.024
26490,883.231,0.98,1,0.352868,0.438868,-0.826365,0.119823,0.368085,-0.922039,0.264,0.432,0.294,-0.213,-0.026
26491,883.265,0.98,1,0.361575,0.442687,-0.820544,0.124357,0.380743,-0.916281,0.273,0.443,0.296,-0.201,-0.03
26492,883.298,0.98,1,0.359869,0.440719,-0.822351,0.122093,0.388731,-0.913226,0.271,0.446,0.297,-0.195,-0.032
26493,883.331,0.98,1,0.355677,0.424694,-0.832544,0.123697,0.398315,-0.90887,0.269,0.441,0.294,-0.188,-0.035
26494,883.365,0.98,1,0.393995,0.434699,-0.809818,0.130567,0.399369,-0.907445,0.296,0.452,0.294,-0.183,-0.037
26495,883.398,0.98,1,0.439341,0.458036,-0.772776,0.148794,0.380613,-0.912685,0.336,0.462,0.289,-0.191,-0.036
26496,883.431,0.98,1,0.452902,0.433381,-0.779141,0.155565,0.357713,-0.920783,0.344,0.436,0.283,-0.203,-0.038
26497,883.465,0.98,1,0.447682,0.449568,-0.772962,0.105604,0.366987,-0.924212,0.315,0.448,0.28,-0.202,-0.042
26498,883.498,0.98,1,0.451856,0.446059,-0.772565,0.097235,0.334867,-0.937235,0.311,0.428,0.276,-0.211,-0.044
26499,883.531,0.98,1,0.458329,0.440726,-0.771812,0.10564,0.321999,-0.940828,0.318,0.419,0.277,-0.218,-0.044
26500,883.565,0.98,1,0.456184,0.419729,-0.784681,0.091761,0.322711,-0.942039,0.307,0.406,0.277,-0.216,-0.043
26501,883.598,0.98,1,0.442592,0.43662,-0.783247,0.088548,0.358922,-0.929158,0.301,0.435,0.28,-0.216,-0.043
26502,883.631,0.98,1,0.439653,0.43095,-0.788028,0.102722,0.36296,-0.926126,0.306,0.434,0.282,-0.217,-0.045
26503,883.665,0.98,1,0.445588,0.446657,-0.775853,0.093012,0.354934,-0.930253,0.306,0.439,0.288,-0.214,-0.047
26504,883.698,0.98,1,0.445233,0.450591,-0.77378,0.151056,0.356941,-0.921832,0.338,0.444,0.291,-0.229,-0.043
26505,883.731,0.98,1,0.453822,0.465098,-0.760085,0.150393,0.349824,-0.924665,0.344,0.451,0.298,-0.223,-0.041
26506,883.765,0.98,1,0.324525,0.563981,-0.759348,0.103257,0.422506,-0.900459,0.252,0.536,0.306,-0.198,-0.033
26507,883.798,0.98,1,0.208538,0.571652,-0.793553,0.127488,0.389975,-0.911957,0.195,0.513,0.319,-0.173,-0.018
26508,883.831,0.98,1,0.198874,0.58413,-0.786919,-0.019113,0.496718,-0.867701,0.108,0.579,0.341,-0.107,-0.01
26509,883.865,0.98,1,0.205494,0.585237,-0.784391,-0.024536,0.505574,-0.862434,0.109,0.585,0.358,-0.047,-0.007
26510,883.898,0.98,1,0.214324,0.588731,-0.779398,-0.02065,0.511606,-0.858972,0.118,0.591,0.362,-0.014,-0.0
26511,883.931,0.98,1,0.227448,0.56712,-0.791607,-0.015031,0.51381,-0.857772,0.128,0.58,0.365,0.01,0.004
26512,883.965,0.98,1,0.188443,0.509798,-0.839402,-0.051462,0.49039,-0.869982,0.08,0.529,0.347,0.035,0.032
26513,883.998,0.98,1,0.197913,0.481664,-0.853715,-0.059078,0.472731,-0.879224,0.08,0.503,0.334,0.029,0.053
26514,884.031,0.98,1,0.183695,0.476309,-0.859876,-0.055955,0.462132,-0.885044,0.073,0.493,0.328,0.027,0.063
26515,884.065,0.98,1,0.180128,0.476889,-0.860308,-0.053139,0.45888,-0.886908,0.073,0.492,0.331,0.03,0.065
26516,884.098,0.98,1,0.178012,0.473851,-0.862425,-0.051275,0.454777,-0.889128,0.072,0.487,0.334,0.035,0.063
26517,884.131,0.98,1,0.177222,0.474312,-0.862334,-0.062826,0.454862,-0.888343,0.065,0.488,0.336,0.044,0.062
26518,884.165,0.98,1,0.166229,0.448127,-0.878379,-0.075659,0.448905,-0.890371,0.051,0.469,0.332,0.052,0.06
26519,884.198,0.98,1,0.206548,0.331173,-0.920686,-0.051625,0.432715,-0.900051,0.085,0.397,0.327,0.048,0.06
26520,884.232,0.98,1,0.266255,0.272226,-0.924663,0.013453,0.417123,-0.90875,0.151,0.36,0.318,0.022,0.063
26521,884.265,0.98,1,0.364477,0.440009,-0.8207,0.014564,0.443241,-0.896284,0.217,0.475,0.326,-0.027,0.058
26522,884.298,0.98,1,0.409335,0.464321,-0.785399,0.053451,0.430303,-0.901101,0.268,0.488,0.322,-0.064,0.036
26523,884.332,0.98,1,0.437956,0.468274,-0.767407,0.086838,0.370269,-0.924857,0.301,0.46,0.3,-0.097,0.023
26524,884.365,0.98,1,0.442189,0.461013,-0.769373,0.108788,0.343843,-0.932704,0.313,0.442,0.294,-0.119,0.012
26525,884.398,0.98,1,0.438665,0.449391,-0.778216,0.125389,0.350317,-0.9282,0.319,0.438,0.29,-0.146,0.01
26526,884.432,0.98,1,0.436683,0.401934,-0.804833,0.114599,0.345882,-0.931253,0.307,0.407,0.289,-0.165,0.012
26527,884.465,0.98,1,0.426212,0.417287,-0.80263,0.141389,0.339863,-0.929786,0.317,0.412,0.293,-0.187,0.02
26528,884.498,0.98,1,0.424155,0.448865,-0.786519,0.142212,0.361574,-0.921434,0.32,0.443,0.294,-0.193,0.027
26529,884.532,0.98,1,0.415406,0.464027,-0.782379,0.13919,0.364805,-0.920621,0.315,0.453,0.29,-0.196,0.032
26530,884.565,0.98,1,0.398509,0.467604,-0.78901,0.123644,0.372969,-0.919568,0.297,0.457,0.287,-0.19,0.033
26531,884.598,0.98,1,0.359572,0.476143,-0.802493,0.123261,0.380364,-0.916586,0.274,0.462,0.286,-0.187,0.035
26532,884.632,0.98,1,0.36082,0.473202,-0.803672,0.126925,0.369462,-0.920537,0.276,0.455,0.288,-0.181,0.038
26533,884.665,0.98,1,0.361658,0.477108,-0.800982,0.137571,0.35299,-0.925458,0.281,0.448,0.287,-0.175,0.04
26534,884.698,0.98,1,0.357727,0.480327,-0.800823,0.142699,0.34707,-0.926919,0.282,0.447,0.288,-0.169,0.043
26535,884.732,0.98,1,0.352636,0.492028,-0.795963,0.121768,0.392679,-0.911579,0.271,0.478,0.289,-0.161,0.045
26536,884.765,0.98,1,0.348868,0.50176,-0.791535,0.111537,0.409931,-0.905271,0.265,0.493,0.292,-0.151,0.047
26537,884.798,0.98,1,0.335441,0.511702,-0.790975,0.095337,0.410141,-0.907026,0.248,0.497,0.296,-0.144,0.047
26538,884.832,0.98,1,0.328961,0.488193,-0.808364,0.090736,0.412861,-0.906263,0.24,0.484,0.294,-0.138,0.047
26539,884.865,0.98,1,0.334073,0.479609,-0.8114,0.097208,0.407939,-0.907819,0.246,0.477,0.292,-0.133,0.048
26540,884.898,0.98,1,0.332921,0.477945,-0.812854,0.101011,0.401312,-0.910355,0.247,0.472,0.291,-0.131,0.051
26541,884.932,0.98,1,0.334958,0.473703,-0.814499,0.095519,0.400041,-0.911506,0.244,0.469,0.289,-0.131,0.05
26542,884.965,0.98,1,0.342406,0.47531,-0.810456,0.104011,0.405286,-0.908254,0.254,0.473,0.287,-0.134,0.049
26543,884.998,0.98,1,0.362223,0.471021,-0.804322,0.107287,0.4066,-0.907285,0.268,0.474,0.286,-0.135,0.045
26544,885.032,0.98,1,0.36756,0.482898,-0.794801,0.110963,0.410033,-0.905296,0.274,0.484,0.284,-0.137,0.041
26545,885.065,0.98,1,0.374085,0.479942,-0.793546,0.115997,0.408758,-0.905241,0.281,0.482,0.284,-0.136,0.035
26546,885.098,0.98,1,0.376761,0.487625,-0.787574,0.114012,0.410924,-0.904513,0.282,0.488,0.284,-0.136,0.03
26547,885.132,0.98,1,0.371435,0.483436,-0.79267,0.112178,0.407971,-0.906077,0.277,0.483,0.286,-0.139,0.026
26548,885.165,0.98,1,0.380768,0.468039,-0.797468,0.111811,0.408496,-0.905886,0.282,0.475,0.287,-0.139,0.023
26549,885.198,0.98,1,0.385232,0.473241,-0.792237,0.116612,0.411457,-0.903938,0.288,0.481,0.291,-0.139,0.02
26550,885.232,0.98,1,0.353566,0.49511,-0.793636,0.087516,0.420917,-0.902868,0.254,0.495,0.293,-0.133,0.017
26551,885.265,0.98,1,0.223012,0.51983,-0.824647,0.026676,0.472668,-0.880836,0.145,0.527,0.294,-0.131,0.015
26552,885.298,0.98,1,0.20559,0.520734,-0.828594,0.015462,0.474572,-0.880081,0.129,0.527,0.299,-0.116,0.015
26553,885.332,0.98,1,0.192719,0.53312,-0.823798,0.010749,0.490176,-0.871557,0.119,0.543,0.31,-0.094,0.014
26554,885.365,0.98,1,0.206134,0.528145,-0.823754,-0.004052,0.491916,-0.870633,0.119,0.542,0.317,-0.061,0.013
26555,885.399,0.98,1,0.214752,0.522199,-0.825342,-0.001197,0.490806,-0.871268,0.125,0.538,0.317,-0.031,0.01
26556,885.432,0.98,1,0.197011,0.528652,-0.825659,-0.033914,0.502595,-0.863857,0.096,0.548,0.32,0.001,0.004
26557,885.465,0.98,1,0.176282,0.50497,-0.844944,-0.084038,0.492856,-0.866043,0.054,0.528,0.305,0.041,0.008
26558,885.499,0.98,1,0.174352,0.498822,-0.848986,-0.089533,0.481446,-0.871891,0.049,0.518,0.305,0.047,0.025
26559,885.532,0.98,1,0.160225,0.487588,-0.858246,-0.091481,0.478496,-0.873311,0.04,0.509,0.308,0.052,0.031
26560,885.565,0.98,1,0.135848,0.505727,-0.85193,-0.119171,0.486382,-0.865581,0.01,0.524,0.311,0.051,0.028
26561,885.599,0.98,1,-0.01876,0.503735,-0.863654,-0.131866,0.491275,-0.860965,-0.087,0.523,0.315,0.051,0.019
26562,885.632,0.98,1,-0.034953,0.48801,-0.872138,-0.138911,0.498327,-0.855789,-0.1,0.519,0.317,0.062,0.012
26563,885.665,0.98,1,-0.053507,0.475555,-0.878057,-0.152033,0.502344,-0.851197,-0.118,0.515,0.314,0.08,0.008
26564,885.699,0.98,1,-0.041926,0.483204,-0.874503,-0.171697,0.491987,-0.853504,-0.123,0.514,0.315,0.103,0.007
26565,885.732,0.98,1,-0.04962,0.489226,-0.870744,-0.182303,0.488781,-0.853147,-0.134,0.516,0.311,0.128,0.005
26566,885.765,0.98,1,-0.067905,0.477957,-0.875754,-0.216543,0.48875,-0.845123,-0.164,0.512,0.306,0.151,0.003
26567,885.799,0.98,1,-0.077906,0.479521,-0.874066,-0.217083,0.489772,-0.844392,-0.17,0.514,0.301,0.169,0.0
26568,885.832,0.98,1,-0.099154,0.488837,-0.866722,-0.211245,0.490366,-0.845528,-0.179,0.519,0.302,0.184,-0.004
26569,885.865,0.98,1,-0.162799,0.487242,-0.857958,-0.260523,0.49311,-0.830042,-0.246,0.526,0.303,0.195,-0.009
26570,885.899,0.98,1,-0.165972,0.476848,-0.863174,-0.276236,0.478516,-0.833497,-0.255,0.513,0.307,0.209,-0.014
26571,885.932,0.98,1,-0.173726,0.469286,-0.865788,-0.293472,0.46761,-0.833795,-0.268,0.504,0.313,0.221,-0.018
26572,885.965,0.98,1,-0.164659,0.467028,-0.868776,-0.303289,0.468264,-0.829906,-0.269,0.503,0.324,0.233,-0.018
26573,885.999,0.93,1,-0.158676,0.478715,-0.863513,-0.305963,0.454838,-0.836366,-0.267,0.502,0.341,0.248,-0.018
26574,886.032,0.93,1,-0.158213,0.475126,-0.865577,-0.311922,0.445772,-0.839042,-0.269,0.495,0.347,0.262,-0.022
26575,886.065,0.93,1,-0.162667,0.47414,-0.865292,-0.319418,0.447494,-0.835297,-0.276,0.497,0.352,0.268,-0.027
26576,886.099,0.93,1,-0.167284,0.476681,-0.863013,-0.324127,0.441222,-0.836819,-0.281,0.495,0.353,0.275,-0.033
26577,886.132,0.93,1,-0.161787,0.469959,-0.867735,-0.309976,0.449573,-0.837734,-0.27,0.494,0.353,0.278,-0.038
26578,886.165,0.93,1,-0.177505,0.48798,-0.854616,-0.308712,0.452228,-0.836772,-0.28,0.507,0.362,0.285,-0.046
26579,886.199,0.93,1,-0.195886,0.470852,-0.86019,-0.324712,0.451643,-0.831012,-0.299,0.499,0.37,0.286,-0.051
26580,886.232,0.93,1,-0.207534,0.471252,-0.857235,-0.328901,0.442384,-0.834339,-0.307,0.495,0.375,0.29,-0.053
26581,886.265,0.93,1,-0.203043,0.45905,-0.864897,-0.332086,0.45342,-0.827121,-0.306,0.495,0.378,0.296,-0.055
26582,886.299,0.93,1,-0.191425,0.451866,-0.871306,-0.323196,0.451267,-0.831807,-0.293,0.488,0.385,0.293,-0.057
26583,886.332,0.93,1,-0.222425,0.431155,-0.874433,-0.325342,0.459009,-0.826718,-0.312,0.482,0.391,0.296,-0.063
26584,886.365,0.93,1,-0.292618,0.362598,-0.884815,-0.335441,0.450517,-0.827353,-0.352,0.443,0.401,0.298,-0.07
26585,886.399,0.93,1,-0.180342,0.454479,-0.872311,-0.327127,0.435858,-0.83846,-0.288,0.48,0.402,0.291,-0.074
26586,886.432,0.93,1,-0.233412,0.384868,-0.89297,-0.336167,0.431484,-0.837146,-0.318,0.441,0.402,0.285,-0.079
26587,886.466,0.93,1,-0.170724,0.424946,-0.888974,-0.32641,0.429397,-0.842066,-0.28,0.458,0.406,0.281,-0.087
26588,886.499,0.93,1,-0.181783,0.418557,-0.889812,-0.325257,0.431448,-0.841463,-0.285,0.456,0.408,0.284,-0.095
26589,886.532,0.93,1,-0.194173,0.403927,-0.893946,-0.327731,0.421765,-0.845404,-0.292,0.443,0.403,0.279,-0.095
26590,886.566,0.93,1,-0.234476,0.358149,-0.903742,-0.328861,0.42454,-0.843573,-0.312,0.421,0.416,0.258,-0.093
26591,886.599,0.93,1,-0.281675,0.306704,-0.909171,-0.313325,0.447994,-0.837334,-0.328,0.408,0.439,0.258,-0.105
26592,886.632,0.93,1,-0.260429,0.313479,-0.913185,-0.318028,0.431286,-0.844305,-0.318,0.401,0.449,0.261,-0.115
26593,886.666,0.93,1,-0.254444,0.32201,-0.911904,-0.315649,0.446211,-0.837414,-0.315,0.414,0.457,0.258,-0.125
26594,886.699,0.98,1,-0.260637,0.335134,-0.905402,-0.313213,0.457995,-0.831949,-0.319,0.428,0.46,0.258,-0.129
26595,886.732,0.98,1,-0.262609,0.346294,-0.90062,-0.291578,0.461987,-0.837586,-0.309,0.435,0.491,0.269,-0.13
26596,886.766,0.98,1,-0.245466,0.342199,-0.906999,-0.281574,0.473787,-0.834411,-0.294,0.438,0.484,0.279,-0.122
26597,886.799,0.98,1,-0.261755,0.341758,-0.9026,-0.295782,0.460587,-0.836883,-0.31,0.432,0.473,0.284,-0.114
26598,886.832,0.98,1,-0.277575,0.341609,-0.897918,-0.286691,0.461366,-0.839612,-0.314,0.433,0.472,0.282,-0.11
26599,886.866,0.98,1,-0.281134,0.349305,-0.89384,-0.301822,0.460482,-0.834781,-0.325,0.438,0.485,0.28,-0.106
26600,886.899,0.88,1,-0.293226,0.345151,-0.891565,-0.296394,0.461964,-0.835907,-0.329,0.437,0.482,0.28,-0.103
26601,886.932,0.88,1,-0.300474,0.348164,-0.887974,-0.288875,0.469352,-0.834422,-0.33,0.443,0.448,0.282,-0.098
26606,887.099,0.93,1,-0.164464,0.434595,-0.885482,-0.430926,0.505954,-0.747203,-0.35,0.523,0.541,0.261,-0.178
26607,887.132,0.93,1,-0.161852,0.510267,-0.844649,-0.174004,0.505339,-0.845195,-0.196,0.541,0.501,0.273,-0.152
26608,887.166,0.93,1,-0.121893,0.506535,-0.85356,-0.313307,0.503717,-0.805052,-0.257,0.547,0.485,0.282,-0.147
26609,887.199,0.98,1,-0.121888,0.498241,-0.858429,-0.31604,0.486062,-0.814778,-0.256,0.532,0.469,0.276,-0.127
26610,887.232,0.93,1,-0.1265,0.50253,-0.855255,-0.316658,0.473481,-0.821915,-0.258,0.527,0.44,0.266,-0.111
26611,887.266,0.93,1,-0.137027,0.495332,-0.857829,-0.290126,0.485595,-0.824636,-0.249,0.528,0.414,0.258,-0.099
26612,887.299,0.93,1,-0.131246,0.489221,-0.862228,-0.28411,0.496679,-0.820117,-0.242,0.53,0.398,0.261,-0.09
26613,887.332,0.93,1,-0.209837,0.395403,-0.894217,-0.275114,0.495019,-0.824178,-0.275,0.478,0.387,0.263,-0.084
26614,887.366,0.93,1,-0.236472,0.348895,-0.906837,-0.281307,0.498424,-0.820024,-0.291,0.456,0.375,0.262,-0.077
26615,887.399,0.93,1,-0.251269,0.332223,-0.909116,-0.287611,0.493002,-0.821114,-0.302,0.445,0.368,0.265,-0.069
26616,887.432,0.93,1,-0.171739,0.41601,-0.892996,-0.283117,0.498851,-0.819142,-0.26,0.491,0.363,0.266,-0.062
26617,887.466,0.93,1,-0.213987,0.354009,-0.910433,-0.302432,0.505793,-0.807904,-0.292,0.464,0.358,0.274,-0.057
26618,887.499,0.93,1,-0.168656,0.411817,-0.895523,-0.31509,0.514673,-0.79739,-0.278,0.501,0.352,0.279,-0.051
26619,887.532,0.98,1,-0.218187,0.346938,-0.912156,-0.339268,0.514586,-0.787463,-0.317,0.469,0.35,0.289,-0.046
26620,887.566,0.98,1,-0.17433,0.424761,-0.888362,-0.351763,0.510968,-0.784331,-0.305,0.51,0.352,0.295,-0.043
26621,887.599,0.98,1,-0.210183,0.411335,-0.88692,-0.354633,0.521231,-0.776243,-0.327,0.511,0.357,0.311,-0.042
26622,887.633,0.98,1,-0.267636,0.35837,-0.894395,-0.369664,0.519897,-0.770101,-0.366,0.486,0.363,0.332,-0.039
26623,887.666,0.98,1,-0.309205,0.343274,-0.88688,-0.379688,0.513953,-0.769214,-0.394,0.478,0.365,0.349,-0.03
26624,887.699,0.98,1,-0.276774,0.410645,-0.868773,-0.420108,0.493411,-0.761613,-0.404,0.506,0.364,0.368,-0.017
26625,887.733,0.98,1,-0.231508,0.463589,-0.855271,-0.42327,0.483437,-0.766245,-0.384,0.529,0.353,0.379,-0.002
26626,887.766,0.98,1,-0.255944,0.451522,-0.854763,-0.419259,0.429142,-0.800037,-0.387,0.489,0.343,0.386,0.01
26627,887.799,0.98,1,-0.27902,0.420428,-0.863358,-0.426332,0.415386,-0.803552,-0.4,0.465,0.325,0.391,0.023
26628,887.833,0.98,1,-0.29876,0.405915,-0.863699,-0.419791,0.40326,-0.813115,-0.405,0.45,0.303,0.393,0.037
26629,887.866,0.98,1,-0.301272,0.384288,-0.872672,-0.426788,0.392934,-0.814527,-0.407,0.432,0.28,0.397,0.055
26630,887.899,0.98,1,-0.2885,0.391715,-0.873686,-0.437792,0.370853,-0.819028,-0.405,0.423,0.242,0.404,0.085
26631,887.933,0.98,1,-0.245395,0.385148,-0.889631,-0.419437,0.348728,-0.83813,-0.367,0.402,0.185,0.389,0.124
26638,888.166,0.98,1,-0.232882,0.384697,-0.893182,-0.434435,0.366123,-0.822934,-0.371,0.412,0.067,0.389,0.244
26639,888.199,0.98,1,-0.243049,0.396494,-0.88528,-0.448836,0.35517,-0.82,-0.385,0.415,0.072,0.396,0.249
26640,888.233,0.98,1,-0.260867,0.392996,-0.881761,-0.457534,0.357475,-0.814171,-0.401,0.417,0.069,0.397,0.258
26642,888.299,0.98,1,-0.269702,0.392278,-0.87942,-0.471446,0.334598,-0.815955,-0.412,0.405,0.066,0.396,0.267
26650,888.566,0.98,1,-0.303713,0.371264,-0.877452,-0.499288,0.344814,-0.794867,-0.448,0.405,0.13,0.437,0.158
26652,888.633,0.98,1,-0.308321,0.369971,-0.87639,-0.496801,0.352981,-0.792839,-0.449,0.409,0.143,0.448,0.142
26653,888.666,0.98,1,-0.310808,0.380721,-0.87089,-0.502568,0.357274,-0.787262,-0.456,0.419,0.15,0.46,0.134
26654,888.7,0.98,1,-0.314608,0.388054,-0.866277,-0.507896,0.36692,-0.779366,-0.463,0.43,0.159,0.469,0.123
26655,888.733,0.98,1,-0.314201,0.392406,-0.864462,-0.507642,0.368989,-0.778554,-0.464,0.434,0.171,0.476,0.11
26656,888.766,0.98,1,-0.323842,0.399021,-0.857851,-0.496228,0.377698,-0.78173,-0.464,0.442,0.176,0.475,0.1
26657,888.8,0.98,1,-0.324486,0.40478,-0.854905,-0.493634,0.386163,-0.779233,-0.464,0.451,0.182,0.477,0.095
26658,888.833,0.98,1,-0.348543,0.427559,-0.834093,-0.466798,0.426549,-0.774697,-0.469,0.488,0.183,0.474,0.097
26659,888.866,0.98,1,-0.350085,0.438007,-0.828004,-0.481067,0.434158,-0.761631,-0.482,0.502,0.179,0.471,0.105
26660,888.9,0.98,1,-0.367239,0.444018,-0.817303,-0.493468,0.451913,-0.743145,-0.504,0.521,0.183,0.477,0.11
26661,888.933,0.98,1,-0.410808,0.446293,-0.795022,-0.51755,0.444527,-0.731121,-0.547,0.528,0.201,0.492,0.106
26662,888.966,0.98,1,-0.443826,0.408882,-0.797392,-0.558875,0.40724,-0.722367,-0.583,0.493,0.2,0.519,0.104
26663,889.0,0.98,1,-0.495208,0.388518,-0.777061,-0.582518,0.419751,-0.696047,-0.632,0.502,0.206,0.56,0.1
26664,889.033,0.98,1,-0.503772,0.377134,-0.777164,-0.586505,0.436812,-0.682061,-0.642,0.509,0.211,0.591,0.098
26665,889.066,0.98,1,-0.525788,0.373232,-0.764359,-0.601523,0.439793,-0.666898,-0.667,0.517,0.219,0.615,0.095
26666,889.1,0.98,1,-0.556591,0.36303,-0.747272,-0.623609,0.43255,-0.651162,-0.701,0.517,0.228,0.644,0.091
26667,889.133,0.98,1,-0.54771,0.358043,-0.756187,-0.634413,0.422654,-0.647213,-0.7,0.508,0.229,0.644,0.091
26668,889.166,0.98,1,-0.558393,0.367351,-0.743808,-0.623605,0.430412,-0.652581,-0.702,0.519,0.231,0.648,0.088
26669,889.2,0.98,1,-0.546197,0.368084,-0.752451,-0.625623,0.426984,-0.652902,-0.695,0.515,0.232,0.641,0.086
26670,889.233,0.98,1,-0.55167,0.359628,-0.752548,-0.632781,0.419201,-0.651045,-0.701,0.507,0.23,0.641,0.083
26671,889.266,0.98,1,-0.557593,0.336827,-0.758708,-0.623456,0.413681,-0.663454,-0.693,0.486,0.221,0.642,0.082
26672,889.3,0.98,1,-0.533841,0.35756,-0.766266,-0.623002,0.406668,-0.668199,-0.679,0.49,0.218,0.62,0.084
26673,889.333,0.98,1,-0.518453,0.367322,-0.772192,-0.611179,0.411329,-0.676217,-0.662,0.493,0.208,0.595,0.092
26674,889.366,0.98,1,-0.51014,0.363966,-0.779285,-0.599708,0.403822,-0.690854,-0.647,0.481,0.201,0.576,0.093
26675,889.4,0.98,1,-0.501616,0.353887,-0.789396,-0.58013,0.403658,-0.707467,-0.626,0.469,0.197,0.559,0.092
26676,889.433,0.98,1,-0.497624,0.361385,-0.788525,-0.571551,0.413083,-0.709007,-0.62,0.477,0.192,0.547,0.092
26677,889.466,0.98,1,-0.506267,0.358967,-0.784115,-0.571663,0.410805,-0.71024,-0.625,0.476,0.192,0.545,0.09
26678,889.5,0.93,1,-0.515403,0.353639,-0.780576,-0.58623,0.407514,-0.700191,-0.64,0.475,0.201,0.554,0.084
26679,889.533,0.93,1,-0.512236,0.365867,-0.777017,-0.581228,0.416711,-0.698946,-0.638,0.488,0.212,0.557,0.077
26680,889.566,0.98,1,-0.498994,0.380993,-0.778363,-0.586626,0.417591,-0.693893,-0.635,0.497,0.219,0.56,0.072
26681,889.6,0.93,1,-0.427526,0.46534,-0.775036,-0.576475,0.420095,-0.700855,-0.597,0.54,0.229,0.562,0.063
26682,889.633,0.98,1,-0.30533,0.380138,-0.87308,-0.605566,0.360232,-0.709594,-0.522,0.438,0.225,0.592,0.057
26683,889.666,0.98,1,-0.223849,0.3892,-0.893541,-0.573789,0.446113,-0.68684,-0.467,0.486,0.213,0.524,0.064
26685,889.733,0.98,1,-0.006504,0.418486,-0.9082,-0.382412,0.278765,-0.880938,-0.214,0.372,0.195,0.367,0.088
26686,889.767,0.98,1,-0.025082,0.468089,-0.883325,-0.330379,0.440026,-0.835001,-0.204,0.486,0.189,0.278,0.078
26687,889.8,0.98,1,-0.070279,0.481009,-0.873894,-0.332441,0.471095,-0.817039,-0.234,0.513,0.22,0.245,0.053
26688,889.833,0.98,1,-0.075414,0.473739,-0.87743,-0.350447,0.433558,-0.830189,-0.244,0.488,0.233,0.225,0.044
26689,889.867,0.98,1,-0.039878,0.476499,-0.87827,-0.342193,0.428593,-0.836189,-0.219,0.486,0.255,0.215,0.035
26690,889.9,0.98,1,-0.048133,0.477781,-0.877159,-0.334507,0.436114,-0.83541,-0.22,0.49,0.277,0.207,0.031
26691,889.933,0.98,1,-0.053273,0.476853,-0.877367,-0.312344,0.443824,-0.839918,-0.21,0.492,0.29,0.201,0.03
26692,889.967,0.98,1,-0.05221,0.481106,-0.875107,-0.279159,0.453575,-0.846369,-0.19,0.497,0.3,0.196,0.029
26693,890.0,0.98,1,-0.045147,0.481248,-0.875421,-0.260815,0.448618,-0.85482,-0.175,0.493,0.305,0.192,0.029
26694,890.033,0.98,1,-0.035937,0.479114,-0.877017,-0.255764,0.447995,-0.856671,-0.167,0.491,0.307,0.188,0.029
26695,890.067,0.98,1,-0.019722,0.474984,-0.879774,-0.244167,0.447709,-0.860198,-0.151,0.488,0.308,0.184,0.031
26696,890.1,0.98,1,-0.024284,0.475096,-0.879599,-0.22988,0.449881,-0.862996,-0.145,0.488,0.313,0.181,0.032
26697,890.133,0.98,1,-0.019301,0.472057,-0.881357,-0.209619,0.452955,-0.86654,-0.13,0.487,0.322,0.174,0.032
26698,890.167,0.98,1,-0.019502,0.473237,-0.880719,-0.220378,0.470305,-0.854545,-0.137,0.498,0.328,0.165,0.029
26699,890.2,0.98,1,-0.008342,0.476065,-0.879371,-0.200913,0.468543,-0.860292,-0.12,0.497,0.334,0.156,0.018
26700,890.233,0.98,1,-0.005557,0.468992,-0.883185,-0.203072,0.467881,-0.860145,-0.119,0.493,0.335,0.152,0.003
26701,890.267,0.98,1,-0.00795,0.462772,-0.886442,-0.19948,0.454393,-0.868179,-0.118,0.482,0.329,0.151,-0.011
26702,890.3,0.98,1,-0.01083,0.452086,-0.891909,-0.194076,0.452574,-0.870351,-0.116,0.474,0.324,0.15,-0.021
26703,890.333,0.98,1,-0.001891,0.449614,-0.893221,-0.18297,0.443754,-0.877271,-0.104,0.467,0.315,0.151,-0.028
26704,890.367,0.98,1,0.001563,0.448404,-0.89383,-0.179863,0.450147,-0.874652,-0.1,0.47,0.312,0.151,-0.033
26705,890.4,0.98,1,0.002805,0.446734,-0.894663,-0.180491,0.4457,-0.876798,-0.1,0.467,0.305,0.152,-0.035
26706,890.433,0.98,1,0.001258,0.449445,-0.893307,-0.181351,0.451452,-0.873672,-0.102,0.471,0.302,0.154,-0.037
26707,890.467,0.98,1,0.005852,0.45224,-0.891877,-0.185184,0.451278,-0.872958,-0.101,0.473,0.299,0.154,-0.037
26708,890.5,0.98,1,0.009841,0.453285,-0.891311,-0.184097,0.453672,-0.871946,-0.099,0.475,0.294,0.154,-0.035
26709,890.533,0.93,1,0.004107,0.453899,-0.891043,-0.189148,0.447671,-0.873964,-0.104,0.472,0.293,0.156,-0.033
26710,890.567,0.93,1,0.001565,0.457646,-0.889133,-0.192939,0.454534,-0.869582,-0.108,0.478,0.29,0.157,-0.029
26711,890.6,0.93,1,0.002682,0.467245,-0.884124,-0.198348,0.450256,-0.870591,-0.111,0.482,0.29,0.159,-0.025
26712,890.633,0.93,1,-0.003572,0.464831,-0.885392,-0.204297,0.444973,-0.87193,-0.118,0.478,0.29,0.16,-0.022
26713,890.667,0.93,1,0.003897,0.457985,-0.888951,-0.209373,0.441368,-0.872558,-0.116,0.472,0.292,0.162,-0.02
26714,890.7,0.93,1,0.003005,0.461667,-0.887048,-0.206292,0.444415,-0.871745,-0.115,0.476,0.291,0.163,-0.017
26715,890.733,0.93,1,-0.003957,0.462573,-0.886572,-0.203847,0.445941,-0.871541,-0.118,0.477,0.292,0.164,-0.013
26716,890.767,0.93,1,-0.008714,0.466292,-0.884588,-0.209592,0.442538,-0.871913,-0.124,0.477,0.289,0.167,-0.008
26717,890.8,0.93,1,-0.014555,0.464071,-0.885678,-0.2119,0.445028,-0.870086,-0.128,0.478,0.292,0.17,-0.005
26718,890.833,0.98,1,-0.051931,0.465809,-0.88336,-0.209882,0.429745,-0.878219,-0.148,0.47,0.291,0.174,-0.003
26719,890.867,0.93,1,-0.087705,0.465611,-0.880633,-0.21912,0.426485,-0.877552,-0.173,0.47,0.296,0.181,-0.003
26720,890.9,0.98,1,-0.105514,0.447599,-0.887987,-0.232426,0.39744,-0.887705,-0.188,0.444,0.292,0.191,-0.002
26746,891.767,0.98,1,-0.302706,0.370626,-0.878069,-0.431995,0.364744,-0.824828,-0.407,0.408,0.203,0.337,0.028
26747,891.8,0.98,1,-0.308314,0.371122,-0.875906,-0.448533,0.366486,-0.815173,-0.421,0.411,0.217,0.36,0.034
26748,891.834,0.98,1,-0.30225,0.38121,-0.873684,-0.453205,0.38061,-0.806065,-0.423,0.426,0.221,0.382,0.042
26749,891.867,0.98,1,-0.306331,0.373205,-0.875716,-0.444072,0.375184,-0.813656,-0.418,0.417,0.211,0.391,0.055
26759,892.201,0.98,1,-0.437442,0.274143,-0.85644,-0.465247,0.42323,-0.777445,-0.505,0.403,0.179,0.402,0.062
26760,892.234,0.98,1,-0.455416,0.282047,-0.84442,-0.488512,0.432297,-0.757942,-0.532,0.419,0.172,0.415,0.051
26761,892.267,0.98,1,-0.464993,0.239235,-0.852378,-0.480994,0.428494,-0.764877,-0.529,0.392,0.171,0.44,0.04
26762,892.301,0.98,1,-0.470852,0.228776,-0.852033,-0.512935,0.418124,-0.749713,-0.551,0.384,0.185,0.494,0.022
26763,892.334,0.98,1,-0.494483,0.180519,-0.850235,-0.539311,0.433846,-0.721749,-0.582,0.373,0.219,0.554,-0.01
26764,892.367,0.98,1,-0.489399,0.194418,-0.850112,-0.564422,0.422484,-0.709179,-0.594,0.377,0.255,0.599,-0.044
26765,892.401,0.88,1,-0.488204,0.297403,-0.820493,-0.588094,0.462697,-0.663368,-0.628,0.473,0.323,0.674,-0.086
26766,892.434,0.88,1,-0.480344,0.30626,-0.821873,-0.615938,0.444288,-0.65056,-0.64,0.471,0.327,0.689,-0.099
26767,892.467,0.88,1,-0.449568,0.243108,-0.859528,-0.626776,0.444957,-0.63966,-0.623,0.43,0.334,0.686,-0.118
26768,892.501,0.88,1,-0.452169,0.295266,-0.841642,-0.649599,0.459746,-0.605521,-0.651,0.481,0.362,0.693,-0.144
26769,892.534,0.88,1,-0.493625,0.298001,-0.817025,-0.669615,0.406238,-0.621761,-0.68,0.455,0.376,0.697,-0.161
26770,892.567,0.88,1,-0.515149,0.347074,-0.783684,-0.664513,0.412572,-0.623062,-0.698,0.495,0.374,0.689,-0.168
26771,892.601,0.88,1,-0.515295,0.296451,-0.804107,-0.658401,0.469706,-0.58812,-0.7,0.503,0.372,0.677,-0.168
26772,892.634,0.88,1,-0.543545,0.38206,-0.747388,-0.6708,0.411062,-0.617297,-0.727,0.526,0.369,0.692,-0.168
26773,892.667,0.98,1,-0.525086,0.332737,-0.783307,-0.601726,0.398667,-0.692091,-0.652,0.46,0.361,0.696,-0.161
26774,892.701,0.98,1,-0.506742,0.378275,-0.774675,-0.586378,0.467022,-0.661854,-0.65,0.532,0.369,0.703,-0.164
26775,892.734,0.98,1,-0.535595,0.298266,-0.790048,-0.609079,0.431163,-0.665674,-0.666,0.465,0.361,0.699,-0.154
26776,892.767,0.88,1,-0.53958,0.290742,-0.790141,-0.604611,0.421436,-0.675897,-0.663,0.452,0.351,0.699,-0.147
26777,892.801,0.88,1,-0.53483,0.331931,-0.777032,-0.611726,0.407908,-0.677792,-0.667,0.47,0.35,0.696,-0.149
26778,892.834,0.88,1,-0.542462,0.315323,-0.778657,-0.625034,0.407838,-0.665583,-0.68,0.464,0.372,0.721,-0.159
26779,892.867,0.98,1,-0.538541,0.318483,-0.780091,-0.606799,0.40913,-0.681475,-0.665,0.462,0.387,0.728,-0.168
26780,892.901,0.98,1,-0.545379,0.313815,-0.777227,-0.620433,0.424408,-0.659501,-0.682,0.475,0.383,0.729,-0.16
26781,892.934,0.98,1,-0.535948,0.314605,-0.783443,-0.614976,0.435037,-0.657684,-0.674,0.48,0.384,0.733,-0.157
26782,892.967,0.98,1,-0.523436,0.332467,-0.784526,-0.634576,0.46514,-0.617218,-0.69,0.517,0.387,0.737,-0.151
26783,893.001,0.98,1,-0.513764,0.35184,-0.782467,-0.644669,0.470151,-0.602793,-0.696,0.536,0.394,0.732,-0.14
26784,893.034,0.98,1,-0.512901,0.351115,-0.783359,-0.64847,0.471694,-0.597488,-0.699,0.537,0.39,0.752,-0.129
26785,893.067,0.98,1,-0.503621,0.348562,-0.790487,-0.675148,0.490958,-0.550577,-0.721,0.559,0.369,0.754,-0.11
26786,893.101,0.98,1,-0.508213,0.329773,-0.795594,-0.643367,0.463853,-0.609031,-0.687,0.514,0.369,0.764,-0.1
26787,893.134,0.98,1,-0.514471,0.333431,-0.790028,-0.62866,0.476955,-0.614247,-0.683,0.523,0.376,0.75,-0.1
26788,893.168,0.98,1,-0.505262,0.352204,-0.787822,-0.613201,0.50156,-0.610264,-0.675,0.548,0.386,0.725,-0.096
26789,893.201,0.98,1,-0.485457,0.403665,-0.775491,-0.67173,0.468818,-0.573575,-0.709,0.574,0.386,0.724,-0.09
26790,893.234,0.98,1,-0.419684,0.423778,-0.802669,-0.673531,0.477634,-0.564112,-0.675,0.583,0.355,0.707,-0.057
26791,893.268,0.98,1,-0.435902,0.400246,-0.806097,-0.687603,0.474943,-0.549209,-0.692,0.573,0.345,0.721,-0.031
26792,893.301,0.98,1,-0.442576,0.404008,-0.800565,-0.683879,0.458991,-0.56713,-0.689,0.563,0.331,0.733,-0.004
26793,893.334,0.98,1,-0.455665,0.391198,-0.799583,-0.683994,0.449587,-0.574477,-0.692,0.549,0.324,0.735,0.017
26794,893.368,0.98,1,-0.476426,0.383566,-0.791135,-0.69046,0.441504,-0.573009,-0.708,0.544,0.318,0.735,0.036
26795,893.401,0.98,1,-0.488999,0.377177,-0.786522,-0.708419,0.409732,-0.574684,-0.721,0.524,0.311,0.736,0.057
26796,893.434,0.98,1,-0.513786,0.356948,-0.780136,-0.718721,0.386186,-0.578187,-0.737,0.501,0.305,0.749,0.077
26797,893.468,0.98,1,-0.526669,0.344486,-0.777142,-0.722548,0.373021,-0.582048,-0.743,0.486,0.282,0.76,0.106
26798,893.501,0.98,1,-0.536227,0.373871,-0.756757,-0.709346,0.379941,-0.593694,-0.745,0.509,0.263,0.772,0.141
26799,893.534,0.98,1,-0.536623,0.396025,-0.745117,-0.728679,0.363498,-0.580428,-0.762,0.52,0.235,0.786,0.182
26800,893.568,0.98,1,-0.501234,0.390701,-0.772086,-0.713791,0.292808,-0.636212,-0.712,0.452,0.217,0.797,0.211
26801,893.601,0.98,1,-0.465121,0.381556,-0.798798,-0.64545,0.268251,-0.715147,-0.633,0.405,0.18,0.784,0.248
26806,893.768,0.98,1,-0.201707,0.460272,-0.86456,-0.485753,0.381801,-0.786303,-0.395,0.472,0.17,0.421,0.331
26807,893.801,0.98,1,-0.177465,0.476682,-0.860977,-0.454159,0.352147,-0.818372,-0.36,0.458,0.148,0.367,0.35
26808,893.834,0.88,1,-0.187933,0.464222,-0.865551,-0.449405,0.322811,-0.832964,-0.359,0.434,0.13,0.328,0.367
26809,893.868,0.93,1,-0.163279,0.468545,-0.86822,-0.411168,0.346251,-0.843239,-0.324,0.444,0.148,0.237,0.351
26810,893.901,0.93,1,-0.136132,0.485785,-0.863412,-0.399806,0.345725,-0.848899,-0.303,0.452,0.209,0.226,0.335
26811,893.934,0.93,1,-0.146856,0.50421,-0.851003,-0.380922,0.377085,-0.844219,-0.302,0.479,0.234,0.233,0.33
26812,893.968,0.93,1,-0.150825,0.507501,-0.848348,-0.385052,0.382987,-0.839676,-0.307,0.485,0.236,0.224,0.34
26813,894.001,0.93,1,-0.149158,0.499576,-0.853332,-0.355842,0.400482,-0.844388,-0.289,0.487,0.24,0.215,0.352
26814,894.034,0.93,1,-0.15908,0.492408,-0.855703,-0.292201,0.406122,-0.865843,-0.256,0.481,0.244,0.206,0.362
26815,894.068,0.93,1,-0.153362,0.493953,-0.855856,-0.297551,0.396654,-0.868406,-0.256,0.477,0.238,0.195,0.371
26816,894.101,0.93,1,-0.140632,0.496661,-0.856476,-0.31311,0.405116,-0.858978,-0.259,0.484,0.236,0.188,0.375
26817,894.134,0.93,1,-0.122841,0.497667,-0.858625,-0.301,0.398162,-0.866525,-0.241,0.479,0.244,0.186,0.374
26818,894.168,0.93,1,-0.081768,0.539945,-0.837719,-0.31766,0.411135,-0.854436,-0.232,0.512,0.242,0.173,0.373
26819,894.201,0.93,1,-0.08804,0.527497,-0.844983,-0.311957,0.426633,-0.848921,-0.232,0.513,0.24,0.157,0.368
26820,894.235,0.93,1,-0.057166,0.52491,-0.849236,-0.292814,0.440394,-0.848713,-0.203,0.517,0.24,0.129,0.351
26821,894.268,0.98,1,-0.033958,0.531335,-0.846481,-0.259204,0.45993,-0.84928,-0.171,0.529,0.248,0.118,0.336
26822,894.301,0.98,1,-0.029889,0.536813,-0.843171,-0.255214,0.464841,-0.847814,-0.167,0.535,0.248,0.114,0.325
26823,894.335,0.93,1,-0.031422,0.540119,-0.841002,-0.245423,0.452289,-0.857439,-0.162,0.529,0.247,0.12,0.314
26824,894.368,0.98,1,-0.033226,0.518624,-0.854357,-0.273433,0.444702,-0.852921,-0.178,0.514,0.237,0.123,0.308
26825,894.401,0.93,1,-0.032177,0.515844,-0.856078,-0.29937,0.436132,-0.848626,-0.192,0.509,0.235,0.131,0.301
26826,894.435,0.93,1,-0.03083,0.530503,-0.847122,-0.307011,0.442054,-0.842813,-0.197,0.522,0.235,0.135,0.292
26827,894.468,0.93,1,-0.029124,0.514234,-0.857155,-0.295777,0.454125,-0.840409,-0.189,0.518,0.239,0.138,0.284
26828,894.501,0.93,1,-0.014455,0.527961,-0.849146,-0.298839,0.454945,-0.838881,-0.184,0.527,0.238,0.138,0.271
26829,894.535,0.93,1,-0.006505,0.534231,-0.845314,-0.286595,0.456747,-0.842167,-0.172,0.531,0.245,0.137,0.255
26830,894.568,0.93,1,-0.006004,0.526453,-0.850183,-0.298224,0.463634,-0.83433,-0.179,0.531,0.25,0.14,0.237
26831,894.601,0.93,1,-0.003407,0.546575,-0.837403,-0.29628,0.47579,-0.828156,-0.178,0.551,0.251,0.144,0.22
26832,894.635,0.93,1,-0.006113,0.536916,-0.843614,-0.294523,0.466114,-0.834263,-0.177,0.539,0.25,0.149,0.205
26833,894.668,0.93,1,-0.062886,0.539051,-0.839922,-0.2958,0.482553,-0.824406,-0.212,0.551,0.248,0.157,0.192
26834,894.701,0.93,1,-0.137399,0.543323,-0.828204,-0.287824,0.461991,-0.838881,-0.25,0.543,0.244,0.169,0.178
26835,894.735,0.93,1,-0.143604,0.527195,-0.837522,-0.31414,0.467097,-0.826521,-0.268,0.539,0.24,0.186,0.165
26836,894.768,0.93,1,-0.146047,0.51608,-0.843998,-0.334867,0.472245,-0.815383,-0.282,0.537,0.24,0.207,0.148
26837,894.801,0.93,1,-0.145753,0.511482,-0.846842,-0.346542,0.47666,-0.807901,-0.289,0.538,0.237,0.233,0.133
26838,894.835,0.93,1,-0.148391,0.515539,-0.84392,-0.362505,0.489444,-0.793118,-0.303,0.551,0.229,0.256,0.12
26839,894.868,0.93,1,-0.160149,0.515068,-0.842055,-0.391154,0.48088,-0.784699,-0.327,0.549,0.222,0.276,0.109
26840,894.901,0.93,1,-0.247539,0.455196,-0.85529,-0.419633,0.461543,-0.781592,-0.387,0.511,0.22,0.295,0.099
26841,894.935,0.93,1,-0.290639,0.388318,-0.874493,-0.410645,0.463807,-0.785018,-0.4,0.474,0.228,0.315,0.087
26842,894.968,0.98,1,-0.301424,0.370076,-0.878742,-0.440779,0.467134,-0.766485,-0.424,0.471,0.23,0.359,0.083
26843,895.001,0.98,1,-0.289073,0.36408,-0.885371,-0.454038,0.45352,-0.766922,-0.423,0.46,0.218,0.379,0.09
26844,895.035,0.98,1,-0.306571,0.364558,-0.879268,-0.474546,0.428959,-0.768636,-0.443,0.449,0.219,0.401,0.087
26845,895.068,0.98,1,-0.312234,0.354862,-0.88124,-0.469774,0.383378,-0.795194,-0.436,0.415,0.221,0.409,0.089
26849,895.201,0.98,1,-0.319037,0.365339,-0.874496,-0.455751,0.352258,-0.817438,-0.429,0.401,0.234,0.426,0.089
26851,895.268,0.98,1,-0.308926,0.370914,-0.875778,-0.493487,0.352081,-0.795305,-0.448,0.408,0.228,0.419,0.089
26852,895.301,0.98,1,-0.308295,0.370713,-0.876086,-0.492365,0.353102,-0.795547,-0.447,0.409,0.224,0.42,0.088
26853,895.335,0.98,1,-0.300487,0.362795,-0.882093,-0.497605,0.347913,-0.794573,-0.444,0.401,0.211,0.412,0.091
26873,896.002,0.98,1,-0.465055,0.305602,-0.830862,-0.466707,0.411224,-0.782993,-0.524,0.418,0.19,0.51,0.107
26874,896.035,0.98,1,-0.445477,0.308874,-0.840326,-0.509808,0.38222,-0.770716,-0.535,0.405,0.21,0.553,0.107
26875,896.068,0.93,1,-0.446894,0.347624,-0.824283,-0.50202,0.40964,-0.761689,-0.539,0.445,0.216,0.543,0.11
26876,896.102,0.93,1,-0.458367,0.336131,-0.822749,-0.520266,0.395831,-0.756731,-0.555,0.434,0.231,0.56,0.112
26877,896.135,0.93,1,-0.465545,0.352482,-0.811803,-0.523215,0.380417,-0.76258,-0.561,0.436,0.237,0.56,0.118
26880,896.235,0.98,1,-0.532556,0.363481,-0.764372,-0.578411,0.360909,-0.731564,-0.639,0.451,0.286,0.617,0.126
26881,896.268,0.98,1,-0.517375,0.404433,-0.75416,-0.61392,0.373996,-0.695147,-0.663,0.493,0.327,0.631,0.113
26882,896.302,0.98,1,-0.446168,0.443149,-0.77753,-0.619382,0.422088,-0.661973,-0.637,0.541,0.362,0.654,0.096
26883,896.335,0.98,1,-0.432299,0.481888,-0.762169,-0.629189,0.416354,-0.656331,-0.642,0.564,0.385,0.665,0.098
26884,896.368,0.98,1,-0.49051,0.501214,-0.71287,-0.588271,0.487466,-0.645224,-0.671,0.629,0.393,0.631,0.11
26885,896.402,0.98,1,-0.49384,0.493761,-0.715767,-0.598675,0.443518,-0.666993,-0.669,0.596,0.408,0.639,0.113
26886,896.435,0.98,1,-0.489909,0.4681,-0.73544,-0.593982,0.441909,-0.672237,-0.656,0.574,0.41,0.643,0.119
26887,896.469,0.98,1,-0.491151,0.474604,-0.730426,-0.596261,0.445758,-0.667662,-0.661,0.582,0.416,0.633,0.124
26888,896.502,0.98,1,-0.474087,0.490877,-0.730945,-0.592608,0.456717,-0.663495,-0.653,0.597,0.417,0.619,0.129
26889,896.535,0.98,1,-0.476705,0.484559,-0.733454,-0.596153,0.455773,-0.660964,-0.656,0.593,0.42,0.614,0.131
26890,896.569,0.98,1,-0.464288,0.522899,-0.714852,-0.598156,0.46648,-0.651618,-0.661,0.627,0.425,0.611,0.129
26891,896.602,0.98,1,-0.468101,0.51845,-0.715606,-0.575417,0.494227,-0.65164,-0.652,0.638,0.395,0.582,0.146
26892,896.635,0.98,1,-0.512938,0.426839,-0.744783,-0.583432,0.502149,-0.638321,-0.67,0.591,0.383,0.566,0.152
26893,896.669,0.98,1,-0.513395,0.389459,-0.764688,-0.595266,0.440928,-0.671744,-0.657,0.524,0.367,0.563,0.161
26894,896.702,0.98,1,-0.4983,0.381542,-0.778539,-0.63164,0.335141,-0.699079,-0.653,0.452,0.334,0.582,0.175
26895,896.735,0.98,1,-0.459791,0.379003,-0.803087,-0.610823,0.317758,-0.725207,-0.611,0.428,0.289,0.584,0.187
26896,896.769,0.98,1,-0.46371,0.369787,-0.805128,-0.635629,0.305218,-0.709096,-0.628,0.419,0.233,0.546,0.214
26920,897.569,0.98,1,-0.465094,0.312423,-0.828299,-0.552287,0.399116,-0.731906,-0.578,0.428,0.218,0.515,0.096
26921,897.602,0.98,1,-0.452412,0.317691,-0.833304,-0.532011,0.406323,-0.742877,-0.558,0.431,0.213,0.511,0.092
26922,897.636,0.98,1,-0.446812,0.313548,-0.837882,-0.523988,0.398728,-0.752631,-0.548,0.421,0.222,0.514,0.092
26923,897.669,0.98,1,-0.443935,0.308876,-0.841141,-0.515984,0.390822,-0.762246,-0.539,0.411,0.213,0.515,0.106
26924,897.702,0.98,1,-0.44078,0.309952,-0.842403,-0.525275,0.37982,-0.761461,-0.542,0.406,0.204,0.515,0.121
26928,897.836,0.98,1,-0.409217,0.303392,-0.86052,-0.502809,0.391189,-0.770814,-0.51,0.403,0.217,0.477,0.109
26929,897.869,0.98,1,-0.407139,0.304914,-0.860967,-0.497717,0.400963,-0.769094,-0.507,0.409,0.224,0.478,0.103
26930,897.902,0.98,1,-0.323804,0.340775,-0.882623,-0.489924,0.497037,-0.71619,-0.471,0.483,0.237,0.486,0.1
26931,897.936,0.98,1,-0.283395,0.356653,-0.890217,-0.447199,0.525501,-0.723783,-0.425,0.5,0.226,0.454,0.11
26932,897.969,0.98,1,-0.264016,0.395328,-0.879779,-0.422233,0.496926,-0.758145,-0.397,0.499,0.225,0.411,0.119
26933,898.002,0.98,1,-0.139484,0.501263,-0.853978,-0.385681,0.512485,-0.767209,-0.313,0.559,0.228,0.368,0.126
26934,898.036,0.98,1,-0.146103,0.521607,-0.840583,-0.379519,0.51419,-0.769139,-0.316,0.572,0.24,0.339,0.126
26935,898.069,0.93,1,-0.140639,0.532014,-0.834974,-0.405203,0.506656,-0.760993,-0.33,0.577,0.252,0.322,0.129
26936,898.102,0.93,1,-0.152029,0.511927,-0.845469,-0.40221,0.452049,-0.796166,-0.326,0.531,0.249,0.297,0.129
26937,898.136,0.93,1,-0.151581,0.520619,-0.840226,-0.410193,0.4627,-0.785907,-0.333,0.544,0.262,0.302,0.127
26938,898.169,0.93,1,-0.18722,0.514527,-0.836786,-0.418686,0.440699,-0.794032,-0.356,0.53,0.272,0.31,0.126
26939,898.202,0.93,1,-0.174239,0.53001,-0.829898,-0.427511,0.442645,-0.788226,-0.356,0.541,0.277,0.31,0.128
26940,898.236,0.93,1,-0.174915,0.521888,-0.834888,-0.444533,0.441433,-0.77944,-0.366,0.538,0.287,0.31,0.129
26941,898.269,0.93,1,-0.183839,0.528116,-0.829034,-0.428442,0.467023,-0.773516,-0.365,0.556,0.297,0.312,0.129
26942,898.302,0.93,1,-0.20426,0.515429,-0.832233,-0.450319,0.470199,-0.75903,-0.39,0.555,0.303,0.316,0.132
26943,898.336,0.93,1,-0.282218,0.561267,-0.778031,-0.430367,0.416086,-0.801035,-0.424,0.554,0.309,0.327,0.136
26944,898.369,0.93,1,-0.253042,0.568368,-0.782897,-0.431715,0.418079,-0.799269,-0.408,0.558,0.303,0.322,0.144
26945,898.402,0.93,1,-0.244544,0.562919,-0.789507,-0.427925,0.414462,-0.803182,-0.4,0.55,0.301,0.322,0.151
26946,898.436,0.93,1,-0.250529,0.566432,-0.785105,-0.436859,0.417596,-0.796723,-0.41,0.556,0.302,0.321,0.156
26947,898.469,0.93,1,-0.228711,0.579367,-0.78232,-0.440459,0.428968,-0.788658,-0.403,0.571,0.3,0.32,0.161
26948,898.502,0.93,1,-0.207999,0.581487,-0.786517,-0.443565,0.404857,-0.799588,-0.39,0.556,0.309,0.327,0.166
26949,898.536,0.93,1,-0.195016,0.560948,-0.804554,-0.439435,0.402406,-0.803098,-0.376,0.54,0.312,0.329,0.17
26950,898.569,0.93,1,-0.196413,0.568958,-0.798566,-0.442974,0.393317,-0.805652,-0.379,0.54,0.321,0.335,0.172
26951,898.602,0.93,1,-0.208158,0.56334,-0.799574,-0.465955,0.358369,-0.808986,-0.397,0.52,0.33,0.342,0.175
26952,898.636,0.93,1,-0.208723,0.545478,-0.81172,-0.467667,0.355241,-0.809377,-0.395,0.507,0.332,0.351,0.176
26953,898.669,0.98,1,-0.198344,0.506361,-0.839201,-0.447077,0.317995,-0.836063,-0.368,0.457,0.333,0.358,0.177
26954,898.703,0.98,1,-0.184403,0.521412,-0.833142,-0.488106,0.352628,-0.798377,-0.391,0.492,0.335,0.374,0.178
26955,898.736,0.98,1,-0.160865,0.543515,-0.823841,-0.500176,0.381968,-0.777126,-0.392,0.524,0.373,0.396,0.164
26956,898.769,0.98,1,-0.161414,0.561258,-0.811748,-0.504879,0.411069,-0.759025,-0.401,0.554,0.4,0.406,0.15
26957,898.803,0.98,1,-0.171978,0.57354,-0.800921,-0.497078,0.439119,-0.74839,-0.408,0.579,0.426,0.413,0.135
26958,898.836,0.98,1,-0.174089,0.590632,-0.787939,-0.511065,0.451209,-0.73159,-0.424,0.601,0.456,0.416,0.12
26959,898.869,0.98,1,-0.196312,0.597549,-0.77743,-0.501921,0.467132,-0.727917,-0.434,0.616,0.479,0.421,0.105
26960,898.903,0.98,1,-0.200306,0.602955,-0.77222,-0.506719,0.471533,-0.721729,-0.442,0.624,0.492,0.426,0.097
26961,898.936,0.98,1,-0.187484,0.608891,-0.770779,-0.506211,0.486308,-0.712218,-0.438,0.636,0.504,0.431,0.096
26962,898.969,0.98,1,-0.151861,0.620272,-0.769546,-0.506797,0.480797,-0.715536,-0.417,0.638,0.479,0.445,0.112
26963,899.003,0.98,1,-0.161045,0.637268,-0.753628,-0.503358,0.478319,-0.719612,-0.424,0.648,0.462,0.447,0.126
26964,899.036,0.98,1,-0.156205,0.637678,-0.754299,-0.510088,0.469093,-0.720945,-0.424,0.644,0.495,0.437,0.116
26965,899.069,0.98,1,-0.149114,0.626447,-0.765068,-0.491651,0.449976,-0.74552,-0.401,0.619,0.511,0.432,0.11
26966,899.103,0.98,1,-0.134808,0.619215,-0.773563,-0.501923,0.45959,-0.732701,-0.4,0.622,0.496,0.43,0.118
26967,899.136,0.98,1,-0.098536,0.633559,-0.767394,-0.495794,0.440591,-0.748377,-0.374,0.617,0.495,0.431,0.123
26968,899.169,0.98,1,-0.088721,0.637159,-0.765609,-0.495468,0.447355,-0.74457,-0.369,0.623,0.492,0.422,0.126
26969,899.203,0.98,1,-0.096887,0.616709,-0.781206,-0.500143,0.429157,-0.752118,-0.371,0.599,0.5,0.42,0.127
26970,899.236,0.98,1,-0.086304,0.622937,-0.777497,-0.511271,0.445221,-0.735106,-0.376,0.615,0.509,0.417,0.127
26971,899.269,0.98,1,-0.102489,0.640831,-0.76081,-0.516835,0.474618,-0.712474,-0.398,0.648,0.518,0.422,0.126
26972,899.303,0.98,1,-0.103043,0.634939,-0.765659,-0.487742,0.474723,-0.732629,-0.376,0.637,0.54,0.427,0.122
26973,899.336,0.98,1,-0.112483,0.650531,-0.751104,-0.492895,0.472257,-0.730772,-0.388,0.648,0.542,0.423,0.126
26974,899.369,0.98,1,-0.118351,0.661192,-0.740823,-0.506085,0.497591,-0.704472,-0.408,0.676,0.538,0.412,0.131
26975,899.403,0.98,1,-0.122882,0.661737,-0.739597,-0.518843,0.48938,-0.700935,-0.419,0.674,0.532,0.411,0.135
26976,899.436,0.98,1,-0.109768,0.66573,-0.738075,-0.505292,0.501765,-0.702077,-0.404,0.681,0.528,0.414,0.14
26977,899.469,0.98,1,-0.115646,0.662564,-0.740024,-0.502578,0.495311,-0.708578,-0.403,0.674,0.529,0.428,0.141
26978,899.503,0.98,1,-0.107843,0.662825,-0.740968,-0.500956,0.490072,-0.713354,-0.396,0.67,0.531,0.426,0.145
26979,899.536,0.98,1,-0.103182,0.664498,-0.740133,-0.519996,0.464339,-0.716933,-0.404,0.659,0.544,0.437,0.141
26980,899.569,0.98,1,-0.103849,0.660799,-0.743344,-0.48463,0.485154,-0.727845,-0.381,0.662,0.556,0.433,0.141
26981,899.603,0.98,1,-0.134369,0.653644,-0.744778,-0.477513,0.488315,-0.730431,-0.393,0.659,0.548,0.435,0.148
26982,899.636,0.98,1,-0.101364,0.656008,-0.747916,-0.47056,0.493333,-0.731571,-0.369,0.66,0.553,0.449,0.152
26983,899.669,0.98,1,-0.13432,0.663023,-0.73645,-0.480248,0.511481,-0.712565,-0.401,0.681,0.542,0.455,0.162
26984,899.703,0.98,1,-0.161319,0.659807,-0.733915,-0.490396,0.466589,-0.736075,-0.417,0.654,0.559,0.484,0.155
26985,899.736,0.98,1,-0.16168,0.650753,-0.741876,-0.501908,0.485923,-0.715519,-0.427,0.662,0.545,0.481,0.159
26986,899.769,0.98,1,-0.176413,0.643767,-0.744609,-0.491187,0.503268,-0.710955,-0.43,0.667,0.543,0.487,0.157
26987,899.803,0.98,1,-0.205459,0.63259,-0.746737,-0.50408,0.491413,-0.710223,-0.453,0.657,0.548,0.492,0.15
26988,899.836,0.98,1,-0.179709,0.627237,-0.757812,-0.567682,0.573954,-0.590182,-0.506,0.728,0.529,0.482,0.159
26989,899.87,0.98,1,-0.169994,0.645741,-0.744392,-0.575499,0.567829,-0.588533,-0.51,0.739,0.526,0.498,0.154
26990,899.903,0.98,1,-0.233172,0.593767,-0.770111,-0.523388,0.468282,-0.711883,-0.472,0.622,0.502,0.499,0.167
26991,899.936,0.98,1,-0.256721,0.598245,-0.759077,-0.495852,0.54182,-0.678647,-0.482,0.67,0.495,0.501,0.168
26992,899.97,0.98,1,-0.248814,0.588998,-0.768878,-0.5441,0.53876,-0.64319,-0.512,0.674,0.481,0.489,0.176
26993,900.003,0.98,1,-0.267909,0.595881,-0.757067,-0.561028,0.529433,-0.636355,-0.537,0.679,0.466,0.489,0.177
26994,900.036,0.98,1,-0.284624,0.57262,-0.768827,-0.549235,0.539023,-0.638588,-0.535,0.669,0.466,0.497,0.171
26995,900.07,0.98,1,-0.291567,0.580509,-0.760262,-0.536377,0.552876,-0.637673,-0.535,0.681,0.469,0.506,0.169
26996,900.103,0.98,1,-0.278966,0.587693,-0.75947,-0.53591,0.564351,-0.627939,-0.531,0.693,0.463,0.503,0.171
26997,900.136,0.98,1,-0.298699,0.571774,-0.764103,-0.537903,0.556383,-0.633323,-0.539,0.679,0.457,0.501,0.169
26998,900.17,0.98,1,-0.347225,0.516096,-0.782994,-0.552038,0.54333,-0.632492,-0.566,0.643,0.458,0.503,0.167
26999,900.203,0.98,1,-0.228188,0.591573,-0.773286,-0.541418,0.531959,-0.651065,-0.495,0.668,0.477,0.522,0.148
27000,900.236,0.98,1,-0.213381,0.586649,-0.781224,-0.560809,0.490941,-0.666686,-0.491,0.64,0.503,0.518,0.132
27001,900.27,0.98,1,-0.210418,0.579344,-0.787455,-0.556759,0.474608,-0.681738,-0.481,0.622,0.495,0.497,0.124
27002,900.303,0.98,1,-0.196098,0.545045,-0.815152,-0.566348,0.436917,-0.698822,-0.467,0.575,0.482,0.474,0.121
27003,900.336,0.98,1,-0.205435,0.546939,-0.811575,-0.533071,0.445949,-0.719003,-0.45,0.575,0.471,0.461,0.118
27004,900.37,0.98,1,-0.216659,0.542037,-0.811945,-0.526008,0.430535,-0.733454,-0.448,0.562,0.477,0.471,0.108
27005,900.403,0.98,1,-0.207639,0.536153,-0.818184,-0.529833,0.414455,-0.739935,-0.442,0.548,0.446,0.482,0.113
27006,900.436,0.98,1,-0.223522,0.533186,-0.815936,-0.51908,0.43405,-0.736312,-0.446,0.557,0.404,0.482,0.127
27007,900.47,0.98,1,-0.227884,0.529276,-0.817273,-0.527804,0.422903,-0.736597,-0.453,0.55,0.374,0.488,0.135
27008,900.503,0.98,1,-0.217294,0.501932,-0.837167,-0.528957,0.399482,-0.748745,-0.44,0.517,0.383,0.475,0.123
27009,900.536,0.98,1,-0.19505,0.503317,-0.8418,-0.520938,0.423644,-0.741046,-0.425,0.53,0.357,0.434,0.12
27010,900.57,0.98,1,-0.237906,0.487851,-0.839882,-0.504871,0.408041,-0.760663,-0.434,0.51,0.333,0.418,0.121
27011,900.603,0.98,1,-0.209349,0.483965,-0.849677,-0.511561,0.370712,-0.775164,-0.418,0.484,0.336,0.423,0.114
27012,900.636,0.98,1,-0.244776,0.510617,-0.82423,-0.524265,0.41772,-0.742062,-0.456,0.535,0.346,0.444,0.107
27013,900.67,0.98,1,-0.188455,0.49641,-0.847385,-0.470262,0.427739,-0.771941,-0.386,0.519,0.308,0.427,0.116
27014,900.703,0.98,1,-0.183447,0.494654,-0.849509,-0.46853,0.426982,-0.773412,-0.382,0.516,0.301,0.424,0.112
27015,900.736,0.98,1,-0.178586,0.492786,-0.851627,-0.466051,0.424649,-0.77619,-0.377,0.513,0.299,0.429,0.107
27016,900.77,0.98,1,-0.194124,0.490912,-0.849306,-0.473123,0.43409,-0.766629,-0.392,0.52,0.298,0.44,0.104
27017,900.803,0.98,1,-0.190294,0.488717,-0.851436,-0.472749,0.443316,-0.761564,-0.39,0.524,0.284,0.429,0.108
27018,900.836,0.98,1,-0.18536,0.485973,-0.854091,-0.458206,0.447636,-0.767899,-0.378,0.522,0.284,0.418,0.109
27019,900.87,0.98,1,-0.187799,0.547047,-0.815764,-0.477331,0.43934,-0.761009,-0.399,0.559,0.306,0.446,0.098
27020,900.903,0.98,1,-0.191613,0.540313,-0.819357,-0.502807,0.425068,-0.752663,-0.416,0.551,0.3,0.454,0.09
27021,900.937,0.98,1,-0.208874,0.459602,-0.863213,-0.488586,0.37277,-0.788876,-0.399,0.467,0.275,0.453,0.088
27022,900.97,0.98,1,-0.222442,0.464077,-0.85741,-0.498966,0.37362,-0.781947,-0.415,0.472,0.284,0.464,0.078
27023,901.003,0.98,1,-0.233951,0.464258,-0.854243,-0.500863,0.379511,-0.777887,-0.423,0.477,0.291,0.483,0.067
27024,901.037,0.98,1,-0.24649,0.471748,-0.846579,-0.505259,0.379917,-0.77484,-0.434,0.484,0.298,0.501,0.061
27025,901.07,0.98,1,-0.248852,0.465303,-0.84945,-0.510923,0.382192,-0.769992,-0.439,0.482,0.302,0.507,0.056
27026,901.103,0.98,1,-0.245642,0.471415,-0.847011,-0.493076,0.360474,-0.791792,-0.423,0.47,0.298,0.493,0.054
27027,901.137,0.98,1,-0.271894,0.455476,-0.847712,-0.495389,0.342436,-0.798328,-0.436,0.451,0.279,0.505,0.057
27028,901.17,0.98,1,-0.298345,0.44144,-0.84624,-0.527443,0.330524,-0.782661,-0.469,0.443,0.26,0.5,0.059
27029,901.203,0.98,1,-0.285302,0.46266,-0.839374,-0.522742,0.331845,-0.785252,-0.462,0.455,0.253,0.499,0.061
27030,901.237,0.98,1,-0.271556,0.429734,-0.861154,-0.536512,0.307974,-0.785689,-0.456,0.421,0.248,0.502,0.061
27031,901.27,0.98,1,-0.2435,0.412947,-0.8776,-0.536877,0.290178,-0.792187,-0.437,0.399,0.232,0.477,0.062
27032,901.303,0.98,1,-0.239366,0.404294,-0.882752,-0.525165,0.291474,-0.799528,-0.427,0.392,0.228,0.47,0.065
27033,901.337,0.98,1,-0.236307,0.406812,-0.882419,-0.513864,0.288323,-0.807969,-0.418,0.39,0.219,0.464,0.07
27034,901.37,0.98,1,-0.249032,0.409039,-0.877878,-0.51645,0.287519,-0.806605,-0.427,0.392,0.224,0.464,0.072
27035,901.403,0.98,1,-0.271595,0.45554,-0.847773,-0.51207,0.31953,-0.797299,-0.445,0.44,0.244,0.476,0.067
27036,901.437,0.98,1,-0.272469,0.463059,-0.843408,-0.519189,0.315397,-0.794334,-0.45,0.444,0.248,0.477,0.071
27037,901.47,0.98,1,-0.29207,0.414946,-0.861693,-0.515432,0.294105,-0.80488,-0.451,0.402,0.239,0.488,0.075
27038,901.503,0.98,1,-0.254296,0.421208,-0.870585,-0.49225,0.303375,-0.815876,-0.417,0.406,0.235,0.491,0.079
27039,901.537,0.98,1,-0.204849,0.460046,-0.863941,-0.487199,0.325263,-0.810457,-0.392,0.439,0.239,0.483,0.08
27040,901.57,0.98,1,-0.203405,0.450486,-0.869303,-0.467819,0.327542,-0.820891,-0.378,0.431,0.227,0.474,0.082
27041,901.603,0.98,1,-0.206229,0.444077,-0.871932,-0.470629,0.320957,-0.821885,-0.38,0.424,0.22,0.47,0.078
27042,901.637,0.98,1,-0.211488,0.442477,-0.871486,-0.474073,0.323517,-0.818896,-0.385,0.425,0.208,0.466,0.079
27043,901.67,0.98,1,-0.190223,0.444622,-0.875287,-0.469725,0.318001,-0.82355,-0.371,0.422,0.201,0.46,0.078
27044,901.703,0.98,1,-0.266468,0.432987,-0.861114,-0.421594,0.34596,-0.838194,-0.385,0.43,0.203,0.468,0.076
27045,901.737,0.98,1,-0.285505,0.492894,-0.821914,-0.426583,0.458018,-0.779901,-0.418,0.536,0.217,0.45,0.074
27046,901.77,0.98,1,-0.302989,0.378675,-0.87453,-0.414195,0.420797,-0.807077,-0.403,0.444,0.212,0.444,0.08
27103,903.671,0.98,1,-0.39332,0.23175,-0.889714,-0.400006,0.441774,-0.803014,-0.438,0.379,0.16,0.324,0.065
27104,903.704,0.98,1,-0.428894,0.229813,-0.873634,-0.452799,0.461197,-0.763067,-0.494,0.399,0.154,0.364,0.074
27105,903.737,0.98,1,-0.441639,0.225766,-0.868323,-0.485146,0.462335,-0.742213,-0.522,0.404,0.175,0.417,0.07
27106,903.771,0.98,1,-0.416906,0.202365,-0.886137,-0.525558,0.445427,-0.724833,-0.529,0.382,0.175,0.468,0.07
27107,903.804,0.98,1,-0.419813,0.21681,-0.881334,-0.551364,0.44226,-0.707393,-0.549,0.393,0.178,0.515,0.064
27108,903.837,0.98,1,-0.478868,0.234751,-0.845918,-0.578135,0.436122,-0.689607,-0.603,0.412,0.195,0.58,0.053
27109,903.871,0.98,1,-0.48478,0.219239,-0.846713,-0.597307,0.436762,-0.672654,-0.619,0.408,0.212,0.635,0.051
27110,903.904,0.98,1,-0.512629,0.286078,-0.80955,-0.591452,0.437138,-0.677566,-0.639,0.453,0.222,0.651,0.057
27111,903.937,0.98,1,-0.517391,0.278075,-0.809309,-0.607064,0.42943,-0.668627,-0.65,0.446,0.211,0.656,0.062
27113,904.004,0.98,1,-0.521958,0.248077,-0.816099,-0.657543,0.396325,-0.640752,-0.681,0.416,0.191,0.67,0.071
27114,904.037,0.98,1,-0.537916,0.240918,-0.807839,-0.67594,0.388933,-0.625968,-0.703,0.414,0.189,0.689,0.068
27115,904.071,0.98,1,-0.550203,0.225089,-0.804121,-0.667595,0.386869,-0.63612,-0.702,0.402,0.192,0.685,0.066
27118,904.171,0.98,1,-0.492582,0.337603,-0.802114,-0.613186,0.375444,-0.695014,-0.636,0.444,0.186,0.708,0.069
27123,904.338,0.88,1,-0.475154,0.302967,-0.826099,-0.610366,0.389443,-0.689774,-0.621,0.428,0.179,0.721,0.068
27124,904.371,0.88,1,-0.51925,0.255784,-0.815447,-0.619887,0.402128,-0.67382,-0.653,0.416,0.213,0.743,0.052
27125,904.404,0.88,1,-0.529435,0.245573,-0.81203,-0.614228,0.410951,-0.673678,-0.656,0.416,0.236,0.748,0.038
27126,904.438,0.88,1,-0.480458,0.330946,-0.812179,-0.607433,0.401646,-0.685351,-0.628,0.455,0.241,0.734,0.041
27127,904.471,0.88,1,-0.506349,0.347464,-0.789227,-0.612987,0.334573,-0.715757,-0.639,0.425,0.256,0.736,0.042
27128,904.504,0.88,1,-0.496204,0.351337,-0.793942,-0.606873,0.333948,-0.721237,-0.629,0.425,0.256,0.728,0.042
27129,904.538,0.88,1,-0.493558,0.359076,-0.792127,-0.675494,0.380772,-0.631443,-0.688,0.479,0.236,0.717,0.054
27130,904.571,0.93,1,-0.496589,0.339083,-0.799013,-0.661398,0.37915,-0.647145,-0.675,0.461,0.217,0.714,0.061
27131,904.604,0.88,1,-0.49339,0.328692,-0.805312,-0.596757,0.39639,-0.697679,-0.628,0.449,0.23,0.734,0.056
27134,904.704,0.93,1,-0.512873,0.308033,-0.801297,-0.61935,0.33412,-0.710472,-0.643,0.402,0.251,0.775,0.059
27135,904.738,0.93,1,-0.509748,0.30193,-0.805602,-0.625886,0.341706,-0.701073,-0.646,0.404,0.246,0.78,0.061
27136,904.771,0.93,1,-0.512676,0.30393,-0.802988,-0.627149,0.347032,-0.697318,-0.65,0.409,0.244,0.772,0.065
27137,904.804,0.93,1,-0.512964,0.294369,-0.806359,-0.664008,0.340516,-0.665689,-0.674,0.407,0.238,0.76,0.067
27138,904.838,0.93,1,-0.490582,0.285714,-0.823224,-0.663472,0.397467,-0.633896,-0.67,0.438,0.222,0.746,0.068
27139,904.871,0.88,1,-0.481062,0.282244,-0.830011,-0.656079,0.425066,-0.623602,-0.664,0.453,0.22,0.745,0.061
27140,904.904,0.88,1,-0.479214,0.2826,-0.830958,-0.65633,0.437133,-0.614935,-0.666,0.462,0.216,0.745,0.062
27141,904.938,0.88,1,-0.476212,0.281213,-0.833152,-0.658227,0.397445,-0.639355,-0.656,0.432,0.216,0.745,0.059
27142,904.971,0.88,1,-0.467884,0.300295,-0.831209,-0.633808,0.418708,-0.650362,-0.639,0.452,0.229,0.743,0.057
27143,905.004,0.88,1,-0.469953,0.284148,-0.835706,-0.63133,0.424057,-0.649306,-0.638,0.445,0.231,0.756,0.055
27144,905.038,0.88,1,-0.467588,0.274959,-0.840095,-0.62644,0.442424,-0.641743,-0.636,0.451,0.223,0.749,0.057
27145,905.071,0.88,1,-0.463247,0.295797,-0.835408,-0.617776,0.463035,-0.635572,-0.634,0.476,0.233,0.748,0.052
27146,905.104,0.88,1,-0.470466,0.290606,-0.833193,-0.632437,0.463225,-0.620844,-0.649,0.478,0.237,0.757,0.05
27147,905.138,0.88,1,-0.471366,0.286329,-0.834164,-0.634453,0.467009,-0.615932,-0.652,0.479,0.239,0.748,0.053
27148,905.171,0.88,1,-0.478916,0.282763,-0.831074,-0.629831,0.425296,-0.649951,-0.643,0.446,0.231,0.751,0.051
27149,905.204,0.88,1,-0.464234,0.309428,-0.829904,-0.630884,0.495609,-0.596956,-0.655,0.514,0.239,0.751,0.047
27150,905.238,0.88,1,-0.478347,0.354504,-0.803437,-0.624222,0.48894,-0.609331,-0.663,0.538,0.251,0.754,0.044
27151,905.271,0.88,1,-0.468935,0.371721,-0.801201,-0.628298,0.490277,-0.604044,-0.663,0.55,0.245,0.761,0.045
27152,905.304,0.88,1,-0.468605,0.365313,-0.804335,-0.635285,0.498988,-0.589426,-0.67,0.555,0.257,0.761,0.043
27153,905.338,0.88,1,-0.460072,0.37496,-0.804822,-0.662794,0.493638,-0.563051,-0.687,0.566,0.26,0.774,0.045
27154,905.371,0.93,1,-0.471567,0.377299,-0.797038,-0.678243,0.490753,-0.546943,-0.708,0.573,0.288,0.799,0.033
27155,905.405,0.88,1,-0.460854,0.367108,-0.807988,-0.7026,0.465827,-0.53792,-0.713,0.554,0.289,0.793,0.027
27156,905.438,0.88,1,-0.47466,0.369971,-0.798636,-0.732651,0.430621,-0.527056,-0.739,0.543,0.304,0.805,0.019
27157,905.471,0.88,1,-0.465885,0.373023,-0.802374,-0.696779,0.466685,-0.544706,-0.712,0.557,0.29,0.795,0.016
27158,905.505,0.88,1,-0.488975,0.376639,-0.786795,-0.669208,0.457766,-0.58533,-0.701,0.546,0.3,0.801,0.01
27159,905.538,0.88,1,-0.528306,0.364662,-0.766756,-0.676369,0.350662,-0.647735,-0.705,0.468,0.299,0.827,0.0
27160,905.571,0.93,1,-0.523264,0.316829,-0.791084,-0.742736,0.33008,-0.582572,-0.745,0.44,0.307,0.829,-0.015
27161,905.605,0.93,1,-0.527395,0.312107,-0.790217,-0.755721,0.321886,-0.570328,-0.756,0.436,0.31,0.843,-0.028
27221,907.605,0.98,1,-0.354819,0.359357,-0.863114,-0.550469,0.357336,-0.754517,-0.51,0.417,0.27,0.656,-0.013
27222,907.639,0.98,1,-0.297731,0.42583,-0.854415,-0.535293,0.361995,-0.763165,-0.476,0.453,0.275,0.616,-0.006
27223,907.672,0.93,1,-0.366988,0.348235,-0.862585,-0.482163,0.488436,-0.727289,-0.491,0.484,0.306,0.598,-0.058
27224,907.705,0.93,1,-0.371452,0.344073,-0.862344,-0.522333,0.527106,-0.670319,-0.528,0.517,0.316,0.59,-0.067
27225,907.739,0.93,1,-0.370635,0.339087,-0.864668,-0.525622,0.525169,-0.669268,-0.529,0.513,0.319,0.582,-0.07
27226,907.772,0.93,1,-0.354265,0.330883,-0.87465,-0.473928,0.479376,-0.738642,-0.474,0.465,0.304,0.564,-0.065
27227,907.805,0.93,1,-0.331286,0.316922,-0.888713,-0.476379,0.493628,-0.727595,-0.463,0.465,0.289,0.54,-0.058
27228,907.839,0.93,1,-0.332235,0.30296,-0.893216,-0.424101,0.449671,-0.786088,-0.423,0.421,0.262,0.504,-0.046
27229,907.872,0.98,1,-0.389011,0.310764,-0.867235,-0.432329,0.39909,-0.80859,-0.456,0.401,0.226,0.456,-0.026
27234,908.039,0.93,1,-0.300442,0.380142,-0.874772,-0.476949,0.369274,-0.797594,-0.435,0.421,0.231,0.453,-0.018
27235,908.072,0.93,1,-0.292442,0.379534,-0.877742,-0.478594,0.366864,-0.79772,-0.431,0.419,0.225,0.442,-0.013
27249,908.539,0.98,1,-0.278584,0.366712,-0.887645,-0.472953,0.358889,-0.804682,-0.418,0.405,0.203,0.42,0.007
27250,908.572,0.98,1,-0.275283,0.371425,-0.886715,-0.466103,0.353562,-0.811013,-0.412,0.404,0.202,0.416,0.009
27270,909.239,0.98,1,-0.25305,0.32896,-0.909808,-0.366778,0.407226,-0.836446,-0.341,0.399,0.16,0.337,0.052
27271,909.272,0.98,1,-0.241563,0.348097,-0.905801,-0.376993,0.391689,-0.839319,-0.341,0.401,0.155,0.369,0.052
27272,909.306,0.98,1,-0.269562,0.35494,-0.895184,-0.394149,0.387625,-0.833303,-0.367,0.406,0.161,0.399,0.05
27296,910.106,0.98,1,-0.521134,0.290151,-0.80264,-0.568068,0.390066,-0.72467,-0.619,0.419,0.238,0.572,0.118
27297,910.139,0.98,1,-0.540083,0.32583,-0.77598,-0.573059,0.478565,-0.665266,-0.658,0.509,0.26,0.602,0.115
27298,910.173,0.98,1,-0.547174,0.357103,-0.757019,-0.632387,0.445427,-0.633784,-0.703,0.523,0.245,0.62,0.12
27299,910.206,0.93,1,-0.536407,0.351992,-0.767052,-0.645414,0.44843,-0.618346,-0.706,0.524,0.238,0.675,0.12
27300,910.239,0.88,1,-0.538412,0.314053,-0.781974,-0.727063,0.349092,-0.591198,-0.745,0.45,0.249,0.761,0.13
27301,910.273,0.93,1,-0.566842,0.282929,-0.773719,-0.727757,0.339952,-0.595652,-0.757,0.427,0.221,0.807,0.151
27302,910.306,0.93,1,-0.520925,0.349524,-0.778762,-0.72963,0.318042,-0.605384,-0.735,0.449,0.206,0.824,0.164
27303,910.339,0.93,1,-0.515454,0.344024,-0.784828,-0.714338,0.318071,-0.623339,-0.718,0.44,0.211,0.849,0.17
27310,910.573,0.88,1,-0.578077,0.328041,-0.747138,-0.68699,0.312248,-0.65616,-0.734,0.428,0.224,0.832,0.141
27311,910.606,0.88,1,-0.577614,0.326506,-0.748169,-0.692388,0.308502,-0.652246,-0.737,0.426,0.258,0.839,0.118
27312,910.639,0.98,1,-0.616507,0.339257,-0.710509,-0.679832,0.300309,-0.669061,-0.754,0.434,0.277,0.839,0.105
27313,910.673,0.98,1,-0.547601,0.336803,-0.765961,-0.621687,0.337373,-0.706883,-0.671,0.429,0.286,0.833,0.094
27314,910.706,0.98,1,-0.499084,0.377457,-0.780026,-0.638449,0.374429,-0.672448,-0.664,0.478,0.301,0.822,0.08
27315,910.739,0.98,1,-0.466305,0.378727,-0.799453,-0.644558,0.499425,-0.578895,-0.678,0.567,0.298,0.807,0.078
27316,910.773,0.98,1,-0.4429,0.374331,-0.814688,-0.649023,0.485955,-0.585335,-0.662,0.551,0.279,0.775,0.093
27317,910.806,0.98,1,-0.455905,0.35467,-0.816309,-0.677696,0.483677,-0.553881,-0.691,0.549,0.263,0.743,0.107
27318,910.839,0.98,1,-0.383676,0.283925,-0.878737,-0.588685,0.414323,-0.694108,-0.554,0.418,0.254,0.698,0.12
27320,910.906,0.93,1,-0.400767,0.457638,-0.793696,-0.52602,0.443924,-0.72542,-0.548,0.536,0.251,0.562,0.123
27321,910.94,0.98,1,-0.423691,0.441198,-0.791094,-0.541298,0.474539,-0.694125,-0.576,0.553,0.285,0.563,0.087
27322,910.973,0.98,1,-0.530293,0.330656,-0.780677,-0.572933,0.480527,-0.663958,-0.652,0.512,0.323,0.596,0.065
27323,911.006,0.98,1,-0.509541,0.322808,-0.797599,-0.57059,0.486861,-0.661357,-0.637,0.507,0.356,0.597,0.048
27324,911.04,0.98,1,-0.505457,0.328032,-0.798065,-0.56292,0.495646,-0.661405,-0.632,0.514,0.37,0.583,0.037
27325,911.073,0.98,1,-0.513654,0.341775,-0.786987,-0.579564,0.490922,-0.650463,-0.65,0.525,0.374,0.564,0.03
27326,911.106,0.98,1,-0.480034,0.32838,-0.81347,-0.580423,0.432788,-0.689785,-0.614,0.469,0.351,0.532,0.032
27327,911.14,0.98,1,-0.474679,0.33463,-0.814066,-0.560672,0.424957,-0.710675,-0.597,0.462,0.358,0.541,0.026
27328,911.173,0.98,1,-0.462477,0.33185,-0.822186,-0.557082,0.416304,-0.718576,-0.585,0.452,0.36,0.521,0.026
27329,911.206,0.98,1,-0.471218,0.341545,-0.813204,-0.552044,0.428434,-0.715327,-0.59,0.467,0.367,0.518,0.028
27330,911.24,0.98,1,-0.468296,0.34192,-0.814732,-0.553252,0.428398,-0.714414,-0.589,0.467,0.359,0.505,0.034
27331,911.273,0.93,1,-0.462443,0.338115,-0.819649,-0.541291,0.429106,-0.723098,-0.577,0.461,0.352,0.483,0.04
27332,911.306,0.93,1,-0.461689,0.325258,-0.825258,-0.544454,0.429956,-0.720214,-0.577,0.455,0.341,0.471,0.048
27333,911.34,0.93,1,-0.464535,0.327948,-0.822592,-0.552491,0.419911,-0.720019,-0.583,0.451,0.343,0.491,0.054
27334,911.373,0.98,1,-0.476673,0.318794,-0.81924,-0.552155,0.401547,-0.730674,-0.586,0.435,0.339,0.5,0.063
27335,911.406,0.98,1,-0.458811,0.343421,-0.819484,-0.555063,0.393129,-0.733044,-0.579,0.443,0.329,0.499,0.07
27336,911.44,0.98,1,-0.46481,0.349107,-0.813681,-0.559383,0.404407,-0.723565,-0.588,0.456,0.339,0.506,0.062
27337,911.473,0.98,1,-0.471219,0.362603,-0.804035,-0.563048,0.424857,-0.708854,-0.6,0.48,0.359,0.516,0.05
27338,911.506,0.98,1,-0.468043,0.365121,-0.804749,-0.56904,0.421219,-0.706235,-0.602,0.48,0.357,0.522,0.05
27339,911.54,0.98,1,-0.46426,0.374269,-0.802736,-0.575548,0.424428,-0.699003,-0.606,0.489,0.346,0.512,0.058
27340,911.573,0.98,1,-0.471577,0.374158,-0.798512,-0.568812,0.435842,-0.697492,-0.608,0.496,0.363,0.522,0.053
27341,911.606,0.98,1,-0.459629,0.392849,-0.796499,-0.574984,0.444592,-0.686827,-0.609,0.514,0.372,0.533,0.044
27342,911.64,0.98,1,-0.46389,0.385966,-0.797393,-0.565654,0.43647,-0.699664,-0.602,0.502,0.355,0.524,0.056
27343,911.673,0.98,1,-0.458371,0.37825,-0.804253,-0.564678,0.426889,-0.706332,-0.595,0.49,0.341,0.527,0.066
27344,911.706,0.98,1,-0.48027,0.362095,-0.798892,-0.579237,0.420189,-0.698516,-0.616,0.481,0.338,0.54,0.068
27345,911.74,0.98,1,-0.508177,0.323637,-0.798132,-0.579222,0.415543,-0.701303,-0.627,0.458,0.331,0.552,0.072
27346,911.773,0.98,1,-0.503162,0.321608,-0.80212,-0.568169,0.428418,-0.702597,-0.619,0.462,0.328,0.553,0.07
27347,911.806,0.98,1,-0.505204,0.315085,-0.803424,-0.569377,0.424967,-0.703713,-0.619,0.456,0.323,0.556,0.075
27348,911.84,0.98,1,-0.506725,0.316489,-0.801913,-0.578317,0.419171,-0.69989,-0.626,0.455,0.324,0.557,0.08
27349,911.873,0.98,1,-0.50023,0.321465,-0.804009,-0.574129,0.429225,-0.697239,-0.621,0.464,0.317,0.559,0.079
27350,911.906,0.98,1,-0.508808,0.3223,-0.798271,-0.55777,0.436273,-0.706087,-0.617,0.467,0.317,0.556,0.076
27351,911.94,0.98,1,-0.510933,0.322085,-0.797,-0.595919,0.415088,-0.687446,-0.641,0.461,0.298,0.548,0.085
27352,911.973,0.98,1,-0.501288,0.318651,-0.80447,-0.590022,0.4193,-0.689972,-0.631,0.459,0.294,0.54,0.089
27353,912.006,0.98,1,-0.509417,0.320884,-0.798453,-0.590614,0.410995,-0.694448,-0.635,0.456,0.289,0.533,0.096
27354,912.04,0.98,1,-0.496211,0.311855,-0.81026,-0.588882,0.401767,-0.701285,-0.623,0.441,0.29,0.534,0.098
27355,912.073,0.98,1,-0.491198,0.303813,-0.816347,-0.55836,0.409668,-0.721392,-0.599,0.434,0.287,0.527,0.096
27356,912.107,0.98,1,-0.485131,0.302138,-0.820586,-0.571224,0.403457,-0.714791,-0.603,0.431,0.285,0.526,0.097
27357,912.14,0.98,1,-0.486511,0.303009,-0.819447,-0.58931,0.406622,-0.69812,-0.617,0.437,0.285,0.534,0.096
27358,912.173,0.98,1,-0.492973,0.300828,-0.816382,-0.584154,0.396954,-0.707949,-0.615,0.429,0.279,0.525,0.095
27359,912.207,0.98,1,-0.489571,0.301118,-0.818321,-0.569463,0.401353,-0.717375,-0.604,0.429,0.276,0.521,0.094
27360,912.24,0.98,1,-0.493512,0.304962,-0.814521,-0.573053,0.402586,-0.713817,-0.609,0.434,0.27,0.519,0.092
27361,912.273,0.98,1,-0.488276,0.298465,-0.820064,-0.575025,0.398879,-0.714312,-0.606,0.427,0.267,0.515,0.09
27362,912.307,0.98,1,-0.48846,0.300256,-0.819301,-0.570381,0.395723,-0.71977,-0.603,0.425,0.263,0.511,0.088
27363,912.34,0.98,1,-0.485772,0.302672,-0.82001,-0.570562,0.397013,-0.718916,-0.602,0.427,0.265,0.513,0.084
27364,912.373,0.98,1,-0.490459,0.301628,-0.817601,-0.564112,0.403553,-0.720363,-0.601,0.43,0.266,0.512,0.08
27365,912.407,0.98,1,-0.481849,0.29955,-0.823463,-0.556165,0.407448,-0.724339,-0.591,0.428,0.265,0.516,0.076
27366,912.44,0.98,1,-0.475301,0.299449,-0.827297,-0.55524,0.409568,-0.723853,-0.586,0.429,0.265,0.518,0.07
27367,912.473,0.98,1,-0.477592,0.302213,-0.824969,-0.548669,0.413075,-0.726865,-0.584,0.432,0.27,0.518,0.064
27368,912.507,0.98,1,-0.485184,0.296918,-0.822458,-0.534116,0.408196,-0.740335,-0.578,0.424,0.257,0.508,0.065
27369,912.54,0.98,1,-0.472829,0.300564,-0.828308,-0.532915,0.398378,-0.746523,-0.568,0.418,0.254,0.512,0.067
27370,912.573,0.98,1,-0.458202,0.292609,-0.839304,-0.530005,0.389993,-0.752994,-0.555,0.405,0.249,0.51,0.067
27371,912.607,0.98,1,-0.500316,0.289983,-0.815839,-0.539579,0.397649,-0.742111,-0.589,0.416,0.243,0.507,0.067
27372,912.64,0.98,1,-0.462153,0.333626,-0.82165,-0.533794,0.399212,-0.745448,-0.566,0.437,0.239,0.5,0.063
27373,912.673,0.98,1,-0.400398,0.398338,-0.825232,-0.540023,0.392036,-0.74477,-0.54,0.466,0.239,0.502,0.062
27374,912.707,0.98,1,-0.405772,0.404328,-0.819676,-0.551182,0.397109,-0.733827,-0.552,0.476,0.245,0.507,0.061
27375,912.74,0.98,1,-0.390635,0.421672,-0.818289,-0.54397,0.396749,-0.739383,-0.54,0.484,0.25,0.512,0.063
27376,912.773,0.98,1,-0.405309,0.412911,-0.815616,-0.547086,0.398629,-0.736065,-0.55,0.482,0.262,0.52,0.061
27377,912.807,0.98,1,-0.395957,0.414944,-0.81917,-0.552863,0.399955,-0.731012,-0.549,0.484,0.26,0.52,0.061
27378,912.84,0.98,1,-0.393288,0.431578,-0.811828,-0.55492,0.41022,-0.723729,-0.553,0.501,0.26,0.53,0.059
27379,912.873,0.98,1,-0.391912,0.424907,-0.816002,-0.545464,0.434921,-0.716458,-0.549,0.511,0.257,0.534,0.06
27380,912.907,0.98,1,-0.396303,0.418573,-0.817154,-0.543963,0.420317,-0.726249,-0.547,0.498,0.253,0.526,0.058
27381,912.94,0.98,1,-0.389817,0.416322,-0.821412,-0.552505,0.412265,-0.724414,-0.547,0.492,0.251,0.524,0.059
27382,912.973,0.98,1,-0.400361,0.437089,-0.805397,-0.537747,0.425294,-0.727979,-0.549,0.512,0.243,0.518,0.064
27383,913.007,0.98,1,-0.410874,0.406865,-0.81587,-0.527037,0.420744,-0.738381,-0.543,0.489,0.227,0.505,0.069
27384,913.04,0.98,1,-0.413876,0.403197,-0.816173,-0.534039,0.417792,-0.735019,-0.549,0.487,0.216,0.506,0.074
27385,913.073,0.98,1,-0.411907,0.401264,-0.81812,-0.522192,0.419779,-0.742361,-0.539,0.484,0.211,0.507,0.078
27386,913.107,0.98,1,-0.412942,0.40597,-0.815271,-0.524154,0.408281,-0.747375,-0.54,0.48,0.209,0.506,0.084
27387,913.14,0.98,1,-0.440004,0.401074,-0.803453,-0.540063,0.403654,-0.738509,-0.566,0.481,0.218,0.512,0.083
27388,913.174,0.98,1,-0.439524,0.383654,-0.812175,-0.53343,0.40667,-0.741668,-0.559,0.471,0.218,0.505,0.084
27389,913.207,0.98,1,-0.443123,0.374468,-0.814503,-0.533844,0.404511,-0.742551,-0.56,0.464,0.215,0.506,0.087
27390,913.24,0.98,1,-0.441933,0.387748,-0.808917,-0.533155,0.407922,-0.741179,-0.562,0.474,0.218,0.505,0.086
27391,913.274,0.98,1,-0.447804,0.38095,-0.808918,-0.535718,0.417456,-0.733987,-0.568,0.478,0.218,0.503,0.087
27392,913.307,0.98,1,-0.443564,0.378357,-0.812463,-0.535097,0.42447,-0.730409,-0.565,0.48,0.215,0.501,0.089
27393,913.34,0.98,1,-0.437467,0.371009,-0.819131,-0.522176,0.4239,-0.740027,-0.552,0.471,0.214,0.505,0.091
27394,913.374,0.98,1,-0.527062,0.269435,-0.805984,-0.527908,0.429884,-0.73247,-0.601,0.427,0.236,0.522,0.088
27396,913.44,0.98,1,-0.443058,0.293311,-0.847153,-0.529986,0.396353,-0.749679,-0.547,0.408,0.241,0.496,0.084
27397,913.474,0.98,1,-0.436852,0.298492,-0.848565,-0.540508,0.399097,-0.740657,-0.551,0.414,0.247,0.492,0.081
27398,913.507,0.98,1,-0.437591,0.305303,-0.845756,-0.533868,0.398156,-0.74596,-0.548,0.416,0.251,0.493,0.08
27399,913.54,0.98,1,-0.438085,0.307789,-0.844599,-0.54131,0.392966,-0.743344,-0.553,0.416,0.245,0.49,0.081
27400,913.574,0.98,1,-0.339636,0.400221,-0.851159,-0.546528,0.381036,-0.745733,-0.507,0.455,0.236,0.489,0.086
27401,913.607,0.98,1,-0.392096,0.354774,-0.848761,-0.548179,0.387107,-0.741382,-0.534,0.437,0.234,0.502,0.08
27402,913.64,0.98,1,-0.394297,0.358724,-0.846077,-0.557947,0.386132,-0.734573,-0.542,0.44,0.225,0.497,0.079
27403,913.674,0.98,1,-0.449122,0.295191,-0.843298,-0.541659,0.387674,-0.745865,-0.557,0.406,0.224,0.498,0.074
27404,913.707,0.98,1,-0.349595,0.405303,-0.844697,-0.546381,0.38475,-0.743932,-0.514,0.461,0.231,0.494,0.074
27405,913.74,0.98,1,-0.360231,0.403401,-0.84113,-0.541324,0.398459,-0.740404,-0.518,0.469,0.255,0.486,0.065
27406,913.774,0.98,1,-0.40741,0.412683,-0.814684,-0.543043,0.410983,-0.732255,-0.551,0.489,0.294,0.499,0.054
27407,913.807,0.93,1,-0.407579,0.482036,-0.775578,-0.528165,0.46295,-0.711842,-0.562,0.566,0.312,0.513,0.052
27408,913.84,0.93,1,-0.414487,0.481926,-0.771977,-0.51616,0.487595,-0.704152,-0.563,0.581,0.319,0.535,0.05
27409,913.874,0.93,1,-0.530381,0.361226,-0.76695,-0.526396,0.506375,-0.683002,-0.63,0.539,0.336,0.566,0.04
27410,913.907,0.98,1,-0.43512,0.384056,-0.814353,-0.537873,0.512294,-0.669513,-0.58,0.543,0.311,0.561,0.038
27411,913.94,0.98,1,-0.498888,0.31141,-0.808786,-0.531525,0.517763,-0.670375,-0.608,0.511,0.282,0.548,0.046
27412,913.974,0.98,1,-0.514394,0.369963,-0.773645,-0.526934,0.526218,-0.667409,-0.626,0.556,0.275,0.554,0.05
27413,914.007,0.98,1,-0.519945,0.376886,-0.76656,-0.540015,0.509564,-0.669872,-0.636,0.553,0.279,0.583,0.049
27414,914.04,0.93,1,-0.504855,0.367834,-0.780909,-0.548733,0.487167,-0.679382,-0.625,0.53,0.272,0.603,0.058
27415,914.074,0.98,1,-0.416968,0.440788,-0.794886,-0.570693,0.470155,-0.673249,-0.592,0.555,0.271,0.649,0.068
27416,914.107,0.88,1,-0.466528,0.357212,-0.809167,-0.570103,0.464386,-0.677738,-0.609,0.505,0.272,0.666,0.074
27417,914.14,0.93,1,-0.481296,0.402187,-0.778845,-0.594863,0.356579,-0.72041,-0.623,0.469,0.301,0.731,0.067
27418,914.174,0.93,1,-0.487475,0.396637,-0.777848,-0.601137,0.364726,-0.711062,-0.631,0.473,0.31,0.742,0.062
27419,914.207,0.98,1,-0.465104,0.398496,-0.790493,-0.604834,0.363159,-0.708725,-0.62,0.47,0.308,0.741,0.063
27420,914.24,0.98,1,-0.4587,0.421606,-0.782204,-0.604977,0.361772,-0.709312,-0.619,0.484,0.307,0.729,0.067
27421,914.274,0.98,1,-0.466076,0.421893,-0.777676,-0.586257,0.361639,-0.724928,-0.611,0.481,0.31,0.72,0.065
27422,914.307,0.98,1,-0.451926,0.42985,-0.78166,-0.589422,0.363447,-0.721448,-0.606,0.486,0.312,0.714,0.061
27423,914.341,0.98,1,-0.467171,0.425847,-0.774859,-0.584199,0.360272,-0.727266,-0.611,0.482,0.307,0.71,0.062
27424,914.374,0.98,1,-0.465098,0.425738,-0.776164,-0.582159,0.357922,-0.730057,-0.608,0.48,0.306,0.707,0.064
27425,914.407,0.98,1,-0.461914,0.433578,-0.773722,-0.570665,0.374141,-0.730999,-0.601,0.493,0.311,0.706,0.065
27426,914.441,0.98,1,-0.448125,0.429124,-0.784243,-0.581627,0.373176,-0.722807,-0.599,0.489,0.307,0.71,0.066
27427,914.474,0.98,1,-0.445112,0.432466,-0.784123,-0.565591,0.379997,-0.731922,-0.588,0.492,0.308,0.722,0.063
27428,914.507,0.98,1,-0.493469,0.451407,-0.743451,-0.567605,0.386775,-0.726794,-0.625,0.518,0.315,0.738,0.056
27429,914.541,0.98,1,-0.495562,0.445434,-0.745659,-0.57447,0.383086,-0.723346,-0.63,0.514,0.308,0.734,0.052
27430,914.574,0.98,1,-0.48947,0.4408,-0.752406,-0.588703,0.378294,-0.714368,-0.634,0.509,0.286,0.725,0.059
27431,914.607,0.98,1,-0.478855,0.442841,-0.758017,-0.587257,0.373088,-0.718286,-0.625,0.505,0.27,0.729,0.067
27432,914.641,0.98,1,-0.476939,0.444296,-0.758373,-0.592909,0.372191,-0.714096,-0.628,0.506,0.256,0.725,0.068
27433,914.674,0.98,1,-0.47877,0.426722,-0.767259,-0.594915,0.374825,-0.711043,-0.628,0.497,0.245,0.725,0.069
27434,914.707,0.98,1,-0.497231,0.441612,-0.74682,-0.598576,0.379809,-0.705302,-0.646,0.515,0.264,0.743,0.057
27435,914.741,0.98,1,-0.478473,0.449919,-0.754079,-0.62428,0.376894,-0.68427,-0.654,0.522,0.26,0.739,0.054
27436,914.774,0.93,1,-0.499124,0.453935,-0.738118,-0.600398,0.39055,-0.697849,-0.653,0.532,0.256,0.73,0.052
27437,914.807,0.98,1,-0.47307,0.444076,-0.760921,-0.621117,0.39423,-0.677345,-0.65,0.528,0.246,0.728,0.058
27438,914.841,0.98,1,-0.400573,0.440652,-0.803347,-0.61246,0.370439,-0.698332,-0.593,0.495,0.226,0.723,0.072
27439,914.874,0.98,1,-0.421707,0.427273,-0.799751,-0.588773,0.37778,-0.714583,-0.588,0.489,0.218,0.724,0.083
27440,914.907,0.98,1,-0.378004,0.411973,-0.829091,-0.586526,0.396952,-0.705986,-0.561,0.485,0.198,0.724,0.093
27441,914.941,0.93,1,-0.328273,0.40941,-0.851246,-0.566778,0.391262,-0.725036,-0.516,0.47,0.195,0.648,0.095
27442,914.974,0.93,1,-0.334996,0.347925,-0.875629,-0.472531,0.454614,-0.75501,-0.46,0.457,0.176,0.558,0.072
27443,915.007,0.98,1,-0.32557,0.225581,-0.918214,-0.394992,0.407091,-0.823564,-0.392,0.348,0.148,0.471,0.069
27466,915.774,0.98,1,-0.270532,0.19535,-0.942683,-0.380519,0.436757,-0.815137,-0.355,0.345,0.15,0.306,0.048
27467,915.808,0.98,1,-0.286926,0.213733,-0.933805,-0.41768,0.444704,-0.792327,-0.388,0.364,0.153,0.346,0.05
27468,915.841,0.98,1,-0.349391,0.265618,-0.898539,-0.432863,0.430043,-0.79227,-0.433,0.39,0.138,0.362,0.069
27469,915.874,0.98,1,-0.351445,0.289572,-0.8903,-0.447428,0.402925,-0.798411,-0.442,0.389,0.117,0.367,0.083
27675,922.743,0.98,1,0.149655,0.515728,-0.843581,-0.077954,0.227378,-0.970682,0.039,0.389,0.173,0.003,-0.001
27676,922.776,0.98,1,0.262727,0.506125,-0.82147,-0.108967,0.38187,-0.91777,0.088,0.472,0.163,-0.088,0.022
27677,922.81,0.98,1,0.340368,0.430564,-0.835921,0.065322,0.489699,-0.869441,0.234,0.495,0.216,-0.144,0.061
27678,922.843,0.98,1,0.279242,0.558367,-0.781185,-0.065114,0.50419,-0.861134,0.13,0.574,0.266,-0.167,0.124
27679,922.876,0.98,1,0.256776,0.580194,-0.772943,-0.093865,0.474961,-0.874987,0.099,0.57,0.296,-0.18,0.164
27680,922.91,0.98,1,0.210435,0.527879,-0.822837,-0.101221,0.363636,-0.926026,0.062,0.471,0.308,-0.177,0.189
27681,922.943,0.98,1,0.15276,0.554058,-0.818342,-0.111715,0.403568,-0.908104,0.024,0.506,0.326,-0.184,0.199
27682,922.976,0.98,1,0.144713,0.554058,-0.819804,-0.124589,0.405686,-0.905481,0.012,0.508,0.333,-0.184,0.208
27683,923.01,0.98,1,0.135069,0.563146,-0.815244,-0.117153,0.461095,-0.879583,0.011,0.544,0.353,-0.181,0.216
27684,923.043,0.98,1,0.131406,0.582232,-0.802333,-0.11392,0.470157,-0.8752,0.01,0.56,0.36,-0.19,0.227
27685,923.076,0.98,1,0.147867,0.57734,-0.803003,-0.084816,0.46963,-0.87878,0.037,0.557,0.361,-0.193,0.228
27686,923.11,0.98,1,0.187199,0.580264,-0.792623,-0.140319,0.385925,-0.911796,0.027,0.516,0.355,-0.198,0.232
27687,923.143,0.98,1,0.169383,0.564594,-0.807801,-0.151662,0.343682,-0.926759,0.01,0.482,0.356,-0.19,0.229
27688,923.177,0.98,1,0.197377,0.556235,-0.807245,-0.153599,0.331527,-0.930858,0.025,0.472,0.357,-0.187,0.226
27689,923.21,0.98,1,0.195847,0.576423,-0.793335,-0.159305,0.342368,-0.925962,0.021,0.491,0.367,-0.2,0.226
27690,923.243,0.98,1,0.262733,0.592205,-0.761751,-0.156106,0.359906,-0.919836,0.063,0.515,0.375,-0.198,0.225
27691,923.277,0.98,1,0.293274,0.622219,-0.725833,-0.13588,0.384254,-0.913173,0.096,0.551,0.382,-0.215,0.225
27692,923.31,0.98,1,0.310647,0.63795,-0.704641,-0.119121,0.40452,-0.906738,0.118,0.574,0.388,-0.233,0.223
27693,923.343,0.98,1,0.317881,0.635899,-0.703267,-0.11546,0.406425,-0.906359,0.125,0.575,0.396,-0.244,0.222
27694,923.377,0.98,1,0.342795,0.645298,-0.682702,-0.107408,0.407542,-0.906848,0.147,0.585,0.397,-0.25,0.219
27695,923.41,0.98,1,0.348112,0.641524,-0.683568,-0.098059,0.398694,-0.911827,0.155,0.578,0.396,-0.256,0.214
27696,923.443,0.98,1,0.346757,0.640953,-0.684791,-0.094384,0.386029,-0.917645,0.156,0.57,0.392,-0.259,0.209
27697,923.477,0.98,1,0.35279,0.641355,-0.681324,-0.102126,0.388567,-0.915743,0.156,0.573,0.392,-0.261,0.204
27698,923.51,0.98,1,0.344182,0.635338,-0.691292,-0.102225,0.368302,-0.924069,0.149,0.556,0.394,-0.264,0.202
27699,923.543,0.98,1,0.347535,0.631799,-0.692856,-0.101786,0.363876,-0.925869,0.151,0.551,0.396,-0.26,0.198
27700,923.577,0.98,1,0.344113,0.635041,-0.691599,-0.089906,0.370025,-0.924661,0.156,0.556,0.401,-0.262,0.197
27701,923.61,0.98,1,0.339982,0.633093,-0.695417,-0.087237,0.357583,-0.929798,0.154,0.547,0.406,-0.262,0.196
27702,923.643,0.98,1,0.328501,0.628365,-0.705156,-0.093438,0.370411,-0.924156,0.143,0.55,0.418,-0.258,0.196
27703,923.677,0.98,1,0.336961,0.632003,-0.697875,-0.095053,0.371242,-0.923658,0.148,0.554,0.423,-0.252,0.196
27704,923.71,0.98,1,0.323595,0.629057,-0.706805,-0.101289,0.371933,-0.922717,0.136,0.551,0.431,-0.25,0.195
27705,923.743,0.98,1,0.320727,0.622957,-0.713484,-0.100448,0.376617,-0.920907,0.134,0.549,0.437,-0.249,0.194
27706,923.777,0.98,1,0.317093,0.633723,-0.705582,-0.108248,0.378071,-0.919426,0.128,0.557,0.439,-0.248,0.192
27707,923.81,0.98,1,0.288573,0.631669,-0.719527,-0.093948,0.363486,-0.92685,0.118,0.544,0.438,-0.244,0.188
27708,923.843,0.98,1,0.289886,0.636803,-0.714456,-0.094774,0.370015,-0.924179,0.119,0.551,0.437,-0.242,0.182
27709,923.877,0.98,1,0.306804,0.6438,-0.700994,-0.109421,0.369338,-0.922831,0.121,0.558,0.432,-0.238,0.176
27710,923.91,0.98,1,0.276912,0.626205,-0.728825,-0.122678,0.378341,-0.917501,0.093,0.548,0.437,-0.232,0.172
27711,923.943,0.98,1,0.267601,0.628247,-0.730544,-0.107362,0.384821,-0.916726,0.097,0.551,0.438,-0.235,0.169
27712,923.977,0.98,1,0.274157,0.626318,-0.72977,-0.112292,0.383905,-0.916519,0.098,0.55,0.437,-0.229,0.166
27713,924.01,0.98,1,0.288167,0.625962,-0.724659,-0.109306,0.382686,-0.91739,0.108,0.551,0.438,-0.226,0.164
27714,924.043,0.98,1,0.277539,0.617783,-0.735742,-0.12047,0.379002,-0.917521,0.095,0.543,0.434,-0.221,0.16
27715,924.077,0.98,1,0.26728,0.614207,-0.742504,-0.118426,0.37391,-0.919873,0.089,0.536,0.434,-0.218,0.154
27716,924.11,0.98,1,0.278351,0.610197,-0.741742,-0.128022,0.367454,-0.921188,0.09,0.531,0.429,-0.218,0.152
27717,924.143,0.98,1,0.263881,0.62551,-0.734237,-0.127944,0.35742,-0.925138,0.082,0.535,0.426,-0.211,0.148
27718,924.177,0.98,1,0.24946,0.641382,-0.725534,-0.099544,0.528349,-0.843172,0.095,0.641,0.433,-0.201,0.129
27719,924.21,0.98,1,0.100283,0.496904,-0.861992,-0.073331,0.568713,-0.819261,0.016,0.565,0.425,-0.148,0.105
27799,926.878,0.98,1,0.046989,0.501735,-0.863744,-0.187201,0.454139,-0.871041,-0.081,0.504,0.149,0.154,0.021
27800,926.911,0.98,1,0.01209,0.522797,-0.852371,-0.290865,0.430566,-0.854407,-0.162,0.509,0.138,0.148,0.025
27801,926.944,0.98,1,0.015752,0.502197,-0.86461,-0.243878,0.43752,-0.865506,-0.131,0.498,0.128,0.132,0.028
27802,926.978,0.98,1,0.152612,0.461239,-0.874053,-0.089131,0.442407,-0.892374,0.036,0.473,0.099,0.102,0.035
27803,927.011,0.98,1,0.233604,0.434424,-0.869888,-0.07321,0.450669,-0.889684,0.091,0.466,0.12,0.074,0.033
27804,927.044,0.98,1,0.227764,0.416436,-0.880173,-0.071594,0.441497,-0.894402,0.088,0.45,0.143,0.046,0.034
27805,927.078,0.98,1,0.26057,0.423604,-0.867561,-0.047103,0.466331,-0.883356,0.121,0.47,0.168,0.004,0.027
27806,927.111,0.98,1,0.26247,0.449308,-0.853951,-0.029411,0.430495,-0.902114,0.132,0.464,0.189,-0.01,0.011
27807,927.144,0.98,1,0.310215,0.443783,-0.840728,-0.009742,0.362787,-0.931821,0.168,0.427,0.189,-0.036,0.005
27808,927.178,0.98,1,0.331588,0.445638,-0.831539,0.011079,0.302258,-0.953162,0.19,0.397,0.194,-0.056,0.003
27809,927.211,0.98,1,0.35243,0.450892,-0.820055,0.027745,0.302804,-0.952649,0.211,0.402,0.2,-0.079,0.006
27810,927.244,0.98,1,0.344668,0.428616,-0.83516,0.033722,0.299414,-0.953527,0.208,0.387,0.216,-0.093,0.006
27811,927.278,0.98,1,0.343402,0.435985,-0.831861,0.068666,0.360383,-0.930273,0.23,0.424,0.225,-0.105,0.009
27812,927.311,0.98,1,0.354469,0.466314,-0.810495,0.073526,0.379987,-0.922065,0.242,0.454,0.233,-0.113,0.012
27813,927.344,0.98,1,0.385206,0.504318,-0.772838,0.088923,0.390154,-0.916445,0.274,0.487,0.243,-0.12,0.011
27814,927.378,0.98,1,0.390013,0.50043,-0.772955,0.098559,0.366651,-0.925123,0.28,0.472,0.241,-0.121,0.006
27815,927.411,0.98,1,0.380785,0.49388,-0.78172,0.08278,0.345163,-0.934885,0.264,0.455,0.237,-0.119,-0.002
27816,927.444,0.98,1,0.350566,0.435058,-0.829354,0.036852,0.299988,-0.953231,0.214,0.391,0.244,-0.105,-0.011
27817,927.478,0.98,1,0.347921,0.415361,-0.840492,0.046529,0.295778,-0.954123,0.216,0.377,0.239,-0.101,-0.012
27818,927.511,0.98,1,0.318336,0.403154,-0.857979,0.030096,0.288323,-0.95706,0.19,0.364,0.239,-0.091,-0.008
27819,927.544,0.98,1,0.302316,0.401073,-0.864723,0.02488,0.297708,-0.954333,0.178,0.367,0.244,-0.078,-0.001
27820,927.578,0.98,1,0.281981,0.413228,-0.865869,0.009325,0.286712,-0.957971,0.158,0.366,0.241,-0.078,0.007
27821,927.611,0.98,1,0.232167,0.440278,-0.867325,-0.025455,0.254796,-0.96666,0.112,0.362,0.227,-0.073,0.011
27822,927.645,0.98,1,0.226029,0.427397,-0.875353,-0.015188,0.242712,-0.969979,0.114,0.348,0.22,-0.066,0.01
27825,927.745,0.98,1,0.20902,0.410741,-0.88747,-0.002938,0.256391,-0.966569,0.111,0.345,0.198,-0.031,0.025
27826,927.778,0.98,1,0.095102,0.430089,-0.897763,-0.034552,0.247811,-0.968192,0.032,0.348,0.198,-0.026,0.029
27855,928.745,0.98,1,0.508599,0.405283,-0.759653,0.200827,0.190634,-0.960899,0.391,0.333,0.126,-0.321,0.112
27856,928.778,0.98,1,0.498017,0.408809,-0.764757,0.184908,0.197324,-0.962742,0.376,0.337,0.13,-0.319,0.109
27857,928.812,0.98,1,0.484666,0.423328,-0.765436,0.169484,0.212008,-0.962459,0.362,0.352,0.138,-0.303,0.107
27858,928.845,0.98,1,0.477856,0.423273,-0.769736,0.111943,0.215861,-0.969986,0.327,0.352,0.139,-0.285,0.106
27863,929.012,0.98,1,0.367248,0.403156,-0.838209,0.037652,0.214878,-0.975915,0.22,0.328,0.147,-0.196,0.13
27864,929.045,0.98,1,0.331001,0.40629,-0.851685,0.036239,0.232284,-0.971973,0.199,0.337,0.154,-0.176,0.125
27865,929.078,0.98,1,0.329116,0.420327,-0.845581,0.038145,0.228564,-0.972781,0.199,0.343,0.15,-0.171,0.115
27866,929.112,0.98,1,0.323928,0.418369,-0.848551,0.060214,0.237914,-0.969418,0.208,0.346,0.144,-0.168,0.101
27867,929.145,0.98,1,0.329818,0.417243,-0.846834,0.048111,0.243158,-0.968793,0.205,0.349,0.143,-0.168,0.085
27868,929.178,0.98,1,0.336624,0.407195,-0.849044,0.068979,0.211265,-0.974992,0.219,0.327,0.139,-0.168,0.073
27869,929.212,0.98,1,0.343005,0.437213,-0.83138,0.070263,0.224026,-0.972047,0.225,0.351,0.153,-0.158,0.066
27870,929.245,0.98,1,0.340057,0.450934,-0.825239,0.089441,0.271287,-0.958334,0.236,0.385,0.165,-0.151,0.062
27871,929.278,0.98,1,0.352775,0.475606,-0.805821,0.075524,0.377806,-0.922799,0.243,0.459,0.166,-0.15,0.057
27872,929.312,0.98,1,0.364627,0.482217,-0.796564,0.095082,0.405835,-0.908987,0.263,0.48,0.175,-0.155,0.048
27873,929.345,0.98,1,0.376041,0.478289,-0.79362,0.097351,0.420877,-0.901879,0.272,0.488,0.182,-0.163,0.037
27874,929.378,0.98,1,0.379577,0.481668,-0.789884,0.067574,0.445847,-0.892555,0.26,0.504,0.18,-0.149,0.022
27875,929.412,0.98,1,0.399374,0.47339,-0.785113,0.0735,0.441861,-0.894068,0.275,0.499,0.173,-0.146,0.011
27876,929.445,0.98,1,0.411279,0.462052,-0.785721,0.097193,0.43897,-0.893229,0.294,0.493,0.162,-0.154,0.0
27877,929.478,0.98,1,0.430523,0.448983,-0.782984,0.071412,0.393247,-0.916655,0.287,0.46,0.146,-0.174,-0.01
27878,929.512,0.98,1,0.440431,0.437281,-0.784096,0.050053,0.36037,-0.931466,0.278,0.435,0.133,-0.196,-0.025
27879,929.545,0.98,1,0.451669,0.427693,-0.78299,0.054768,0.361143,-0.930901,0.287,0.431,0.126,-0.213,-0.041
27880,929.578,0.98,1,0.394873,0.401422,-0.826399,0.044301,0.309778,-0.949776,0.242,0.381,0.128,-0.236,-0.052
27885,929.745,0.88,1,0.238289,0.436419,-0.867616,-0.127302,0.309364,-0.942384,0.061,0.391,0.196,0.018,-0.065
27886,929.778,0.82,1,0.221245,0.443963,-0.868301,-0.383347,0.309836,-0.870084,-0.093,0.409,0.2,0.128,-0.07
27887,929.812,0.98,1,0.60961,0.361715,-0.705363,0.308483,0.335968,-0.889923,0.522,0.412,0.135,-0.416,-0.065
27888,929.845,0.98,1,0.595147,0.370391,-0.71317,0.346265,0.331168,-0.877741,0.534,0.415,0.13,-0.435,-0.076
27890,929.912,0.98,1,0.60224,0.359084,-0.712998,0.35129,0.319073,-0.88022,0.539,0.402,0.136,-0.449,-0.079
27891,929.945,0.98,1,0.592031,0.383104,-0.709035,0.338242,0.341691,-0.876835,0.531,0.429,0.143,-0.448,-0.073
27892,929.979,0.98,1,0.609381,0.375154,-0.698508,0.344171,0.350489,-0.871036,0.546,0.433,0.155,-0.445,-0.068
27893,930.012,0.98,1,0.614775,0.366365,-0.698447,0.317319,0.3623,-0.876383,0.534,0.433,0.161,-0.436,-0.067
27894,930.045,0.98,1,0.602777,0.362018,-0.711058,0.282542,0.385401,-0.878428,0.508,0.44,0.165,-0.422,-0.066
27896,930.112,0.98,1,0.549308,0.342993,-0.761982,0.184357,0.386979,-0.903471,0.415,0.413,0.163,-0.398,-0.062
27900,930.245,0.98,1,0.466439,0.369934,-0.803482,0.208121,0.364551,-0.907628,0.376,0.405,0.2,-0.316,-0.027
27901,930.279,0.98,1,0.460402,0.455354,-0.762026,0.192408,0.45877,-0.867473,0.381,0.511,0.216,-0.284,-0.02
27902,930.312,0.98,1,0.359477,0.462693,-0.810365,0.128375,0.458589,-0.879327,0.281,0.499,0.233,-0.257,-0.018
27903,930.345,0.98,1,0.20837,0.474639,-0.855161,0.044169,0.408681,-0.911608,0.142,0.464,0.238,-0.229,-0.021
27904,930.379,0.98,1,0.094485,0.479162,-0.872626,-0.013666,0.438455,-0.898649,0.046,0.478,0.25,-0.155,-0.027
27905,930.412,0.98,1,-0.030151,0.442959,-0.896035,-0.116994,0.432229,-0.894142,-0.082,0.455,0.261,-0.053,-0.026
27906,930.445,0.98,1,-0.166486,0.452867,-0.875896,-0.148336,0.451184,-0.880017,-0.177,0.475,0.266,0.027,-0.014
27907,930.479,0.98,1,-0.243864,0.448668,-0.859783,-0.182772,0.43537,-0.881503,-0.24,0.47,0.258,0.104,-0.009
27908,930.512,0.98,1,-0.259223,0.423921,-0.86781,-0.245461,0.447692,-0.859838,-0.284,0.467,0.253,0.17,-0.007
27909,930.545,0.98,1,-0.284139,0.43226,-0.855813,-0.333104,0.482506,-0.81008,-0.355,0.502,0.251,0.237,-0.002
27910,930.579,0.98,1,-0.26698,0.458946,-0.847402,-0.362577,0.472697,-0.803179,-0.364,0.514,0.258,0.268,0.013
27911,930.612,0.98,1,-0.292008,0.451195,-0.8433,-0.350393,0.484498,-0.801553,-0.372,0.517,0.275,0.298,0.019
27912,930.645,0.98,1,-0.313828,0.449439,-0.836371,-0.378949,0.474713,-0.794384,-0.402,0.516,0.276,0.332,0.02
27913,930.679,0.98,1,-0.329431,0.430512,-0.840318,-0.420358,0.481544,-0.769035,-0.436,0.516,0.266,0.344,0.029
27914,930.712,0.98,1,-0.34135,0.416133,-0.842801,-0.422662,0.477402,-0.770353,-0.442,0.506,0.266,0.369,0.028
27915,930.745,0.98,1,-0.350903,0.419945,-0.836966,-0.430726,0.463959,-0.774091,-0.452,0.502,0.272,0.384,0.031
27916,930.779,0.98,1,-0.37455,0.426934,-0.823067,-0.422608,0.455538,-0.78351,-0.461,0.502,0.267,0.393,0.034
27917,930.812,0.98,1,-0.386667,0.401085,-0.830433,-0.410251,0.411956,-0.813626,-0.451,0.459,0.264,0.403,0.043
27918,930.845,0.98,1,-0.394287,0.3413,-0.853259,-0.446161,0.425442,-0.787362,-0.473,0.437,0.247,0.408,0.05
27919,930.879,0.98,1,-0.39975,0.322594,-0.857982,-0.467606,0.406538,-0.784902,-0.486,0.418,0.239,0.408,0.055
27920,930.912,0.98,1,-0.396353,0.323882,-0.859072,-0.473979,0.409009,-0.779779,-0.488,0.421,0.238,0.407,0.056
27921,930.946,0.98,1,-0.398398,0.327221,-0.856858,-0.46709,0.418378,-0.778965,-0.487,0.428,0.245,0.409,0.054
27922,930.979,0.98,1,-0.402608,0.317697,-0.858473,-0.481927,0.40878,-0.775013,-0.496,0.418,0.249,0.408,0.053
27923,931.012,0.98,1,-0.400768,0.332003,-0.853908,-0.499281,0.423093,-0.756116,-0.51,0.439,0.256,0.405,0.05
27924,931.046,0.98,1,-0.400708,0.342777,-0.849669,-0.482125,0.429504,-0.763598,-0.501,0.446,0.264,0.395,0.047
27925,931.079,0.98,1,-0.393576,0.346157,-0.85163,-0.478648,0.441828,-0.758739,-0.496,0.455,0.264,0.39,0.042
27926,931.112,0.98,1,-0.310718,0.434749,-0.84525,-0.430745,0.466242,-0.772708,-0.43,0.508,0.257,0.375,0.039
27927,931.146,0.98,1,-0.297414,0.43367,-0.850574,-0.445651,0.456867,-0.769849,-0.43,0.503,0.255,0.372,0.04
27928,931.179,0.98,1,-0.320824,0.443012,-0.837145,-0.444043,0.446045,-0.77709,-0.442,0.503,0.265,0.379,0.038
27929,931.212,0.98,1,-0.308114,0.443727,-0.841529,-0.414667,0.426167,-0.80401,-0.414,0.486,0.257,0.366,0.04
27930,931.246,0.98,1,-0.304636,0.45827,-0.834976,-0.397486,0.431296,-0.809931,-0.403,0.496,0.263,0.363,0.038
27931,931.279,0.93,1,-0.263139,0.486521,-0.8331,-0.402344,0.436402,-0.804781,-0.386,0.513,0.293,0.375,0.034
27932,931.312,0.93,1,-0.166759,0.483664,-0.859221,-0.381169,0.411393,-0.827929,-0.314,0.488,0.302,0.357,0.031
27933,931.346,0.98,1,-0.066034,0.524978,-0.84855,-0.410764,0.457423,-0.788694,-0.283,0.54,0.304,0.304,0.031
27934,931.379,0.98,1,-0.095101,0.54013,-0.836191,-0.447999,0.469383,-0.760905,-0.328,0.564,0.294,0.273,0.033
27935,931.412,0.98,1,-0.072249,0.555049,-0.828674,-0.366785,0.551549,-0.749175,-0.271,0.612,0.304,0.278,0.032
27936,931.446,0.98,1,-0.095679,0.560589,-0.822548,-0.360572,0.554915,-0.749705,-0.282,0.617,0.314,0.262,0.027
27937,931.479,0.98,1,-0.166296,0.551613,-0.817354,-0.361007,0.582124,-0.728564,-0.329,0.633,0.306,0.227,0.019
27938,931.512,0.93,1,0.085407,0.459561,-0.88403,-0.258614,0.382158,-0.887172,-0.097,0.444,0.298,0.203,0.012
27939,931.546,0.98,1,-0.004042,0.534914,-0.844897,-0.180409,0.515096,-0.837931,-0.109,0.558,0.286,0.183,0.004
27940,931.579,0.98,1,-0.050756,0.46279,-0.885014,-0.185442,0.44323,-0.877017,-0.133,0.475,0.292,0.168,-0.001
27941,931.612,0.98,1,-0.067873,0.4265,-0.901937,-0.167556,0.426911,-0.888635,-0.131,0.445,0.299,0.153,-0.005
27942,931.646,0.98,1,-0.05743,0.420067,-0.905674,-0.160958,0.434977,-0.885939,-0.121,0.445,0.302,0.14,-0.005
27943,931.679,0.98,1,-0.051833,0.414748,-0.908459,-0.155456,0.442954,-0.882964,-0.115,0.447,0.297,0.126,-0.0
27944,931.712,0.98,1,-0.035275,0.424822,-0.904589,-0.151624,0.45064,-0.879735,-0.104,0.456,0.293,0.111,0.007
27945,931.746,0.98,1,-0.032883,0.431523,-0.901502,-0.163102,0.456796,-0.874491,-0.11,0.464,0.292,0.102,0.014
27946,931.779,0.98,1,-0.028679,0.433476,-0.900709,-0.153893,0.458746,-0.87514,-0.102,0.466,0.294,0.094,0.018
27947,931.812,0.98,1,-0.035413,0.437091,-0.89872,-0.158164,0.460872,-0.873259,-0.109,0.469,0.299,0.091,0.02
27948,931.846,0.98,1,-0.035722,0.437538,-0.89849,-0.149197,0.459816,-0.875391,-0.104,0.468,0.303,0.088,0.024
27949,931.879,0.98,1,-0.041152,0.434483,-0.899739,-0.147698,0.465962,-0.872391,-0.106,0.47,0.306,0.084,0.027
27950,931.912,0.98,1,-0.029542,0.445029,-0.895029,-0.149369,0.469716,-0.870089,-0.101,0.478,0.307,0.079,0.032
27951,931.946,0.98,1,-0.023577,0.459127,-0.888058,-0.148089,0.472026,-0.869057,-0.097,0.487,0.304,0.072,0.035
27952,931.979,0.98,1,0.002506,0.493491,-0.869748,-0.156304,0.482384,-0.861902,-0.089,0.513,0.304,0.065,0.037
27953,932.012,0.98,1,0.126466,0.522236,-0.843372,-0.17204,0.485202,-0.857311,-0.027,0.535,0.303,0.056,0.041
27954,932.046,0.98,1,0.258755,0.509705,-0.820516,-0.144002,0.516766,-0.843929,0.069,0.553,0.315,0.035,0.045
27955,932.079,0.93,1,0.314865,0.482545,-0.817319,-0.062602,0.544012,-0.836739,0.151,0.555,0.328,0.008,0.046
27956,932.113,0.98,1,0.35069,0.503613,-0.789551,-0.032301,0.54937,-0.834954,0.194,0.575,0.349,-0.031,0.04
27957,932.146,0.98,1,0.398994,0.512191,-0.760568,0.022226,0.55072,-0.834394,0.258,0.588,0.353,-0.061,0.019
27958,932.179,0.98,1,0.412448,0.519308,-0.748469,0.068379,0.532127,-0.843898,0.293,0.584,0.355,-0.078,-0.001
27959,932.213,0.98,1,0.416605,0.523832,-0.742994,0.086362,0.506101,-0.858139,0.304,0.572,0.355,-0.097,-0.015
27960,932.246,0.98,1,0.435605,0.558717,-0.705751,0.093628,0.488297,-0.86764,0.324,0.587,0.362,-0.12,-0.025
27961,932.279,0.98,1,0.434183,0.543526,-0.718376,0.105043,0.490057,-0.865338,0.328,0.578,0.343,-0.152,-0.026
27962,932.313,0.98,1,0.418815,0.528933,-0.738122,0.107689,0.472011,-0.874991,0.315,0.555,0.341,-0.163,-0.027
27963,932.346,0.98,1,0.41643,0.532388,-0.736987,0.101089,0.516404,-0.850358,0.315,0.584,0.342,-0.164,-0.023
27964,932.379,0.98,1,0.422371,0.520145,-0.742328,0.096351,0.524965,-0.845653,0.316,0.582,0.34,-0.169,-0.019
27965,932.413,0.98,1,0.424347,0.583865,-0.692121,0.015885,0.554588,-0.831973,0.281,0.642,0.342,-0.157,-0.018
27966,932.446,0.98,1,0.425816,0.572097,-0.700989,0.018534,0.53559,-0.844275,0.28,0.622,0.348,-0.156,-0.011
27967,932.479,0.98,1,0.431269,0.552257,-0.713456,0.018334,0.530567,-0.847445,0.28,0.606,0.353,-0.16,-0.006
27968,932.513,0.98,1,0.443595,0.551668,-0.706319,0.011098,0.53101,-0.847293,0.285,0.609,0.352,-0.17,-0.006
27969,932.546,0.98,1,0.436356,0.534446,-0.723852,-0.061568,0.434322,-0.898651,0.227,0.538,0.338,-0.184,-0.001
27970,932.579,0.98,1,0.441649,0.520627,-0.73068,-0.078271,0.408104,-0.909574,0.218,0.515,0.334,-0.193,-0.001
27971,932.613,0.98,1,0.425312,0.521946,-0.73938,-0.071415,0.42386,-0.902908,0.212,0.523,0.337,-0.202,-0.003
27972,932.646,0.98,1,0.428439,0.529501,-0.732168,-0.025785,0.430171,-0.902379,0.242,0.531,0.334,-0.207,-0.007
27973,932.679,0.98,1,0.430024,0.533685,-0.72819,-0.010923,0.430794,-0.902384,0.252,0.534,0.333,-0.215,-0.008
27974,932.713,0.98,1,0.42955,0.536664,-0.726277,-0.018483,0.43809,-0.898741,0.248,0.54,0.334,-0.217,-0.005
27975,932.746,0.98,1,0.429776,0.540355,-0.723401,-0.016101,0.435023,-0.900275,0.249,0.541,0.327,-0.22,-0.008
27976,932.779,0.93,1,0.434636,0.522447,-0.733581,-0.011915,0.405687,-0.913934,0.251,0.513,0.325,-0.218,-0.007
27977,932.813,0.93,1,0.428468,0.533285,-0.729398,-0.008029,0.440266,-0.897832,0.253,0.539,0.324,-0.214,-0.01
27978,932.846,0.98,1,0.39943,0.534677,-0.744699,0.009549,0.470814,-0.882181,0.246,0.554,0.315,-0.195,-0.019
27979,932.879,0.98,1,0.32102,0.515621,-0.794406,-0.017211,0.461316,-0.887069,0.179,0.526,0.311,-0.189,-0.019
27980,932.913,0.98,1,0.266472,0.505627,-0.820569,-0.047817,0.40909,-0.91124,0.126,0.486,0.313,-0.201,-0.014
27981,932.946,0.98,1,0.260962,0.512311,-0.818191,-0.079245,0.372252,-0.924743,0.104,0.47,0.309,-0.2,-0.006
27982,932.979,0.98,1,0.247763,0.513391,-0.82161,-0.086317,0.368185,-0.925737,0.092,0.467,0.306,-0.196,-0.006
27983,933.013,0.98,1,0.243782,0.499853,-0.831094,-0.066733,0.367214,-0.92774,0.1,0.458,0.304,-0.199,-0.005
27984,933.046,0.98,1,0.249027,0.505311,-0.826224,-0.088347,0.399861,-0.912308,0.092,0.48,0.296,-0.207,-0.003
27985,933.079,0.98,1,0.247769,0.503388,-0.827775,-0.100848,0.386104,-0.916926,0.084,0.471,0.294,-0.205,-0.001
27986,933.113,0.98,1,0.254098,0.495183,-0.8308,-0.097592,0.413936,-0.90506,0.09,0.482,0.294,-0.212,-0.001
27987,933.146,0.98,1,0.235348,0.510782,-0.826869,-0.104673,0.430939,-0.896289,0.076,0.5,0.288,-0.199,-0.001
27988,933.18,0.98,1,0.243299,0.513029,-0.823169,-0.088515,0.427403,-0.899718,0.09,0.5,0.283,-0.208,-0.002
27989,933.213,0.98,1,0.232132,0.502442,-0.832866,-0.092963,0.373308,-0.923038,0.079,0.463,0.281,-0.196,-0.001
27990,933.246,0.98,1,0.247831,0.508098,-0.824873,-0.068073,0.434753,-0.897973,0.104,0.501,0.286,-0.194,-0.006
27991,933.28,0.98,1,0.232302,0.500787,-0.833816,-0.087055,0.382963,-0.919653,0.083,0.467,0.282,-0.199,-0.002
27992,933.313,0.98,1,0.236929,0.519507,-0.820961,-0.087187,0.401005,-0.911918,0.086,0.488,0.285,-0.196,-0.002
27993,933.346,0.98,1,0.239834,0.513254,-0.824045,-0.104646,0.388057,-0.915675,0.078,0.478,0.284,-0.196,-0.0
27994,933.38,0.98,1,0.288101,0.519128,-0.804676,-0.085883,0.477961,-0.874172,0.12,0.536,0.29,-0.193,-0.001
27995,933.413,0.98,1,0.306227,0.530576,-0.790388,-0.047382,0.509139,-0.859379,0.156,0.562,0.297,-0.204,0.004
27996,933.446,0.98,1,0.334109,0.524386,-0.783193,-0.050344,0.452888,-0.890145,0.168,0.529,0.29,-0.21,0.007
27997,933.48,0.98,1,0.328432,0.483878,-0.811169,-0.084343,0.352104,-0.932153,0.139,0.447,0.288,-0.224,0.01
27998,933.513,0.98,1,0.364747,0.502795,-0.783682,-0.061974,0.326657,-0.943109,0.174,0.448,0.283,-0.243,0.013
27999,933.546,0.98,1,0.329223,0.51015,-0.794581,-0.057502,0.324161,-0.944253,0.155,0.447,0.287,-0.255,0.016
28000,933.58,0.93,1,0.342215,0.502715,-0.793831,-0.048846,0.330658,-0.942486,0.167,0.447,0.289,-0.255,0.017
28001,933.613,0.98,1,0.365279,0.481831,-0.796499,-0.051818,0.320311,-0.945894,0.178,0.431,0.289,-0.261,0.02
28002,933.646,0.93,1,0.363245,0.495712,-0.788874,-0.060153,0.32412,-0.944101,0.173,0.442,0.291,-0.265,0.024
28003,933.68,0.93,1,0.364192,0.508037,-0.780553,-0.050739,0.331164,-0.942208,0.18,0.453,0.296,-0.269,0.025
28004,933.713,0.98,1,0.441904,0.555692,-0.704221,-0.009176,0.416986,-0.908867,0.262,0.543,0.295,-0.283,0.023
28005,933.746,0.98,1,0.448022,0.534911,-0.716342,0.010432,0.413822,-0.910298,0.275,0.528,0.291,-0.285,0.024
28006,933.78,0.98,1,0.442602,0.539649,-0.716158,0.005432,0.421391,-0.906863,0.269,0.535,0.291,-0.286,0.025
28007,933.813,0.98,1,0.447437,0.533535,-0.717733,-0.001034,0.417989,-0.908452,0.268,0.529,0.287,-0.298,0.026
28008,933.846,0.93,1,0.460193,0.529662,-0.712517,0.015393,0.404421,-0.914443,0.284,0.521,0.288,-0.302,0.025
28009,933.88,0.93,1,0.451854,0.527767,-0.719228,0.022094,0.411969,-0.91093,0.283,0.523,0.292,-0.305,0.013
28010,933.913,0.93,1,0.465904,0.524131,-0.712896,0.042968,0.423045,-0.905089,0.305,0.53,0.292,-0.312,0.007
28011,933.946,0.93,1,0.470754,0.526248,-0.708134,0.042375,0.412508,-0.909968,0.307,0.526,0.292,-0.313,0.008
28012,933.98,0.93,1,0.46949,0.529044,-0.706889,0.044917,0.416019,-0.908246,0.308,0.529,0.29,-0.315,0.01
28013,934.013,0.93,1,0.469529,0.532678,-0.704128,0.087352,0.418055,-0.904212,0.333,0.534,0.292,-0.323,0.008
28014,934.046,0.93,1,0.465789,0.537401,-0.703023,0.09336,0.425885,-0.899948,0.336,0.541,0.298,-0.324,0.009
28015,934.08,0.93,1,0.46432,0.540879,-0.701325,0.090846,0.426259,-0.900028,0.334,0.543,0.299,-0.328,0.011
28016,934.113,0.93,1,0.472762,0.539032,-0.697094,0.081896,0.423404,-0.902232,0.334,0.542,0.303,-0.33,0.016
28017,934.146,0.93,1,0.474826,0.542885,-0.692687,0.079513,0.418219,-0.904859,0.334,0.542,0.305,-0.33,0.021
28018,934.18,0.93,1,0.483373,0.545541,-0.684643,0.052671,0.406705,-0.91204,0.324,0.538,0.307,-0.332,0.028
28019,934.213,0.93,1,0.484,0.546485,-0.683446,0.050351,0.39951,-0.915345,0.323,0.534,0.305,-0.331,0.031
28020,934.246,0.93,1,0.432486,0.544026,-0.719022,0.090134,0.450326,-0.888303,0.314,0.554,0.32,-0.32,0.021
28021,934.28,0.93,1,0.442748,0.550063,-0.7081,0.082426,0.436786,-0.895781,0.316,0.552,0.32,-0.33,0.021
28022,934.313,0.93,1,0.439153,0.551156,-0.709487,0.079214,0.446898,-0.891071,0.313,0.558,0.324,-0.329,0.02
28023,934.347,0.93,1,0.449166,0.546624,-0.70672,0.08287,0.447525,-0.890424,0.322,0.557,0.327,-0.335,0.02
28024,934.38,0.88,1,0.459303,0.54886,-0.698422,0.093842,0.436165,-0.89496,0.334,0.554,0.331,-0.333,0.022
28025,934.413,0.88,1,0.456472,0.543393,-0.704527,0.083467,0.435506,-0.896308,0.325,0.549,0.327,-0.334,0.022
28026,934.447,0.88,1,0.455581,0.54181,-0.70632,0.075599,0.429944,-0.899685,0.319,0.544,0.329,-0.333,0.023
28027,934.48,0.93,1,0.494438,0.544703,-0.67737,0.019365,0.361418,-0.932203,0.309,0.513,0.317,-0.35,0.042
28028,934.513,0.93,1,0.45203,0.555128,-0.698213,0.070785,0.426292,-0.901812,0.316,0.55,0.321,-0.332,0.026
28029,934.547,0.93,1,0.494907,0.550394,-0.672408,0.033809,0.370995,-0.928019,0.319,0.522,0.318,-0.353,0.043
28030,934.58,0.93,1,0.451225,0.55026,-0.702574,0.088244,0.446674,-0.890334,0.327,0.559,0.321,-0.328,0.026
28031,934.613,0.93,1,0.482174,0.552559,-0.679843,0.029038,0.385651,-0.922188,0.309,0.53,0.317,-0.344,0.041
28032,934.647,0.93,1,0.383968,0.532855,-0.754079,0.054773,0.406623,-0.911952,0.257,0.513,0.317,-0.327,0.023
28033,934.68,0.93,1,0.3772,0.557296,-0.73969,0.046839,0.425837,-0.903587,0.253,0.539,0.302,-0.338,0.033
28034,934.713,0.98,1,0.377255,0.544886,-0.748851,-0.00947,0.407664,-0.913083,0.218,0.52,0.306,-0.302,0.032
28035,934.747,0.98,1,0.380863,0.550919,-0.742584,-0.074002,0.46772,-0.880773,0.187,0.56,0.309,-0.268,0.044
28036,934.78,0.98,1,0.366515,0.554124,-0.747404,-0.041808,0.468559,-0.882442,0.197,0.56,0.31,-0.236,0.054
28037,934.813,0.98,1,0.35328,0.570528,-0.741412,0.043741,0.513965,-0.856695,0.244,0.596,0.312,-0.226,0.062
28038,934.847,0.98,1,0.339267,0.561636,-0.754628,0.031868,0.48445,-0.874239,0.224,0.571,0.308,-0.206,0.065
28039,934.88,0.98,1,0.330715,0.56014,-0.75952,0.054936,0.490407,-0.86976,0.232,0.573,0.302,-0.18,0.065
28040,934.913,0.98,1,0.330324,0.549496,-0.767424,0.047524,0.499817,-0.864826,0.227,0.571,0.299,-0.162,0.067
28041,934.947,0.98,1,0.334829,0.543259,-0.769908,0.059476,0.49255,-0.868249,0.236,0.564,0.292,-0.148,0.068
28042,934.98,0.98,1,0.332417,0.54681,-0.768439,0.055236,0.492812,-0.868381,0.233,0.566,0.288,-0.136,0.072
28043,935.013,0.98,1,0.309719,0.545145,-0.779032,0.05852,0.496372,-0.866135,0.22,0.564,0.284,-0.127,0.074
28044,935.047,0.98,1,0.293239,0.541771,-0.787715,0.058558,0.494508,-0.867198,0.209,0.559,0.284,-0.124,0.076
28045,935.08,0.98,1,0.300613,0.533878,-0.79032,0.048262,0.484041,-0.873713,0.207,0.549,0.281,-0.123,0.076
28046,935.113,0.98,1,0.315025,0.533206,-0.785144,0.054018,0.478922,-0.876194,0.219,0.547,0.277,-0.121,0.076
28047,935.147,0.98,1,0.310881,0.526348,-0.791398,0.059615,0.482156,-0.874055,0.219,0.544,0.269,-0.121,0.074
28048,935.18,0.98,1,0.326924,0.525457,-0.785503,0.058173,0.482908,-0.873737,0.228,0.546,0.264,-0.119,0.071
28049,935.213,0.98,1,0.331758,0.529079,-0.781033,0.047985,0.489729,-0.870553,0.226,0.553,0.257,-0.118,0.07
28050,935.247,0.98,1,0.303805,0.526392,-0.794112,0.043774,0.495766,-0.867352,0.206,0.552,0.259,-0.115,0.068
28051,935.28,0.98,1,0.320168,0.534445,-0.782215,0.031109,0.492305,-0.869867,0.21,0.556,0.26,-0.116,0.069
28052,935.313,0.98,1,0.327254,0.536608,-0.777789,0.03231,0.490083,-0.871077,0.215,0.557,0.262,-0.123,0.071
28053,935.347,0.98,1,0.400514,0.531998,-0.746034,0.066466,0.470231,-0.880037,0.28,0.552,0.263,-0.133,0.073
28054,935.38,0.98,1,0.40995,0.521262,-0.748484,0.08193,0.457797,-0.885273,0.292,0.54,0.266,-0.15,0.074
28055,935.414,0.98,1,0.409931,0.515004,-0.752813,0.063747,0.444815,-0.893351,0.28,0.528,0.268,-0.169,0.074
28056,935.447,0.98,1,0.404957,0.523613,-0.749559,0.059836,0.397871,-0.915488,0.272,0.505,0.271,-0.187,0.075
28057,935.48,0.98,1,0.399867,0.536599,-0.74308,0.06165,0.409167,-0.910374,0.272,0.52,0.272,-0.205,0.078
28058,935.514,0.98,1,0.386917,0.546269,-0.74289,0.048062,0.400013,-0.915248,0.257,0.519,0.276,-0.207,0.084
28059,935.547,0.98,1,0.394669,0.548153,-0.737404,0.031736,0.405718,-0.913447,0.253,0.524,0.283,-0.204,0.091
28060,935.58,0.98,1,0.36193,0.563821,-0.74237,0.000126,0.417727,-0.908572,0.216,0.536,0.289,-0.194,0.101
28061,935.614,0.98,1,0.286136,0.568594,-0.77125,-0.050562,0.341021,-0.938695,0.137,0.489,0.286,-0.205,0.121
28062,935.647,0.98,1,0.198976,0.567982,-0.798626,-0.146923,0.394002,-0.90729,0.031,0.513,0.292,-0.18,0.128
28063,935.68,0.98,1,0.196073,0.57145,-0.796869,-0.205289,0.41908,-0.884437,-0.005,0.532,0.3,-0.158,0.137
28064,935.714,0.98,1,0.228045,0.593976,-0.771484,-0.153409,0.509298,-0.846806,0.046,0.598,0.313,-0.13,0.143
28065,935.747,0.98,1,0.20496,0.599829,-0.773432,-0.135308,0.527811,-0.838515,0.043,0.61,0.327,-0.098,0.148
28066,935.78,0.98,1,0.183292,0.61577,-0.766311,-0.117932,0.522486,-0.844453,0.041,0.615,0.339,-0.07,0.149
28067,935.814,0.98,1,0.122752,0.616929,-0.777387,-0.202748,0.504272,-0.839406,-0.049,0.606,0.345,-0.056,0.155
28068,935.847,0.98,1,0.100489,0.636348,-0.764828,-0.169361,0.537207,-0.826272,-0.043,0.636,0.357,-0.023,0.152
28069,935.88,0.98,1,0.070179,0.63863,-0.766307,-0.170896,0.547929,-0.818882,-0.063,0.643,0.363,0.001,0.149
28070,935.914,0.98,1,0.044155,0.639366,-0.767634,-0.170399,0.552097,-0.816182,-0.08,0.645,0.366,0.02,0.148
28071,935.947,0.98,1,0.037525,0.63339,-0.772922,-0.174475,0.554339,-0.813798,-0.086,0.643,0.366,0.031,0.145
28072,935.98,0.98,1,0.030236,0.62821,-0.777456,-0.178444,0.554929,-0.812534,-0.093,0.64,0.369,0.04,0.137
28073,936.014,0.98,1,0.050165,0.641836,-0.765199,-0.19358,0.554299,-0.809493,-0.091,0.65,0.37,0.045,0.128
28074,936.047,0.98,1,0.031742,0.600727,-0.798824,-0.234218,0.499844,-0.833845,-0.123,0.593,0.366,0.048,0.123
28075,936.08,0.98,1,0.018211,0.582683,-0.812495,-0.247819,0.494741,-0.832957,-0.139,0.58,0.375,0.052,0.119
28076,936.114,0.98,1,0.012671,0.587223,-0.809326,-0.262871,0.479507,-0.83724,-0.151,0.575,0.375,0.058,0.122
28077,936.147,0.98,1,0.02962,0.569384,-0.821538,-0.291703,0.455526,-0.841074,-0.156,0.552,0.375,0.05,0.126
28078,936.18,0.98,1,0.013013,0.573548,-0.819068,-0.290093,0.43763,-0.851073,-0.164,0.544,0.378,0.056,0.126
28079,936.214,0.98,1,0.002433,0.567052,-0.823679,-0.296251,0.44539,-0.844904,-0.174,0.545,0.379,0.063,0.125
28080,936.247,0.98,1,-0.006845,0.569567,-0.821917,-0.320429,0.431811,-0.843128,-0.194,0.541,0.378,0.08,0.129
28081,936.28,0.98,1,-0.018247,0.573029,-0.819332,-0.279912,0.456922,-0.844317,-0.177,0.554,0.387,0.097,0.131
28082,936.314,0.98,1,-0.071273,0.602322,-0.795065,-0.332254,0.460392,-0.823193,-0.244,0.581,0.394,0.118,0.136
28083,936.347,0.98,1,-0.191895,0.615942,-0.764063,-0.37347,0.443008,-0.815024,-0.344,0.591,0.397,0.16,0.137
28084,936.38,0.98,1,-0.301989,0.560917,-0.770827,-0.434788,0.4302,-0.791131,-0.441,0.565,0.379,0.222,0.146
28085,936.414,0.98,1,-0.352485,0.507004,-0.786576,-0.499486,0.366087,-0.785171,-0.497,0.507,0.347,0.26,0.165
28086,936.447,0.98,1,-0.405095,0.48729,-0.773593,-0.529539,0.375396,-0.760701,-0.547,0.512,0.334,0.316,0.167
28087,936.48,0.93,1,-0.34962,0.525833,-0.775413,-0.555544,0.422994,-0.715854,-0.546,0.567,0.332,0.365,0.156
28088,936.514,0.93,1,-0.330625,0.500683,-0.800002,-0.553839,0.451345,-0.699679,-0.533,0.566,0.337,0.409,0.14
28089,936.547,0.98,1,-0.352029,0.499411,-0.791621,-0.600513,0.45895,-0.65479,-0.582,0.585,0.333,0.457,0.131
28090,936.581,0.98,1,-0.466872,0.431929,-0.771665,-0.650164,0.459964,-0.604748,-0.682,0.575,0.332,0.497,0.122
28091,936.614,0.98,1,-0.523695,0.373843,-0.765497,-0.670381,0.462366,-0.580351,-0.726,0.556,0.333,0.523,0.113
28092,936.647,0.98,1,-0.497058,0.375645,-0.782192,-0.68584,0.463316,-0.561215,-0.722,0.558,0.319,0.538,0.108
28093,936.681,0.98,1,-0.434802,0.439996,-0.785717,-0.67843,0.499882,-0.538377,-0.699,0.617,0.304,0.561,0.106
28094,936.714,0.93,1,-0.421415,0.462644,-0.779981,-0.645692,0.500212,-0.576949,-0.666,0.617,0.293,0.578,0.109
28095,936.747,0.98,1,-0.420051,0.472923,-0.774533,-0.659031,0.487297,-0.572905,-0.675,0.619,0.293,0.611,0.105
28096,936.781,0.98,1,-0.411246,0.459691,-0.787122,-0.646653,0.453502,-0.613332,-0.647,0.578,0.236,0.606,0.123
28097,936.814,0.98,1,-0.303173,0.410772,-0.859856,-0.644913,0.473543,-0.59987,-0.576,0.545,0.189,0.573,0.14
28098,936.847,0.98,1,-0.294715,0.399606,-0.86802,-0.595571,0.461964,-0.657179,-0.528,0.514,0.167,0.529,0.147
28099,936.881,0.98,1,-0.260252,0.385553,-0.885222,-0.562314,0.440912,-0.699571,-0.479,0.481,0.153,0.498,0.155
28100,936.914,0.98,1,-0.246155,0.38889,-0.887791,-0.512888,0.435438,-0.739824,-0.436,0.469,0.131,0.452,0.156
28213,940.682,0.98,1,0.169771,0.479756,-0.86082,-0.130542,0.454097,-0.881337,0.023,0.492,0.16,0.083,0.016
28214,940.715,0.98,1,-0.019697,0.45144,-0.892084,-0.104696,0.493794,-0.863253,-0.071,0.494,0.17,0.086,0.004
28215,940.748,0.98,1,0.016542,0.458999,-0.888283,-0.082068,0.459804,-0.88422,-0.037,0.478,0.193,0.093,-0.008
28216,940.782,0.93,1,0.091431,0.540832,-0.836147,-0.152727,0.444671,-0.882577,-0.036,0.521,0.178,0.085,-0.019
28217,940.815,0.93,1,0.114504,0.504961,-0.855514,-0.049854,0.472165,-0.880099,0.037,0.513,0.179,0.084,-0.038
28218,940.848,0.93,1,0.127625,0.50514,-0.853549,-0.002121,0.470281,-0.882514,0.072,0.512,0.191,0.079,-0.058
28219,940.882,0.93,1,0.079348,0.5079,-0.857754,-0.002472,0.490158,-0.87163,0.044,0.523,0.204,0.077,-0.076
28220,940.915,0.93,1,0.083293,0.5093,-0.856549,-0.004865,0.490049,-0.871681,0.045,0.524,0.209,0.077,-0.089
28221,940.948,0.98,1,0.082044,0.514377,-0.853631,-0.020397,0.478898,-0.877633,0.036,0.521,0.221,0.077,-0.095
28222,940.982,0.98,1,0.058308,0.480737,-0.874924,-0.04316,0.46589,-0.88379,0.009,0.494,0.226,0.079,-0.101
28223,941.015,0.98,1,0.054945,0.480957,-0.875021,-0.030822,0.467442,-0.883486,0.014,0.495,0.234,0.075,-0.103
28224,941.049,0.98,1,0.103676,0.499801,-0.859913,-0.002998,0.482849,-0.875698,0.058,0.515,0.227,0.051,-0.094
28225,941.082,0.98,1,0.141618,0.481345,-0.865015,-0.004937,0.512226,-0.858837,0.079,0.523,0.228,0.045,-0.088
28226,941.115,0.98,1,0.15166,0.478327,-0.864987,0.041829,0.485092,-0.873462,0.111,0.506,0.227,0.042,-0.081
28227,941.149,0.98,1,0.160087,0.47487,-0.865373,0.042701,0.484283,-0.873869,0.116,0.504,0.233,0.046,-0.071
28228,941.182,0.98,1,0.163964,0.512429,-0.842931,0.010922,0.485273,-0.874294,0.101,0.526,0.232,0.05,-0.059
28229,941.215,0.93,1,0.217417,0.527727,-0.821118,-0.065542,0.497469,-0.865002,0.09,0.546,0.227,0.05,-0.04
28230,941.249,0.88,1,0.004063,0.58457,-0.811333,-0.216744,0.665326,-0.714397,-0.139,0.686,0.228,0.055,-0.022
28231,941.282,0.88,1,0.122433,0.558719,-0.82027,-0.130668,0.380167,-0.915641,-0.005,0.496,0.254,0.028,0.019
28232,941.315,0.77,1,-0.078688,0.522814,-0.848807,-0.292811,0.484145,-0.824539,-0.218,0.542,0.181,0.034,0.053
28233,941.349,0.93,1,0.288268,0.532416,-0.795886,-0.028312,0.38483,-0.922553,0.15,0.49,0.26,-0.072,0.042
28234,941.382,0.93,1,0.266551,0.496689,-0.825984,-0.120779,0.38942,-0.913107,0.084,0.471,0.268,-0.058,0.053
28235,941.415,0.98,1,0.284524,0.481851,-0.828773,-0.095881,0.371091,-0.923633,0.107,0.453,0.276,-0.079,0.068
28236,941.449,0.98,1,0.287617,0.477117,-0.830443,-0.153327,0.389255,-0.908279,0.077,0.462,0.298,-0.104,0.081
28237,941.482,0.98,1,0.246965,0.517164,-0.819481,-0.201639,0.382038,-0.901881,0.026,0.481,0.305,-0.105,0.1
28238,941.515,0.98,1,0.231991,0.510783,-0.827817,-0.258278,0.37398,-0.890748,-0.015,0.475,0.306,-0.102,0.122
28239,941.549,0.98,1,0.214542,0.51847,-0.827744,-0.271029,0.384298,-0.882529,-0.033,0.486,0.311,-0.097,0.144
28240,941.582,0.98,1,0.194556,0.528126,-0.826578,-0.290039,0.379791,-0.878428,-0.056,0.489,0.319,-0.109,0.171
28241,941.615,0.98,1,0.148909,0.548436,-0.822827,-0.300466,0.394644,-0.868318,-0.089,0.509,0.327,-0.085,0.188
28242,941.649,0.98,1,0.14268,0.56425,-0.813182,-0.301188,0.38345,-0.87307,-0.094,0.512,0.337,-0.07,0.199
28243,941.682,0.98,1,0.108463,0.580067,-0.807316,-0.261009,0.434822,-0.861861,-0.091,0.546,0.347,-0.064,0.207
28244,941.715,0.93,1,0.105026,0.582523,-0.806001,-0.310215,0.391183,-0.866454,-0.122,0.527,0.348,-0.038,0.213
28245,941.749,0.93,1,0.121685,0.601591,-0.789482,-0.326565,0.361419,-0.873345,-0.123,0.525,0.337,-0.022,0.221
28246,941.782,0.93,1,0.129885,0.608861,-0.782571,-0.308185,0.426616,-0.850307,-0.109,0.565,0.348,-0.036,0.226
28247,941.815,0.93,1,0.155309,0.612789,-0.774835,-0.319737,0.438486,-0.839939,-0.101,0.577,0.354,-0.042,0.233
28248,941.849,0.93,1,0.146761,0.621003,-0.769946,-0.363332,0.402333,-0.840308,-0.134,0.566,0.352,-0.033,0.24
28249,941.882,0.93,1,0.12966,0.59617,-0.792319,-0.330912,0.397328,-0.855937,-0.121,0.542,0.365,-0.034,0.243
28250,941.915,0.93,1,0.168323,0.627866,-0.759903,-0.315643,0.42307,-0.849341,-0.091,0.579,0.382,-0.03,0.236
28251,941.949,0.98,1,0.181535,0.672438,-0.717546,-0.327094,0.477243,-0.815628,-0.095,0.643,0.381,-0.009,0.227
28252,941.982,0.98,1,0.167945,0.687827,-0.706179,-0.166585,0.518838,-0.838484,0.001,0.663,0.391,0.028,0.204
28277,942.816,0.98,1,0.146465,0.508512,-0.848507,-0.212474,0.520707,-0.826873,-0.039,0.551,0.271,0.133,0.09
28278,942.849,0.98,1,0.00639,0.563568,-0.826045,-0.148423,0.348908,-0.925329,-0.081,0.48,0.273,0.087,0.099
28279,942.882,0.98,1,0.210512,0.559958,-0.801331,-0.129732,0.378605,-0.916421,0.047,0.5,0.296,0.041,0.101
28280,942.916,0.98,1,0.22244,0.583691,-0.780913,-0.084725,0.449022,-0.889495,0.082,0.554,0.33,0.004,0.097
28281,942.949,0.98,1,0.241302,0.577224,-0.780119,-0.055607,0.509835,-0.858473,0.113,0.586,0.338,-0.026,0.093
28282,942.982,0.98,1,0.222174,0.610951,-0.759853,-0.023639,0.54466,-0.838324,0.124,0.626,0.347,-0.048,0.096
28283,943.016,0.98,1,0.207298,0.602167,-0.770988,0.014022,0.554964,-0.831756,0.137,0.625,0.349,-0.069,0.102
28284,943.049,0.98,1,0.211301,0.590715,-0.778722,0.047044,0.548302,-0.834956,0.159,0.615,0.356,-0.083,0.106
28285,943.082,0.98,1,0.254197,0.572771,-0.779306,0.04767,0.544177,-0.837615,0.185,0.605,0.355,-0.096,0.106
28286,943.116,0.98,1,0.280734,0.569468,-0.772589,0.044695,0.531533,-0.845858,0.198,0.597,0.354,-0.106,0.102
28287,943.149,0.98,1,0.296862,0.570303,-0.765916,0.053837,0.530391,-0.846042,0.214,0.599,0.354,-0.115,0.1
28288,943.182,0.98,1,0.316703,0.569407,-0.7586,0.047657,0.529862,-0.846744,0.223,0.6,0.358,-0.119,0.1
28289,943.216,0.98,1,0.30434,0.573192,-0.760807,0.052899,0.53597,-0.842578,0.219,0.605,0.363,-0.125,0.102
28290,943.249,0.98,1,0.320505,0.560236,-0.763814,0.041945,0.531862,-0.845792,0.221,0.596,0.358,-0.133,0.101
28291,943.283,0.98,1,0.344524,0.554833,-0.757274,0.048029,0.524366,-0.850138,0.24,0.591,0.354,-0.135,0.097
28292,943.316,0.98,1,0.353325,0.551625,-0.75556,0.046695,0.523172,-0.850947,0.244,0.59,0.348,-0.136,0.091
28293,943.349,0.98,1,0.350643,0.557633,-0.752393,0.0462,0.530174,-0.846629,0.243,0.597,0.346,-0.134,0.084
28294,943.383,0.98,1,0.299753,0.591514,-0.748505,0.007252,0.546889,-0.837174,0.191,0.623,0.342,-0.121,0.073
28295,943.416,0.98,1,0.166038,0.591158,-0.78928,-0.033117,0.530475,-0.847054,0.081,0.601,0.34,-0.108,0.068
28296,943.449,0.98,1,0.107616,0.511043,-0.852792,-0.008472,0.478826,-0.877869,0.057,0.52,0.341,-0.091,0.065
28307,943.816,0.98,1,0.097261,0.570333,-0.815635,-0.376293,0.536869,-0.7551,-0.176,0.614,0.23,0.113,0.089
28308,943.849,0.93,1,-0.092996,0.530413,-0.842623,-0.248304,0.447484,-0.85913,-0.198,0.522,0.252,0.072,0.099
28309,943.883,0.98,1,0.03073,0.509349,-0.860011,-0.064153,0.44924,-0.891105,-0.019,0.501,0.279,0.015,0.106
28310,943.916,0.98,1,0.196376,0.612624,-0.765591,-0.008075,0.371024,-0.928588,0.111,0.526,0.309,-0.025,0.119
28311,943.949,0.98,1,0.335021,0.528799,-0.779829,0.017447,0.392689,-0.919506,0.205,0.497,0.325,-0.087,0.127
28312,943.983,0.98,1,0.367908,0.549348,-0.75024,0.007305,0.400898,-0.916093,0.221,0.518,0.338,-0.131,0.138
28313,944.016,0.98,1,0.36852,0.595838,-0.713562,0.021954,0.485745,-0.873825,0.241,0.598,0.353,-0.159,0.151
28314,944.049,0.98,1,0.350304,0.621096,-0.701089,0.008998,0.486965,-0.873375,0.224,0.613,0.365,-0.186,0.163
28315,944.083,0.98,1,0.353128,0.625645,-0.695607,0.010912,0.492377,-0.870314,0.228,0.62,0.373,-0.203,0.172
28316,944.116,0.98,1,0.337376,0.614192,-0.713404,0.018789,0.446,-0.894836,0.218,0.583,0.383,-0.215,0.181
28317,944.149,0.98,1,0.340057,0.605424,-0.719599,0.009156,0.434226,-0.900758,0.212,0.57,0.392,-0.224,0.189
28318,944.183,0.93,1,0.307519,0.59632,-0.741508,0.017158,0.438336,-0.898648,0.195,0.563,0.401,-0.241,0.194
28319,944.216,0.93,1,0.319628,0.595037,-0.737406,-0.014157,0.388023,-0.921541,0.182,0.535,0.397,-0.237,0.199
28320,944.249,0.93,1,0.318527,0.58695,-0.744332,-0.028513,0.403352,-0.9146,0.173,0.538,0.4,-0.233,0.203
28321,944.283,0.93,1,0.316512,0.586145,-0.745824,-0.041623,0.373461,-0.926711,0.163,0.521,0.398,-0.233,0.203
28322,944.316,0.93,1,0.307443,0.583269,-0.751849,-0.035335,0.371554,-0.927739,0.161,0.517,0.399,-0.236,0.204
28323,944.35,0.93,1,0.303573,0.587485,-0.750136,-0.035119,0.385849,-0.921893,0.159,0.527,0.401,-0.239,0.204
28324,944.383,0.98,1,0.302223,0.575497,-0.759911,-0.031036,0.378365,-0.925136,0.16,0.515,0.402,-0.245,0.203
28325,944.416,0.98,1,0.298457,0.563045,-0.770651,-0.019487,0.377109,-0.925964,0.163,0.506,0.394,-0.252,0.197
28326,944.45,0.98,1,0.319534,0.559671,-0.764635,-0.024735,0.369636,-0.928848,0.172,0.502,0.383,-0.244,0.187
28327,944.483,0.98,1,0.339859,0.575798,-0.743608,-0.04195,0.388855,-0.920344,0.177,0.525,0.373,-0.233,0.181
28328,944.516,0.98,1,0.370091,0.606885,-0.703365,0.044406,0.534207,-0.844187,0.262,0.635,0.372,-0.233,0.173
28329,944.55,0.98,1,0.41394,0.511495,-0.753012,0.096346,0.493819,-0.86421,0.306,0.556,0.363,-0.223,0.166
28330,944.583,0.98,1,0.380222,0.501054,-0.777416,0.129861,0.376299,-0.917352,0.292,0.478,0.359,-0.202,0.161
28331,944.616,0.98,1,0.380631,0.471428,-0.795535,0.14793,0.367002,-0.918382,0.299,0.455,0.352,-0.191,0.159
28332,944.65,0.98,1,0.386041,0.455339,-0.802271,0.132517,0.389675,-0.911369,0.294,0.458,0.356,-0.174,0.156
28333,944.683,0.98,1,0.373997,0.447007,-0.812595,0.149331,0.392452,-0.907569,0.295,0.454,0.355,-0.168,0.155
28334,944.716,0.98,1,0.365237,0.442971,-0.818767,0.145283,0.404658,-0.902854,0.288,0.458,0.35,-0.164,0.153
28335,944.75,0.98,1,0.377315,0.407577,-0.831574,0.144424,0.382403,-0.912639,0.291,0.425,0.34,-0.16,0.147
28381,946.283,0.98,1,0.34635,0.454063,-0.820895,0.110124,0.283785,-0.952543,0.252,0.394,0.276,-0.274,0.176
28382,946.317,0.98,1,0.352456,0.460488,-0.814694,0.100133,0.279462,-0.954921,0.25,0.396,0.281,-0.258,0.176
28383,946.35,0.98,1,0.373117,0.460774,-0.805277,0.094519,0.277034,-0.9562,0.259,0.397,0.283,-0.235,0.178
28384,946.383,0.98,1,0.370637,0.470603,-0.800726,0.047673,0.269293,-0.961878,0.233,0.397,0.284,-0.212,0.181
28385,946.417,0.98,1,0.367936,0.457877,-0.809303,0.052467,0.318259,-0.946551,0.235,0.416,0.288,-0.195,0.185
28386,946.45,0.98,1,0.35605,0.450447,-0.818734,0.109762,0.399783,-0.910014,0.263,0.457,0.286,-0.194,0.186
28387,946.483,0.98,1,0.325502,0.436653,-0.838679,0.119235,0.402081,-0.907807,0.249,0.448,0.286,-0.193,0.187
28388,946.517,0.98,1,0.327459,0.44466,-0.833696,0.114476,0.412169,-0.903887,0.249,0.458,0.286,-0.186,0.186
28389,946.55,0.98,1,0.327361,0.444575,-0.83378,0.117589,0.408235,-0.905272,0.25,0.456,0.287,-0.186,0.183
28390,946.584,0.98,1,0.324711,0.446571,-0.833749,0.117545,0.415782,-0.901836,0.25,0.461,0.289,-0.187,0.182
28391,946.617,0.98,1,0.325581,0.445012,-0.834243,0.124305,0.410235,-0.903469,0.253,0.457,0.291,-0.188,0.18
28392,946.65,0.98,1,0.324023,0.456362,-0.8287,0.126356,0.409153,-0.903675,0.254,0.463,0.293,-0.19,0.179
28393,946.684,0.98,1,0.326471,0.467101,-0.821726,0.120696,0.412272,-0.90303,0.254,0.471,0.295,-0.191,0.179
28394,946.717,0.98,1,0.32877,0.468247,-0.820155,0.120058,0.407203,-0.905412,0.254,0.47,0.296,-0.193,0.179
28395,946.75,0.98,1,0.331087,0.47283,-0.816586,0.116138,0.406943,-0.90604,0.254,0.472,0.297,-0.192,0.178
28396,946.784,0.98,1,0.333704,0.470731,-0.816734,0.12304,0.409753,-0.90386,0.259,0.473,0.298,-0.193,0.177
28397,946.817,0.98,1,0.332784,0.472336,-0.816182,0.119083,0.412495,-0.903143,0.257,0.475,0.3,-0.193,0.176
28398,946.85,0.98,1,0.337389,0.472938,-0.81394,0.12555,0.405006,-0.905653,0.263,0.472,0.301,-0.195,0.175
28399,946.884,0.98,1,0.336595,0.476966,-0.811916,0.130349,0.407342,-0.903926,0.266,0.476,0.302,-0.195,0.174
28400,946.917,0.98,1,0.346527,0.472587,-0.810297,0.129016,0.407338,-0.904119,0.271,0.474,0.302,-0.197,0.174
28401,946.95,0.98,1,0.347937,0.472853,-0.809536,0.128362,0.405221,-0.905162,0.271,0.473,0.302,-0.193,0.172
28402,946.984,0.98,1,0.347955,0.473553,-0.80912,0.123818,0.400625,-0.907837,0.268,0.471,0.303,-0.195,0.172
28403,947.017,0.98,1,0.356112,0.47209,-0.806421,0.126986,0.403007,-0.906344,0.275,0.472,0.304,-0.195,0.171
28404,947.05,0.98,1,0.356391,0.474933,-0.804627,0.133484,0.403244,-0.905304,0.279,0.474,0.304,-0.196,0.171
28405,947.084,0.98,1,0.354631,0.477239,-0.80404,0.125624,0.402719,-0.906662,0.274,0.475,0.306,-0.196,0.17
28406,947.117,0.98,1,0.353276,0.480108,-0.802927,0.1314,0.408498,-0.903252,0.277,0.48,0.307,-0.195,0.17
28407,947.15,0.98,1,0.352592,0.48017,-0.803191,0.124343,0.409754,-0.903681,0.272,0.481,0.307,-0.196,0.17
28408,947.184,0.98,1,0.348065,0.478311,-0.806268,0.123865,0.408082,-0.904503,0.269,0.478,0.31,-0.193,0.171
28409,947.217,0.98,1,0.35174,0.47824,-0.804715,0.126096,0.406037,-0.905115,0.273,0.477,0.309,-0.194,0.171
28410,947.25,0.98,1,0.348618,0.47324,-0.809018,0.123527,0.394721,-0.910459,0.268,0.467,0.308,-0.193,0.171
28411,947.284,0.98,1,0.352013,0.47154,-0.80854,0.122769,0.400149,-0.90819,0.27,0.47,0.308,-0.192,0.171
28412,947.317,0.98,1,0.353649,0.467692,-0.81006,0.119459,0.400853,-0.908321,0.269,0.468,0.31,-0.191,0.172
28413,947.35,0.98,1,0.348885,0.471114,-0.810143,0.116673,0.398929,-0.909529,0.264,0.468,0.311,-0.19,0.172
28414,947.384,0.98,1,0.353703,0.47228,-0.807369,0.121113,0.401005,-0.908035,0.27,0.471,0.311,-0.189,0.173
28415,947.417,0.98,1,0.352961,0.469793,-0.809144,0.121729,0.404253,-0.90651,0.27,0.471,0.312,-0.187,0.173
28416,947.45,0.98,1,0.344051,0.470442,-0.812596,0.12795,0.403416,-0.906027,0.268,0.47,0.313,-0.186,0.172
28417,947.484,0.98,1,0.344607,0.466206,-0.814799,0.136583,0.400152,-0.906214,0.273,0.466,0.31,-0.188,0.172
28418,947.517,0.98,1,0.342925,0.467169,-0.814957,0.129201,0.401125,-0.906866,0.268,0.467,0.309,-0.188,0.17
28419,947.55,0.98,1,0.339609,0.467727,-0.816025,0.123776,0.399581,-0.908303,0.263,0.466,0.306,-0.186,0.169
28420,947.584,0.98,1,0.349771,0.474774,-0.80762,0.123254,0.411747,-0.902925,0.27,0.478,0.304,-0.181,0.166
28421,947.617,0.98,1,0.252991,0.499851,-0.828339,0.044758,0.4315,-0.901002,0.171,0.494,0.299,-0.164,0.161
28422,947.651,0.98,1,0.111381,0.502839,-0.857174,-0.077898,0.444513,-0.892379,0.019,0.496,0.287,-0.156,0.156
28423,947.684,0.98,1,0.129652,0.604881,-0.78569,-0.036288,0.535135,-0.843987,0.057,0.61,0.281,-0.123,0.147
28424,947.717,0.98,1,0.02896,0.598354,-0.800708,-0.06064,0.54021,-0.839343,-0.019,0.607,0.263,-0.087,0.142
28448,948.517,0.98,1,0.136807,0.547716,-0.825404,-0.089028,0.328628,-0.940254,0.027,0.461,0.146,0.008,0.139
28449,948.551,0.98,1,0.137969,0.509794,-0.849161,-0.093294,0.459487,-0.883271,0.026,0.51,0.09,-0.103,0.137
28450,948.584,0.82,1,0.001294,0.444438,-0.895809,-0.212941,0.375602,-0.901986,-0.117,0.428,0.051,-0.084,0.159
28451,948.617,0.98,1,0.209794,0.589928,-0.779725,0.042076,0.328428,-0.943591,0.145,0.49,0.185,-0.276,0.104
28452,948.651,0.88,1,0.155496,0.547651,-0.822131,0.113631,0.402866,-0.908178,0.154,0.502,0.227,-0.302,0.083
28453,948.684,0.88,1,0.156692,0.539009,-0.827597,0.096166,0.388983,-0.916212,0.144,0.489,0.247,-0.34,0.103
28454,948.717,0.88,1,0.382986,0.603209,-0.699615,0.02343,0.364526,-0.930898,0.244,0.536,0.276,-0.378,0.118
28455,948.751,0.98,1,0.463035,0.479383,-0.745514,0.194402,0.38171,-0.903607,0.379,0.481,0.306,-0.424,0.147
28456,948.784,0.88,1,0.456344,0.421449,-0.783665,0.086731,0.364097,-0.927314,0.307,0.43,0.337,-0.446,0.16
28457,948.818,0.98,1,0.419732,0.460369,-0.782231,0.1787,0.2814,-0.942805,0.334,0.406,0.356,-0.457,0.164
28458,948.851,0.98,1,0.415607,0.512415,-0.751467,0.021728,0.395524,-0.918198,0.256,0.498,0.375,-0.439,0.154
28459,948.884,0.98,1,0.389895,0.532405,-0.75135,0.039808,0.318238,-0.947175,0.248,0.464,0.425,-0.409,0.139
28460,948.918,0.98,1,0.404427,0.549996,-0.730714,0.035176,0.353467,-0.934785,0.258,0.497,0.437,-0.407,0.13
28461,948.951,0.93,1,0.416059,0.550195,-0.724003,0.04534,0.356261,-0.933286,0.272,0.5,0.437,-0.415,0.123
28462,948.984,0.93,1,0.437338,0.539005,-0.719867,0.040238,0.349192,-0.936187,0.281,0.492,0.42,-0.441,0.126
28463,949.018,0.98,1,0.466936,0.527963,-0.709384,0.060796,0.334996,-0.940256,0.31,0.482,0.407,-0.48,0.133
28464,949.051,0.98,1,0.491549,0.509419,-0.706309,0.096001,0.34178,-0.934864,0.344,0.478,0.403,-0.491,0.132
28465,949.084,0.98,1,0.497101,0.508676,-0.70295,0.13415,0.420312,-0.897408,0.376,0.526,0.404,-0.496,0.13
28466,949.118,0.98,1,0.489008,0.498184,-0.71602,0.151367,0.431217,-0.889461,0.38,0.525,0.39,-0.486,0.131
28467,949.151,0.88,1,0.473315,0.446159,-0.759549,0.196852,0.370849,-0.907591,0.382,0.456,0.365,-0.477,0.131
28468,949.184,0.93,1,0.482315,0.436287,-0.759622,0.204923,0.364793,-0.908258,0.391,0.448,0.357,-0.481,0.128
28469,949.218,0.93,1,0.479849,0.432541,-0.763317,0.201793,0.318197,-0.926299,0.383,0.418,0.351,-0.487,0.132
28470,949.251,0.98,1,0.472236,0.42092,-0.77448,0.223061,0.281454,-0.933289,0.387,0.39,0.349,-0.487,0.127
28471,949.284,0.98,1,0.489962,0.425321,-0.760947,0.233248,0.2447,-0.941125,0.402,0.375,0.342,-0.47,0.121
28472,949.318,0.98,1,0.477775,0.417321,-0.77303,0.297555,0.235396,-0.925229,0.428,0.367,0.338,-0.464,0.121
28473,949.351,0.98,1,0.471871,0.428972,-0.770273,0.264833,0.278357,-0.923245,0.41,0.396,0.332,-0.469,0.126
28474,949.384,0.88,1,0.475402,0.418561,-0.773821,0.281755,0.233688,-0.930593,0.418,0.365,0.336,-0.469,0.121
28475,949.418,0.98,1,0.478039,0.422013,-0.770314,0.299906,0.273467,-0.913932,0.433,0.392,0.321,-0.451,0.122
28476,949.451,0.98,1,0.472315,0.416529,-0.776803,0.254577,0.274322,-0.927328,0.403,0.385,0.316,-0.455,0.131
28477,949.484,0.98,1,0.471178,0.428413,-0.771008,0.249681,0.285936,-0.925149,0.402,0.399,0.326,-0.456,0.131
28478,949.518,0.98,1,0.474482,0.427959,-0.769232,0.248573,0.297753,-0.921713,0.404,0.405,0.326,-0.45,0.129
28479,949.551,0.98,1,0.466831,0.418646,-0.778976,0.230824,0.288136,-0.929354,0.388,0.392,0.314,-0.428,0.128
28480,949.584,0.98,1,0.450597,0.413406,-0.791238,0.21765,0.292788,-0.931077,0.37,0.389,0.302,-0.391,0.13
28481,949.618,0.98,1,0.447192,0.413603,-0.793065,0.182255,0.289999,-0.939512,0.348,0.386,0.294,-0.387,0.132
28482,949.651,0.98,1,0.447679,0.428188,-0.785009,0.151331,0.333974,-0.930355,0.336,0.418,0.291,-0.376,0.132
28483,949.684,0.98,1,0.456772,0.423742,-0.782178,0.135533,0.293682,-0.946246,0.33,0.393,0.285,-0.369,0.134
28484,949.718,0.98,1,0.457464,0.425102,-0.781034,0.127898,0.308697,-0.942522,0.327,0.403,0.282,-0.369,0.138
28485,949.751,0.98,1,0.44775,0.407739,-0.795782,0.135767,0.272804,-0.952442,0.322,0.371,0.285,-0.365,0.138
28486,949.784,0.98,1,0.452516,0.416082,-0.788736,0.139115,0.285242,-0.948306,0.328,0.384,0.275,-0.365,0.14
28487,949.818,0.98,1,0.432121,0.411768,-0.802321,0.054125,0.267594,-0.962011,0.269,0.368,0.267,-0.332,0.146
28488,949.851,0.98,1,0.423452,0.417214,-0.804127,0.085181,0.259794,-0.9619,0.28,0.366,0.254,-0.308,0.153
28489,949.885,0.98,1,0.426892,0.422922,-0.799312,0.095141,0.268074,-0.958689,0.289,0.375,0.259,-0.311,0.153
28490,949.918,0.98,1,0.435267,0.434592,-0.788462,0.116052,0.275276,-0.954335,0.306,0.387,0.256,-0.309,0.155
28491,949.951,0.98,1,0.433854,0.431825,-0.790758,0.116958,0.28444,-0.951533,0.306,0.39,0.261,-0.319,0.155
28492,949.985,0.98,1,0.443558,0.426934,-0.788025,0.126181,0.244932,-0.961294,0.315,0.367,0.259,-0.333,0.154
28493,950.018,0.98,1,0.440388,0.411796,-0.797798,0.152762,0.240349,-0.958591,0.326,0.356,0.259,-0.345,0.152
28494,950.051,0.98,1,0.45082,0.424991,-0.784948,0.033804,0.302509,-0.952547,0.272,0.397,0.265,-0.356,0.149
28495,950.085,0.98,1,0.443472,0.419643,-0.791981,0.003369,0.347372,-0.937721,0.253,0.417,0.256,-0.337,0.143
28496,950.118,0.98,1,0.452525,0.419877,-0.786718,-0.000473,0.345714,-0.93834,0.256,0.418,0.253,-0.341,0.143
28654,955.386,0.88,1,0.410269,0.40406,-0.817567,0.234598,0.355127,-0.904903,0.358,0.415,0.148,-0.423,-0.109
28655,955.419,0.88,1,0.383628,0.460491,-0.800486,0.264215,0.367282,-0.891793,0.366,0.455,0.159,-0.428,-0.109
28656,955.453,0.93,1,0.479403,0.515673,-0.710109,0.198661,0.438736,-0.876381,0.404,0.542,0.181,-0.394,-0.098
28657,955.486,0.93,1,0.473254,0.539125,-0.696689,0.180578,0.429046,-0.885048,0.392,0.549,0.199,-0.417,-0.091
28658,955.52,0.88,1,0.482553,0.490073,-0.725928,0.166457,0.421156,-0.891583,0.382,0.513,0.224,-0.42,-0.086
28659,955.553,0.88,1,0.477647,0.495643,-0.72539,0.148164,0.437201,-0.887075,0.37,0.524,0.244,-0.441,-0.078
28660,955.586,0.88,1,0.459513,0.486898,-0.742817,0.146222,0.420562,-0.895403,0.354,0.506,0.258,-0.443,-0.062
28661,955.62,0.88,1,0.438663,0.488014,-0.754598,0.138485,0.405879,-0.903374,0.335,0.494,0.269,-0.44,-0.045
28662,955.653,0.88,1,0.447132,0.4915,-0.747329,0.124135,0.402338,-0.907036,0.332,0.495,0.273,-0.434,-0.026
28663,955.686,0.88,1,0.422918,0.498689,-0.756604,0.097731,0.418955,-0.902732,0.304,0.505,0.286,-0.434,-0.004
28664,955.72,0.88,1,0.428435,0.497663,-0.754171,0.088627,0.426483,-0.900143,0.303,0.509,0.291,-0.43,0.012
28665,955.753,0.88,1,0.42326,0.487956,-0.76338,0.052562,0.408456,-0.911263,0.277,0.491,0.292,-0.411,0.029
28666,955.786,0.88,1,0.431571,0.508125,-0.745356,0.017753,0.418026,-0.908262,0.265,0.511,0.296,-0.4,0.038
28667,955.82,0.88,1,0.386983,0.578183,-0.718295,0.024709,0.431525,-0.901763,0.249,0.557,0.312,-0.388,0.06
28668,955.853,0.88,1,0.348513,0.604845,-0.716032,0.018588,0.462116,-0.886625,0.225,0.587,0.313,-0.39,0.086
28669,955.886,0.88,1,0.342948,0.618942,-0.706609,0.070559,0.4551,-0.887641,0.254,0.593,0.317,-0.399,0.1
28670,955.92,0.88,1,0.352578,0.568448,-0.743341,0.113963,0.470422,-0.875052,0.281,0.571,0.311,-0.389,0.101
28671,955.953,0.88,1,0.353811,0.559356,-0.749625,0.139916,0.453061,-0.880431,0.294,0.556,0.305,-0.373,0.085
28672,955.986,0.88,1,0.336094,0.553335,-0.762143,0.061284,0.494543,-0.86699,0.239,0.572,0.315,-0.364,0.061
28673,956.02,0.88,1,0.328939,0.501835,-0.799976,0.048566,0.501201,-0.863967,0.223,0.542,0.312,-0.365,0.062
28674,956.053,0.88,1,0.356572,0.467822,-0.808702,0.095424,0.429218,-0.898146,0.259,0.484,0.3,-0.345,0.05
28675,956.086,0.88,1,0.376909,0.465256,-0.800922,0.046623,0.405199,-0.913039,0.242,0.47,0.298,-0.358,0.056
28676,956.12,0.88,1,0.374168,0.464095,-0.802879,0.084126,0.448833,-0.889647,0.264,0.495,0.293,-0.347,0.065
28677,956.153,0.88,1,0.364675,0.468443,-0.804719,0.0246,0.451005,-0.892182,0.226,0.497,0.294,-0.321,0.07
28678,956.186,0.88,1,0.336662,0.56461,-0.753574,0.065698,0.418217,-0.905968,0.238,0.535,0.269,-0.318,0.094
28679,956.22,0.98,1,0.224685,0.546808,-0.806547,-0.011575,0.525342,-0.850813,0.128,0.574,0.257,-0.265,0.084
28680,956.253,0.98,1,0.235615,0.495195,-0.836222,-0.041614,0.48715,-0.872326,0.113,0.522,0.242,-0.238,0.097
28681,956.286,0.98,1,0.10418,0.555282,-0.825111,-0.13711,0.468898,-0.872545,-0.019,0.543,0.256,-0.158,0.1
28682,956.32,0.98,1,0.08665,0.542232,-0.835749,-0.032572,0.519785,-0.853676,0.032,0.561,0.277,-0.095,0.102
28745,958.42,0.98,1,0.095783,0.574082,-0.813176,-0.319803,0.515369,-0.79506,-0.138,0.595,0.236,0.062,0.124
28746,958.454,0.98,1,-0.001637,0.550631,-0.834747,-0.191106,0.4263,-0.884164,-0.112,0.517,0.272,0.009,0.126
28747,958.487,0.98,1,0.249007,0.603541,-0.757452,0.026943,0.386258,-0.921997,0.163,0.533,0.299,-0.061,0.132
28748,958.52,0.98,1,0.368619,0.579839,-0.726572,0.034451,0.41237,-0.910365,0.241,0.545,0.308,-0.128,0.126
28749,958.554,0.98,1,0.397999,0.555228,-0.730287,0.047707,0.438787,-0.897324,0.267,0.548,0.315,-0.169,0.124
28750,958.587,0.98,1,0.385399,0.590956,-0.708688,0.03203,0.483159,-0.874947,0.258,0.596,0.334,-0.2,0.128
28751,958.62,0.98,1,0.361806,0.600645,-0.712967,-0.001364,0.448668,-0.893697,0.221,0.579,0.349,-0.233,0.143
28752,958.654,0.98,1,0.389584,0.606452,-0.693138,-0.037922,0.41588,-0.908629,0.216,0.568,0.36,-0.265,0.159
28753,958.687,0.98,1,0.393317,0.619817,-0.679065,-0.043662,0.409903,-0.911084,0.216,0.575,0.367,-0.283,0.17
28754,958.72,0.98,1,0.397937,0.63823,-0.659021,-0.045223,0.425527,-0.903815,0.222,0.598,0.377,-0.29,0.178
28755,958.754,0.98,1,0.409762,0.62855,-0.661075,-0.059862,0.405381,-0.912186,0.219,0.581,0.371,-0.292,0.182
28756,958.787,0.98,1,0.400611,0.637316,-0.658286,-0.058156,0.429718,-0.901089,0.216,0.6,0.378,-0.293,0.186
28757,958.821,0.98,1,0.394105,0.640668,-0.658958,-0.06104,0.434136,-0.898777,0.211,0.604,0.385,-0.29,0.191
28758,958.854,0.98,1,0.37476,0.648135,-0.66293,-0.075355,0.427565,-0.900839,0.189,0.603,0.384,-0.285,0.195
28759,958.887,0.98,1,0.35691,0.63534,-0.684806,-0.032944,0.495906,-0.867751,0.206,0.63,0.394,-0.277,0.191
28760,958.921,0.98,1,0.363927,0.609362,-0.70444,-0.024609,0.506426,-0.861932,0.213,0.619,0.395,-0.263,0.19
28761,958.954,0.98,1,0.356145,0.608888,-0.708814,-0.043814,0.50907,-0.859609,0.197,0.619,0.394,-0.254,0.192
28762,958.987,0.98,1,0.358876,0.615265,-0.701895,-0.026756,0.506734,-0.861687,0.209,0.622,0.391,-0.243,0.192
28763,959.021,0.98,1,0.361457,0.607346,-0.707446,-0.020749,0.509497,-0.860222,0.214,0.619,0.389,-0.231,0.191
28764,959.054,0.98,1,0.363892,0.603411,-0.709561,-0.006181,0.50549,-0.86281,0.224,0.614,0.39,-0.226,0.191
28765,959.087,0.98,1,0.360558,0.605066,-0.709854,-0.006049,0.496655,-0.867927,0.221,0.61,0.388,-0.22,0.192
28766,959.121,0.98,1,0.362136,0.606335,-0.707966,0.001371,0.493931,-0.8695,0.226,0.609,0.386,-0.215,0.191
28767,959.154,0.98,1,0.360254,0.616442,-0.700155,0.002791,0.494315,-0.869278,0.227,0.616,0.387,-0.213,0.191
28768,959.187,0.98,1,0.356448,0.606518,-0.71069,-0.006708,0.503378,-0.86404,0.219,0.614,0.385,-0.21,0.194
28769,959.221,0.98,1,0.352331,0.608665,-0.710908,-0.009333,0.506213,-0.862358,0.215,0.617,0.387,-0.206,0.199
28770,959.254,0.98,1,0.382214,0.593786,-0.708047,0.009502,0.499535,-0.866241,0.244,0.607,0.387,-0.207,0.205
28771,959.287,0.98,1,0.395226,0.566706,-0.722939,0.033859,0.478498,-0.877435,0.262,0.579,0.386,-0.213,0.21
28772,959.321,0.98,1,0.403737,0.570964,-0.71484,0.039241,0.467128,-0.883319,0.27,0.576,0.385,-0.219,0.217
28773,959.354,0.98,1,0.404314,0.580452,-0.706828,0.050421,0.4656,-0.883558,0.278,0.582,0.393,-0.232,0.222
28774,959.387,0.98,1,0.398122,0.587051,-0.70489,0.055011,0.478217,-0.876517,0.279,0.593,0.407,-0.249,0.23
28775,959.421,0.98,1,0.395813,0.583958,-0.708749,0.069383,0.48373,-0.872463,0.286,0.594,0.414,-0.253,0.233
28776,959.454,0.98,1,0.398562,0.569741,-0.718709,0.062464,0.487491,-0.870891,0.282,0.587,0.413,-0.259,0.235
28777,959.487,0.98,1,0.393592,0.56753,-0.723184,0.073243,0.478529,-0.875012,0.284,0.58,0.417,-0.257,0.236
28778,959.521,0.98,1,0.391124,0.628289,-0.672514,-0.007464,0.495694,-0.868465,0.244,0.63,0.415,-0.268,0.244
28779,959.554,0.98,1,0.387525,0.637429,-0.665964,-0.063303,0.417665,-0.906393,0.203,0.591,0.411,-0.275,0.252
28780,959.587,0.98,1,0.378608,0.640359,-0.668279,-0.067301,0.434427,-0.898189,0.196,0.601,0.42,-0.276,0.252
28781,959.621,0.98,1,0.374963,0.638714,-0.671898,-0.063833,0.423454,-0.903666,0.195,0.593,0.424,-0.281,0.253
28782,959.654,0.98,1,0.381228,0.647334,-0.660019,-0.056473,0.420717,-0.905432,0.205,0.599,0.426,-0.29,0.255
28783,959.687,0.98,1,0.380277,0.637878,-0.669702,-0.061099,0.390991,-0.918364,0.198,0.575,0.424,-0.289,0.257
28784,959.721,0.88,1,0.382406,0.638513,-0.667882,-0.058279,0.387501,-0.920025,0.201,0.574,0.422,-0.293,0.258
28785,959.754,0.93,1,0.371325,0.647705,-0.665279,-0.066186,0.385415,-0.920367,0.19,0.577,0.424,-0.293,0.259
28786,959.787,0.93,1,0.38313,0.650052,-0.656234,-0.061084,0.426462,-0.90244,0.204,0.604,0.429,-0.299,0.258
28787,959.821,0.93,1,0.403317,0.639634,-0.654373,-0.0424,0.435589,-0.899147,0.228,0.605,0.428,-0.3,0.255
28788,959.854,0.93,1,0.408735,0.633967,-0.656522,-0.039807,0.438265,-0.897964,0.233,0.604,0.429,-0.311,0.258
28789,959.888,0.93,1,0.420647,0.632867,-0.650027,-0.02523,0.439823,-0.89773,0.25,0.606,0.426,-0.314,0.255
28790,959.921,0.93,1,0.421194,0.620249,-0.66173,0.001939,0.467441,-0.884022,0.267,0.613,0.421,-0.315,0.236
28791,959.954,0.88,1,0.434738,0.606974,-0.665271,-0.017412,0.422791,-0.90606,0.26,0.58,0.408,-0.321,0.227
28792,959.988,0.88,1,0.436134,0.601675,-0.669159,-0.035859,0.380033,-0.924278,0.246,0.552,0.401,-0.322,0.22
28793,960.021,0.88,1,0.443906,0.596681,-0.66852,-0.018982,0.398673,-0.916897,0.262,0.561,0.404,-0.332,0.215
28794,960.054,0.88,1,0.445778,0.596664,-0.667289,-0.031273,0.381262,-0.923938,0.255,0.551,0.399,-0.333,0.214
28795,960.088,0.88,1,0.458069,0.59246,-0.662695,-0.001203,0.430033,-0.902812,0.284,0.579,0.405,-0.337,0.21
28796,960.121,0.93,1,0.434752,0.605824,-0.66631,-0.030288,0.376887,-0.925764,0.249,0.553,0.396,-0.325,0.215
28797,960.154,0.88,1,0.457205,0.599148,-0.657256,-0.007431,0.407871,-0.913009,0.279,0.57,0.4,-0.337,0.213
28798,960.188,0.88,1,0.452514,0.592382,-0.666569,-0.025501,0.374499,-0.926877,0.262,0.545,0.397,-0.331,0.212
28799,960.221,0.93,1,0.459012,0.593681,-0.660947,0.011181,0.413908,-0.91025,0.291,0.57,0.399,-0.337,0.206
28800,960.254,0.88,1,0.463488,0.59172,-0.65958,-0.006755,0.39851,-0.917139,0.282,0.561,0.402,-0.336,0.201
28801,960.288,0.88,1,0.463037,0.591216,-0.660348,0.003935,0.406583,-0.913606,0.288,0.565,0.4,-0.343,0.196
28802,960.321,0.88,1,0.468012,0.591479,-0.656595,-0.005886,0.397421,-0.917617,0.286,0.561,0.4,-0.342,0.192
28803,960.354,0.88,1,0.438859,0.598457,-0.670263,0.035408,0.46036,-0.887026,0.296,0.597,0.402,-0.345,0.176
28804,960.388,0.88,1,0.439229,0.603351,-0.665617,-0.003303,0.438166,-0.898888,0.272,0.587,0.404,-0.338,0.181
28805,960.421,0.93,1,0.448302,0.612359,-0.651185,-0.008806,0.43363,-0.901048,0.276,0.593,0.401,-0.332,0.172
28806,960.454,0.93,1,0.447671,0.602189,-0.661029,-0.003244,0.442443,-0.896791,0.278,0.591,0.398,-0.33,0.168
28807,960.488,0.93,1,0.451736,0.596831,-0.66312,-0.013361,0.445018,-0.895422,0.274,0.589,0.4,-0.321,0.165
28808,960.521,0.93,1,0.456462,0.606734,-0.650782,-0.032723,0.432566,-0.901008,0.267,0.59,0.4,-0.316,0.173
28809,960.554,0.98,1,0.420025,0.639509,-0.6439,-0.049804,0.433112,-0.899963,0.235,0.607,0.403,-0.312,0.176
28810,960.588,0.93,1,0.425397,0.638121,-0.641747,-0.05628,0.412953,-0.909012,0.234,0.596,0.395,-0.304,0.172
28811,960.621,0.98,1,0.41925,0.638474,-0.645431,-0.053354,0.415324,-0.908107,0.231,0.596,0.392,-0.304,0.166
28812,960.654,0.98,1,0.418381,0.610117,-0.672841,-0.068677,0.386687,-0.91965,0.216,0.559,0.381,-0.295,0.161
28813,960.688,0.98,1,0.409301,0.590681,-0.695391,-0.051653,0.352285,-0.934466,0.216,0.525,0.378,-0.291,0.156
28814,960.721,0.93,1,0.415407,0.571538,-0.70766,-0.052783,0.348525,-0.935812,0.217,0.51,0.371,-0.283,0.149
28815,960.754,0.98,1,0.400537,0.579483,-0.709767,-0.050428,0.353892,-0.933926,0.21,0.516,0.367,-0.279,0.144
28816,960.788,0.98,1,0.392355,0.5785,-0.715119,-0.04701,0.357697,-0.932653,0.207,0.517,0.367,-0.277,0.141
28817,960.821,0.98,1,0.394017,0.564998,-0.724933,-0.044292,0.36381,-0.930419,0.208,0.511,0.366,-0.275,0.137
28818,960.854,0.98,1,0.38146,0.555446,-0.738896,-0.038694,0.359958,-0.932166,0.202,0.501,0.366,-0.274,0.134
28819,960.888,0.98,1,0.385528,0.547967,-0.742361,-0.046878,0.359043,-0.932143,0.2,0.496,0.363,-0.276,0.134
28820,960.921,0.98,1,0.379392,0.53577,-0.754329,-0.042544,0.341299,-0.938991,0.196,0.478,0.358,-0.273,0.132
28821,960.954,0.98,1,0.37897,0.536421,-0.754079,-0.052954,0.339142,-0.939244,0.19,0.477,0.356,-0.269,0.129
28822,960.988,0.98,1,0.36849,0.530287,-0.763552,-0.043278,0.356538,-0.933278,0.189,0.482,0.36,-0.274,0.126
28823,961.021,0.98,1,0.357879,0.5336,-0.766286,-0.038096,0.361247,-0.931692,0.186,0.485,0.36,-0.276,0.125
28824,961.055,0.98,1,0.357294,0.533437,-0.766672,-0.047345,0.363326,-0.930458,0.181,0.486,0.359,-0.278,0.125
28825,961.088,0.98,1,0.360313,0.535309,-0.763949,-0.035362,0.373976,-0.926764,0.19,0.493,0.36,-0.276,0.122
28826,961.121,0.98,1,0.363557,0.53661,-0.761496,-0.024677,0.378559,-0.925248,0.198,0.497,0.362,-0.278,0.121
28827,961.155,0.98,1,0.361676,0.538717,-0.760904,-0.018349,0.384855,-0.922795,0.201,0.502,0.357,-0.275,0.119
28828,961.188,0.98,1,0.359327,0.5385,-0.762169,-0.006524,0.366471,-0.930406,0.205,0.491,0.357,-0.278,0.119
28829,961.221,0.98,1,0.361814,0.540728,-0.75941,-0.008259,0.373053,-0.927773,0.207,0.496,0.357,-0.276,0.118
28830,961.255,0.98,1,0.36197,0.538165,-0.761155,0.013234,0.390139,-0.920661,0.22,0.504,0.358,-0.278,0.115
28831,961.288,0.98,1,0.35347,0.543707,-0.761211,0.043215,0.43009,-0.901751,0.234,0.53,0.362,-0.281,0.114
28832,961.321,0.98,1,0.36529,0.538626,-0.75924,0.04257,0.426463,-0.903502,0.241,0.526,0.362,-0.283,0.114
28833,961.355,0.98,1,0.356144,0.530141,-0.769488,0.0496,0.426347,-0.903199,0.238,0.519,0.362,-0.282,0.113
28834,961.388,0.98,1,0.361085,0.534106,-0.764426,0.046253,0.428487,-0.902363,0.24,0.524,0.363,-0.283,0.112
28835,961.421,0.98,1,0.301156,0.509321,-0.806162,0.04509,0.416042,-0.908227,0.199,0.495,0.364,-0.277,0.111
28836,961.455,0.98,1,0.299272,0.508684,-0.807265,0.03363,0.402245,-0.914914,0.191,0.487,0.364,-0.281,0.112
28837,961.488,0.98,1,0.345088,0.530016,-0.774595,0.020803,0.403011,-0.914959,0.213,0.505,0.362,-0.286,0.112
28838,961.521,0.98,1,0.333029,0.52833,-0.780999,0.037064,0.410066,-0.911303,0.215,0.506,0.363,-0.289,0.113
28839,961.555,0.98,1,0.326269,0.531763,-0.781522,0.023615,0.403096,-0.914853,0.203,0.504,0.363,-0.288,0.113
28840,961.588,0.98,1,0.287722,0.515764,-0.806972,0.032507,0.399214,-0.916281,0.184,0.488,0.364,-0.277,0.112
28841,961.621,0.98,1,0.275931,0.51661,-0.810541,0.044031,0.404841,-0.913327,0.184,0.491,0.368,-0.279,0.112
28842,961.655,0.98,1,0.268829,0.508887,-0.81778,0.03571,0.396154,-0.91749,0.174,0.481,0.367,-0.274,0.111
28843,961.688,0.98,1,0.232924,0.509427,-0.82839,0.034806,0.39619,-0.917508,0.152,0.479,0.371,-0.278,0.11
28844,961.721,0.98,1,0.257437,0.509335,-0.82116,0.045165,0.401168,-0.91489,0.173,0.483,0.369,-0.275,0.11
28845,961.755,0.98,1,0.269642,0.50536,-0.819698,0.05983,0.410271,-0.909999,0.188,0.487,0.367,-0.275,0.11
28846,961.788,0.98,1,0.292038,0.51067,-0.808659,0.063387,0.427379,-0.901848,0.205,0.502,0.365,-0.269,0.11
28847,961.821,0.98,1,0.30757,0.509401,-0.803686,0.05235,0.413983,-0.908778,0.207,0.495,0.364,-0.27,0.113
28848,961.855,0.98,1,0.301788,0.518907,-0.799787,0.034407,0.406236,-0.91312,0.194,0.495,0.363,-0.269,0.117
28849,961.888,0.98,1,0.264504,0.520137,-0.812093,0.03212,0.408556,-0.912168,0.17,0.494,0.364,-0.267,0.122
28850,961.921,0.98,1,0.271064,0.514363,-0.813606,0.052192,0.421733,-0.905217,0.186,0.499,0.364,-0.268,0.127
28851,961.955,0.98,1,0.274662,0.521741,-0.80768,0.043779,0.43048,-0.901538,0.184,0.508,0.36,-0.262,0.13
28852,961.988,0.98,1,0.277415,0.532217,-0.799866,0.020231,0.419839,-0.907373,0.173,0.509,0.357,-0.254,0.13
28853,962.021,0.98,1,0.265902,0.538138,-0.799815,0.017419,0.425261,-0.904903,0.165,0.514,0.361,-0.243,0.132
28854,962.055,0.98,1,0.25323,0.632288,-0.732179,-0.017396,0.568569,-0.822452,0.151,0.658,0.359,-0.213,0.125
28855,962.088,0.98,1,0.129393,0.580638,-0.803814,-0.046233,0.533628,-0.844455,0.05,0.594,0.352,-0.153,0.119
28856,962.122,0.98,1,0.018136,0.440527,-0.897556,-0.116884,0.474885,-0.872251,-0.056,0.477,0.342,-0.092,0.114
28857,962.155,0.98,1,-0.03224,0.330468,-0.943266,-0.148464,0.508406,-0.848223,-0.101,0.438,0.335,-0.018,0.105
28858,962.188,0.98,1,-0.102757,0.345811,-0.932661,-0.194949,0.483705,-0.853244,-0.165,0.435,0.312,0.06,0.12
28859,962.222,0.98,1,-0.107145,0.262795,-0.958884,-0.201362,0.468701,-0.8601,-0.168,0.382,0.293,0.112,0.132
28860,962.255,0.98,1,-0.115364,0.194154,-0.974164,-0.246446,0.44652,-0.860165,-0.195,0.336,0.281,0.162,0.134
28861,962.288,0.98,1,-0.238806,0.201597,-0.949911,-0.274375,0.468164,-0.839965,-0.279,0.358,0.27,0.205,0.133
28862,962.322,0.98,1,-0.228637,0.423609,-0.876516,-0.32158,0.481863,-0.815104,-0.314,0.491,0.278,0.243,0.13
28863,962.355,0.98,1,-0.225123,0.441347,-0.868638,-0.34324,0.495018,-0.798213,-0.329,0.512,0.282,0.278,0.124
28864,962.388,0.98,1,-0.218121,0.46161,-0.859849,-0.363851,0.490101,-0.792094,-0.339,0.523,0.279,0.301,0.121
28865,962.422,0.98,1,-0.221557,0.459665,-0.860012,-0.357085,0.483612,-0.799131,-0.336,0.517,0.282,0.328,0.115
28866,962.455,0.98,1,-0.361285,0.303686,-0.881617,-0.375314,0.458079,-0.805794,-0.412,0.424,0.285,0.35,0.11
28867,962.488,0.98,1,-0.290322,0.423961,-0.857887,-0.384926,0.453989,-0.803571,-0.386,0.486,0.29,0.36,0.105
28868,962.522,0.98,1,-0.305787,0.463896,-0.831441,-0.414887,0.473711,-0.776831,-0.421,0.528,0.298,0.382,0.101
28869,962.555,0.98,1,-0.333422,0.449126,-0.828924,-0.402815,0.483384,-0.777226,-0.43,0.526,0.292,0.397,0.1
28870,962.588,0.98,1,-0.344627,0.449663,-0.824036,-0.422845,0.488517,-0.763252,-0.45,0.534,0.283,0.428,0.1
28871,962.622,0.98,1,-0.315887,0.440872,-0.840147,-0.439991,0.47693,-0.760885,-0.441,0.521,0.279,0.45,0.093
28872,962.655,0.98,1,-0.30357,0.430791,-0.849861,-0.453557,0.483203,-0.748866,-0.442,0.519,0.274,0.479,0.083
28873,962.688,0.98,1,-0.328955,0.413438,-0.849033,-0.472005,0.488648,-0.733781,-0.468,0.518,0.286,0.515,0.071
28874,962.722,0.88,1,-0.358676,0.321135,-0.876484,-0.485165,0.499334,-0.717831,-0.487,0.475,0.294,0.547,0.061
28875,962.755,0.88,1,-0.337565,0.492568,-0.802139,-0.484805,0.404946,-0.775231,-0.481,0.517,0.309,0.633,0.052
28876,962.788,0.88,1,-0.336877,0.474115,-0.813467,-0.469459,0.397299,-0.788519,-0.466,0.498,0.307,0.649,0.051
28877,962.822,0.98,1,-0.371959,0.474077,-0.798058,-0.502043,0.365819,-0.783664,-0.505,0.488,0.307,0.644,0.05
28878,962.855,0.88,1,-0.37474,0.430255,-0.821249,-0.499565,0.366563,-0.784899,-0.498,0.461,0.302,0.643,0.046
28879,962.888,0.88,1,-0.373021,0.416128,-0.829273,-0.551394,0.374231,-0.745598,-0.531,0.465,0.286,0.632,0.043
28880,962.922,0.98,1,-0.378375,0.367078,-0.849756,-0.539019,0.36624,-0.758503,-0.518,0.428,0.285,0.621,0.036
28881,962.955,0.88,1,-0.360768,0.36567,-0.857981,-0.518661,0.342763,-0.783265,-0.492,0.407,0.281,0.596,0.035
28882,962.988,0.88,1,-0.340712,0.37438,-0.862412,-0.522169,0.360603,-0.772855,-0.486,0.422,0.287,0.578,0.027
28883,963.022,0.88,1,-0.33588,0.378416,-0.862547,-0.512609,0.43593,-0.739728,-0.487,0.47,0.296,0.572,0.019
28884,963.055,0.88,1,-0.34813,0.375217,-0.85908,-0.541761,0.468711,-0.697714,-0.519,0.497,0.307,0.571,0.012
28885,963.088,0.88,1,-0.314152,0.407458,-0.857488,-0.543235,0.396376,-0.740123,-0.493,0.466,0.323,0.552,0.008
28886,963.122,0.98,1,-0.308539,0.437239,-0.844764,-0.471071,0.420674,-0.775323,-0.449,0.487,0.347,0.554,0.003
28887,963.155,0.88,1,-0.300155,0.489846,-0.81851,-0.406553,0.409082,-0.816925,-0.408,0.503,0.361,0.547,0.002
28888,963.188,0.93,1,-0.301753,0.371957,-0.877835,-0.438119,0.463522,-0.770194,-0.422,0.469,0.378,0.519,-0.002
28889,963.222,0.88,1,-0.223578,0.492735,-0.840967,-0.366096,0.405577,-0.837545,-0.338,0.491,0.409,0.443,-0.006
28890,963.255,0.98,1,-0.069655,0.534619,-0.842218,-0.238558,0.464763,-0.852693,-0.18,0.533,0.315,0.199,-0.015
28891,963.289,0.98,1,0.036405,0.558398,-0.828774,-0.161487,0.523286,-0.836716,-0.075,0.576,0.355,0.134,-0.019
28892,963.322,0.93,1,0.099522,0.538593,-0.836668,-0.250455,0.477392,-0.84224,-0.09,0.544,0.329,0.028,0.018
28893,963.355,0.93,1,0.232084,0.526738,-0.817731,0.052434,0.41955,-0.906217,0.164,0.502,0.33,-0.062,0.009
28894,963.389,0.93,1,0.297505,0.437701,-0.848474,0.10173,0.38609,-0.916834,0.222,0.437,0.313,-0.09,0.008
28895,963.422,0.98,1,0.331227,0.434579,-0.837514,0.082162,0.395651,-0.914718,0.232,0.442,0.326,-0.121,0.01
28896,963.455,0.98,1,0.322768,0.455562,-0.829629,0.051138,0.416802,-0.907558,0.212,0.465,0.327,-0.14,0.012
28897,963.489,0.98,1,0.304872,0.502784,-0.808864,0.03602,0.440744,-0.89691,0.197,0.505,0.327,-0.138,0.021
28898,963.522,0.98,1,0.298983,0.505199,-0.809557,0.03433,0.420767,-0.906519,0.192,0.495,0.325,-0.133,0.033
28899,963.555,0.98,1,0.30333,0.52294,-0.796571,0.038919,0.283142,-0.958288,0.193,0.431,0.324,-0.122,0.046
28900,963.589,0.98,1,0.295798,0.516716,-0.803435,0.013012,0.259658,-0.965613,0.173,0.414,0.328,-0.116,0.058
28901,963.622,0.98,1,0.283644,0.517816,-0.807102,-0.00854,0.22448,-0.974441,0.153,0.395,0.339,-0.109,0.056
28902,963.655,0.98,1,0.272768,0.511409,-0.814898,0.005981,0.253388,-0.967346,0.155,0.405,0.349,-0.107,0.053
28903,963.689,0.93,1,0.28218,0.488741,-0.825534,0.007284,0.254801,-0.966966,0.16,0.393,0.352,-0.094,0.046
28904,963.722,0.98,1,0.309999,0.487742,-0.816093,0.022741,0.248749,-0.968301,0.184,0.391,0.356,-0.088,0.036
28905,963.755,0.98,1,0.194632,0.439743,-0.876781,0.004172,0.394887,-0.91872,0.11,0.435,0.355,-0.081,0.039
28906,963.789,0.98,1,0.151333,0.451257,-0.879469,0.020547,0.376567,-0.926162,0.095,0.43,0.356,-0.063,0.043
28907,963.822,0.98,1,0.15396,0.440977,-0.884215,0.010097,0.378961,-0.925358,0.09,0.425,0.359,-0.038,0.047
28908,963.855,0.98,1,0.110032,0.41371,-0.903735,-0.005575,0.381521,-0.924343,0.057,0.41,0.362,-0.007,0.05
28909,963.889,0.98,1,0.082663,0.399252,-0.913107,-0.023874,0.400556,-0.915961,0.032,0.412,0.352,0.02,0.054
28910,963.922,0.98,1,0.065147,0.40342,-0.912693,-0.04387,0.408578,-0.911668,0.012,0.419,0.346,0.046,0.057
28911,963.955,0.98,1,0.06131,0.447058,-0.892401,-0.036711,0.326588,-0.944453,0.013,0.399,0.329,0.067,0.068
28912,963.989,0.98,1,0.126392,0.438002,-0.890044,-0.052755,0.340126,-0.938899,0.04,0.402,0.338,0.066,0.066
28925,964.422,0.88,1,-0.244379,0.394457,-0.885823,-0.442772,0.476282,-0.759676,-0.396,0.487,0.096,0.418,-0.078
28935,964.756,0.98,1,-0.095508,0.377488,-0.921076,-0.212975,0.404336,-0.889468,-0.169,0.408,0.178,0.24,0.059
28936,964.789,0.98,1,-0.07975,0.404251,-0.911165,-0.175163,0.434835,-0.88331,-0.141,0.437,0.186,0.197,0.056
28937,964.822,0.98,1,-0.052817,0.415863,-0.907892,-0.16783,0.448993,-0.877632,-0.123,0.451,0.18,0.164,0.066
28938,964.856,0.98,1,-0.015193,0.440815,-0.897469,-0.16622,0.457501,-0.873535,-0.102,0.469,0.171,0.14,0.085
28939,964.889,0.98,1,0.031507,0.466079,-0.884182,-0.093831,0.40804,-0.908129,-0.035,0.454,0.166,0.085,0.103
28940,964.922,0.98,1,0.053634,0.481704,-0.874691,-0.08841,0.41858,-0.903866,-0.02,0.469,0.166,0.061,0.102
28941,964.956,0.98,1,0.054084,0.479732,-0.875747,-0.081808,0.414692,-0.906277,-0.016,0.465,0.159,0.056,0.097
28942,964.989,0.98,1,0.012567,0.42758,-0.90389,-0.082012,0.39689,-0.914195,-0.038,0.426,0.134,0.058,0.099
28943,965.022,0.98,1,-0.012547,0.428794,-0.903315,-0.115866,0.414123,-0.902816,-0.071,0.437,0.141,0.083,0.098
28944,965.056,0.98,1,0.023939,0.462595,-0.886247,-0.132725,0.433406,-0.891372,-0.061,0.467,0.169,0.088,0.097
28945,965.089,0.98,1,0.066944,0.497328,-0.864976,-0.110101,0.437361,-0.89252,-0.025,0.489,0.211,0.073,0.081
28946,965.122,0.98,1,0.064989,0.515457,-0.854447,-0.101963,0.448255,-0.888072,-0.021,0.505,0.244,0.072,0.065
28947,965.156,0.98,1,0.055962,0.534132,-0.843547,-0.103641,0.467237,-0.878037,-0.028,0.527,0.28,0.078,0.051
28948,965.189,0.98,1,0.007251,0.523825,-0.851795,-0.109228,0.500266,-0.858955,-0.06,0.539,0.287,0.102,0.038
28949,965.222,0.98,1,0.012384,0.498419,-0.866848,-0.096648,0.463402,-0.880862,-0.048,0.503,0.27,0.118,0.038
28950,965.256,0.98,1,0.030308,0.490306,-0.871023,-0.101608,0.449551,-0.887457,-0.041,0.491,0.278,0.118,0.031
28951,965.289,0.98,1,0.065268,0.508304,-0.858701,-0.10428,0.452323,-0.885737,-0.022,0.503,0.292,0.11,0.027
28952,965.322,0.98,1,0.051888,0.501113,-0.863825,-0.119732,0.454484,-0.882671,-0.039,0.501,0.31,0.11,0.019
28953,965.356,0.98,1,0.036955,0.484128,-0.874216,-0.134211,0.449339,-0.883222,-0.055,0.488,0.326,0.109,0.015
28954,965.389,0.98,1,0.008019,0.461059,-0.887333,-0.144974,0.44806,-0.88217,-0.077,0.475,0.338,0.108,0.014
28955,965.422,0.98,1,-0.024689,0.453216,-0.891059,-0.148252,0.448865,-0.881216,-0.097,0.471,0.349,0.109,0.014
28956,965.456,0.98,1,-0.031091,0.441659,-0.896644,-0.144196,0.437089,-0.887784,-0.098,0.458,0.354,0.106,0.018
28957,965.489,0.98,1,-0.043666,0.441058,-0.896416,-0.150407,0.438968,-0.885825,-0.108,0.459,0.358,0.103,0.023
28958,965.523,0.98,1,-0.032233,0.45053,-0.892179,-0.150007,0.443763,-0.8835,-0.102,0.467,0.363,0.104,0.026
28959,965.556,0.98,1,-0.070935,0.48935,-0.869198,-0.170877,0.471814,-0.864981,-0.139,0.506,0.358,0.116,0.029
28960,965.589,0.98,1,-0.127965,0.537981,-0.833188,-0.221554,0.520266,-0.824765,-0.208,0.568,0.364,0.138,0.027
28961,965.623,0.98,1,-0.240573,0.480159,-0.843547,-0.293804,0.524284,-0.799253,-0.314,0.549,0.358,0.173,0.032
28962,965.656,0.98,1,-0.259558,0.494372,-0.829594,-0.318029,0.505295,-0.802206,-0.34,0.55,0.348,0.212,0.04
28963,965.689,0.98,1,-0.256375,0.522961,-0.812886,-0.375941,0.506713,-0.775829,-0.379,0.575,0.354,0.26,0.041
28964,965.723,0.98,1,-0.26105,0.55798,-0.787725,-0.407894,0.511086,-0.75658,-0.409,0.606,0.358,0.304,0.039
28965,965.756,0.98,1,-0.278909,0.568013,-0.774319,-0.435325,0.526499,-0.730267,-0.443,0.629,0.377,0.337,0.041
28966,965.789,0.98,1,-0.303497,0.566041,-0.766477,-0.452037,0.437606,-0.77728,-0.455,0.576,0.39,0.377,0.056
28967,965.823,0.98,1,-0.377975,0.563331,-0.734706,-0.479311,0.418864,-0.771242,-0.518,0.578,0.379,0.4,0.076
28968,965.856,0.98,1,-0.362126,0.593551,-0.718723,-0.483508,0.456893,-0.746638,-0.523,0.622,0.35,0.44,0.09
28969,965.889,0.98,1,-0.373362,0.567121,-0.734149,-0.498241,0.45856,-0.735852,-0.535,0.609,0.342,0.477,0.103
28970,965.923,0.98,1,-0.377227,0.529285,-0.759972,-0.506926,0.444537,-0.738521,-0.533,0.576,0.339,0.513,0.112
28971,965.956,0.98,1,-0.397443,0.479994,-0.782077,-0.575776,0.354207,-0.736898,-0.57,0.502,0.36,0.576,0.105
28972,965.989,0.98,1,-0.400103,0.474034,-0.784353,-0.561569,0.369119,-0.740534,-0.563,0.505,0.347,0.599,0.112
28973,966.023,0.98,1,-0.424104,0.499901,-0.755138,-0.566487,0.427791,-0.704334,-0.596,0.566,0.348,0.613,0.118
28974,966.056,0.93,1,-0.414507,0.4971,-0.762283,-0.569705,0.442531,-0.692533,-0.595,0.573,0.35,0.629,0.122
28975,966.089,0.93,1,-0.403145,0.488999,-0.773533,-0.567567,0.46874,-0.676868,-0.59,0.584,0.365,0.642,0.117
28976,966.123,0.93,1,-0.43469,0.506239,-0.744827,-0.585637,0.462539,-0.665647,-0.626,0.602,0.381,0.667,0.109
28977,966.156,0.88,1,-0.430913,0.496764,-0.753352,-0.61027,0.490035,-0.622444,-0.648,0.622,0.396,0.699,0.097
28978,966.189,0.98,1,-0.405004,0.540821,-0.737214,-0.637999,0.417903,-0.646772,-0.646,0.606,0.433,0.712,0.076
28979,966.223,0.98,1,-0.418614,0.537082,-0.732329,-0.654771,0.444319,-0.611437,-0.674,0.631,0.451,0.715,0.058
28980,966.256,0.98,1,-0.444616,0.54818,-0.70839,-0.659351,0.491754,-0.568713,-0.713,0.683,0.453,0.711,0.054
28981,966.289,0.98,1,-0.441742,0.550798,-0.708157,-0.688331,0.472902,-0.550058,-0.732,0.683,0.467,0.751,0.034
28982,966.323,0.98,1,-0.463312,0.546005,-0.698012,-0.688399,0.487911,-0.536702,-0.751,0.697,0.478,0.764,0.02
28983,966.356,0.98,1,-0.481472,0.516697,-0.707961,-0.706187,0.449479,-0.547054,-0.758,0.656,0.482,0.773,0.013
28984,966.389,0.98,1,-0.490749,0.503699,-0.710952,-0.678014,0.501139,-0.537733,-0.752,0.678,0.474,0.761,0.016
28985,966.423,0.98,1,-0.493031,0.518096,-0.698926,-0.679039,0.510653,-0.527389,-0.763,0.698,0.482,0.767,0.011
28986,966.456,0.98,1,-0.518673,0.499473,-0.693906,-0.707585,0.491624,-0.507572,-0.796,0.69,0.494,0.768,0.006
28987,966.489,0.98,1,-0.527178,0.506983,-0.681947,-0.702471,0.495373,-0.511018,-0.801,0.699,0.51,0.772,-0.001
28988,966.523,0.98,1,-0.538152,0.502703,-0.676522,-0.706305,0.463239,-0.535297,-0.799,0.673,0.527,0.782,-0.012
28989,966.556,0.98,1,-0.543263,0.480503,-0.688464,-0.6987,0.419775,-0.579316,-0.775,0.617,0.52,0.789,-0.011
28990,966.59,0.98,1,-0.529489,0.481751,-0.698254,-0.659007,0.435719,-0.613073,-0.736,0.61,0.523,0.793,-0.017
28991,966.623,0.98,1,-0.527522,0.484653,-0.697733,-0.633137,0.444443,-0.633725,-0.717,0.609,0.524,0.794,-0.024
28992,966.656,0.98,1,-0.536726,0.493238,-0.684574,-0.628088,0.457817,-0.629213,-0.725,0.627,0.517,0.783,-0.024
28993,966.69,0.98,1,-0.522782,0.507617,-0.684853,-0.602308,0.479864,-0.637931,-0.705,0.641,0.513,0.771,-0.024
28994,966.723,0.98,1,-0.461804,0.515864,-0.721541,-0.586818,0.49492,-0.640858,-0.656,0.638,0.509,0.752,-0.028
28995,966.756,0.98,1,-0.449302,0.524771,-0.72301,-0.616462,0.475696,-0.627445,-0.668,0.638,0.499,0.734,-0.02
28996,966.79,0.98,1,-0.440803,0.495508,-0.748442,-0.629373,0.474225,-0.61563,-0.665,0.618,0.465,0.703,-0.007
28997,966.823,0.98,1,-0.391356,0.494284,-0.776224,-0.662041,0.424421,-0.617712,-0.647,0.583,0.44,0.692,0.007
28998,966.856,0.98,1,-0.389336,0.511736,-0.765862,-0.676582,0.454977,-0.578992,-0.67,0.623,0.425,0.675,0.014
28999,966.89,0.98,1,-0.377567,0.505385,-0.775905,-0.662622,0.464028,-0.587886,-0.652,0.618,0.419,0.672,0.014
29000,966.923,0.98,1,-0.387594,0.498996,-0.775096,-0.657927,0.471491,-0.58722,-0.655,0.619,0.41,0.661,0.018
29001,966.956,0.98,1,-0.387546,0.490556,-0.780489,-0.641841,0.469033,-0.606669,-0.638,0.605,0.404,0.656,0.022
29002,966.99,0.98,1,-0.362914,0.511172,-0.7791,-0.624179,0.455357,-0.634863,-0.609,0.6,0.387,0.65,0.042
29003,967.023,0.98,1,-0.361344,0.489064,-0.793881,-0.618794,0.418241,-0.664958,-0.592,0.556,0.383,0.655,0.051
29004,967.056,0.98,1,-0.344351,0.49391,-0.798421,-0.605734,0.429078,-0.670058,-0.574,0.561,0.381,0.626,0.062
29005,967.09,0.93,1,-0.328124,0.504973,-0.798334,-0.574017,0.466942,-0.672659,-0.55,0.584,0.363,0.584,0.076
29006,967.123,0.93,1,-0.47442,0.372849,-0.797439,-0.516218,0.508332,-0.689288,-0.588,0.535,0.397,0.564,0.048
29007,967.156,0.93,1,-0.46595,0.383004,-0.797621,-0.536583,0.510613,-0.671828,-0.599,0.546,0.399,0.564,0.042
29008,967.19,0.93,1,-0.470924,0.384489,-0.793976,-0.548951,0.497685,-0.671537,-0.608,0.542,0.404,0.568,0.038
29009,967.223,0.93,1,-0.473329,0.393546,-0.788087,-0.542834,0.513132,-0.664851,-0.61,0.558,0.409,0.571,0.038
29010,967.256,0.93,1,-0.454566,0.398078,-0.796808,-0.556102,0.517953,-0.649981,-0.61,0.564,0.421,0.568,0.033
29011,967.29,0.93,1,-0.449156,0.424924,-0.785938,-0.554782,0.517,-0.651865,-0.61,0.58,0.427,0.567,0.03
29012,967.323,0.98,1,-0.427908,0.464437,-0.775366,-0.554939,0.457145,-0.695026,-0.589,0.56,0.437,0.582,0.026
29013,967.356,0.98,1,-0.413267,0.482787,-0.772093,-0.525857,0.455658,-0.718227,-0.562,0.562,0.441,0.579,0.022
29014,967.39,0.98,1,-0.401438,0.503794,-0.764878,-0.525357,0.482733,-0.700692,-0.564,0.592,0.439,0.577,0.021
29015,967.423,0.98,1,-0.387321,0.530158,-0.754265,-0.523431,0.51764,-0.676808,-0.567,0.632,0.442,0.577,0.015
29016,967.456,0.98,1,-0.335279,0.540552,-0.771616,-0.521523,0.529323,-0.669202,-0.536,0.639,0.458,0.597,0.001
29017,967.49,0.98,1,-0.363765,0.49393,-0.789752,-0.534329,0.466504,-0.704888,-0.541,0.571,0.516,0.623,-0.024
29018,967.523,0.98,1,-0.364823,0.572749,-0.734072,-0.590259,0.528071,-0.610521,-0.618,0.686,0.535,0.631,-0.04
29019,967.556,0.98,1,-0.379399,0.555688,-0.739775,-0.640757,0.537156,-0.548538,-0.67,0.703,0.543,0.663,-0.049
29020,967.59,0.98,1,-0.412744,0.564307,-0.714983,-0.597314,0.536243,-0.596372,-0.656,0.698,0.562,0.706,-0.061
29021,967.623,0.98,1,-0.47683,0.542005,-0.692,-0.650526,0.523513,-0.550228,-0.737,0.709,0.571,0.725,-0.071
29022,967.656,0.98,1,-0.491327,0.524682,-0.695202,-0.646741,0.521941,-0.556152,-0.738,0.697,0.576,0.71,-0.07
29023,967.69,0.98,1,-0.497639,0.516939,-0.696513,-0.616726,0.562676,-0.550494,-0.729,0.714,0.574,0.724,-0.082
29024,967.723,0.98,1,-0.506661,0.493,-0.707281,-0.616716,0.513097,-0.596987,-0.711,0.657,0.559,0.722,-0.076
29025,967.757,0.98,1,-0.493212,0.489838,-0.718889,-0.639201,0.525543,-0.561451,-0.724,0.67,0.559,0.723,-0.082
29026,967.79,0.98,1,-0.475649,0.508521,-0.717749,-0.638693,0.550976,-0.537119,-0.726,0.701,0.566,0.721,-0.091
29027,967.823,0.98,1,-0.440092,0.517628,-0.733744,-0.598971,0.520448,-0.608578,-0.659,0.658,0.567,0.73,-0.089
29028,967.857,0.98,1,-0.445548,0.525622,-0.724712,-0.533523,0.519289,-0.667601,-0.613,0.644,0.564,0.734,-0.089
29029,967.89,0.98,1,-0.474175,0.495405,-0.727826,-0.560073,0.466202,-0.684816,-0.632,0.598,0.557,0.735,-0.083
29030,967.923,0.98,1,-0.456082,0.492016,-0.741559,-0.607511,0.497291,-0.61938,-0.663,0.629,0.55,0.719,-0.074
29031,967.957,0.98,1,-0.469264,0.47974,-0.741377,-0.635691,0.484774,-0.600743,-0.689,0.623,0.546,0.722,-0.071
29032,967.99,0.98,1,-0.463903,0.473399,-0.748791,-0.629541,0.499266,-0.595325,-0.683,0.626,0.539,0.722,-0.069
29033,968.023,0.98,1,-0.463492,0.481362,-0.743952,-0.626774,0.497257,-0.599908,-0.682,0.629,0.536,0.721,-0.065
29034,968.057,0.98,1,-0.468606,0.482817,-0.739795,-0.578872,0.508744,-0.63725,-0.65,0.624,0.54,0.718,-0.067
29035,968.09,0.98,1,-0.458079,0.486627,-0.74388,-0.570797,0.522693,-0.633232,-0.642,0.632,0.537,0.719,-0.069
29036,968.123,0.98,1,-0.455269,0.487434,-0.745076,-0.592709,0.51296,-0.620942,-0.654,0.632,0.531,0.717,-0.062
29037,968.157,0.98,1,-0.455383,0.474423,-0.753359,-0.573778,0.524138,-0.629332,-0.64,0.625,0.532,0.728,-0.067
29038,968.19,0.98,1,-0.439787,0.495367,-0.749132,-0.577944,0.531729,-0.619068,-0.64,0.644,0.538,0.727,-0.065
29039,968.223,0.98,1,-0.455776,0.485603,-0.745961,-0.586383,0.526329,-0.615738,-0.653,0.639,0.54,0.732,-0.065
29040,968.257,0.98,1,-0.456633,0.491652,-0.741461,-0.577377,0.505413,-0.641243,-0.642,0.625,0.537,0.736,-0.062
29041,968.29,0.98,1,-0.461467,0.485236,-0.742694,-0.573246,0.46308,-0.675977,-0.63,0.589,0.532,0.733,-0.055
29042,968.323,0.98,1,-0.470323,0.481306,-0.73969,-0.648901,0.446186,-0.616316,-0.69,0.6,0.534,0.744,-0.059
29043,968.357,0.98,1,-0.443238,0.489043,-0.751251,-0.632695,0.459693,-0.623201,-0.664,0.604,0.535,0.747,-0.059
29044,968.39,0.98,1,-0.454533,0.485103,-0.747044,-0.606403,0.464847,-0.645129,-0.651,0.599,0.53,0.745,-0.052
29045,968.423,0.98,1,-0.462385,0.48224,-0.744073,-0.597998,0.466292,-0.651897,-0.65,0.597,0.521,0.752,-0.048
29046,968.457,0.98,1,-0.476492,0.490471,-0.729654,-0.592051,0.475204,-0.650889,-0.659,0.61,0.511,0.748,-0.037
29047,968.49,0.98,1,-0.486147,0.476394,-0.732605,-0.60369,0.477023,-0.638754,-0.672,0.608,0.493,0.748,-0.023
29048,968.523,0.98,1,-0.516928,0.465144,-0.718628,-0.591065,0.475741,-0.651393,-0.68,0.602,0.467,0.75,-0.007
29049,968.557,0.98,1,-0.520162,0.456456,-0.721858,-0.577702,0.46847,-0.668428,-0.668,0.587,0.448,0.747,0.008
29050,968.59,0.98,1,-0.512166,0.450105,-0.7315,-0.59505,0.417354,-0.686827,-0.663,0.549,0.433,0.764,0.024
29051,968.623,0.98,1,-0.494322,0.43253,-0.754032,-0.62414,0.394266,-0.67454,-0.664,0.525,0.404,0.764,0.048
29052,968.657,0.98,1,-0.485908,0.4249,-0.763776,-0.684827,0.354772,-0.636513,-0.696,0.508,0.382,0.765,0.07
29053,968.69,0.98,1,-0.438535,0.408607,-0.800454,-0.699616,0.331665,-0.632879,-0.671,0.477,0.344,0.754,0.099
29054,968.723,0.98,1,-0.469555,0.349293,-0.810872,-0.765609,0.287827,-0.575325,-0.728,0.431,0.329,0.752,0.105
29055,968.757,0.88,1,-0.395994,0.340872,-0.85264,-0.672417,0.386047,-0.631524,-0.624,0.455,0.303,0.755,0.114
29056,968.79,0.98,1,-0.213722,0.480909,-0.850323,-0.391653,0.579806,-0.714446,-0.369,0.596,0.328,0.454,0.008
29057,968.824,0.88,1,-0.193158,0.554037,-0.809773,-0.427479,0.461495,-0.777357,-0.373,0.569,0.341,0.431,0.026
29058,968.857,0.98,1,-0.048008,0.568977,-0.820951,-0.312479,0.558202,-0.768614,-0.223,0.617,0.356,0.225,0.038
29059,968.89,0.93,1,0.004851,0.57549,-0.817794,-0.259894,0.518176,-0.81483,-0.155,0.59,0.341,0.107,0.067
29060,968.924,0.77,1,-0.080902,0.558334,-0.825662,-0.394123,0.413126,-0.820972,-0.281,0.533,0.293,0.108,0.096
29061,968.957,0.98,1,0.292459,0.614125,-0.73302,0.009181,0.554833,-0.831911,0.19,0.642,0.336,-0.04,0.065
29062,968.99,0.98,1,0.344526,0.527149,-0.776798,0.021731,0.494044,-0.869165,0.219,0.555,0.319,-0.098,0.077
29063,969.024,0.98,1,0.345971,0.556687,-0.75525,0.048317,0.338684,-0.939659,0.229,0.486,0.323,-0.139,0.08
29064,969.057,0.98,1,0.35465,0.560081,-0.748688,0.047738,0.272377,-0.961006,0.231,0.453,0.308,-0.156,0.081
29065,969.09,0.98,1,0.359111,0.559015,-0.747357,0.050193,0.277894,-0.9593,0.235,0.456,0.308,-0.168,0.072
29066,969.124,0.98,1,0.354336,0.545918,-0.759223,0.055806,0.286899,-0.956334,0.235,0.452,0.301,-0.172,0.071
29067,969.157,0.98,1,0.338459,0.539983,-0.770625,0.018689,0.31738,-0.948114,0.205,0.463,0.305,-0.18,0.082
29068,969.19,0.98,1,0.321712,0.516934,-0.793272,0.038616,0.306702,-0.951022,0.204,0.441,0.301,-0.169,0.087
29069,969.224,0.98,1,0.313737,0.518982,-0.795127,0.037932,0.306583,-0.951088,0.199,0.442,0.3,-0.168,0.092
29070,969.257,0.98,1,0.319267,0.520832,-0.791709,0.051259,0.333785,-0.941255,0.211,0.458,0.304,-0.158,0.091
29071,969.29,0.98,1,0.325537,0.543391,-0.77379,0.039884,0.310415,-0.949764,0.209,0.46,0.3,-0.151,0.087
29072,969.324,0.98,1,0.196016,0.572189,-0.796353,-0.056831,0.417197,-0.907038,0.082,0.526,0.294,-0.145,0.083
29073,969.357,0.98,1,0.041902,0.550662,-0.833676,-0.117374,0.45191,-0.884308,-0.044,0.528,0.28,-0.14,0.081
29074,969.39,0.98,1,0.10496,0.558785,-0.822644,-0.181718,0.477439,-0.859669,-0.046,0.552,0.301,-0.074,0.067
29075,969.424,0.88,1,0.275554,0.665665,-0.693513,-0.122418,0.501287,-0.856578,0.098,0.645,0.33,-0.047,0.054
29076,969.457,0.93,1,-0.205444,0.461388,-0.863084,-0.41103,0.433962,-0.801705,-0.355,0.493,0.304,0.203,0.054
29077,969.49,0.93,1,-0.281727,0.413506,-0.865819,-0.40992,0.386932,-0.825984,-0.388,0.442,0.3,0.22,0.051
29078,969.524,0.82,1,-0.207497,0.514033,-0.832295,-0.228665,0.495926,-0.837717,-0.255,0.544,0.26,0.182,0.036
29079,969.557,0.82,1,-0.210658,0.476694,-0.853455,-0.112814,0.44528,-0.888256,-0.184,0.487,0.232,0.148,0.008
29080,969.59,0.93,1,-0.311966,0.457225,-0.83284,-0.53284,0.501441,-0.681644,-0.509,0.564,0.305,0.533,0.002
29081,969.624,0.98,1,-0.344365,0.46671,-0.814613,-0.499595,0.516588,-0.695372,-0.51,0.577,0.325,0.572,0.023
29082,969.657,0.98,1,-0.452676,0.361365,-0.815168,-0.532989,0.505785,-0.67831,-0.583,0.526,0.338,0.591,0.018
29083,969.69,0.98,1,-0.456536,0.410604,-0.78929,-0.495117,0.495654,-0.713573,-0.564,0.543,0.327,0.571,0.028
29084,969.724,0.98,1,-0.342129,0.486802,-0.803723,-0.541895,0.502592,-0.67361,-0.539,0.59,0.322,0.584,0.025
29085,969.757,0.98,1,-0.409636,0.494871,-0.766356,-0.521433,0.484697,-0.702265,-0.565,0.588,0.312,0.574,0.038
29086,969.79,0.98,1,-0.419837,0.481293,-0.769476,-0.50056,0.50352,-0.704207,-0.558,0.589,0.295,0.533,0.054
29087,969.824,0.98,1,-0.407327,0.483819,-0.774599,-0.511065,0.49096,-0.705529,-0.555,0.582,0.3,0.51,0.055
29088,969.857,0.98,1,-0.362221,0.483312,-0.796998,-0.478246,0.439961,-0.760076,-0.495,0.535,0.293,0.478,0.057
29089,969.89,0.98,1,-0.236731,0.505896,-0.829474,-0.506358,0.409634,-0.758816,-0.438,0.523,0.286,0.431,0.056
29090,969.924,0.98,1,-0.183067,0.500551,-0.846129,-0.437445,0.441533,-0.783384,-0.364,0.524,0.258,0.384,0.069
29091,969.957,0.88,1,-0.174145,0.509628,-0.842587,-0.479529,0.442824,-0.757601,-0.388,0.537,0.205,0.285,0.098
29092,969.991,0.98,1,0.119303,0.557094,-0.821836,-0.098173,0.527589,-0.843808,0.013,0.577,0.237,0.08,0.045
29093,970.024,0.98,1,0.27082,0.498201,-0.823682,-0.026004,0.447952,-0.893679,0.142,0.504,0.25,-0.002,0.039
29094,970.057,0.98,1,0.31361,0.500216,-0.807114,-0.014749,0.45365,-0.891058,0.174,0.512,0.267,-0.061,0.012
29095,970.091,0.98,1,0.322878,0.504814,-0.80057,0.045232,0.404264,-0.913523,0.212,0.488,0.27,-0.114,0.007
29096,970.124,0.98,1,0.331251,0.490583,-0.805978,0.082469,0.395213,-0.91488,0.236,0.475,0.272,-0.147,0.005
29097,970.157,0.98,1,0.343869,0.481937,-0.80591,0.107262,0.352574,-0.929616,0.254,0.448,0.267,-0.175,-0.003
29098,970.191,0.98,1,0.367818,0.478179,-0.797531,0.069128,0.3055,-0.949679,0.245,0.422,0.262,-0.188,-0.009
29099,970.224,0.98,1,0.379403,0.494771,-0.781828,0.072723,0.300523,-0.950998,0.255,0.43,0.256,-0.193,-0.015
29100,970.257,0.98,1,0.393202,0.500391,-0.771363,0.067406,0.292781,-0.953801,0.261,0.431,0.251,-0.188,-0.022
29101,970.291,0.98,1,0.390944,0.513955,-0.763553,0.070706,0.278882,-0.957719,0.262,0.432,0.241,-0.177,-0.028
29102,970.324,0.98,1,0.382922,0.507478,-0.771905,0.076192,0.27793,-0.957575,0.259,0.426,0.228,-0.176,-0.038
29103,970.357,0.98,1,0.355137,0.522986,-0.774831,0.087358,0.301246,-0.949536,0.251,0.446,0.228,-0.176,-0.043
29104,970.391,0.98,1,0.320007,0.534133,-0.782494,0.120166,0.344386,-0.931106,0.251,0.474,0.228,-0.184,-0.047
29105,970.424,0.98,1,0.322486,0.532436,-0.782633,0.131489,0.336434,-0.932482,0.259,0.469,0.226,-0.177,-0.049
29106,970.457,0.98,1,0.318496,0.524835,-0.789372,0.119022,0.342006,-0.93213,0.249,0.466,0.225,-0.16,-0.053
29107,970.491,0.98,1,0.30676,0.510534,-0.803276,0.048744,0.445966,-0.893722,0.207,0.513,0.233,-0.129,-0.061
29108,970.524,0.98,1,0.287067,0.521898,-0.803253,-0.003941,0.464556,-0.885535,0.166,0.529,0.232,-0.115,-0.067
29109,970.557,0.98,1,0.139249,0.458348,-0.877797,-0.086994,0.488803,-0.868046,0.03,0.497,0.233,-0.118,-0.076
29110,970.591,0.98,1,0.066629,0.428685,-0.900994,-0.148237,0.504806,-0.85041,-0.047,0.49,0.269,-0.075,-0.097
29111,970.624,0.98,1,0.023743,0.498942,-0.86631,-0.206856,0.520705,-0.828298,-0.108,0.542,0.335,0.014,-0.128
29112,970.657,0.98,1,-0.002968,0.570856,-0.821045,-0.20373,0.523587,-0.827255,-0.125,0.586,0.362,0.14,-0.156
29113,970.691,0.98,1,-0.141939,0.517814,-0.843636,-0.234471,0.519676,-0.82156,-0.222,0.557,0.345,0.227,-0.169
29114,970.724,0.98,1,-0.130084,0.464693,-0.875865,-0.249576,0.499391,-0.829651,-0.219,0.514,0.334,0.287,-0.166
29115,970.757,0.98,1,-0.130808,0.461816,-0.877277,-0.2853,0.461404,-0.840066,-0.238,0.493,0.343,0.3,-0.153
29116,970.791,0.98,1,-0.120935,0.474031,-0.872163,-0.327617,0.49079,-0.807337,-0.261,0.521,0.354,0.301,-0.146
29117,970.824,0.98,1,-0.121859,0.469089,-0.874703,-0.329855,0.48859,-0.80776,-0.262,0.517,0.353,0.296,-0.132
29118,970.857,0.98,1,-0.132774,0.449185,-0.883518,-0.341493,0.485752,-0.804629,-0.274,0.506,0.323,0.299,-0.111
29119,970.891,0.98,1,-0.126924,0.441774,-0.888103,-0.315218,0.473169,-0.822647,-0.253,0.491,0.309,0.28,-0.099
29120,970.924,0.98,1,-0.118998,0.446895,-0.886637,-0.327667,0.468511,-0.820446,-0.256,0.492,0.295,0.268,-0.093
29121,970.957,0.98,1,-0.012361,0.507598,-0.861505,-0.275359,0.438518,-0.8555,-0.166,0.504,0.294,0.243,-0.092
29122,970.991,0.98,1,-0.046157,0.445493,-0.894095,-0.325977,0.448752,-0.832082,-0.212,0.478,0.264,0.173,-0.08
29123,971.024,0.98,1,-0.000778,0.489766,-0.871853,-0.17543,0.511225,-0.841352,-0.102,0.529,0.233,0.083,-0.062
29124,971.058,0.98,1,0.265843,0.473222,-0.839874,-0.10658,0.335927,-0.935839,0.089,0.428,0.219,0.004,-0.052
29125,971.091,0.98,1,0.253659,0.449333,-0.856596,-0.008222,0.438531,-0.898678,0.139,0.468,0.228,-0.05,-0.063
29126,971.124,0.98,1,0.24192,0.500641,-0.831164,-0.00384,0.4879,-0.872891,0.139,0.526,0.236,-0.064,-0.062
29127,971.158,0.98,1,0.284439,0.481225,-0.829167,0.067079,0.485342,-0.871747,0.204,0.517,0.24,-0.08,-0.053
29128,971.191,0.98,1,0.295092,0.480853,-0.825652,0.054423,0.485333,-0.872634,0.203,0.517,0.255,-0.088,-0.044
29129,971.224,0.98,1,0.263128,0.476206,-0.839042,0.057214,0.487629,-0.871174,0.185,0.513,0.265,-0.096,-0.039
29130,971.258,0.98,1,0.260024,0.494125,-0.829595,0.052579,0.482556,-0.874286,0.181,0.52,0.279,-0.105,-0.033
29131,971.291,0.98,1,0.281176,0.499588,-0.819361,0.04372,0.437585,-0.898114,0.187,0.5,0.285,-0.107,-0.03
29132,971.324,0.98,1,0.291244,0.494274,-0.819066,0.051225,0.42503,-0.903729,0.196,0.49,0.288,-0.11,-0.026
29133,971.358,0.98,1,0.291321,0.477776,-0.828771,0.046495,0.421956,-0.905423,0.192,0.479,0.29,-0.11,-0.019
29134,971.391,0.98,1,0.292371,0.479178,-0.827592,0.05093,0.430148,-0.901321,0.196,0.484,0.292,-0.108,-0.009
29135,971.424,0.98,1,0.298928,0.470856,-0.830022,0.045548,0.429338,-0.901995,0.196,0.479,0.291,-0.104,-0.004
29136,971.458,0.98,1,0.293979,0.459009,-0.838384,0.052203,0.40595,-0.912403,0.195,0.459,0.292,-0.106,0.002
29137,971.491,0.98,1,0.306064,0.433919,-0.847372,0.052014,0.392678,-0.918204,0.2,0.438,0.294,-0.113,0.003
29138,971.524,0.98,1,0.311802,0.431519,-0.846505,0.066485,0.382481,-0.921568,0.211,0.431,0.298,-0.114,0.001
29139,971.558,0.98,1,0.307429,0.436055,-0.84578,0.052629,0.385141,-0.921356,0.201,0.435,0.306,-0.114,-0.002
29140,971.591,0.98,1,0.305045,0.440769,-0.844198,0.065315,0.389538,-0.918692,0.207,0.44,0.307,-0.111,-0.007
29141,971.624,0.98,1,0.25679,0.425406,-0.867807,0.046471,0.38947,-0.919866,0.168,0.428,0.31,-0.103,-0.016
29142,971.658,0.98,1,0.249158,0.421878,-0.871745,0.040703,0.38723,-0.921084,0.16,0.424,0.311,-0.098,-0.024
29143,971.691,0.98,1,0.248307,0.422691,-0.871594,0.042329,0.383854,-0.922423,0.161,0.423,0.316,-0.091,-0.029
29144,971.724,0.98,1,0.261417,0.43552,-0.861385,0.039729,0.385734,-0.921754,0.167,0.432,0.319,-0.086,-0.033
29145,971.758,0.98,1,0.245936,0.431183,-0.868099,0.045588,0.380587,-0.923621,0.161,0.425,0.323,-0.086,-0.037
29146,971.791,0.98,1,0.254478,0.435099,-0.863672,0.042698,0.385261,-0.921819,0.165,0.431,0.325,-0.085,-0.041
29147,971.824,0.98,1,0.252885,0.437509,-0.862923,0.047818,0.386887,-0.920887,0.167,0.433,0.327,-0.087,-0.045
29148,971.858,0.98,1,0.269767,0.439097,-0.856983,0.040647,0.381288,-0.923562,0.173,0.432,0.328,-0.085,-0.05
29149,971.891,0.98,1,0.26571,0.431975,-0.861856,0.053345,0.385423,-0.921197,0.177,0.43,0.329,-0.085,-0.054
29150,971.924,0.98,1,0.293088,0.444911,-0.846259,0.05673,0.379636,-0.923395,0.195,0.436,0.329,-0.085,-0.058
29151,971.958,0.98,1,0.303003,0.446923,-0.841694,0.057271,0.384104,-0.921512,0.202,0.44,0.329,-0.086,-0.06
29152,971.991,0.98,1,0.314338,0.453017,-0.834246,0.054258,0.385964,-0.920917,0.207,0.446,0.332,-0.087,-0.062
29153,972.024,0.98,1,0.316853,0.460471,-0.829199,0.05287,0.399522,-0.915198,0.209,0.458,0.338,-0.089,-0.062
29154,972.058,0.98,1,0.317279,0.478216,-0.818928,0.057364,0.403361,-0.913241,0.213,0.471,0.344,-0.088,-0.063
29155,972.091,0.98,1,0.297632,0.50813,-0.80822,0.052117,0.422696,-0.904772,0.201,0.498,0.35,-0.081,-0.063
29156,972.125,0.98,1,0.208289,0.548536,-0.809767,-0.010107,0.497582,-0.867358,0.118,0.558,0.35,-0.063,-0.066
29157,972.158,0.98,1,0.06241,0.547215,-0.834662,-0.082738,0.550553,-0.83069,-0.012,0.583,0.352,-0.042,-0.067
29158,972.191,0.98,1,0.049789,0.552772,-0.831844,-0.114604,0.550874,-0.826682,-0.039,0.587,0.368,-0.006,-0.071
29159,972.225,0.98,1,0.034146,0.555814,-0.830605,-0.123552,0.54974,-0.826149,-0.054,0.588,0.372,0.052,-0.068
29160,972.258,0.98,1,0.028036,0.557094,-0.829976,-0.127593,0.558688,-0.819505,-0.06,0.595,0.375,0.079,-0.056
29161,972.291,0.98,1,0.021442,0.548386,-0.83595,-0.166298,0.571194,-0.803793,-0.088,0.599,0.377,0.097,-0.049
29162,972.325,0.98,1,0.018464,0.548901,-0.835683,-0.170225,0.560649,-0.810368,-0.092,0.593,0.378,0.113,-0.046
29163,972.358,0.98,1,-0.008082,0.53092,-0.847384,-0.185769,0.523035,-0.83182,-0.115,0.561,0.367,0.124,-0.046
29164,972.391,0.98,1,-0.010233,0.512847,-0.858419,-0.212473,0.487094,-0.84711,-0.13,0.53,0.357,0.13,-0.047
29165,972.425,0.98,1,-0.008418,0.511322,-0.859348,-0.200348,0.485993,-0.850689,-0.121,0.528,0.348,0.124,-0.042
29166,972.458,0.98,1,0.00801,0.49864,-0.866772,-0.185155,0.494582,-0.84918,-0.103,0.525,0.345,0.12,-0.037
29167,972.491,0.98,1,0.000224,0.490469,-0.871458,-0.203627,0.497733,-0.843088,-0.118,0.523,0.34,0.127,-0.033
29168,972.525,0.98,1,0.002692,0.500132,-0.865945,-0.184877,0.507143,-0.8418,-0.106,0.533,0.347,0.13,-0.028
29169,972.558,0.98,1,0.002707,0.4999,-0.866079,-0.196234,0.528042,-0.826234,-0.114,0.546,0.356,0.132,-0.027
29170,972.591,0.98,1,-0.010703,0.486776,-0.873461,-0.20301,0.522746,-0.827963,-0.125,0.536,0.361,0.132,-0.029
29171,972.625,0.98,1,0.006758,0.482923,-0.875637,-0.209895,0.518262,-0.829065,-0.119,0.531,0.363,0.128,-0.035
29172,972.658,0.98,1,-0.000241,0.481081,-0.876676,-0.20885,0.513978,-0.831991,-0.122,0.527,0.361,0.124,-0.038
29173,972.691,0.98,1,-0.002136,0.476662,-0.879084,-0.206307,0.505965,-0.837518,-0.121,0.52,0.359,0.118,-0.041
29174,972.725,0.98,1,0.002411,0.483878,-0.875132,-0.200271,0.509531,-0.836821,-0.115,0.526,0.362,0.115,-0.045
29175,972.758,0.98,1,0.005136,0.480144,-0.877175,-0.202263,0.507142,-0.837793,-0.114,0.522,0.364,0.111,-0.048
29176,972.791,0.98,1,0.004599,0.494408,-0.869218,-0.198896,0.519439,-0.831038,-0.114,0.538,0.376,0.108,-0.052
29177,972.825,0.98,1,0.01748,0.496728,-0.86773,-0.197556,0.516043,-0.833469,-0.105,0.537,0.371,0.105,-0.052
29178,972.858,0.98,1,0.01878,0.506006,-0.862325,-0.195602,0.525688,-0.827884,-0.104,0.548,0.375,0.104,-0.054
29179,972.891,0.98,1,0.007905,0.508868,-0.860808,-0.210723,0.538563,-0.81581,-0.12,0.558,0.377,0.104,-0.055
29180,972.925,0.98,1,0.008416,0.518092,-0.855284,-0.208948,0.557508,-0.803446,-0.12,0.575,0.378,0.101,-0.054
29181,972.958,0.98,1,-0.037129,0.567867,-0.822282,-0.172642,0.516419,-0.838753,-0.126,0.578,0.377,0.107,-0.049
29182,972.991,0.98,1,-0.119065,0.551687,-0.825509,-0.203544,0.497801,-0.843068,-0.191,0.561,0.386,0.131,-0.046
29183,973.025,0.98,1,-0.178357,0.545125,-0.819163,-0.242857,0.506945,-0.827059,-0.25,0.569,0.385,0.163,-0.037
29184,973.058,0.98,1,-0.216023,0.532574,-0.818351,-0.255795,0.500065,-0.827347,-0.279,0.56,0.379,0.205,-0.026
29185,973.091,0.98,1,-0.241651,0.531828,-0.811643,-0.293215,0.485294,-0.82372,-0.316,0.556,0.378,0.26,-0.011
29186,973.125,0.98,1,-0.249603,0.539887,-0.803878,-0.327624,0.538695,-0.77619,-0.35,0.599,0.376,0.303,0.009
29187,973.158,0.98,1,-0.260239,0.521416,-0.812651,-0.376923,0.553309,-0.742817,-0.389,0.605,0.372,0.361,0.024
29188,973.191,0.98,1,-0.3229,0.506878,-0.799256,-0.455347,0.535127,-0.711546,-0.476,0.604,0.37,0.419,0.042
29189,973.225,0.98,1,-0.322936,0.509026,-0.797875,-0.452669,0.525149,-0.720631,-0.472,0.598,0.367,0.45,0.055
29190,973.258,0.93,1,-0.308413,0.503682,-0.806961,-0.45953,0.535159,-0.708828,-0.469,0.601,0.363,0.485,0.06
29191,973.292,0.93,1,-0.333674,0.509578,-0.79309,-0.469105,0.553462,-0.688201,-0.497,0.622,0.363,0.524,0.056
29192,973.325,0.93,1,-0.34777,0.518513,-0.781153,-0.50233,0.540635,-0.674817,-0.528,0.629,0.37,0.559,0.046
29193,973.358,0.88,1,-0.367167,0.519098,-0.771832,-0.517872,0.513151,-0.68446,-0.546,0.617,0.378,0.578,0.035
29194,973.392,0.88,1,-0.361366,0.517703,-0.775499,-0.562021,0.450934,-0.693391,-0.561,0.583,0.381,0.621,0.032
29195,973.425,0.88,1,-0.363273,0.517076,-0.775026,-0.582204,0.450535,-0.676799,-0.577,0.588,0.382,0.613,0.035
29196,973.458,0.88,1,-0.34563,0.505732,-0.790427,-0.511621,0.434582,-0.741203,-0.51,0.551,0.38,0.598,0.039
29197,973.492,0.88,1,-0.343679,0.474436,-0.810429,-0.490291,0.404202,-0.772163,-0.485,0.507,0.373,0.592,0.046
29198,973.525,0.93,1,-0.355082,0.369548,-0.858692,-0.446767,0.434704,-0.781941,-0.455,0.456,0.38,0.55,0.049
29199,973.558,0.93,1,-0.319579,0.382805,-0.866793,-0.441512,0.462716,-0.76874,-0.436,0.477,0.379,0.512,0.039
29200,973.592,0.93,1,-0.28745,0.440872,-0.850297,-0.386303,0.414771,-0.823854,-0.383,0.472,0.38,0.458,0.036
29201,973.625,0.93,1,-0.246378,0.489414,-0.836523,-0.41277,0.440308,-0.797339,-0.383,0.517,0.378,0.415,0.035
29202,973.658,0.98,1,-0.25139,0.478715,-0.841211,-0.421403,0.42989,-0.798507,-0.389,0.506,0.377,0.406,0.03
29203,973.692,0.98,1,-0.256307,0.47318,-0.842857,-0.440418,0.423864,-0.791436,-0.403,0.502,0.376,0.395,0.023
29204,973.725,0.93,1,-0.244752,0.527741,-0.813379,-0.453335,0.449009,-0.769986,-0.415,0.553,0.379,0.387,0.017
29205,973.758,0.93,1,-0.256087,0.511289,-0.820368,-0.382796,0.490625,-0.782786,-0.379,0.559,0.358,0.368,0.011
29206,973.792,0.98,1,-0.256155,0.508989,-0.821775,-0.40222,0.53536,-0.742703,-0.398,0.589,0.346,0.378,0.007
29207,973.825,0.98,1,-0.238722,0.496083,-0.834813,-0.402988,0.542627,-0.736991,-0.388,0.584,0.34,0.402,0.004
29208,973.858,0.98,1,-0.257001,0.518051,-0.815827,-0.403138,0.551619,-0.730203,-0.404,0.605,0.345,0.445,-0.001
29209,973.892,0.93,1,-0.251896,0.521001,-0.815541,-0.433385,0.551383,-0.712849,-0.421,0.612,0.355,0.481,-0.017
29210,973.925,0.93,1,-0.294629,0.513289,-0.806057,-0.455553,0.576921,-0.677963,-0.468,0.634,0.398,0.524,-0.042
29211,973.958,0.88,1,-0.301432,0.523791,-0.796732,-0.572998,0.515897,-0.636807,-0.548,0.627,0.419,0.575,-0.055
29212,973.992,0.98,1,-0.320721,0.497017,-0.806295,-0.608735,0.458169,-0.647706,-0.569,0.581,0.42,0.6,-0.074
29213,974.025,0.98,1,-0.328959,0.459709,-0.824896,-0.658859,0.44133,-0.609207,-0.603,0.561,0.419,0.598,-0.094
29214,974.058,0.98,1,-0.303772,0.505697,-0.807461,-0.561527,0.508406,-0.652848,-0.535,0.607,0.417,0.59,-0.107
29215,974.092,0.98,1,-0.326442,0.484642,-0.811515,-0.684559,0.492999,-0.536964,-0.643,0.627,0.429,0.597,-0.121
29216,974.125,0.98,1,-0.364601,0.424916,-0.82856,-0.661286,0.412537,-0.626509,-0.614,0.522,0.408,0.561,-0.118
29217,974.158,0.98,1,-0.360739,0.43549,-0.824752,-0.620852,0.414691,-0.665263,-0.583,0.519,0.409,0.568,-0.115
29218,974.192,0.98,1,-0.330268,0.47552,-0.815355,-0.571133,0.438691,-0.693799,-0.538,0.545,0.412,0.563,-0.113
29219,974.225,0.98,1,-0.335456,0.447853,-0.828792,-0.577586,0.438437,-0.688598,-0.542,0.529,0.403,0.555,-0.113
29220,974.258,0.98,1,-0.308915,0.444498,-0.840829,-0.554186,0.494121,-0.669868,-0.519,0.556,0.38,0.541,-0.111
29221,974.292,0.98,1,-0.326394,0.411241,-0.851086,-0.521032,0.449918,-0.725327,-0.493,0.5,0.361,0.533,-0.101
29222,974.325,0.98,1,-0.352333,0.395509,-0.848194,-0.468987,0.415152,-0.779551,-0.467,0.462,0.345,0.541,-0.095
29223,974.359,0.98,1,-0.365,0.384472,-0.847913,-0.486512,0.424556,-0.763583,-0.486,0.465,0.339,0.539,-0.088
29224,974.392,0.98,1,-0.370442,0.384619,-0.845483,-0.535772,0.40241,-0.742304,-0.519,0.46,0.328,0.536,-0.077
29225,974.425,0.98,1,-0.369024,0.412257,-0.832986,-0.544529,0.455299,-0.704409,-0.536,0.514,0.359,0.551,-0.096
29226,974.459,0.98,1,-0.377937,0.403837,-0.833114,-0.56975,0.468633,-0.675106,-0.561,0.524,0.342,0.546,-0.086
29227,974.492,0.98,1,-0.360891,0.414516,-0.835425,-0.569677,0.525517,-0.631902,-0.565,0.57,0.367,0.548,-0.098
29228,974.525,0.98,1,-0.327662,0.28781,-0.899891,-0.527187,0.487352,-0.696105,-0.492,0.452,0.378,0.53,-0.104
29229,974.559,0.98,1,-0.255402,0.261723,-0.930737,-0.489123,0.480705,-0.727792,-0.422,0.421,0.381,0.513,-0.102
29230,974.592,0.98,1,-0.293324,0.24007,-0.925379,-0.450397,0.465795,-0.761694,-0.415,0.396,0.359,0.452,-0.079
29231,974.625,0.98,1,-0.302689,0.235037,-0.923654,-0.430554,0.492972,-0.756044,-0.412,0.409,0.356,0.408,-0.064
29232,974.659,0.98,1,-0.252756,0.293188,-0.922039,-0.390703,0.516182,-0.762173,-0.365,0.448,0.369,0.356,-0.056
29233,974.692,0.98,1,-0.168063,0.410434,-0.896269,-0.371477,0.51807,-0.770459,-0.313,0.508,0.363,0.311,-0.049
29234,974.725,0.98,1,-0.175587,0.400651,-0.899248,-0.338813,0.500216,-0.796862,-0.294,0.488,0.339,0.277,-0.038
29235,974.759,0.98,1,-0.126507,0.281149,-0.951289,-0.245406,0.446852,-0.86029,-0.202,0.382,0.319,0.235,-0.023
29236,974.792,0.98,1,0.034077,0.447311,-0.893729,-0.115011,0.400878,-0.908883,-0.045,0.44,0.285,0.148,-0.016
29237,974.825,0.88,1,0.024366,0.556526,-0.830473,-0.109525,0.505278,-0.855978,-0.05,0.562,0.266,0.086,-0.001
29238,974.859,0.98,1,0.284287,0.528555,-0.799882,0.036028,0.36451,-0.930502,0.183,0.476,0.258,-0.047,-0.01
29239,974.892,0.98,1,0.323227,0.538432,-0.778213,0.087222,0.426471,-0.900286,0.24,0.522,0.258,-0.103,-0.012
29240,974.925,0.98,1,0.427423,0.478316,-0.767153,0.102542,0.43598,-0.894096,0.309,0.503,0.254,-0.168,-0.014
29241,974.959,0.98,1,0.420144,0.493205,-0.761727,0.105269,0.442733,-0.890453,0.308,0.515,0.261,-0.206,-0.0
29242,974.992,0.98,1,0.424028,0.498705,-0.755972,0.119985,0.396632,-0.910102,0.316,0.493,0.265,-0.227,0.024
29243,975.025,0.98,1,0.408797,0.507523,-0.758489,0.104499,0.413482,-0.904496,0.299,0.506,0.265,-0.233,0.04
29244,975.059,0.98,1,0.407122,0.501861,-0.763143,0.15083,0.336913,-0.929376,0.318,0.46,0.26,-0.241,0.048
29245,975.092,0.98,1,0.419763,0.518595,-0.744888,0.139645,0.266358,-0.953705,0.318,0.433,0.249,-0.232,0.051
29246,975.125,0.98,1,0.430862,0.525549,-0.733591,0.145053,0.288275,-0.946497,0.33,0.451,0.245,-0.238,0.061
29247,975.159,0.98,1,0.433034,0.528297,-0.730331,0.135292,0.292523,-0.94664,0.327,0.455,0.247,-0.242,0.071
29248,975.192,0.98,1,0.428263,0.544164,-0.72144,0.139102,0.290001,-0.946863,0.328,0.464,0.251,-0.247,0.076
29249,975.225,0.98,1,0.418251,0.538356,-0.731601,0.134162,0.295376,-0.945914,0.318,0.461,0.254,-0.253,0.078
29250,975.259,0.98,1,0.418801,0.546077,-0.725539,0.134523,0.295205,-0.945916,0.32,0.466,0.258,-0.264,0.082
29251,975.292,0.98,1,0.40313,0.536931,-0.741075,0.135982,0.290517,-0.947158,0.309,0.456,0.258,-0.271,0.088
29252,975.325,0.98,1,0.407093,0.527457,-0.745698,0.132516,0.284208,-0.949561,0.308,0.447,0.259,-0.276,0.091
29253,975.359,0.98,1,0.400996,0.52685,-0.749421,0.137431,0.298394,-0.944497,0.308,0.453,0.266,-0.272,0.091
29254,975.392,0.98,1,0.405197,0.521168,-0.751132,0.124753,0.282826,-0.951024,0.302,0.441,0.267,-0.279,0.093
29255,975.425,0.98,1,0.410886,0.518996,-0.749544,0.137058,0.288945,-0.947484,0.312,0.444,0.268,-0.28,0.09
29256,975.459,0.98,1,0.415791,0.516944,-0.748256,0.134239,0.30323,-0.943415,0.314,0.451,0.27,-0.28,0.086
29257,975.492,0.98,1,0.420466,0.51997,-0.743532,0.130903,0.327059,-0.935894,0.317,0.467,0.276,-0.278,0.083
29258,975.526,0.98,1,0.421043,0.520721,-0.742679,0.133248,0.324927,-0.936305,0.319,0.467,0.276,-0.278,0.08
29259,975.559,0.98,1,0.42411,0.519916,-0.741497,0.140009,0.321262,-0.936583,0.324,0.465,0.277,-0.277,0.078
29260,975.592,0.98,1,0.41969,0.520981,-0.743262,0.138874,0.330924,-0.933383,0.322,0.47,0.284,-0.28,0.075
29261,975.626,0.98,1,0.39501,0.537938,-0.744708,0.117433,0.320307,-0.940007,0.295,0.471,0.287,-0.277,0.073
29262,975.659,0.98,1,0.372348,0.538313,-0.756026,0.111327,0.317003,-0.941868,0.278,0.467,0.29,-0.275,0.07
29263,975.692,0.98,1,0.379979,0.535546,-0.754193,0.111684,0.307803,-0.944873,0.282,0.461,0.292,-0.273,0.067
29264,975.726,0.98,1,0.382475,0.537655,-0.751426,0.050822,0.368863,-0.928093,0.252,0.495,0.296,-0.266,0.065
29265,975.759,0.98,1,0.394266,0.538651,-0.744587,0.022517,0.421708,-0.906452,0.247,0.527,0.298,-0.253,0.062
29266,975.792,0.98,1,0.375725,0.540004,-0.753144,0.028754,0.417253,-0.908335,0.239,0.523,0.301,-0.244,0.059
29267,975.826,0.98,1,0.385646,0.537054,-0.750233,0.030484,0.422207,-0.905987,0.246,0.525,0.302,-0.237,0.054
29268,975.859,0.98,1,0.390748,0.541027,-0.744719,0.035478,0.429161,-0.902531,0.253,0.532,0.305,-0.229,0.05
29269,975.892,0.98,1,0.388303,0.537905,-0.748251,0.044118,0.427572,-0.902904,0.256,0.529,0.303,-0.227,0.046
29270,975.926,0.98,1,0.388063,0.535504,-0.750095,0.049128,0.429468,-0.901745,0.259,0.529,0.304,-0.229,0.041
29271,975.959,0.98,1,0.397055,0.526402,-0.75183,0.056085,0.423335,-0.904236,0.267,0.521,0.305,-0.229,0.037
29272,975.992,0.98,1,0.403942,0.519354,-0.753062,0.055878,0.418101,-0.90668,0.27,0.514,0.304,-0.232,0.033
29273,976.026,0.98,1,0.40664,0.525376,-0.747411,0.058027,0.422293,-0.9046,0.274,0.521,0.305,-0.234,0.029
29274,976.059,0.98,1,0.408106,0.520973,-0.749691,0.056173,0.424826,-0.903531,0.274,0.52,0.302,-0.234,0.024
29275,976.092,0.98,1,0.419606,0.516901,-0.746153,0.060583,0.427446,-0.902009,0.284,0.52,0.3,-0.234,0.018
29276,976.126,0.98,1,0.413735,0.517237,-0.749193,0.064359,0.442065,-0.894671,0.283,0.528,0.302,-0.234,0.015
29277,976.159,0.98,1,0.427619,0.519397,-0.739843,0.07024,0.460494,-0.88488,0.297,0.543,0.306,-0.236,0.011
29278,976.192,0.98,1,0.416092,0.530628,-0.738445,0.067694,0.46099,-0.88482,0.29,0.548,0.307,-0.238,0.008
29279,976.226,0.98,1,0.41888,0.531124,-0.73651,0.060088,0.463502,-0.884056,0.287,0.55,0.311,-0.242,0.008
29280,976.259,0.98,1,0.41742,0.535029,-0.73451,0.052388,0.479127,-0.876181,0.284,0.562,0.313,-0.243,0.007
29281,976.292,0.98,1,0.429819,0.536673,-0.726111,0.051362,0.466385,-0.883089,0.291,0.557,0.315,-0.247,0.008
29282,976.326,0.98,1,0.4198,0.540909,-0.728824,0.045178,0.477461,-0.877491,0.282,0.565,0.313,-0.248,0.007
29283,976.359,0.98,1,0.42206,0.535927,-0.731196,0.045705,0.47616,-0.87817,0.283,0.561,0.313,-0.25,0.006
29284,976.392,0.98,1,0.419906,0.522977,-0.741737,0.056055,0.475807,-0.877762,0.286,0.553,0.312,-0.25,0.006
29285,976.426,0.98,1,0.427155,0.52509,-0.736084,0.068297,0.475435,-0.877096,0.298,0.555,0.312,-0.255,0.005
29286,976.459,0.98,1,0.425876,0.518668,-0.741359,0.080763,0.465984,-0.8811,0.303,0.545,0.312,-0.26,0.003
29287,976.492,0.98,1,0.427375,0.522593,-0.737731,0.088397,0.471272,-0.877547,0.309,0.552,0.313,-0.268,0.001
29288,976.526,0.98,1,0.433813,0.520826,-0.735219,0.10006,0.467736,-0.878186,0.32,0.55,0.317,-0.273,0.0
29289,976.559,0.98,1,0.437867,0.520191,-0.733262,0.100546,0.469544,-0.877165,0.323,0.551,0.321,-0.274,-0.0
29290,976.593,0.98,1,0.432349,0.528463,-0.730617,0.082851,0.480277,-0.873195,0.311,0.561,0.32,-0.277,0.001
29291,976.626,0.98,1,0.44234,0.523714,-0.728052,0.099234,0.466367,-0.879008,0.325,0.552,0.321,-0.278,-0.0
29292,976.659,0.98,1,0.441903,0.52907,-0.724436,0.07812,0.466974,-0.880814,0.313,0.555,0.32,-0.275,0.0
29293,976.693,0.98,1,0.364003,0.561415,-0.743179,-0.011719,0.476232,-0.879242,0.214,0.569,0.32,-0.276,0.001
29294,976.726,0.98,1,0.344759,0.553938,-0.757822,-0.064555,0.467753,-0.881499,0.169,0.557,0.321,-0.265,-0.001
29295,976.759,0.98,1,0.347807,0.571996,-0.742867,0.0533,0.511808,-0.857445,0.246,0.595,0.332,-0.254,-0.002
29296,976.793,0.98,1,0.337954,0.583031,-0.738825,0.077607,0.545143,-0.834743,0.258,0.622,0.338,-0.229,-0.001
29297,976.826,0.98,1,0.341439,0.583733,-0.736665,0.088298,0.549672,-0.830701,0.268,0.626,0.342,-0.202,0.0
29298,976.859,0.98,1,0.346386,0.584016,-0.734127,0.082983,0.546961,-0.833035,0.267,0.625,0.342,-0.187,0.002
29299,976.893,0.98,1,0.335531,0.576871,-0.744741,0.080084,0.548382,-0.832385,0.258,0.62,0.341,-0.168,-0.002
29300,976.926,0.98,1,0.34134,0.559856,-0.755015,0.095517,0.536578,-0.838427,0.268,0.603,0.342,-0.161,-0.007
29301,976.959,0.98,1,0.331222,0.560841,-0.758781,0.105642,0.540801,-0.834491,0.268,0.605,0.345,-0.158,-0.011
29302,976.993,0.98,1,0.317612,0.560429,-0.76488,0.102807,0.542639,-0.833651,0.257,0.604,0.346,-0.156,-0.012
29303,977.026,0.98,1,0.309984,0.572721,-0.758881,0.099333,0.538591,-0.836692,0.251,0.608,0.346,-0.15,-0.013
29304,977.059,0.98,1,0.295724,0.577924,-0.760625,0.102542,0.541312,-0.834546,0.245,0.612,0.35,-0.149,-0.013
29305,977.093,0.98,1,0.295894,0.576197,-0.761869,0.097683,0.538799,-0.836752,0.241,0.609,0.351,-0.147,-0.013
29306,977.126,0.98,1,0.299001,0.578998,-0.758525,0.08365,0.545265,-0.83408,0.236,0.615,0.348,-0.148,-0.014
29307,977.159,0.98,1,0.214082,0.609447,-0.763377,0.008115,0.547395,-0.836835,0.138,0.626,0.345,-0.135,-0.019
29308,977.193,0.98,1,0.131996,0.591195,-0.795654,-0.076366,0.494368,-0.865892,0.033,0.579,0.34,-0.123,-0.024
29309,977.226,0.98,1,0.109928,0.593617,-0.797204,-0.079393,0.503714,-0.860215,0.018,0.585,0.349,-0.088,-0.029
29310,977.259,0.98,1,0.09802,0.600852,-0.793328,-0.100919,0.528532,-0.842894,-0.002,0.604,0.354,-0.032,-0.036
29311,977.293,0.98,1,0.100869,0.586636,-0.803544,-0.071845,0.580307,-0.811222,0.018,0.626,0.343,0.033,-0.031
29312,977.326,0.98,1,0.079073,0.563652,-0.822219,-0.103348,0.582379,-0.806322,-0.015,0.613,0.337,0.05,-0.011
29313,977.359,0.98,1,0.088211,0.530106,-0.84333,-0.106582,0.53801,-0.836173,-0.011,0.566,0.34,0.042,0.002
29314,977.393,0.98,1,0.166434,0.566548,-0.807046,-0.07682,0.554545,-0.828601,0.055,0.601,0.34,0.01,0.012
29315,977.426,0.98,1,0.309035,0.511834,-0.801576,0.004663,0.519839,-0.854251,0.187,0.557,0.326,-0.069,0.018
29316,977.459,0.98,1,0.423012,0.482546,-0.766949,0.123812,0.546595,-0.828194,0.33,0.573,0.337,-0.133,-0.01
29317,977.493,0.98,1,0.495212,0.479431,-0.724507,0.127891,0.550561,-0.82494,0.382,0.587,0.331,-0.177,-0.035
29318,977.526,0.98,1,0.521597,0.504932,-0.687736,0.151796,0.522034,-0.839308,0.415,0.592,0.31,-0.243,-0.05
29319,977.559,0.98,1,0.497159,0.510665,-0.701466,0.133271,0.487806,-0.862719,0.383,0.568,0.305,-0.276,-0.063
29320,977.593,0.98,1,0.485664,0.479885,-0.730644,0.08889,0.420166,-0.903083,0.338,0.504,0.286,-0.299,-0.07
29321,977.626,0.98,1,0.477959,0.478717,-0.736468,0.12688,0.449148,-0.884402,0.357,0.52,0.279,-0.301,-0.083
29322,977.659,0.98,1,0.474175,0.478196,-0.739248,0.114656,0.446246,-0.887535,0.347,0.517,0.264,-0.308,-0.096
29323,977.693,0.98,1,0.480316,0.485701,-0.730336,0.115646,0.463559,-0.878487,0.355,0.533,0.265,-0.303,-0.103
29324,977.726,0.98,1,0.478989,0.49477,-0.725102,0.137925,0.467073,-0.873395,0.368,0.542,0.264,-0.301,-0.105
29325,977.76,0.98,1,0.448684,0.504656,-0.737567,0.060132,0.462998,-0.884317,0.304,0.538,0.272,-0.272,-0.104
29326,977.793,0.98,1,0.443488,0.522418,-0.728284,0.089975,0.478593,-0.873415,0.322,0.559,0.28,-0.265,-0.104
29327,977.826,0.98,1,0.350837,0.56689,-0.745352,0.0837,0.526803,-0.845856,0.267,0.602,0.284,-0.254,-0.107
29328,977.86,0.98,1,0.205657,0.530577,-0.822309,0.000406,0.526064,-0.850445,0.123,0.563,0.298,-0.202,-0.103
29329,977.893,0.98,1,0.121716,0.504389,-0.854855,-0.079695,0.476441,-0.875587,0.024,0.516,0.323,-0.141,-0.09
29330,977.926,0.98,1,0.080152,0.561005,-0.823923,-0.113911,0.539615,-0.83417,-0.02,0.586,0.351,-0.05,-0.087
29331,977.96,0.98,1,0.069579,0.570299,-0.818485,-0.07666,0.565399,-0.821247,-0.004,0.606,0.334,0.043,-0.069
29332,977.993,0.98,1,0.049487,0.549183,-0.834236,-0.085429,0.562562,-0.82233,-0.022,0.591,0.316,0.075,-0.043
29333,978.026,0.98,1,0.041805,0.54808,-0.835381,-0.146658,0.5031,-0.851694,-0.062,0.557,0.303,0.076,-0.019
29334,978.06,0.98,1,0.05581,0.524978,-0.849284,-0.149268,0.5019,-0.851948,-0.055,0.543,0.306,0.073,-0.01
29335,978.093,0.98,1,0.069274,0.530005,-0.84516,-0.112646,0.493962,-0.862156,-0.025,0.54,0.31,0.056,-0.011
29336,978.126,0.98,1,0.091306,0.523907,-0.846868,-0.114394,0.500658,-0.858053,-0.014,0.541,0.306,0.032,-0.01
29337,978.16,0.98,1,0.088816,0.513365,-0.853562,-0.12457,0.496273,-0.859183,-0.021,0.533,0.284,0.027,-0.015
29338,978.193,0.93,1,0.088863,0.491037,-0.866594,-0.137563,0.486255,-0.862921,-0.028,0.514,0.263,0.016,-0.015
29339,978.226,0.93,1,0.08314,0.474274,-0.876443,-0.102204,0.477731,-0.872541,-0.011,0.498,0.257,0.007,-0.02
29340,978.26,0.93,1,0.071614,0.476752,-0.876116,-0.112481,0.49121,-0.863748,-0.023,0.508,0.285,0.034,-0.037
29341,978.293,0.93,1,0.073924,0.479125,-0.874628,-0.116496,0.500657,-0.857771,-0.025,0.515,0.306,0.036,-0.053
29342,978.326,0.93,1,0.096271,0.479746,-0.87211,-0.096656,0.524867,-0.845678,-0.0,0.529,0.328,0.047,-0.069
29343,978.36,0.93,1,0.106886,0.457689,-0.882664,-0.089275,0.532416,-0.841762,0.01,0.521,0.341,0.046,-0.077
29344,978.393,0.93,1,0.117108,0.488361,-0.864748,-0.105923,0.534869,-0.838269,0.007,0.541,0.347,0.037,-0.084
29345,978.426,0.93,1,0.127902,0.485796,-0.864664,-0.116644,0.538217,-0.834696,0.007,0.542,0.355,0.03,-0.092
29346,978.46,0.93,1,0.128291,0.495225,-0.85924,-0.117341,0.53546,-0.836369,0.006,0.546,0.361,0.022,-0.094
29347,978.493,0.98,1,0.129286,0.494154,-0.859708,-0.115765,0.532019,-0.838781,0.008,0.543,0.372,0.015,-0.096
29348,978.526,0.98,1,0.125596,0.502874,-0.855186,-0.106199,0.532871,-0.839506,0.011,0.549,0.382,0.014,-0.099
29349,978.56,0.98,1,0.125127,0.503409,-0.85494,-0.100471,0.536236,-0.838067,0.015,0.551,0.385,0.017,-0.101
29350,978.593,0.98,1,0.122058,0.498495,-0.858257,-0.100019,0.544627,-0.832693,0.013,0.553,0.39,0.015,-0.102
29351,978.626,0.98,1,0.122471,0.501256,-0.856588,-0.099949,0.551118,-0.828419,0.013,0.558,0.394,0.013,-0.105
29352,978.66,0.98,1,0.122042,0.508867,-0.85215,-0.099144,0.558953,-0.823251,0.014,0.567,0.401,0.01,-0.108
29353,978.693,0.98,1,0.114121,0.514962,-0.849583,-0.114858,0.56307,-0.818389,-0.0,0.574,0.408,0.01,-0.11
29354,978.726,0.98,1,0.128379,0.53065,-0.837812,-0.096534,0.562828,-0.820918,0.019,0.583,0.412,0.006,-0.111
29355,978.76,0.98,1,0.134142,0.547395,-0.826054,-0.093226,0.561529,-0.822189,0.025,0.592,0.416,0.003,-0.112
29356,978.793,0.98,1,0.134848,0.529051,-0.837807,-0.080764,0.568445,-0.818747,0.033,0.585,0.421,-0.003,-0.113
29357,978.827,0.98,1,0.138376,0.52352,-0.840702,-0.08007,0.574205,-0.814787,0.035,0.586,0.424,-0.008,-0.113
29358,978.86,0.98,1,0.150928,0.525421,-0.837349,-0.078232,0.576995,-0.812992,0.044,0.589,0.423,-0.015,-0.114
29359,978.893,0.98,1,0.161309,0.531162,-0.831773,-0.087153,0.582554,-0.808106,0.045,0.597,0.428,-0.016,-0.116
29360,978.927,0.98,1,0.153605,0.516632,-0.842316,-0.073209,0.585127,-0.80763,0.049,0.589,0.433,-0.018,-0.118
29361,978.96,0.98,1,0.161363,0.516775,-0.840777,-0.054549,0.582568,-0.810949,0.065,0.587,0.438,-0.02,-0.119
29362,978.993,0.98,1,0.169819,0.516814,-0.839086,-0.058474,0.585152,-0.808813,0.067,0.589,0.443,-0.021,-0.119
29363,979.027,0.98,1,0.164686,0.517983,-0.839388,-0.060544,0.587635,-0.806858,0.063,0.591,0.449,-0.021,-0.119
29364,979.06,0.98,1,0.153647,0.514859,-0.843394,-0.076854,0.593687,-0.801017,0.047,0.593,0.452,-0.022,-0.118
29365,979.093,0.98,1,0.160827,0.524074,-0.83635,-0.115215,0.593757,-0.796353,0.028,0.6,0.452,-0.021,-0.117
29366,979.127,0.98,1,0.148144,0.521499,-0.840293,-0.12122,0.586338,-0.800945,0.016,0.594,0.458,-0.019,-0.118
29367,979.16,0.98,1,0.146412,0.529334,-0.835685,-0.121984,0.582268,-0.803794,0.015,0.596,0.458,-0.015,-0.115
29368,979.193,0.98,1,0.149927,0.530979,-0.834016,-0.098196,0.579023,-0.809376,0.031,0.594,0.457,-0.01,-0.113
29369,979.227,0.98,1,0.139562,0.586244,-0.798023,-0.099733,0.593083,-0.798941,0.025,0.636,0.456,0.002,-0.114
29370,979.26,0.98,1,0.048754,0.605483,-0.794363,-0.129846,0.635657,-0.760973,-0.052,0.674,0.454,0.025,-0.12
29371,979.293,0.98,1,-0.052474,0.58478,-0.809493,-0.124857,0.610518,-0.782099,-0.111,0.644,0.449,0.06,-0.123
29372,979.327,0.98,1,-0.067728,0.545948,-0.835077,-0.14267,0.622888,-0.769192,-0.13,0.63,0.431,0.106,-0.123
29373,979.36,0.98,1,-0.082639,0.535986,-0.840173,-0.182958,0.604753,-0.775113,-0.163,0.615,0.422,0.159,-0.123
29374,979.393,0.98,1,-0.136916,0.518753,-0.843889,-0.229183,0.590478,-0.773829,-0.223,0.601,0.43,0.221,-0.118
29375,979.427,0.93,1,-0.140315,0.525138,-0.83937,-0.270395,0.608818,-0.745806,-0.254,0.621,0.443,0.272,-0.113
29376,979.46,0.93,1,-0.152101,0.526709,-0.836327,-0.320761,0.594127,-0.737649,-0.292,0.619,0.452,0.3,-0.111
29377,979.493,0.93,1,-0.145476,0.536381,-0.831344,-0.335214,0.587642,-0.736416,-0.298,0.622,0.46,0.315,-0.111
29378,979.527,0.93,1,-0.23824,0.49419,-0.836073,-0.33013,0.56597,-0.755441,-0.343,0.588,0.464,0.323,-0.115
29379,979.56,0.98,1,-0.257903,0.462701,-0.848171,-0.318145,0.580582,-0.749472,-0.346,0.578,0.473,0.314,-0.119
29380,979.593,0.93,1,-0.256469,0.435401,-0.862931,-0.305477,0.566992,-0.764986,-0.332,0.552,0.479,0.305,-0.119
29381,979.627,0.93,1,-0.243875,0.437113,-0.865712,-0.268737,0.588625,-0.762431,-0.305,0.562,0.476,0.29,-0.117
29382,979.66,0.93,1,-0.222978,0.440678,-0.869531,-0.262423,0.572092,-0.777075,-0.287,0.551,0.472,0.272,-0.117
29383,979.693,0.93,1,-0.081412,0.511921,-0.855166,-0.235272,0.568811,-0.788099,-0.19,0.582,0.456,0.245,-0.117
29384,979.727,0.93,1,-0.026411,0.516726,-0.855744,-0.238349,0.565108,-0.789837,-0.16,0.582,0.45,0.234,-0.12
29385,979.76,0.93,1,-0.017429,0.533603,-0.845555,-0.244458,0.571166,-0.783588,-0.159,0.596,0.451,0.235,-0.123
29386,979.793,0.93,1,-0.034432,0.53416,-0.844682,-0.266782,0.577973,-0.771216,-0.184,0.603,0.449,0.24,-0.123
29387,979.827,0.93,1,-0.054209,0.535399,-0.842858,-0.268439,0.568575,-0.777601,-0.197,0.598,0.445,0.244,-0.122
29388,979.86,0.93,1,-0.05512,0.53072,-0.845753,-0.27072,0.571894,-0.774369,-0.198,0.598,0.443,0.246,-0.117
29389,979.893,0.93,1,-0.06652,0.533386,-0.843252,-0.264501,0.562537,-0.783321,-0.201,0.593,0.447,0.245,-0.115
29390,979.927,0.93,1,-0.062279,0.53723,-0.841133,-0.260285,0.568544,-0.780391,-0.196,0.598,0.45,0.243,-0.114
29391,979.96,0.93,1,-0.052503,0.533002,-0.844483,-0.254186,0.558679,-0.789473,-0.186,0.589,0.442,0.237,-0.109
29392,979.994,0.93,1,-0.058861,0.531967,-0.844717,-0.253154,0.559778,-0.789026,-0.189,0.589,0.446,0.237,-0.11
29393,980.027,0.93,1,-0.069935,0.528535,-0.846026,-0.246533,0.54729,-0.799809,-0.19,0.579,0.447,0.238,-0.109
29394,980.06,0.93,1,-0.070353,0.540282,-0.838538,-0.262168,0.507356,-0.820888,-0.198,0.563,0.464,0.248,-0.116
29395,980.094,0.98,1,-0.057729,0.532319,-0.844573,-0.231701,0.534916,-0.812514,-0.173,0.572,0.464,0.246,-0.114
29396,980.127,0.98,1,-0.062478,0.53949,-0.839671,-0.246834,0.546526,-0.800239,-0.186,0.585,0.462,0.243,-0.111
29397,980.16,0.98,1,-0.07778,0.536741,-0.840155,-0.270065,0.545212,-0.793605,-0.21,0.585,0.461,0.241,-0.11
29398,980.194,0.98,1,-0.073318,0.543268,-0.836352,-0.277184,0.548731,-0.78871,-0.212,0.592,0.45,0.231,-0.104
29399,980.227,0.98,1,-0.088551,0.543685,-0.834605,-0.273194,0.553565,-0.786722,-0.22,0.595,0.454,0.231,-0.107
29400,980.26,0.98,1,-0.065442,0.536309,-0.841481,-0.276867,0.537295,-0.796655,-0.206,0.58,0.45,0.231,-0.105
29401,980.294,0.98,1,-0.081036,0.529833,-0.844221,-0.279314,0.52494,-0.804004,-0.215,0.569,0.454,0.235,-0.107
29402,980.327,0.98,1,-0.152461,0.529088,-0.834758,-0.273989,0.520708,-0.808575,-0.254,0.568,0.463,0.241,-0.108
29403,980.36,0.93,1,-0.167785,0.542073,-0.82341,-0.279866,0.543025,-0.791706,-0.27,0.592,0.469,0.239,-0.11
29404,980.394,0.93,1,-0.146532,0.541906,-0.827566,-0.249578,0.54634,-0.799515,-0.239,0.59,0.482,0.249,-0.113
29405,980.427,0.93,1,-0.124722,0.537951,-0.833698,-0.2501,0.564659,-0.786518,-0.227,0.598,0.473,0.244,-0.108
29406,980.46,0.93,1,-0.126627,0.534073,-0.835902,-0.22046,0.504801,-0.83461,-0.205,0.556,0.474,0.249,-0.105
29407,980.494,0.93,1,-0.124441,0.53278,-0.837054,-0.220246,0.506046,-0.833912,-0.203,0.556,0.476,0.256,-0.105
29408,980.527,0.93,1,-0.135666,0.527896,-0.838404,-0.219057,0.499576,-0.838116,-0.209,0.55,0.479,0.264,-0.106
29409,980.56,0.93,1,-0.14696,0.523631,-0.839174,-0.233423,0.547995,-0.803253,-0.228,0.578,0.469,0.257,-0.102
29410,980.594,0.93,1,-0.132445,0.531934,-0.836364,-0.26404,0.548965,-0.793045,-0.239,0.586,0.466,0.248,-0.101
29411,980.627,0.93,1,-0.119492,0.53651,-0.835392,-0.264295,0.53848,-0.800117,-0.23,0.581,0.458,0.243,-0.096
29412,980.66,0.93,1,-0.111089,0.543674,-0.831912,-0.261339,0.536273,-0.802567,-0.224,0.584,0.461,0.234,-0.096
29413,980.694,0.93,1,-0.06916,0.552757,-0.830468,-0.211592,0.512766,-0.832045,-0.167,0.57,0.477,0.235,-0.103
29414,980.727,0.93,1,-0.117631,0.548844,-0.827607,-0.207525,0.515777,-0.831208,-0.194,0.571,0.488,0.235,-0.108
29415,980.76,0.93,1,-0.105517,0.553105,-0.826402,-0.200402,0.520887,-0.829769,-0.183,0.575,0.491,0.236,-0.112
29416,980.794,0.93,1,-0.076191,0.548074,-0.832952,-0.205547,0.51622,-0.831425,-0.168,0.569,0.49,0.231,-0.114
29417,980.827,0.93,1,-0.128885,0.541512,-0.830755,-0.19216,0.528611,-0.826828,-0.191,0.573,0.501,0.23,-0.123
29418,980.86,0.93,1,-0.134227,0.557978,-0.818929,-0.180537,0.517218,-0.836595,-0.188,0.576,0.501,0.218,-0.127
29419,980.894,0.93,1,-0.14808,0.553335,-0.819691,-0.174026,0.514306,-0.839764,-0.192,0.572,0.502,0.212,-0.132
29420,980.927,0.93,1,-0.164615,0.558168,-0.813234,-0.171598,0.520815,-0.836245,-0.201,0.579,0.507,0.211,-0.139
29421,980.96,0.93,1,-0.155706,0.564357,-0.810714,-0.17758,0.527252,-0.830946,-0.2,0.587,0.515,0.209,-0.145
29422,980.994,0.93,1,-0.145742,0.565843,-0.81153,-0.170887,0.522809,-0.835146,-0.19,0.584,0.516,0.201,-0.149
29423,981.027,0.93,1,-0.15759,0.579838,-0.799346,-0.181829,0.526662,-0.830401,-0.205,0.596,0.519,0.202,-0.153
29424,981.061,0.93,1,-0.151418,0.578689,-0.801369,-0.208894,0.58547,-0.783319,-0.224,0.634,0.504,0.189,-0.153
29425,981.094,0.93,1,-0.130098,0.575321,-0.807515,-0.171739,0.570812,-0.802919,-0.185,0.619,0.512,0.188,-0.157
29426,981.127,0.93,1,-0.128634,0.579714,-0.804602,-0.161518,0.523015,-0.836879,-0.175,0.592,0.521,0.195,-0.159
29427,981.161,0.93,1,-0.11566,0.569372,-0.813903,-0.168173,0.526495,-0.833379,-0.171,0.587,0.523,0.196,-0.158
29428,981.194,0.93,1,-0.106091,0.569197,-0.815328,-0.182206,0.603403,-0.776341,-0.179,0.635,0.507,0.18,-0.154
29429,981.227,0.98,1,-0.004991,0.563339,-0.82621,-0.208207,0.602997,-0.770094,-0.133,0.631,0.511,0.171,-0.159
29430,981.261,0.98,1,0.014874,0.571284,-0.820618,-0.206233,0.611941,-0.763542,-0.12,0.642,0.506,0.173,-0.157
29431,981.294,0.98,1,0.011806,0.569486,-0.821916,-0.219392,0.608362,-0.762734,-0.13,0.639,0.498,0.178,-0.153
29432,981.327,0.98,1,0.021182,0.575847,-0.817283,-0.214046,0.611981,-0.761356,-0.122,0.645,0.501,0.181,-0.15
29433,981.361,0.98,1,0.009388,0.570079,-0.821536,-0.220214,0.611865,-0.759689,-0.133,0.642,0.491,0.187,-0.142
29434,981.394,0.98,1,-0.016414,0.576098,-0.817216,-0.225954,0.640954,-0.733569,-0.155,0.665,0.488,0.194,-0.135
29435,981.427,0.98,1,-0.040719,0.583984,-0.810744,-0.229918,0.636939,-0.735831,-0.173,0.668,0.484,0.202,-0.126
29436,981.461,0.98,1,-0.047059,0.576899,-0.815459,-0.234529,0.634558,-0.736432,-0.179,0.663,0.472,0.204,-0.114
29437,981.494,0.98,1,-0.067903,0.579848,-0.81189,-0.25764,0.631768,-0.731089,-0.208,0.666,0.465,0.209,-0.102
29438,981.527,0.98,1,-0.065589,0.557644,-0.827485,-0.260783,0.610264,-0.748044,-0.204,0.638,0.451,0.21,-0.086
29439,981.561,0.98,1,-0.077314,0.553936,-0.828962,-0.275101,0.602185,-0.749461,-0.22,0.632,0.438,0.216,-0.07
29440,981.594,0.98,1,-0.073881,0.540412,-0.838151,-0.274136,0.590723,-0.758878,-0.215,0.616,0.424,0.212,-0.053
29441,981.627,0.98,1,-0.079274,0.537582,-0.839477,-0.285184,0.577196,-0.76519,-0.223,0.607,0.41,0.21,-0.04
29442,981.661,0.98,1,-0.063928,0.561355,-0.825103,-0.301231,0.587471,-0.751091,-0.228,0.63,0.411,0.202,-0.029
29443,981.694,0.98,1,-0.068479,0.574584,-0.815576,-0.308462,0.576952,-0.756292,-0.235,0.632,0.417,0.203,-0.025
29444,981.727,0.98,1,-0.060813,0.590896,-0.804453,-0.288381,0.473503,-0.832245,-0.21,0.577,0.419,0.213,-0.025
29445,981.761,0.98,1,-0.067586,0.593812,-0.80176,-0.286024,0.499174,-0.817934,-0.215,0.594,0.438,0.221,-0.028
29446,981.794,0.98,1,-0.07453,0.590593,-0.80352,-0.296537,0.502636,-0.812049,-0.226,0.595,0.461,0.232,-0.031
29447,981.827,0.98,1,-0.067205,0.597969,-0.798696,-0.287069,0.469923,-0.834724,-0.214,0.579,0.481,0.244,-0.034
29448,981.861,0.93,1,-0.102387,0.591001,-0.800147,-0.288108,0.480903,-0.828086,-0.235,0.582,0.479,0.253,-0.029
29449,981.894,0.98,1,-0.111124,0.588817,-0.800591,-0.294576,0.469447,-0.832373,-0.244,0.575,0.46,0.248,-0.02
29450,981.927,0.98,1,-0.141962,0.568803,-0.810129,-0.310397,0.412698,-0.856349,-0.265,0.532,0.49,0.282,-0.022
29451,981.961,0.98,1,-0.150629,0.586931,-0.795501,-0.332964,0.402976,-0.852494,-0.285,0.541,0.514,0.309,-0.013
29452,981.994,0.98,1,-0.134922,0.601339,-0.78752,-0.352766,0.481575,-0.802273,-0.298,0.598,0.501,0.314,-0.004
29453,982.027,0.98,1,-0.119727,0.568979,-0.81359,-0.372845,0.498876,-0.782374,-0.299,0.59,0.51,0.335,0.001
29454,982.061,0.98,1,-0.14409,0.569431,-0.809313,-0.394051,0.495787,-0.773899,-0.328,0.592,0.518,0.358,0.011
29455,982.094,0.98,1,-0.173316,0.559825,-0.810282,-0.398112,0.447522,-0.800769,-0.341,0.559,0.531,0.379,0.023
29456,982.127,0.98,1,-0.198701,0.565431,-0.800503,-0.435113,0.453928,-0.777577,-0.382,0.574,0.529,0.395,0.039
29457,982.161,0.98,1,-0.21212,0.563675,-0.798295,-0.447839,0.447798,-0.773897,-0.397,0.572,0.519,0.414,0.056
29458,982.194,0.98,1,-0.229108,0.560303,-0.795971,-0.46899,0.461038,-0.753321,-0.423,0.583,0.495,0.425,0.08
29459,982.228,0.98,1,-0.248549,0.576741,-0.778199,-0.49325,0.464027,-0.735788,-0.456,0.602,0.49,0.448,0.094
29460,982.261,0.98,1,-0.260402,0.571032,-0.778533,-0.50517,0.452413,-0.734933,-0.468,0.595,0.486,0.467,0.11
29461,982.294,0.98,1,-0.278893,0.579683,-0.765628,-0.513855,0.473952,-0.715068,-0.492,0.618,0.469,0.468,0.128
29462,982.328,0.98,1,-0.258737,0.585113,-0.768569,-0.499958,0.503494,-0.704653,-0.476,0.636,0.441,0.45,0.146
29463,982.361,0.98,1,-0.246072,0.588988,-0.769767,-0.49615,0.525866,-0.690869,-0.47,0.652,0.433,0.445,0.156
29464,982.394,0.98,1,-0.253464,0.57612,-0.777073,-0.497892,0.519169,-0.694671,-0.472,0.64,0.426,0.443,0.164
29465,982.428,0.98,1,-0.241878,0.566375,-0.787854,-0.508079,0.516436,-0.689311,-0.47,0.633,0.421,0.443,0.17
29466,982.461,0.98,1,-0.241261,0.554724,-0.796288,-0.530801,0.46393,-0.709239,-0.474,0.595,0.44,0.467,0.166
29467,982.494,0.98,1,-0.278514,0.581459,-0.764418,-0.560037,0.412055,-0.718728,-0.515,0.59,0.477,0.511,0.153
29468,982.528,0.98,1,-0.302057,0.578686,-0.757552,-0.527002,0.398229,-0.750788,-0.503,0.575,0.486,0.524,0.15
29469,982.561,0.98,1,-0.311378,0.585812,-0.748243,-0.561625,0.411571,-0.717765,-0.537,0.597,0.492,0.524,0.149
29470,982.594,0.98,1,-0.306761,0.589132,-0.747544,-0.555238,0.418635,-0.718648,-0.531,0.602,0.497,0.528,0.15
29471,982.628,0.98,1,-0.313195,0.594009,-0.740988,-0.554895,0.436108,-0.70845,-0.54,0.618,0.504,0.533,0.149
29472,982.661,0.98,1,-0.291293,0.597255,-0.747285,-0.560185,0.434576,-0.705221,-0.53,0.618,0.508,0.534,0.153
29473,982.694,0.98,1,-0.28267,0.604399,-0.744849,-0.566909,0.440968,-0.695817,-0.533,0.628,0.518,0.534,0.153
29474,982.728,0.98,1,-0.273071,0.625998,-0.730451,-0.560815,0.464461,-0.685392,-0.532,0.656,0.521,0.523,0.155
29475,982.761,0.98,1,-0.264316,0.637999,-0.723253,-0.552695,0.481882,-0.679939,-0.527,0.674,0.523,0.509,0.157
29476,982.794,0.98,1,-0.217813,0.64747,-0.730301,-0.56644,0.482378,-0.668175,-0.511,0.68,0.534,0.503,0.151
29477,982.828,0.98,1,-0.216018,0.639595,-0.737736,-0.533518,0.486177,-0.692091,-0.483,0.667,0.548,0.502,0.147
29478,982.861,0.98,1,-0.217509,0.643841,-0.733593,-0.533285,0.49161,-0.688423,-0.486,0.674,0.551,0.496,0.147
29479,982.894,0.98,1,-0.208853,0.644437,-0.735582,-0.569855,0.507895,-0.645994,-0.513,0.695,0.562,0.493,0.144
29480,982.928,0.98,1,-0.251255,0.653981,-0.713569,-0.532777,0.510076,-0.675256,-0.514,0.698,0.575,0.498,0.141
29481,982.961,0.98,1,-0.23623,0.661281,-0.711971,-0.548724,0.54234,-0.636215,-0.527,0.729,0.568,0.484,0.148
29482,982.994,0.98,1,-0.25111,0.668148,-0.700373,-0.528619,0.57628,-0.623268,-0.532,0.755,0.565,0.477,0.152
29483,983.028,0.98,1,-0.23335,0.652788,-0.720705,-0.557624,0.545455,-0.625727,-0.531,0.727,0.581,0.485,0.147
29484,983.061,0.98,1,-0.244275,0.664411,-0.70632,-0.541829,0.550881,-0.634785,-0.53,0.736,0.585,0.486,0.147
29485,983.094,0.98,1,-0.248919,0.643488,-0.723853,-0.522658,0.526635,-0.670437,-0.505,0.698,0.602,0.495,0.142
29486,983.128,0.98,1,-0.249184,0.654155,-0.714135,-0.513866,0.534488,-0.671017,-0.504,0.709,0.605,0.496,0.141
29487,983.161,0.98,1,-0.256785,0.649968,-0.715264,-0.520747,0.542076,-0.659527,-0.515,0.714,0.6,0.493,0.148
29488,983.194,0.98,1,-0.26972,0.639076,-0.7203,-0.549303,0.535769,-0.641263,-0.542,0.712,0.593,0.496,0.153
29489,983.228,0.98,1,-0.268358,0.649374,-0.711545,-0.538802,0.544204,-0.643067,-0.537,0.722,0.612,0.498,0.153
29490,983.261,0.98,1,-0.27869,0.652981,-0.704236,-0.528634,0.535278,-0.658805,-0.535,0.717,0.619,0.501,0.155
29491,983.295,0.98,1,-0.26208,0.683891,-0.680887,-0.526352,0.535932,-0.660099,-0.532,0.738,0.622,0.496,0.166
29492,983.328,0.93,1,-0.267428,0.686564,-0.676101,-0.498596,0.560896,-0.660907,-0.52,0.751,0.656,0.507,0.159
29493,983.361,0.98,1,-0.257452,0.673648,-0.692761,-0.511374,0.559308,-0.652435,-0.519,0.742,0.663,0.502,0.166
29494,983.395,0.93,1,-0.252574,0.670243,-0.69784,-0.499207,0.56471,-0.657187,-0.507,0.739,0.679,0.512,0.163
29495,983.428,0.93,1,-0.255397,0.670346,-0.696713,-0.49353,0.570272,-0.656672,-0.505,0.742,0.682,0.511,0.165
29496,983.461,0.93,1,-0.2469,0.67047,-0.69965,-0.517081,0.550905,-0.65508,-0.513,0.734,0.666,0.501,0.173
29497,983.495,0.88,1,-0.244085,0.673267,-0.69795,-0.500611,0.552803,-0.666181,-0.5,0.732,0.686,0.516,0.16
29498,983.528,0.93,1,-0.265742,0.685341,-0.678003,-0.529213,0.566078,-0.632052,-0.545,0.763,0.673,0.509,0.162
29499,983.561,0.88,1,-0.341843,0.715782,-0.608933,-0.521033,0.564022,-0.640628,-0.604,0.797,0.653,0.504,0.169
29500,983.595,0.88,1,-0.437023,0.614919,-0.656419,-0.553427,0.588266,-0.589628,-0.672,0.768,0.612,0.496,0.18
29501,983.628,0.93,1,-0.470446,0.559096,-0.682709,-0.611378,0.561421,-0.557696,-0.717,0.735,0.586,0.502,0.185
29502,983.661,0.93,1,-0.470814,0.537677,-0.699455,-0.636084,0.533853,-0.557133,-0.722,0.706,0.585,0.527,0.18
29503,983.695,0.93,1,-0.46054,0.508157,-0.72779,-0.654409,0.496239,-0.570522,-0.71,0.658,0.574,0.535,0.182
29504,983.728,0.98,1,-0.472872,0.491631,-0.731225,-0.673391,0.478041,-0.563934,-0.724,0.643,0.573,0.549,0.18
29505,983.761,0.93,1,-0.490962,0.475918,-0.729697,-0.695928,0.474731,-0.538808,-0.752,0.643,0.575,0.565,0.178
29506,983.795,0.93,1,-0.51151,0.459249,-0.726256,-0.703221,0.469423,-0.533968,-0.767,0.635,0.582,0.58,0.172
29507,983.828,0.93,1,-0.475232,0.484816,-0.73424,-0.730156,0.426456,-0.533861,-0.76,0.623,0.579,0.589,0.171
29508,983.861,0.93,1,-0.50385,0.467705,-0.726214,-0.72646,0.42185,-0.542492,-0.77,0.611,0.581,0.598,0.171
29509,983.895,0.93,1,-0.505627,0.480528,-0.716543,-0.647984,0.517506,-0.558842,-0.735,0.664,0.579,0.593,0.172
29510,983.928,0.98,1,-0.32431,0.650517,-0.686768,-0.579101,0.556064,-0.596183,-0.614,0.755,0.59,0.583,0.172
29511,983.961,0.98,1,-0.329569,0.613606,-0.717546,-0.584355,0.520032,-0.622974,-0.598,0.702,0.6,0.571,0.169
29512,983.995,0.98,1,-0.304799,0.63107,-0.713336,-0.571696,0.522604,-0.632494,-0.577,0.709,0.617,0.553,0.159
29513,984.028,0.98,1,-0.259781,0.622945,-0.737871,-0.56503,0.518906,-0.641466,-0.539,0.691,0.622,0.532,0.155
29514,984.061,0.93,1,-0.232478,0.62936,-0.741525,-0.55965,0.52159,-0.644,-0.519,0.693,0.623,0.514,0.151
29515,984.095,0.98,1,-0.248328,0.62665,-0.738677,-0.51478,0.522874,-0.679414,-0.494,0.681,0.63,0.512,0.142
29516,984.128,0.93,1,-0.21799,0.650284,-0.727744,-0.554057,0.533528,-0.639038,-0.514,0.714,0.629,0.5,0.145
29517,984.161,0.98,1,-0.208981,0.650622,-0.730081,-0.512322,0.546562,-0.662417,-0.478,0.71,0.641,0.502,0.137
29518,984.195,0.93,1,-0.1896,0.661205,-0.725851,-0.507808,0.542617,-0.669102,-0.464,0.712,0.641,0.498,0.135
29519,984.228,0.93,1,-0.189781,0.663369,-0.723827,-0.491736,0.544736,-0.679308,-0.452,0.711,0.645,0.497,0.131
29520,984.261,0.93,1,-0.174097,0.663289,-0.727831,-0.493763,0.544058,-0.678379,-0.443,0.709,0.636,0.49,0.136
29521,984.295,0.98,1,-0.178846,0.665612,-0.724551,-0.489887,0.555434,-0.67194,-0.447,0.718,0.645,0.494,0.126
29522,984.328,0.98,1,-0.175477,0.666716,-0.72436,-0.492889,0.543805,-0.679218,-0.444,0.712,0.644,0.489,0.128
29523,984.361,0.98,1,-0.174281,0.666761,-0.724607,-0.482013,0.552194,-0.680254,-0.437,0.715,0.636,0.489,0.13
29524,984.395,0.98,1,-0.185441,0.675973,-0.713213,-0.487923,0.553287,-0.675133,-0.452,0.725,0.647,0.495,0.124
29525,984.428,0.98,1,-0.177665,0.67567,-0.715475,-0.515687,0.561223,-0.647376,-0.471,0.737,0.63,0.488,0.131
29526,984.462,0.98,1,-0.175853,0.662155,-0.728441,-0.495212,0.542131,-0.678866,-0.445,0.708,0.633,0.489,0.129
29527,984.495,0.93,1,-0.187074,0.694614,-0.694633,-0.473114,0.603262,-0.642057,-0.459,0.771,0.608,0.471,0.142
29528,984.528,0.93,1,-0.249429,0.675801,-0.693598,-0.452302,0.599286,-0.660515,-0.478,0.755,0.579,0.443,0.154
29529,984.562,0.93,1,-0.259561,0.650848,-0.71346,-0.467206,0.576637,-0.670231,-0.484,0.726,0.589,0.424,0.152
29530,984.595,0.93,1,-0.299122,0.640202,-0.707579,-0.471297,0.587398,-0.657908,-0.514,0.732,0.59,0.406,0.147
29531,984.628,0.93,1,-0.238044,0.656684,-0.715612,-0.489008,0.585594,-0.646491,-0.49,0.739,0.592,0.395,0.141
29532,984.662,0.93,1,-0.225945,0.65839,-0.717963,-0.496222,0.598235,-0.629189,-0.492,0.751,0.598,0.392,0.132
29533,984.695,0.93,1,-0.231106,0.654354,-0.720007,-0.488391,0.60228,-0.631453,-0.489,0.749,0.6,0.393,0.125
29534,984.728,0.93,1,-0.228098,0.658987,-0.716733,-0.482754,0.592985,-0.644451,-0.481,0.744,0.603,0.396,0.119
29535,984.762,0.93,1,-0.222211,0.653869,-0.723241,-0.48107,0.594775,-0.644061,-0.475,0.74,0.601,0.394,0.117
29536,984.795,0.98,1,-0.209622,0.661114,-0.720407,-0.481741,0.612242,-0.626966,-0.474,0.757,0.6,0.397,0.113
29537,984.828,0.98,1,-0.198541,0.660557,-0.724048,-0.493822,0.611618,-0.618113,-0.476,0.759,0.592,0.398,0.111
29538,984.862,0.98,1,-0.198614,0.654816,-0.729225,-0.475792,0.615934,-0.627891,-0.461,0.753,0.593,0.4,0.109
29539,984.895,0.98,1,-0.19482,0.650278,-0.734291,-0.476436,0.611059,-0.632152,-0.457,0.745,0.582,0.397,0.112
29540,984.928,0.98,1,-0.193366,0.651158,-0.733895,-0.483469,0.61193,-0.625939,-0.462,0.749,0.574,0.397,0.115
29541,984.962,0.98,1,-0.187542,0.647012,-0.739056,-0.485191,0.59926,-0.636771,-0.455,0.736,0.57,0.395,0.118
29542,984.995,0.98,1,-0.176618,0.651479,-0.737821,-0.486623,0.596329,-0.638428,-0.449,0.736,0.567,0.394,0.119
29543,985.028,0.98,1,-0.176022,0.649398,-0.739796,-0.484204,0.598283,-0.638439,-0.447,0.736,0.572,0.397,0.118
29544,985.062,0.98,1,-0.169316,0.656528,-0.735053,-0.495952,0.594555,-0.632879,-0.453,0.741,0.572,0.401,0.117
29545,985.095,0.98,1,-0.176922,0.657837,-0.732085,-0.486313,0.599321,-0.635858,-0.451,0.743,0.574,0.404,0.118
29546,985.128,0.98,1,-0.187526,0.655135,-0.731869,-0.481913,0.595292,-0.642952,-0.453,0.738,0.577,0.407,0.118
29547,985.162,0.98,1,-0.159564,0.650017,-0.742978,-0.486843,0.59021,-0.643922,-0.436,0.73,0.582,0.405,0.115
29548,985.195,0.98,1,-0.156757,0.652977,-0.740978,-0.485634,0.596383,-0.63913,-0.436,0.736,0.584,0.403,0.116
29549,985.228,0.98,1,-0.171626,0.641388,-0.747773,-0.4694,0.586171,-0.660353,-0.427,0.717,0.588,0.402,0.114
29550,985.262,0.98,1,-0.198155,0.630988,-0.750059,-0.449279,0.587862,-0.672731,-0.427,0.708,0.591,0.4,0.109
29551,985.295,0.98,1,-0.189259,0.631862,-0.751619,-0.449524,0.600398,-0.6614,-0.425,0.717,0.592,0.395,0.106
29552,985.328,0.98,1,-0.202598,0.621956,-0.756389,-0.444618,0.605732,-0.659851,-0.429,0.714,0.593,0.39,0.103
29553,985.362,0.98,1,-0.204363,0.6194,-0.75801,-0.445499,0.602967,-0.661787,-0.429,0.711,0.591,0.385,0.102
29554,985.395,0.98,1,-0.194138,0.62043,-0.759853,-0.44346,0.601389,-0.664586,-0.421,0.709,0.593,0.381,0.102
29555,985.428,0.98,1,-0.184333,0.622033,-0.760984,-0.447352,0.601555,-0.661822,-0.418,0.71,0.588,0.375,0.103
29556,985.462,0.98,1,-0.18725,0.611824,-0.768511,-0.447098,0.60378,-0.659965,-0.418,0.705,0.596,0.373,0.099
29557,985.495,0.98,1,-0.191984,0.61399,-0.76561,-0.440738,0.610326,-0.658219,-0.418,0.71,0.6,0.37,0.096
29558,985.529,0.98,1,-0.189772,0.616454,-0.76418,-0.439385,0.604893,-0.664112,-0.415,0.707,0.606,0.366,0.094
29559,985.562,0.98,1,-0.200879,0.611616,-0.765228,-0.429695,0.619563,-0.656889,-0.417,0.714,0.612,0.363,0.093
29560,985.595,0.98,1,-0.186188,0.616872,-0.764724,-0.425535,0.629006,-0.650593,-0.408,0.722,0.618,0.357,0.094
29561,985.629,0.98,1,-0.17673,0.619929,-0.764496,-0.412469,0.630913,-0.657129,-0.393,0.722,0.628,0.353,0.093
29562,985.662,0.98,1,-0.200398,0.622167,-0.756802,-0.437957,0.622015,-0.649069,-0.426,0.724,0.623,0.332,0.092
29563,985.695,0.98,1,-0.196669,0.621421,-0.758391,-0.421753,0.591049,-0.687594,-0.404,0.698,0.621,0.328,0.082
29564,985.729,0.98,1,-0.186448,0.625203,-0.757864,-0.411931,0.589021,-0.695246,-0.391,0.696,0.627,0.327,0.076
29565,985.762,0.98,1,-0.182177,0.620887,-0.762437,-0.405813,0.587687,-0.699957,-0.382,0.691,0.631,0.327,0.072
29566,985.795,0.98,1,-0.176772,0.624559,-0.760709,-0.421546,0.590661,-0.688054,-0.392,0.698,0.616,0.32,0.076
29567,985.829,0.98,1,-0.172667,0.629224,-0.757802,-0.432341,0.584069,-0.686982,-0.397,0.699,0.611,0.318,0.077
29568,985.862,0.98,1,-0.178517,0.623947,-0.760804,-0.440885,0.585134,-0.680617,-0.406,0.698,0.6,0.313,0.081
29569,985.895,0.98,1,-0.182381,0.629019,-0.755693,-0.438519,0.586014,-0.681387,-0.408,0.702,0.589,0.312,0.085
29570,985.929,0.98,1,-0.186203,0.621204,-0.761206,-0.439893,0.588568,-0.678293,-0.41,0.699,0.585,0.312,0.088
29571,985.962,0.98,1,-0.186202,0.629144,-0.754657,-0.442738,0.582418,-0.681743,-0.413,0.701,0.586,0.314,0.09
29572,985.995,0.98,1,-0.191406,0.626716,-0.755375,-0.444819,0.578986,-0.683309,-0.416,0.698,0.59,0.317,0.09
29573,986.029,0.98,1,-0.183256,0.630721,-0.754061,-0.436809,0.577214,-0.689943,-0.406,0.697,0.597,0.318,0.092
29574,986.062,0.98,1,-0.176855,0.637926,-0.749515,-0.438806,0.577216,-0.688673,-0.404,0.702,0.6,0.319,0.097
29575,986.095,0.98,1,-0.173927,0.634961,-0.752711,-0.438464,0.578824,-0.687541,-0.402,0.7,0.594,0.317,0.103
29576,986.129,0.98,1,-0.16915,0.637713,-0.751472,-0.443693,0.581597,-0.681822,-0.404,0.705,0.592,0.317,0.104
29577,986.162,0.98,1,-0.171826,0.634957,-0.753197,-0.447802,0.584182,-0.676909,-0.409,0.706,0.59,0.319,0.102
29578,986.195,0.98,1,-0.172605,0.630711,-0.756578,-0.463623,0.578101,-0.671456,-0.419,0.702,0.579,0.317,0.103
29579,986.229,0.98,1,-0.179848,0.64187,-0.745425,-0.468569,0.603012,-0.645616,-0.436,0.73,0.578,0.32,0.097
29580,986.262,0.98,1,-0.172077,0.64326,-0.746061,-0.460974,0.605408,-0.648833,-0.426,0.73,0.57,0.32,0.093
29581,986.295,0.98,1,-0.183855,0.625739,-0.758056,-0.462915,0.60037,-0.652124,-0.43,0.716,0.561,0.322,0.088
29582,986.329,0.98,1,-0.180449,0.617899,-0.76527,-0.461254,0.602923,-0.650944,-0.425,0.711,0.55,0.322,0.082
29583,986.362,0.98,1,-0.177394,0.613049,-0.769872,-0.458558,0.596027,-0.659148,-0.419,0.702,0.539,0.32,0.078
29584,986.395,0.98,1,-0.179699,0.606352,-0.774626,-0.456519,0.599974,-0.656979,-0.418,0.7,0.528,0.319,0.074
29585,986.429,0.98,1,-0.18823,0.591192,-0.784259,-0.452532,0.604774,-0.655334,-0.419,0.693,0.513,0.318,0.071
29586,986.462,0.98,1,-0.189559,0.58762,-0.786619,-0.454553,0.59602,-0.661923,-0.418,0.685,0.499,0.316,0.068
29587,986.495,0.98,1,-0.184189,0.586544,-0.788696,-0.452085,0.59299,-0.66632,-0.412,0.681,0.481,0.312,0.067
29588,986.529,0.98,1,-0.169038,0.584072,-0.793906,-0.443591,0.585788,-0.678292,-0.394,0.671,0.464,0.309,0.064
29589,986.562,0.98,1,-0.148572,0.595692,-0.789352,-0.416663,0.562153,-0.714406,-0.36,0.656,0.452,0.299,0.057
29590,986.596,0.98,1,-0.155655,0.583139,-0.797321,-0.39783,0.558137,-0.728158,-0.348,0.642,0.44,0.287,0.047
29591,986.629,0.98,1,-0.153721,0.581948,-0.798565,-0.377645,0.546306,-0.747619,-0.331,0.63,0.432,0.275,0.034
29592,986.662,0.98,1,-0.161302,0.578691,-0.799436,-0.358492,0.548875,-0.755129,-0.323,0.628,0.421,0.265,0.023
29593,986.696,0.98,1,-0.161124,0.578454,-0.799643,-0.332427,0.550345,-0.765906,-0.305,0.625,0.412,0.262,0.01
29594,986.729,0.98,1,-0.152533,0.576692,-0.802596,-0.323778,0.545083,-0.773339,-0.294,0.619,0.403,0.259,-0.001
29595,986.762,0.98,1,-0.159816,0.574264,-0.802919,-0.312384,0.543836,-0.778883,-0.29,0.615,0.4,0.256,-0.01
29596,986.796,0.98,1,-0.16296,0.567261,-0.807254,-0.311068,0.546498,-0.777545,-0.291,0.613,0.403,0.253,-0.022
29597,986.829,0.98,1,-0.15708,0.56102,-0.812762,-0.303921,0.547748,-0.779489,-0.282,0.608,0.405,0.251,-0.031
29598,986.862,0.98,1,-0.150514,0.553723,-0.818985,-0.300957,0.543225,-0.783793,-0.275,0.6,0.405,0.248,-0.037
29599,986.896,0.98,1,-0.149912,0.536007,-0.830796,-0.300467,0.5334,-0.790699,-0.271,0.583,0.403,0.241,-0.039
29600,986.929,0.98,1,-0.153504,0.526681,-0.836088,-0.296345,0.528541,-0.795503,-0.269,0.574,0.403,0.233,-0.041
29601,986.962,0.98,1,-0.147963,0.50858,-0.848206,-0.282847,0.511503,-0.811395,-0.254,0.551,0.4,0.226,-0.04
29602,986.996,0.98,1,-0.139609,0.488632,-0.861248,-0.283589,0.504055,-0.815785,-0.247,0.534,0.401,0.22,-0.041
29603,987.029,0.98,1,-0.133592,0.459525,-0.87806,-0.272963,0.492099,-0.826637,-0.234,0.509,0.403,0.218,-0.044
29604,987.062,0.98,1,-0.12547,0.461009,-0.878481,-0.266133,0.480187,-0.835819,-0.225,0.502,0.405,0.215,-0.045
29605,987.096,0.98,1,-0.120908,0.449253,-0.885185,-0.28389,0.468834,-0.836422,-0.231,0.49,0.406,0.212,-0.045
29606,987.129,0.98,1,-0.115963,0.450448,-0.88524,-0.27967,0.468358,-0.838108,-0.226,0.49,0.408,0.211,-0.047
29607,987.162,0.98,1,-0.131063,0.452271,-0.882198,-0.26844,0.463801,-0.844292,-0.227,0.488,0.411,0.209,-0.048
29608,987.196,0.98,1,-0.120247,0.453207,-0.883258,-0.274126,0.468852,-0.839662,-0.225,0.491,0.416,0.206,-0.05
29609,987.229,0.98,1,-0.117274,0.452244,-0.884151,-0.260018,0.460388,-0.848784,-0.214,0.485,0.424,0.205,-0.052
29610,987.262,0.98,1,-0.145431,0.439261,-0.88651,-0.265944,0.462866,-0.845594,-0.233,0.48,0.429,0.207,-0.055
29611,987.296,0.98,1,-0.134775,0.437576,-0.889023,-0.25176,0.45852,-0.852277,-0.218,0.475,0.423,0.205,-0.054
29612,987.329,0.98,1,-0.130574,0.433313,-0.891735,-0.253276,0.456342,-0.852997,-0.217,0.472,0.417,0.205,-0.051
29613,987.362,0.98,1,-0.122163,0.443788,-0.887766,-0.245329,0.460049,-0.853328,-0.208,0.479,0.412,0.203,-0.049
29614,987.396,0.98,1,-0.120126,0.442193,-0.888839,-0.277759,0.461918,-0.842308,-0.226,0.481,0.408,0.202,-0.046
29615,987.429,0.98,1,-0.099358,0.438411,-0.893266,-0.274881,0.457394,-0.845713,-0.212,0.476,0.409,0.201,-0.043
29616,987.462,0.98,1,-0.101549,0.438373,-0.893038,-0.267901,0.466796,-0.842811,-0.21,0.481,0.412,0.204,-0.042
29617,987.496,0.98,1,-0.09898,0.442073,-0.891501,-0.278321,0.464007,-0.840972,-0.214,0.482,0.414,0.203,-0.039
29618,987.529,0.98,1,-0.1052,0.445074,-0.889293,-0.281065,0.463389,-0.8404,-0.22,0.484,0.413,0.204,-0.035
29619,987.562,0.98,1,-0.126318,0.442781,-0.887687,-0.287333,0.45682,-0.841876,-0.235,0.48,0.416,0.207,-0.032
29620,987.596,0.98,1,-0.12253,0.450981,-0.884083,-0.300532,0.455477,-0.837987,-0.241,0.485,0.415,0.208,-0.027
29621,987.629,0.98,1,-0.12569,0.45755,-0.880256,-0.302457,0.455935,-0.837044,-0.244,0.489,0.42,0.211,-0.024
29622,987.662,0.98,1,-0.130824,0.46398,-0.876133,-0.308547,0.468917,-0.827596,-0.252,0.501,0.425,0.214,-0.02
29623,987.696,0.98,1,-0.152946,0.46069,-0.874284,-0.314277,0.469874,-0.824893,-0.268,0.501,0.432,0.217,-0.016
29624,987.729,0.98,1,-0.154177,0.467193,-0.870609,-0.299576,0.484125,-0.822118,-0.262,0.512,0.439,0.221,-0.014
29625,987.763,0.98,1,-0.145706,0.472131,-0.869403,-0.311144,0.477601,-0.821636,-0.264,0.512,0.45,0.224,-0.013
29626,987.796,0.98,1,-0.138373,0.473769,-0.86971,-0.312303,0.47987,-0.819873,-0.261,0.514,0.452,0.225,-0.01
29627,987.829,0.98,1,-0.141732,0.475875,-0.868018,-0.326677,0.481164,-0.813488,-0.272,0.517,0.457,0.226,-0.008
29628,987.863,0.98,1,-0.141,0.476438,-0.867828,-0.319636,0.493706,-0.808757,-0.268,0.525,0.462,0.228,-0.009
29629,987.896,0.98,1,-0.15332,0.478253,-0.864735,-0.307888,0.509601,-0.803438,-0.27,0.535,0.468,0.23,-0.009
29630,987.929,0.98,1,-0.134447,0.479995,-0.866908,-0.314774,0.495011,-0.809865,-0.262,0.527,0.468,0.231,-0.007
29631,987.963,0.98,1,-0.132917,0.481367,-0.866383,-0.32001,0.489702,-0.81104,-0.264,0.525,0.466,0.231,-0.005
29632,987.996,0.98,1,-0.138855,0.478803,-0.866872,-0.30479,0.473471,-0.826395,-0.256,0.512,0.475,0.232,-0.006
29633,988.029,0.98,1,-0.140701,0.483131,-0.864169,-0.298212,0.471782,-0.829754,-0.254,0.513,0.477,0.232,-0.004
29634,988.063,0.98,1,-0.142618,0.483169,-0.863833,-0.287755,0.48122,-0.828024,-0.249,0.518,0.478,0.232,-0.003
29635,988.096,0.98,1,-0.139807,0.484961,-0.863288,-0.295563,0.488009,-0.821273,-0.253,0.524,0.48,0.231,-0.001
29636,988.129,0.98,1,-0.144493,0.489957,-0.859688,-0.288305,0.48781,-0.823967,-0.252,0.526,0.487,0.233,-0.003
29637,988.163,0.98,1,-0.149733,0.4886,-0.859564,-0.309789,0.50741,-0.804093,-0.269,0.539,0.492,0.235,-0.003
29638,988.196,0.98,1,-0.150488,0.489679,-0.858818,-0.320083,0.487153,-0.812544,-0.274,0.529,0.488,0.234,0.0
29639,988.229,0.98,1,-0.148401,0.492022,-0.857841,-0.328329,0.48784,-0.808834,-0.279,0.531,0.487,0.233,0.004
29640,988.263,0.98,1,-0.169186,0.481742,-0.859826,-0.329558,0.482516,-0.811523,-0.29,0.523,0.493,0.232,0.008
29641,988.296,0.98,1,-0.162558,0.484557,-0.859523,-0.305823,0.478195,-0.823287,-0.271,0.52,0.497,0.232,0.01
29642,988.329,0.98,1,-0.13118,0.518875,-0.844725,-0.343748,0.498304,-0.795946,-0.282,0.555,0.479,0.227,0.018
29643,988.363,0.98,1,-0.10714,0.534558,-0.838313,-0.35555,0.520623,-0.776232,-0.279,0.579,0.469,0.225,0.024
29644,988.396,0.98,1,-0.116376,0.53741,-0.835253,-0.36461,0.522042,-0.771059,-0.291,0.583,0.474,0.225,0.026
29645,988.429,0.98,1,-0.120843,0.541454,-0.832,-0.364892,0.526533,-0.767865,-0.295,0.589,0.48,0.225,0.03
29646,988.463,0.98,1,-0.122859,0.544535,-0.829691,-0.350337,0.514757,-0.782489,-0.285,0.581,0.475,0.224,0.036
29647,988.496,0.98,1,-0.112819,0.549178,-0.828055,-0.354012,0.521862,-0.776102,-0.283,0.589,0.476,0.226,0.041
29648,988.529,0.98,1,-0.119838,0.555308,-0.822965,-0.353882,0.522432,-0.775779,-0.288,0.593,0.481,0.229,0.043
29649,988.563,0.98,1,-0.115335,0.55603,-0.823121,-0.353832,0.517775,-0.778917,-0.285,0.59,0.489,0.232,0.045
29650,988.596,0.98,1,-0.117408,0.56806,-0.814569,-0.335968,0.514019,-0.789246,-0.275,0.594,0.517,0.243,0.046
29651,988.629,0.98,1,-0.107823,0.578016,-0.80887,-0.330649,0.530171,-0.780762,-0.269,0.609,0.541,0.252,0.05
29652,988.663,0.98,1,-0.10805,0.585611,-0.803358,-0.346183,0.536305,-0.769762,-0.281,0.62,0.559,0.262,0.052
29653,988.696,0.98,1,-0.096385,0.59654,-0.796775,-0.345949,0.558637,-0.75382,-0.278,0.64,0.566,0.265,0.053
29654,988.729,0.93,1,-0.104248,0.592149,-0.799057,-0.337108,0.567566,-0.751151,-0.277,0.642,0.565,0.267,0.055
29655,988.763,0.93,1,-0.10929,0.588841,-0.800826,-0.341245,0.555384,-0.758354,-0.281,0.633,0.572,0.264,0.053
29656,988.796,0.98,1,-0.10631,0.592061,-0.79885,-0.338729,0.551045,-0.762635,-0.278,0.632,0.57,0.261,0.053
29657,988.83,0.98,1,-0.111464,0.588785,-0.800567,-0.341697,0.543258,-0.766886,-0.281,0.625,0.576,0.26,0.053
29658,988.863,0.98,1,-0.117773,0.586842,-0.801091,-0.324474,0.550469,-0.76922,-0.275,0.627,0.569,0.255,0.057
29659,988.896,0.98,1,-0.120134,0.592223,-0.796769,-0.306801,0.543649,-0.781229,-0.264,0.624,0.575,0.254,0.058
29660,988.93,0.98,1,-0.124828,0.579133,-0.805619,-0.323158,0.553326,-0.767723,-0.277,0.624,0.564,0.248,0.063
29661,988.963,0.98,1,-0.130964,0.579912,-0.804084,-0.333906,0.55617,-0.76104,-0.289,0.628,0.564,0.246,0.065
29662,988.996,0.98,1,-0.132046,0.58095,-0.803157,-0.333526,0.557267,-0.760404,-0.289,0.629,0.564,0.245,0.068
29663,989.03,0.98,1,-0.132831,0.580974,-0.80301,-0.328291,0.552332,-0.76626,-0.286,0.625,0.564,0.245,0.071
29664,989.063,0.98,1,-0.145408,0.571569,-0.807568,-0.335686,0.564271,-0.754263,-0.299,0.629,0.567,0.249,0.073
29665,989.096,0.98,1,-0.144438,0.574739,-0.805489,-0.345369,0.56023,-0.752902,-0.305,0.629,0.57,0.254,0.073
29666,989.13,0.98,1,-0.157003,0.580387,-0.799063,-0.368558,0.586674,-0.721096,-0.333,0.655,0.567,0.256,0.076
29667,989.163,0.98,1,-0.157811,0.574704,-0.803001,-0.374574,0.583442,-0.720618,-0.336,0.65,0.552,0.253,0.08
29668,989.196,0.98,1,-0.158505,0.578196,-0.800353,-0.348936,0.568853,-0.744748,-0.317,0.639,0.547,0.25,0.087
29669,989.23,0.98,1,-0.152793,0.576235,-0.802875,-0.349232,0.55821,-0.752622,-0.312,0.63,0.532,0.244,0.093
29670,989.263,0.98,1,-0.161329,0.561927,-0.811302,-0.32744,0.543806,-0.772695,-0.299,0.609,0.527,0.237,0.097
29671,989.296,0.98,1,-0.157751,0.556415,-0.815792,-0.322108,0.550355,-0.770296,-0.294,0.609,0.532,0.237,0.095
29672,989.33,0.98,1,-0.158942,0.561068,-0.812367,-0.324842,0.548667,-0.770352,-0.297,0.612,0.53,0.238,0.095
29673,989.363,0.98,1,-0.156672,0.568879,-0.80736,-0.348036,0.560977,-0.751116,-0.313,0.627,0.525,0.236,0.095
29674,989.396,0.98,1,-0.154095,0.578702,-0.800849,-0.3795,0.552308,-0.742251,-0.333,0.632,0.515,0.236,0.096
29675,989.43,0.98,1,-0.076323,0.648613,-0.757282,-0.335047,0.539133,-0.772709,-0.263,0.66,0.485,0.229,0.105
29676,989.463,0.98,1,0.055719,0.653151,-0.755175,-0.259984,0.505608,-0.822659,-0.129,0.633,0.458,0.202,0.117
29677,989.496,0.93,1,0.044682,0.591173,-0.805306,-0.222864,0.469474,-0.854357,-0.107,0.569,0.406,0.149,0.129
29678,989.53,0.98,1,0.043924,0.617193,-0.785585,-0.263366,0.395397,-0.879943,-0.131,0.546,0.36,0.084,0.137
29679,989.563,0.98,1,0.223722,0.607244,-0.762367,-0.032604,0.440452,-0.897184,0.115,0.563,0.38,0.018,0.094
29680,989.596,0.98,1,0.286313,0.50656,-0.813279,0.000951,0.481618,-0.876381,0.168,0.529,0.374,-0.028,0.06
29681,989.63,0.98,1,0.278757,0.530952,-0.80024,-0.01514,0.479826,-0.877233,0.156,0.542,0.362,-0.051,0.036
29682,989.663,0.98,1,0.302652,0.504112,-0.808872,0.025702,0.418871,-0.907682,0.189,0.493,0.349,-0.077,0.023
29683,989.696,0.98,1,0.304633,0.506439,-0.806671,0.030933,0.412579,-0.910396,0.193,0.491,0.343,-0.088,0.015
29684,989.73,0.98,1,0.293262,0.518919,-0.802945,0.001752,0.471538,-0.881844,0.173,0.531,0.338,-0.091,0.014
29685,989.763,0.98,1,0.150702,0.522786,-0.839038,-0.101397,0.417678,-0.902919,0.028,0.495,0.359,-0.102,0.011
29686,989.796,0.98,1,0.134308,0.603209,-0.786193,-0.187135,0.510547,-0.839239,-0.032,0.601,0.369,-0.057,0.016
29687,989.83,0.98,1,0.158864,0.638703,-0.752875,-0.309659,0.427637,-0.849257,-0.094,0.587,0.379,0.023,0.019
29688,989.863,0.98,1,-0.014313,0.538113,-0.842751,-0.248044,0.353654,-0.901889,-0.149,0.473,0.402,0.093,0.02
29689,989.896,0.93,1,-0.005969,0.60406,-0.796917,-0.249725,0.447091,-0.858922,-0.153,0.566,0.366,0.154,0.049
29690,989.93,0.98,1,0.009221,0.558676,-0.829335,-0.241752,0.538251,-0.807367,-0.141,0.59,0.361,0.161,0.076
29691,989.963,0.93,1,0.025879,0.556945,-0.830146,-0.230439,0.519006,-0.823122,-0.123,0.577,0.359,0.163,0.095
29692,989.997,0.93,1,0.028669,0.555436,-0.831065,-0.24059,0.505883,-0.828371,-0.127,0.569,0.362,0.163,0.107
29693,990.03,0.93,1,0.020924,0.556172,-0.830804,-0.252222,0.500165,-0.828383,-0.139,0.567,0.363,0.162,0.117
29694,990.063,0.93,1,0.019745,0.56452,-0.825183,-0.263359,0.506228,-0.821203,-0.147,0.577,0.37,0.17,0.122
29695,990.097,0.93,1,0.008297,0.568987,-0.822304,-0.266571,0.524396,-0.808671,-0.157,0.591,0.381,0.173,0.126
29696,990.13,0.93,1,0.004234,0.581194,-0.813754,-0.265199,0.541237,-0.797955,-0.161,0.608,0.393,0.181,0.127
29697,990.163,0.93,1,-0.002792,0.587733,-0.80905,-0.271718,0.549688,-0.789945,-0.17,0.618,0.401,0.187,0.127
29698,990.197,0.93,1,-0.013021,0.594972,-0.803641,-0.282013,0.546389,-0.788624,-0.183,0.622,0.406,0.191,0.129
29699,990.23,0.93,1,-0.005001,0.600949,-0.799272,-0.291307,0.54542,-0.785912,-0.185,0.626,0.414,0.194,0.129
29700,990.263,0.93,1,-0.00641,0.600603,-0.799522,-0.287073,0.552025,-0.782852,-0.183,0.63,0.418,0.196,0.131
29701,990.297,0.93,1,-0.029496,0.577559,-0.815816,-0.289871,0.554235,-0.780255,-0.197,0.617,0.421,0.199,0.133
29702,990.33,0.93,1,-0.021523,0.582711,-0.812395,-0.289391,0.553052,-0.781272,-0.193,0.619,0.425,0.201,0.134
29703,990.363,0.98,1,-0.017308,0.601225,-0.798893,-0.296676,0.552192,-0.779145,-0.196,0.631,0.43,0.2,0.135
29704,990.397,0.93,1,-0.044242,0.590754,-0.805638,-0.318734,0.548878,-0.772749,-0.226,0.625,0.435,0.202,0.136
29705,990.43,0.93,1,-0.037681,0.593478,-0.803968,-0.307565,0.557369,-0.771196,-0.216,0.631,0.44,0.202,0.136
29706,990.463,0.93,1,-0.038025,0.589553,-0.806834,-0.315083,0.551859,-0.772123,-0.22,0.626,0.446,0.202,0.136
29707,990.497,0.98,1,-0.036951,0.592752,-0.804537,-0.310867,0.557362,-0.769876,-0.217,0.631,0.448,0.202,0.137
29708,990.53,0.98,1,-0.036041,0.594392,-0.803367,-0.316614,0.554383,-0.769685,-0.221,0.631,0.451,0.203,0.138
29709,990.563,0.98,1,-0.028692,0.589853,-0.807001,-0.331429,0.550095,-0.766518,-0.225,0.627,0.453,0.205,0.138
29710,990.597,0.98,1,-0.027533,0.593438,-0.804409,-0.325202,0.555115,-0.765566,-0.221,0.632,0.454,0.205,0.141
29711,990.63,0.98,1,-0.032467,0.593987,-0.803819,-0.308403,0.560487,-0.768597,-0.213,0.633,0.455,0.205,0.14
29712,990.663,0.98,1,-0.03148,0.595201,-0.80296,-0.32954,0.558905,-0.760939,-0.227,0.636,0.453,0.207,0.139
29713,990.697,0.98,1,-0.032719,0.594937,-0.803106,-0.327697,0.557458,-0.762794,-0.226,0.634,0.453,0.208,0.139
29714,990.73,0.98,1,-0.042598,0.597748,-0.800552,-0.33026,0.56086,-0.759187,-0.235,0.639,0.448,0.21,0.137
29715,990.763,0.98,1,-0.034813,0.595757,-0.80241,-0.346589,0.545497,-0.763092,-0.239,0.63,0.451,0.206,0.137
29716,990.797,0.98,1,-0.039862,0.604321,-0.795743,-0.369559,0.520345,-0.769849,-0.256,0.623,0.451,0.2,0.136
29717,990.83,0.98,1,-0.00841,0.625781,-0.779953,-0.296563,0.568231,-0.76757,-0.195,0.657,0.447,0.18,0.137
29718,990.863,0.93,1,0.025817,0.593764,-0.804225,-0.287822,0.479267,-0.829133,-0.159,0.581,0.424,0.146,0.138
29719,990.897,0.98,1,0.000638,0.596157,-0.802868,-0.295986,0.548653,-0.781903,-0.184,0.626,0.403,0.055,0.134
29720,990.93,0.98,1,0.113031,0.6162,-0.779437,-0.146327,0.51839,-0.842532,-0.021,0.61,0.394,-0.003,0.106
29721,990.963,0.98,1,0.263195,0.612469,-0.745392,-0.054658,0.497436,-0.865777,0.129,0.603,0.389,-0.052,0.073
29722,990.997,0.98,1,0.263065,0.539609,-0.799762,-2.4e-05,0.485564,-0.874201,0.156,0.55,0.373,-0.082,0.054
29723,991.03,0.98,1,0.277998,0.466077,-0.839934,0.016608,0.413823,-0.910206,0.167,0.466,0.365,-0.111,0.043
29724,991.064,0.98,1,0.295441,0.44002,-0.847996,-0.018519,0.397656,-0.917348,0.156,0.443,0.362,-0.11,0.033
29725,991.097,0.98,1,0.307486,0.476238,-0.823802,-0.042739,0.365259,-0.929924,0.15,0.447,0.366,-0.113,0.029
29726,991.13,0.98,1,0.29979,0.514879,-0.803135,-0.044145,0.338212,-0.940034,0.146,0.455,0.372,-0.113,0.027
29727,991.164,0.98,1,0.295897,0.547487,-0.782753,-0.036386,0.317349,-0.94761,0.149,0.463,0.365,-0.113,0.025
29728,991.197,0.98,1,0.30047,0.517881,-0.800947,-0.014622,0.293339,-0.955897,0.161,0.433,0.351,-0.117,0.025
29729,991.23,0.98,1,0.315847,0.49877,-0.807136,-0.004455,0.290942,-0.95673,0.175,0.421,0.339,-0.121,0.019
29730,991.264,0.98,1,0.325572,0.464003,-0.823835,0.000584,0.289035,-0.957318,0.181,0.4,0.333,-0.128,0.011
29731,991.297,0.98,1,0.33908,0.459416,-0.820951,0.007223,0.287424,-0.957776,0.192,0.398,0.33,-0.134,0.003
29732,991.33,0.98,1,0.353326,0.480659,-0.802576,0.008322,0.281232,-0.959604,0.202,0.408,0.331,-0.141,-0.01
29733,991.364,0.98,1,0.358016,0.498544,-0.78948,0.020094,0.28532,-0.958222,0.213,0.422,0.328,-0.145,-0.021
29734,991.397,0.98,1,0.369734,0.484869,-0.79259,0.044858,0.281927,-0.958387,0.232,0.413,0.314,-0.157,-0.031
29735,991.43,0.98,1,0.378632,0.462861,-0.801497,0.051639,0.281157,-0.958272,0.24,0.4,0.302,-0.168,-0.036
29736,991.464,0.98,1,0.377672,0.466735,-0.799702,0.072683,0.278309,-0.957738,0.251,0.401,0.291,-0.178,-0.045
29737,991.497,0.98,1,0.394333,0.459318,-0.795945,0.098037,0.27606,-0.956127,0.274,0.397,0.282,-0.185,-0.055
29738,991.53,0.98,1,0.39344,0.433214,-0.810882,0.082791,0.253814,-0.963703,0.262,0.369,0.27,-0.19,-0.064
29739,991.564,0.98,1,0.37107,0.417282,-0.829568,0.116481,0.265362,-0.957087,0.266,0.365,0.262,-0.201,-0.073
29756,992.13,0.98,1,0.331636,0.435859,-0.836687,0.158889,0.382603,-0.910148,0.274,0.438,0.284,-0.22,-0.132
29757,992.164,0.98,1,0.354596,0.445341,-0.822152,0.159855,0.402515,-0.901348,0.29,0.457,0.295,-0.211,-0.137
29758,992.197,0.98,1,0.356694,0.434473,-0.827045,0.169458,0.390867,-0.904714,0.295,0.445,0.304,-0.198,-0.14
29759,992.231,0.98,1,0.364267,0.419706,-0.831358,0.169433,0.395534,-0.902688,0.299,0.439,0.309,-0.192,-0.145
29760,992.264,0.98,1,0.372431,0.411068,-0.832057,0.173272,0.391867,-0.903558,0.305,0.433,0.318,-0.189,-0.149
29761,992.297,0.98,1,0.384931,0.423528,-0.820032,0.173759,0.398871,-0.900394,0.314,0.446,0.327,-0.185,-0.153
29762,992.331,0.98,1,0.318447,0.504549,-0.80251,0.143447,0.474598,-0.868435,0.27,0.53,0.335,-0.174,-0.156
29763,992.364,0.98,1,0.246674,0.528804,-0.812107,0.107355,0.549074,-0.82885,0.212,0.581,0.343,-0.168,-0.158
29764,992.397,0.98,1,0.225736,0.532754,-0.815608,0.093391,0.557338,-0.825017,0.192,0.586,0.353,-0.146,-0.159
29765,992.431,0.98,1,0.216666,0.527083,-0.82173,0.069446,0.559686,-0.82579,0.172,0.583,0.354,-0.117,-0.157
29766,992.464,0.98,1,0.186992,0.519308,-0.833879,0.052055,0.537898,-0.841401,0.142,0.563,0.346,-0.07,-0.153
29767,992.497,0.98,1,0.162027,0.499566,-0.850989,0.040087,0.524697,-0.850345,0.118,0.542,0.337,-0.054,-0.141
29768,992.531,0.98,1,0.1674,0.487507,-0.856922,0.015367,0.524163,-0.851479,0.107,0.535,0.334,-0.038,-0.137
29769,992.564,0.98,1,0.170817,0.479015,-0.861026,-0.00887,0.527531,-0.84949,0.094,0.532,0.336,-0.024,-0.14
29770,992.597,0.98,1,0.135628,0.48349,-0.864779,-0.015205,0.518222,-0.855111,0.07,0.527,0.341,-0.013,-0.146
29771,992.631,0.98,1,0.137781,0.473255,-0.870084,-0.019337,0.51506,-0.856936,0.068,0.52,0.338,-0.002,-0.152
29772,992.664,0.98,1,0.134834,0.476836,-0.868589,-0.017793,0.500354,-0.865638,0.067,0.513,0.339,0.002,-0.157
29773,992.697,0.98,1,0.136061,0.481348,-0.865905,-0.040172,0.502545,-0.863617,0.055,0.517,0.34,0.009,-0.163
29774,992.731,0.98,1,0.11909,0.47568,-0.87152,-0.037942,0.499903,-0.86525,0.047,0.512,0.344,0.016,-0.17
29775,992.764,0.98,1,0.116463,0.473753,-0.872923,-0.03496,0.49923,-0.865764,0.047,0.51,0.35,0.016,-0.174
29776,992.797,0.98,1,0.125275,0.477521,-0.869643,-0.031345,0.498415,-0.866372,0.054,0.512,0.354,0.014,-0.178
29777,992.831,0.98,1,0.137306,0.477746,-0.867701,-0.017863,0.499822,-0.865944,0.069,0.513,0.357,0.01,-0.181
29778,992.864,0.98,1,0.128254,0.4706,-0.872976,-0.033388,0.49825,-0.86639,0.054,0.508,0.353,0.012,-0.184
29779,992.897,0.98,1,0.122994,0.473754,-0.872026,-0.042149,0.498985,-0.865585,0.046,0.51,0.343,0.015,-0.189
29780,992.931,0.98,1,0.134947,0.467431,-0.873669,-0.041144,0.495278,-0.86776,0.054,0.505,0.34,0.011,-0.19
29781,992.964,0.98,1,0.122188,0.451235,-0.884,-0.04811,0.492531,-0.868964,0.042,0.494,0.346,0.021,-0.194
29782,992.997,0.98,1,0.124007,0.453666,-0.882502,-0.052302,0.500112,-0.86438,0.041,0.5,0.346,0.028,-0.197
29783,993.031,0.98,1,0.141013,0.458978,-0.877186,-0.04224,0.505319,-0.861898,0.057,0.506,0.35,0.016,-0.199
29784,993.064,0.98,1,0.128061,0.451857,-0.882851,-0.047109,0.503323,-0.862813,0.046,0.501,0.35,0.025,-0.203
29785,993.097,0.98,1,0.1242,0.445024,-0.886864,-0.055475,0.504721,-0.861498,0.039,0.498,0.348,0.032,-0.206
29786,993.131,0.98,1,0.142669,0.459765,-0.876505,-0.047637,0.511475,-0.857977,0.055,0.51,0.353,0.017,-0.202
29787,993.164,0.98,1,0.118084,0.459065,-0.88052,-0.042906,0.502843,-0.863312,0.043,0.504,0.349,0.014,-0.197
29788,993.197,0.98,1,0.108672,0.457354,-0.88262,-0.041667,0.501661,-0.86406,0.038,0.502,0.352,0.017,-0.2
29789,993.231,0.98,1,0.109378,0.452108,-0.885232,-0.030609,0.479995,-0.876737,0.045,0.487,0.344,0.019,-0.195
29790,993.264,0.98,1,0.10657,0.444039,-0.889647,-0.030075,0.482927,-0.875144,0.043,0.484,0.343,0.027,-0.193
29791,993.298,0.98,1,0.096023,0.432286,-0.89661,-0.037309,0.474688,-0.879363,0.033,0.472,0.339,0.039,-0.189
29792,993.331,0.98,1,0.097119,0.440771,-0.89235,-0.048546,0.48353,-0.873981,0.027,0.482,0.343,0.04,-0.189
29793,993.364,0.98,1,0.096763,0.437659,-0.893919,-0.059,0.471592,-0.879841,0.021,0.474,0.335,0.047,-0.19
29794,993.398,0.98,1,0.095725,0.432793,-0.896397,-0.069871,0.471505,-0.879091,0.015,0.471,0.331,0.055,-0.186
29795,993.431,0.98,1,0.099782,0.437023,-0.893898,-0.078316,0.470925,-0.87869,0.012,0.473,0.332,0.054,-0.179
29796,993.464,0.93,1,0.089158,0.428449,-0.899157,-0.086381,0.462583,-0.882358,0.002,0.464,0.313,0.063,-0.175
29797,993.498,0.93,1,0.097753,0.431363,-0.896867,-0.09347,0.475903,-0.874517,0.002,0.473,0.314,0.063,-0.17
29798,993.531,0.93,1,0.093308,0.418906,-0.903223,-0.093572,0.460171,-0.882886,-0.0,0.457,0.301,0.064,-0.168
29799,993.564,0.98,1,0.0779,0.423774,-0.902412,-0.094199,0.457375,-0.884271,-0.009,0.458,0.295,0.064,-0.162
29800,993.598,0.98,1,0.084763,0.420881,-0.903147,-0.104235,0.45015,-0.886849,-0.011,0.453,0.292,0.061,-0.155
29801,993.631,0.98,1,0.088096,0.416095,-0.905044,-0.103918,0.447039,-0.888458,-0.009,0.449,0.287,0.059,-0.151
29802,993.664,0.98,1,0.092028,0.418875,-0.903369,-0.111732,0.444872,-0.888597,-0.011,0.449,0.278,0.053,-0.145
29803,993.698,0.98,1,0.085659,0.423297,-0.901932,-0.126312,0.440818,-0.888665,-0.023,0.45,0.28,0.058,-0.145
29804,993.731,0.98,1,0.050472,0.432674,-0.900136,-0.121909,0.446381,-0.8865,-0.04,0.457,0.274,0.057,-0.146
29805,993.764,0.98,1,0.035079,0.422319,-0.905768,-0.12596,0.433489,-0.892312,-0.051,0.444,0.266,0.06,-0.145
29806,993.798,0.98,1,0.038548,0.417767,-0.907736,-0.128536,0.430054,-0.893606,-0.05,0.44,0.265,0.062,-0.141
29807,993.831,0.98,1,0.040909,0.420301,-0.906462,-0.117676,0.412446,-0.90335,-0.042,0.431,0.264,0.064,-0.141
29808,993.864,0.98,1,0.036542,0.416489,-0.908406,-0.125476,0.416935,-0.900234,-0.049,0.432,0.265,0.069,-0.139
29809,993.898,0.98,1,0.035296,0.415365,-0.90897,-0.109812,0.405344,-0.907545,-0.041,0.424,0.26,0.077,-0.138
29810,993.931,0.98,1,0.041736,0.411688,-0.910369,-0.13516,0.406175,-0.903744,-0.051,0.424,0.254,0.075,-0.133
29811,993.964,0.98,1,0.040139,0.40482,-0.913515,-0.1373,0.410296,-0.901558,-0.053,0.422,0.254,0.076,-0.13
29812,993.998,0.98,1,0.04538,0.389342,-0.919975,-0.153319,0.408526,-0.899777,-0.059,0.413,0.249,0.081,-0.124
29813,994.031,0.98,1,0.040203,0.39141,-0.919338,-0.145911,0.392942,-0.907913,-0.058,0.405,0.232,0.08,-0.118
29814,994.064,0.98,1,0.048037,0.38919,-0.919904,-0.146998,0.385952,-0.910732,-0.054,0.401,0.214,0.076,-0.109
29815,994.098,0.98,1,0.046469,0.394119,-0.917884,-0.13753,0.389087,-0.910877,-0.05,0.405,0.21,0.079,-0.106
29838,994.865,0.98,1,-0.266612,0.179147,-0.947008,-0.222039,0.438862,-0.870688,-0.263,0.328,0.171,0.19,0.011
29839,994.898,0.98,1,-0.285344,0.197935,-0.937764,-0.293842,0.43845,-0.849364,-0.313,0.342,0.186,0.257,0.009
29840,994.931,0.98,1,-0.260831,0.19093,-0.946315,-0.358373,0.430335,-0.828481,-0.336,0.337,0.182,0.32,0.011
29841,994.965,0.98,1,-0.282643,0.211027,-0.935725,-0.403709,0.430317,-0.80737,-0.375,0.353,0.189,0.396,0.015
29842,994.998,0.98,1,-0.32236,0.217367,-0.921323,-0.419044,0.428633,-0.800423,-0.407,0.359,0.205,0.471,0.01
29843,995.031,0.98,1,-0.297892,0.372232,-0.879036,-0.476206,0.437431,-0.762812,-0.441,0.458,0.212,0.511,0.006
29844,995.065,0.98,1,-0.351068,0.373064,-0.858822,-0.532687,0.411798,-0.739369,-0.505,0.456,0.23,0.557,0.001
29846,995.131,0.98,1,-0.405003,0.342796,-0.847622,-0.540239,0.371756,-0.754943,-0.533,0.419,0.291,0.615,-0.034
29847,995.165,0.98,1,-0.397798,0.389792,-0.830553,-0.560179,0.373237,-0.739523,-0.548,0.452,0.307,0.654,-0.038
29848,995.198,0.98,1,-0.341814,0.438559,-0.831162,-0.613503,0.42807,-0.663604,-0.569,0.525,0.337,0.676,-0.054
29849,995.231,0.98,1,-0.35254,0.428348,-0.832006,-0.625119,0.453403,-0.635336,-0.588,0.541,0.336,0.689,-0.051
29850,995.265,0.98,1,-0.370671,0.421138,-0.827796,-0.612042,0.418272,-0.671159,-0.58,0.51,0.329,0.683,-0.039
29851,995.298,0.98,1,-0.383604,0.411455,-0.826772,-0.614408,0.397639,-0.681459,-0.585,0.492,0.33,0.677,-0.038
29852,995.331,0.98,1,-0.381994,0.426623,-0.819801,-0.597023,0.38716,-0.702617,-0.571,0.491,0.327,0.689,-0.037
29853,995.365,0.88,1,-0.369451,0.414998,-0.831434,-0.657636,0.372962,-0.654534,-0.605,0.488,0.323,0.678,-0.043
29854,995.398,0.98,1,-0.393488,0.395658,-0.829832,-0.613334,0.371129,-0.697198,-0.583,0.465,0.332,0.693,-0.046
29855,995.431,0.98,1,-0.383987,0.376915,-0.842905,-0.643727,0.364984,-0.672609,-0.596,0.455,0.307,0.684,-0.034
29856,995.465,0.98,1,-0.391666,0.369506,-0.842652,-0.638598,0.381991,-0.668038,-0.599,0.462,0.282,0.672,-0.018
29857,995.498,0.88,1,-0.392206,0.335798,-0.856396,-0.618173,0.375356,-0.69063,-0.579,0.431,0.249,0.646,-0.001
29858,995.532,0.88,1,-0.385671,0.33144,-0.861049,-0.540765,0.356946,-0.761684,-0.519,0.401,0.24,0.651,0.013
29859,995.565,0.98,1,-0.381487,0.332538,-0.862488,-0.54176,0.362547,-0.758325,-0.518,0.405,0.238,0.658,0.024
29861,995.632,0.98,1,-0.399949,0.381223,-0.833493,-0.635737,0.330649,-0.697502,-0.595,0.435,0.273,0.686,0.038
29862,995.665,0.98,1,-0.38025,0.401801,-0.833046,-0.686546,0.319311,-0.653219,-0.623,0.452,0.295,0.687,0.038
29863,995.698,0.98,1,-0.395667,0.387776,-0.832512,-0.648585,0.310064,-0.695125,-0.6,0.429,0.309,0.669,0.041
29865,995.765,0.98,1,-0.34529,0.382415,-0.85705,-0.688982,0.334767,-0.642833,-0.604,0.446,0.327,0.636,0.045
29866,995.798,0.98,1,-0.342146,0.381976,-0.858505,-0.673428,0.452505,-0.58458,-0.613,0.524,0.342,0.647,0.048
29867,995.832,0.98,1,-0.377589,0.400095,-0.835075,-0.681577,0.463714,-0.566059,-0.647,0.552,0.353,0.684,0.041
29868,995.865,0.88,1,-0.391986,0.396886,-0.829957,-0.707522,0.358005,-0.609299,-0.652,0.483,0.351,0.692,0.048
29869,995.898,0.88,1,-0.394283,0.390547,-0.831874,-0.697565,0.398575,-0.595433,-0.653,0.505,0.373,0.728,0.032
29870,995.932,0.88,1,-0.389106,0.37688,-0.84057,-0.750114,0.456785,-0.478202,-0.712,0.564,0.371,0.736,0.034
29871,995.965,0.88,1,-0.391491,0.401069,-0.828177,-0.721104,0.454544,-0.522875,-0.689,0.565,0.373,0.742,0.042
29872,995.998,0.88,1,-0.385221,0.399979,-0.831638,-0.673877,0.496892,-0.546797,-0.655,0.577,0.372,0.75,0.042
29873,996.032,0.88,1,-0.39085,0.400642,-0.828687,-0.640736,0.490454,-0.590687,-0.628,0.561,0.369,0.749,0.044
29874,996.065,0.88,1,-0.378787,0.407311,-0.831034,-0.60281,0.501155,-0.620857,-0.594,0.559,0.388,0.738,0.04
29875,996.098,0.88,1,-0.373603,0.39751,-0.838097,-0.619099,0.482184,-0.61985,-0.598,0.543,0.394,0.736,0.037
29876,996.132,0.98,1,-0.364532,0.410642,-0.835757,-0.618566,0.487033,-0.616583,-0.595,0.554,0.419,0.743,0.023
29877,996.165,0.98,1,-0.361585,0.401011,-0.841693,-0.603221,0.445302,-0.661687,-0.571,0.513,0.421,0.724,0.02
29878,996.198,0.98,1,-0.38006,0.410787,-0.828739,-0.588968,0.469715,-0.657635,-0.578,0.535,0.432,0.744,0.009
29879,996.232,0.98,1,-0.379588,0.431337,-0.818451,-0.59441,0.449968,-0.666488,-0.581,0.536,0.442,0.748,-0.001
29880,996.265,0.98,1,-0.37692,0.415756,-0.827695,-0.590071,0.437536,-0.678512,-0.571,0.515,0.444,0.76,-0.01
29881,996.298,0.98,1,-0.387638,0.431005,-0.814844,-0.506851,0.384536,-0.771514,-0.513,0.475,0.444,0.755,-0.014
29882,996.332,0.98,1,-0.388849,0.461188,-0.79756,-0.595992,0.411497,-0.689539,-0.585,0.531,0.452,0.747,-0.02
29883,996.365,0.98,1,-0.377722,0.434869,-0.817444,-0.530396,0.431707,-0.729595,-0.531,0.511,0.455,0.72,-0.025
29884,996.398,0.98,1,-0.363483,0.384497,-0.848553,-0.473212,0.430543,-0.768572,-0.477,0.467,0.448,0.708,-0.034
29885,996.432,0.98,1,-0.362284,0.396478,-0.843537,-0.437125,0.46219,-0.771558,-0.46,0.489,0.458,0.701,-0.041
29886,996.465,0.98,1,-0.362577,0.394978,-0.844115,-0.526579,0.468108,-0.70964,-0.52,0.507,0.45,0.708,-0.046
29887,996.498,0.98,1,-0.371463,0.388528,-0.843245,-0.509781,0.485632,-0.710131,-0.516,0.513,0.465,0.705,-0.052
29888,996.532,0.88,1,-0.372558,0.392575,-0.840884,-0.552038,0.51096,-0.658918,-0.552,0.542,0.46,0.691,-0.052
29889,996.565,0.98,1,-0.368722,0.410249,-0.83411,-0.55374,0.514607,-0.654639,-0.555,0.556,0.458,0.687,-0.055
29890,996.598,0.98,1,-0.337714,0.453776,-0.824643,-0.54528,0.538687,-0.642251,-0.542,0.595,0.469,0.676,-0.057
29891,996.632,0.98,1,-0.339106,0.474421,-0.812362,-0.512762,0.552648,-0.657005,-0.525,0.61,0.486,0.676,-0.061
29892,996.665,0.98,1,-0.378195,0.499384,-0.779477,-0.513217,0.546533,-0.661748,-0.554,0.628,0.495,0.697,-0.069
29893,996.699,0.98,1,-0.383241,0.462231,-0.799668,-0.49618,0.496155,-0.712486,-0.527,0.565,0.498,0.706,-0.072
29894,996.732,0.98,1,-0.373712,0.472189,-0.798359,-0.530206,0.481757,-0.697704,-0.544,0.568,0.483,0.701,-0.063
29895,996.765,0.98,1,-0.387074,0.465059,-0.796175,-0.560499,0.462146,-0.687213,-0.568,0.559,0.467,0.7,-0.052
29896,996.799,0.98,1,-0.392549,0.466995,-0.792352,-0.483254,0.512123,-0.710068,-0.528,0.578,0.453,0.683,-0.042
29897,996.832,0.98,1,-0.392288,0.417679,-0.819546,-0.515083,0.508848,-0.689755,-0.541,0.551,0.415,0.671,-0.028
29898,996.865,0.98,1,-0.379484,0.388589,-0.839637,-0.455853,0.487792,-0.744485,-0.485,0.505,0.388,0.663,-0.01
29899,996.899,0.98,1,-0.372937,0.368469,-0.851556,-0.369212,0.452341,-0.811831,-0.42,0.458,0.367,0.662,0.0
29900,996.932,0.98,1,-0.357268,0.404428,-0.841901,-0.408457,0.439064,-0.800241,-0.436,0.475,0.361,0.64,0.007
29901,996.965,0.98,1,-0.296234,0.432691,-0.851483,-0.677652,0.374697,-0.632763,-0.581,0.498,0.338,0.632,0.021
29902,996.999,0.98,1,-0.274409,0.439376,-0.855364,-0.649239,0.418592,-0.635035,-0.555,0.522,0.325,0.653,0.029
29903,997.032,0.98,1,-0.268293,0.416518,-0.868638,-0.580259,0.410624,-0.703341,-0.495,0.484,0.296,0.636,0.054
29904,997.065,0.98,1,-0.279957,0.368039,-0.886663,-0.632676,0.425518,-0.647036,-0.537,0.477,0.265,0.632,0.069
29905,997.099,0.98,1,-0.235739,0.402557,-0.88452,-0.57285,0.449838,-0.685192,-0.476,0.497,0.217,0.556,0.093
29906,997.132,0.98,1,-0.187507,0.436949,-0.879725,-0.533228,0.472477,-0.701736,-0.428,0.522,0.208,0.546,0.113
29907,997.165,0.98,1,-0.25571,0.4687,-0.845537,-0.488666,0.499014,-0.715675,-0.445,0.555,0.205,0.469,0.122
29908,997.199,0.93,1,-0.060044,0.416618,-0.907097,-0.496723,0.503701,-0.70679,-0.332,0.518,0.213,0.351,0.107
29912,997.332,0.93,1,-0.029839,0.495086,-0.868331,-0.257389,0.443967,-0.85828,-0.165,0.498,0.276,0.166,0.045
29913,997.365,0.93,1,-0.060095,0.541281,-0.838692,-0.273413,0.461137,-0.844155,-0.196,0.537,0.261,0.171,0.046
29914,997.399,0.98,1,-0.045625,0.546114,-0.836468,-0.262872,0.512601,-0.817397,-0.184,0.569,0.258,0.177,0.047
29915,997.432,0.98,1,-0.033982,0.545469,-0.837442,-0.252158,0.492873,-0.832762,-0.17,0.556,0.242,0.172,0.05
29916,997.465,0.93,1,-0.002118,0.538631,-0.842539,-0.205933,0.511632,-0.834161,-0.123,0.56,0.234,0.16,0.046
29917,997.499,0.93,1,0.071315,0.518488,-0.852106,-0.159873,0.499664,-0.851338,-0.052,0.539,0.207,0.14,0.05
29918,997.532,0.93,1,0.068413,0.500699,-0.862914,-0.137635,0.497917,-0.856233,-0.04,0.526,0.189,0.116,0.052
29919,997.565,0.93,1,0.085299,0.492974,-0.865853,-0.14845,0.485058,-0.86179,-0.037,0.515,0.189,0.115,0.053
29920,997.599,0.93,1,0.092795,0.478876,-0.872964,-0.144837,0.477015,-0.866879,-0.03,0.502,0.188,0.112,0.052
29921,997.632,0.93,1,0.08876,0.484882,-0.870064,-0.15339,0.487834,-0.859354,-0.037,0.512,0.203,0.117,0.049
29922,997.665,0.98,1,0.070197,0.484237,-0.872116,-0.190441,0.491197,-0.849975,-0.07,0.515,0.208,0.135,0.041
29923,997.699,0.93,1,0.017569,0.486838,-0.873315,-0.216975,0.491998,-0.843125,-0.116,0.518,0.206,0.16,0.035
29924,997.732,0.93,1,-0.000486,0.494783,-0.869016,-0.238227,0.496037,-0.834982,-0.139,0.527,0.21,0.178,0.034
29925,997.766,0.93,1,-0.013695,0.489572,-0.871856,-0.249031,0.491803,-0.834334,-0.153,0.522,0.198,0.187,0.041
29926,997.799,0.93,1,0.061017,0.475648,-0.877517,-0.223578,0.491871,-0.841473,-0.094,0.513,0.193,0.185,0.05
29927,997.832,0.93,1,0.074575,0.474708,-0.876978,-0.208061,0.487608,-0.847909,-0.077,0.509,0.177,0.173,0.06
29928,997.866,0.98,1,0.067857,0.479814,-0.874742,-0.20084,0.482363,-0.852637,-0.077,0.508,0.179,0.16,0.068
29929,997.899,0.98,1,0.0651,0.478887,-0.875459,-0.200095,0.48535,-0.851115,-0.078,0.509,0.177,0.143,0.071
29930,997.932,0.93,1,0.036869,0.46427,-0.884926,-0.210043,0.475784,-0.854115,-0.099,0.496,0.182,0.133,0.074
29931,997.966,0.93,1,0.008299,0.457031,-0.889412,-0.233824,0.469518,-0.851398,-0.129,0.489,0.184,0.134,0.078
29932,997.999,0.93,1,-0.000973,0.455195,-0.890391,-0.24654,0.462087,-0.851876,-0.141,0.485,0.192,0.139,0.082
29933,998.032,0.93,1,0.005059,0.463465,-0.886101,-0.256946,0.467863,-0.845626,-0.144,0.493,0.198,0.145,0.09
29934,998.066,0.98,1,0.005361,0.461822,-0.886957,-0.260535,0.465993,-0.845561,-0.146,0.492,0.205,0.148,0.097
29935,998.099,0.98,1,3.8e-05,0.47025,-0.882533,-0.253705,0.468929,-0.846013,-0.146,0.498,0.211,0.152,0.098
29936,998.132,0.98,1,-0.006659,0.478932,-0.877827,-0.247173,0.470672,-0.846979,-0.146,0.503,0.216,0.154,0.099
29937,998.166,0.93,1,-0.010889,0.487957,-0.8728,-0.221459,0.445353,-0.867535,-0.133,0.492,0.225,0.157,0.098
29938,998.199,0.93,1,-0.016071,0.487301,-0.873086,-0.237558,0.446767,-0.862535,-0.145,0.494,0.222,0.158,0.102
29939,998.232,0.93,1,-0.011996,0.488086,-0.872713,-0.246358,0.444302,-0.861338,-0.148,0.493,0.217,0.16,0.104
29940,998.266,0.93,1,-0.018491,0.489763,-0.871659,-0.22648,0.426653,-0.875599,-0.139,0.483,0.213,0.162,0.106
29941,998.299,0.93,1,-0.019664,0.496703,-0.867698,-0.249778,0.446224,-0.859357,-0.155,0.5,0.21,0.167,0.109
29942,998.332,0.93,1,-0.024092,0.502008,-0.864527,-0.253595,0.453282,-0.854532,-0.16,0.507,0.218,0.171,0.111
29943,998.366,0.93,1,-0.028716,0.502952,-0.863837,-0.261649,0.461063,-0.847916,-0.168,0.513,0.228,0.176,0.114
29944,998.399,0.93,1,-0.036088,0.501398,-0.864464,-0.264071,0.469961,-0.842261,-0.174,0.517,0.236,0.181,0.116
29945,998.432,0.93,1,-0.042329,0.508187,-0.860206,-0.271526,0.465687,-0.842264,-0.182,0.52,0.239,0.186,0.12
29946,998.466,0.93,1,-0.043846,0.512692,-0.857452,-0.278923,0.478394,-0.832671,-0.189,0.53,0.253,0.19,0.12
29947,998.499,0.93,1,-0.049708,0.507208,-0.860389,-0.295416,0.480795,-0.82557,-0.202,0.53,0.257,0.195,0.122
29948,998.532,0.93,1,-0.057742,0.513542,-0.85612,-0.309965,0.481079,-0.820052,-0.216,0.536,0.265,0.199,0.125
29949,998.566,0.93,1,-0.07033,0.503585,-0.861079,-0.359805,0.404819,-0.840632,-0.248,0.49,0.268,0.2,0.131
29950,998.599,0.93,1,-0.094666,0.52375,-0.846596,-0.395901,0.386978,-0.832773,-0.284,0.497,0.282,0.201,0.135
29951,998.632,0.98,1,-0.094858,0.534061,-0.840107,-0.385457,0.388441,-0.836981,-0.279,0.503,0.294,0.202,0.14
29952,998.666,0.98,1,-0.046344,0.531547,-0.84576,-0.390575,0.390504,-0.833641,-0.255,0.502,0.313,0.202,0.142
29953,998.699,0.98,1,-0.042252,0.544248,-0.837859,-0.393501,0.396655,-0.82935,-0.256,0.514,0.33,0.207,0.146
29954,998.732,0.93,1,-0.035308,0.555464,-0.830791,-0.386223,0.436206,-0.812746,-0.251,0.543,0.347,0.213,0.153
29955,998.766,0.93,1,-0.028142,0.54188,-0.839985,-0.398715,0.415722,-0.817436,-0.252,0.524,0.363,0.22,0.163
29956,998.799,0.93,1,-0.026076,0.568336,-0.822383,-0.419095,0.458663,-0.783573,-0.27,0.569,0.382,0.23,0.172
29957,998.833,0.93,1,-0.040378,0.579391,-0.814049,-0.429556,0.461919,-0.775959,-0.287,0.58,0.398,0.243,0.177
29958,998.866,0.93,1,-0.073992,0.577858,-0.812777,-0.446172,0.450539,-0.773269,-0.317,0.575,0.41,0.256,0.182
29959,998.899,0.98,1,-0.162036,0.5972,-0.785555,-0.460072,0.486657,-0.742629,-0.387,0.617,0.421,0.271,0.189
29960,998.933,0.98,1,-0.212252,0.559941,-0.800884,-0.448838,0.490989,-0.746642,-0.404,0.597,0.431,0.291,0.197
29961,998.966,0.98,1,-0.202702,0.557252,-0.805222,-0.418049,0.507373,-0.75353,-0.379,0.599,0.443,0.308,0.204
29962,998.999,0.98,1,-0.211471,0.564543,-0.797854,-0.438416,0.503086,-0.744779,-0.399,0.605,0.468,0.323,0.205
29963,999.033,0.98,1,-0.222507,0.568146,-0.792275,-0.452159,0.527792,-0.719019,-0.42,0.627,0.519,0.344,0.189
29964,999.066,0.98,1,-0.225847,0.59224,-0.773463,-0.442733,0.522973,-0.728345,-0.419,0.639,0.582,0.364,0.163
29965,999.099,0.98,1,-0.249393,0.589651,-0.768189,-0.445252,0.542802,-0.712121,-0.439,0.653,0.628,0.369,0.142
29966,999.133,0.93,1,-0.256139,0.570442,-0.780378,-0.44036,0.533506,-0.722118,-0.434,0.634,0.664,0.365,0.124
29967,999.166,0.93,1,-0.252714,0.540186,-0.802705,-0.428172,0.513058,-0.743935,-0.415,0.598,0.637,0.36,0.137
29968,999.199,0.98,1,-0.293576,0.538921,-0.789542,-0.420824,0.509915,-0.750263,-0.434,0.598,0.615,0.36,0.148
29969,999.233,0.98,1,-0.289813,0.517031,-0.805411,-0.439742,0.502677,-0.744273,-0.44,0.582,0.583,0.345,0.159
29970,999.266,0.98,1,-0.271724,0.524049,-0.80718,-0.429258,0.53194,-0.729916,-0.428,0.602,0.59,0.351,0.154
29971,999.299,0.98,1,-0.287427,0.515804,-0.807051,-0.430109,0.524023,-0.735123,-0.435,0.593,0.576,0.348,0.154
29972,999.333,0.98,1,-0.297756,0.520046,-0.800558,-0.393187,0.509888,-0.765126,-0.416,0.582,0.587,0.356,0.138
29973,999.366,0.98,1,-0.304571,0.515651,-0.800838,-0.393964,0.504356,-0.768386,-0.419,0.576,0.598,0.358,0.127
29975,999.433,0.98,1,-0.292798,0.479241,-0.827404,-0.383328,0.457112,-0.802564,-0.393,0.521,0.475,0.323,0.17
29976,999.466,0.98,1,-0.275079,0.456385,-0.846194,-0.370191,0.445188,-0.815332,-0.37,0.497,0.471,0.301,0.174
29977,999.499,0.98,1,-0.261825,0.464187,-0.846155,-0.367408,0.4838,-0.794323,-0.366,0.524,0.492,0.31,0.173
29978,999.533,0.88,1,-0.264289,0.473604,-0.840149,-0.355196,0.509315,-0.783858,-0.364,0.544,0.531,0.315,0.163
29979,999.566,0.88,1,-0.257616,0.501242,-0.826069,-0.353989,0.526522,-0.772959,-0.365,0.571,0.592,0.32,0.151
29980,999.599,0.88,1,-0.277957,0.550234,-0.78739,-0.355094,0.563993,-0.745533,-0.392,0.629,0.689,0.337,0.118
29981,999.633,0.88,1,-0.269169,0.560666,-0.783072,-0.361135,0.568742,-0.738995,-0.393,0.638,0.742,0.339,0.102
29982,999.666,0.88,1,-0.263848,0.531191,-0.805121,-0.359243,0.542549,-0.759332,-0.379,0.601,0.687,0.333,0.114
29983,999.699,0.98,1,-0.268449,0.534024,-0.801719,-0.363341,0.542845,-0.757167,-0.385,0.605,0.671,0.336,0.113
29984,999.733,0.88,1,-0.233842,0.520795,-0.82103,-0.372078,0.520686,-0.768404,-0.364,0.58,0.608,0.32,0.132
29985,999.766,0.88,1,-0.197277,0.49926,-0.843695,-0.358014,0.5097,-0.782325,-0.329,0.555,0.54,0.3,0.161
29986,999.799,0.88,1,-0.189215,0.517737,-0.834354,-0.348362,0.514665,-0.783431,-0.321,0.568,0.544,0.301,0.165
29987,999.833,0.88,1,-0.158143,0.547511,-0.821719,-0.36463,0.521555,-0.771379,-0.317,0.591,0.561,0.309,0.164
29988,999.866,0.93,1,-0.171681,0.551335,-0.816429,-0.367761,0.525271,-0.767361,-0.328,0.597,0.57,0.312,0.17
29989,999.899,0.93,1,-0.190488,0.554196,-0.810297,-0.373198,0.526657,-0.763777,-0.344,0.602,0.588,0.328,0.173
29990,999.933,0.93,1,-0.217717,0.559824,-0.799497,-0.369865,0.535266,-0.759401,-0.36,0.612,0.603,0.348,0.175
29991,999.966,0.98,1,-0.225101,0.566761,-0.792535,-0.379977,0.542387,-0.749289,-0.374,0.624,0.599,0.344,0.173
29992,1000.0,0.93,1,-0.214371,0.562737,-0.798356,-0.386909,0.540881,-0.746826,-0.371,0.62,0.602,0.346,0.175
29993,1000.033,0.93,1,-0.212367,0.548815,-0.808519,-0.394611,0.532578,-0.74876,-0.372,0.607,0.61,0.358,0.172
29994,1000.066,0.93,1,-0.197511,0.558916,-0.805358,-0.411077,0.526657,-0.744076,-0.374,0.611,0.594,0.361,0.18
29995,1000.1,0.93,1,-0.220542,0.541749,-0.811091,-0.38391,0.527822,-0.757639,-0.368,0.598,0.621,0.363,0.174
29996,1000.133,0.88,1,-0.199561,0.544595,-0.814611,-0.409867,0.512683,-0.75443,-0.37,0.593,0.55,0.353,0.196
29997,1000.166,0.98,1,-0.19669,0.523875,-0.828775,-0.390033,0.496724,-0.775331,-0.351,0.567,0.506,0.343,0.206
29998,1000.2,0.98,1,-0.210134,0.510199,-0.833991,-0.38187,0.49008,-0.783579,-0.351,0.554,0.482,0.342,0.209
29999,1000.233,0.98,1,-0.201755,0.510642,-0.835787,-0.378996,0.4789,-0.791844,-0.343,0.546,0.46,0.337,0.214
30000,1000.266,0.93,1,-0.211633,0.490338,-0.845447,-0.371823,0.45411,-0.809649,-0.339,0.519,0.429,0.332,0.221
30001,1000.3,0.93,1,-0.188031,0.468068,-0.863456,-0.358661,0.418997,-0.834149,-0.312,0.482,0.372,0.317,0.237
30002,1000.333,0.93,1,-0.197743,0.440063,-0.875923,-0.349325,0.399705,-0.847472,-0.307,0.453,0.334,0.313,0.246
30003,1000.366,0.93,1,-0.208609,0.427923,-0.879412,-0.346654,0.391589,-0.852343,-0.31,0.442,0.312,0.312,0.257
30004,1000.4,0.93,1,-0.242348,0.384068,-0.890932,-0.340949,0.387251,-0.856616,-0.322,0.416,0.297,0.312,0.26
30005,1000.433,0.93,1,-0.243254,0.370961,-0.896223,-0.33784,0.393661,-0.854924,-0.32,0.412,0.283,0.313,0.263
30006,1000.466,0.93,1,-0.247391,0.364299,-0.897822,-0.34439,0.386825,-0.855431,-0.326,0.405,0.267,0.314,0.268
30009,1000.566,0.93,1,-0.251983,0.404164,-0.879293,-0.368051,0.402755,-0.838049,-0.346,0.439,0.231,0.309,0.27
30010,1000.6,0.93,1,-0.244068,0.415229,-0.876365,-0.381512,0.413392,-0.826774,-0.352,0.453,0.22,0.309,0.266
30011,1000.633,0.98,1,-0.266597,0.392539,-0.88025,-0.380521,0.402906,-0.832388,-0.361,0.435,0.21,0.314,0.264
30012,1000.666,0.98,1,-0.246781,0.407111,-0.879409,-0.376206,0.395533,-0.837868,-0.348,0.437,0.195,0.321,0.266
30013,1000.7,0.98,1,-0.230082,0.429022,-0.8735,-0.395108,0.402234,-0.825892,-0.353,0.455,0.18,0.326,0.267
30014,1000.733,0.98,1,-0.235525,0.403947,-0.883943,-0.397945,0.40228,-0.824506,-0.355,0.441,0.165,0.332,0.27
30015,1000.766,0.98,1,-0.219517,0.420061,-0.880546,-0.391903,0.400124,-0.82844,-0.344,0.447,0.152,0.331,0.271
30016,1000.8,0.98,1,-0.209027,0.453304,-0.8665,-0.396044,0.391108,-0.830773,-0.342,0.462,0.145,0.328,0.271
30017,1000.833,0.98,1,-0.226757,0.402116,-0.887065,-0.392482,0.393042,-0.83155,-0.346,0.433,0.137,0.328,0.274
30018,1000.866,0.98,1,-0.218546,0.415646,-0.882879,-0.415475,0.384036,-0.824559,-0.356,0.438,0.131,0.326,0.273
30019,1000.9,0.98,1,-0.203974,0.452188,-0.868286,-0.429372,0.38836,-0.815363,-0.36,0.463,0.121,0.323,0.274
30020,1000.933,0.98,1,-0.198071,0.471703,-0.859223,-0.401998,0.370493,-0.837336,-0.34,0.461,0.084,0.32,0.28
30021,1000.966,0.98,1,-0.192892,0.435458,-0.8793,-0.441387,0.341852,-0.829647,-0.355,0.427,0.059,0.311,0.277
30022,1001.0,0.98,1,-0.289903,0.333626,-0.897023,-0.461921,0.409847,-0.786546,-0.42,0.416,0.069,0.315,0.27
30023,1001.033,0.98,1,-0.205342,0.436972,-0.875723,-0.484544,0.362944,-0.79592,-0.391,0.446,0.035,0.298,0.273
30040,1001.6,0.98,1,-0.057112,0.437292,-0.897505,-0.279672,0.371649,-0.885246,-0.187,0.426,0.137,0.249,0.234
30041,1001.633,0.98,1,-0.120339,0.451183,-0.884281,-0.29371,0.415933,-0.860659,-0.233,0.461,0.152,0.266,0.223
30042,1001.667,0.98,1,-0.067354,0.485388,-0.871701,-0.309474,0.41817,-0.854026,-0.215,0.482,0.195,0.26,0.207
30043,1001.7,0.98,1,-0.129283,0.503561,-0.854232,-0.338363,0.443641,-0.829875,-0.271,0.512,0.18,0.246,0.198
30044,1001.733,0.88,1,-0.114667,0.480987,-0.869197,-0.328029,0.437539,-0.837231,-0.254,0.494,0.158,0.228,0.188
30045,1001.767,0.88,1,-0.117992,0.489721,-0.863858,-0.358754,0.428924,-0.829047,-0.275,0.497,0.149,0.233,0.206
30046,1001.8,0.98,1,-0.177556,0.514934,-0.83864,-0.34659,0.470404,-0.811539,-0.308,0.538,0.236,0.258,0.19
30047,1001.833,0.98,1,-0.171886,0.506118,-0.845163,-0.36303,0.46155,-0.809432,-0.313,0.529,0.23,0.284,0.182
30048,1001.867,0.98,1,-0.171591,0.497384,-0.850392,-0.357904,0.452072,-0.817029,-0.307,0.518,0.226,0.272,0.184
30049,1001.9,0.98,1,-0.159009,0.494036,-0.854778,-0.353113,0.450002,-0.82025,-0.297,0.513,0.225,0.269,0.18
30050,1001.933,0.98,1,-0.149447,0.498715,-0.853785,-0.353609,0.457854,-0.815678,-0.293,0.52,0.229,0.268,0.176
30051,1001.967,0.98,1,-0.136404,0.503155,-0.853363,-0.374632,0.457986,-0.806164,-0.299,0.525,0.239,0.277,0.171
30052,1002.0,0.98,1,-0.136433,0.508571,-0.850142,-0.365593,0.4539,-0.812599,-0.293,0.525,0.244,0.283,0.168
30053,1002.033,0.98,1,-0.128972,0.512547,-0.848918,-0.364066,0.467819,-0.805358,-0.29,0.535,0.249,0.286,0.165
30054,1002.067,0.98,1,-0.12994,0.513286,-0.848324,-0.384556,0.440305,-0.811325,-0.301,0.522,0.252,0.288,0.161
30055,1002.1,0.98,1,-0.135327,0.509399,-0.849823,-0.379314,0.446131,-0.81061,-0.301,0.522,0.251,0.287,0.159
30056,1002.133,0.98,1,-0.130014,0.50887,-0.850969,-0.37701,0.44833,-0.810471,-0.296,0.523,0.249,0.288,0.154
30057,1002.167,0.98,1,-0.12083,0.509307,-0.85206,-0.377071,0.443995,-0.812826,-0.291,0.52,0.235,0.294,0.156
30058,1002.2,0.98,1,-0.133589,0.509122,-0.850264,-0.381848,0.432583,-0.81674,-0.3,0.514,0.229,0.303,0.161
30059,1002.234,0.98,1,-0.145629,0.50538,-0.85052,-0.384676,0.425912,-0.818916,-0.308,0.509,0.226,0.311,0.176
30060,1002.267,0.98,1,-0.141523,0.50299,-0.852626,-0.37959,0.406732,-0.830952,-0.3,0.495,0.214,0.306,0.188
30061,1002.3,0.98,1,-0.117875,0.422088,-0.898859,-0.380841,0.377528,-0.844057,-0.279,0.43,0.193,0.292,0.197
30062,1002.334,0.98,1,-0.10076,0.445208,-0.88974,-0.360894,0.385149,-0.849362,-0.259,0.445,0.21,0.291,0.199
30063,1002.367,0.93,1,-0.139951,0.548603,-0.824287,-0.369371,0.456135,-0.809633,-0.302,0.551,0.258,0.26,0.171
30064,1002.4,0.93,1,-0.164531,0.56245,-0.810296,-0.380031,0.469859,-0.796749,-0.327,0.571,0.274,0.274,0.156
30065,1002.434,0.93,1,-0.196439,0.550238,-0.811572,-0.396797,0.464729,-0.791568,-0.354,0.564,0.27,0.289,0.148
30066,1002.467,0.98,1,-0.183122,0.516525,-0.836462,-0.414233,0.457836,-0.786636,-0.353,0.541,0.246,0.304,0.148
30067,1002.5,0.98,1,-0.197626,0.500286,-0.843005,-0.44725,0.458285,-0.768077,-0.381,0.537,0.222,0.327,0.167
30068,1002.534,0.98,1,-0.172673,0.488501,-0.855307,-0.412132,0.418776,-0.809181,-0.338,0.499,0.208,0.331,0.176
30069,1002.567,0.98,1,-0.176484,0.483962,-0.857108,-0.394514,0.431881,-0.811071,-0.33,0.502,0.199,0.332,0.18
30070,1002.6,0.98,1,-0.169624,0.498694,-0.850019,-0.377644,0.454668,-0.806636,-0.319,0.522,0.209,0.338,0.174
30071,1002.634,0.98,1,-0.187611,0.505505,-0.84218,-0.368545,0.452312,-0.812151,-0.324,0.525,0.218,0.335,0.166
30072,1002.667,0.98,1,-0.193893,0.498024,-0.845209,-0.373926,0.444864,-0.813803,-0.33,0.517,0.218,0.34,0.158
30073,1002.7,0.98,1,-0.210982,0.496039,-0.842278,-0.376072,0.441327,-0.81474,-0.34,0.515,0.218,0.349,0.151
30074,1002.734,0.98,1,-0.23136,0.504643,-0.83175,-0.39211,0.386576,-0.83475,-0.358,0.491,0.222,0.37,0.148
30075,1002.767,0.98,1,-0.155015,0.453053,-0.877903,-0.438119,0.316742,-0.841264,-0.332,0.421,0.195,0.374,0.151
30076,1002.8,0.98,1,-0.174314,0.453465,-0.874062,-0.433735,0.315013,-0.84418,-0.34,0.421,0.176,0.367,0.154
30077,1002.834,0.98,1,-0.282055,0.474349,-0.833929,-0.396759,0.256174,-0.881452,-0.377,0.403,0.195,0.359,0.151
30078,1002.867,0.98,1,-0.215112,0.428461,-0.877581,-0.395208,0.246953,-0.884774,-0.333,0.366,0.187,0.347,0.15
30090,1003.267,0.93,1,-0.32751,0.386056,-0.862379,-0.513354,0.319339,-0.796549,-0.469,0.402,0.171,0.627,0.193
30091,1003.301,0.88,1,-0.381943,0.385394,-0.839994,-0.54085,0.302769,-0.784737,-0.517,0.401,0.165,0.686,0.197
30092,1003.334,0.88,1,-0.404275,0.402183,-0.821469,-0.545898,0.312798,-0.777273,-0.536,0.421,0.178,0.695,0.184
30093,1003.367,0.88,1,-0.408504,0.413623,-0.813659,-0.56323,0.313134,-0.764669,-0.552,0.432,0.194,0.725,0.162
30094,1003.401,0.88,1,-0.42167,0.42316,-0.801954,-0.55591,0.300517,-0.775018,-0.555,0.43,0.207,0.734,0.144
30095,1003.434,0.98,1,-0.44071,0.412597,-0.797207,-0.546806,0.298714,-0.78216,-0.559,0.423,0.212,0.711,0.147
30096,1003.467,0.98,1,-0.433068,0.436753,-0.788479,-0.548668,0.319122,-0.772739,-0.561,0.451,0.231,0.694,0.144
30097,1003.501,0.98,1,-0.423975,0.440361,-0.791408,-0.538769,0.340143,-0.770734,-0.552,0.463,0.241,0.695,0.139
30098,1003.534,0.98,1,-0.427882,0.436941,-0.791201,-0.527962,0.34609,-0.77555,-0.548,0.463,0.249,0.672,0.136
30099,1003.567,0.98,1,-0.39701,0.425655,-0.813142,-0.52694,0.336514,-0.780444,-0.525,0.446,0.249,0.663,0.139
30100,1003.601,0.98,1,-0.356669,0.408863,-0.840011,-0.521661,0.334062,-0.78503,-0.496,0.429,0.243,0.647,0.138
30105,1003.767,0.98,1,-0.137393,0.277649,-0.950807,-0.263541,0.43991,-0.858502,-0.218,0.378,0.153,0.283,0.116
30106,1003.801,0.98,1,-0.023228,0.409799,-0.91188,-0.275549,0.400793,-0.873749,-0.166,0.426,0.135,0.24,0.111
30107,1003.834,0.98,1,-0.049797,0.406184,-0.912434,-0.261543,0.412494,-0.872607,-0.173,0.43,0.155,0.215,0.075
30108,1003.867,0.98,1,-0.032248,0.423412,-0.905363,-0.207932,0.40859,-0.888717,-0.133,0.434,0.163,0.214,0.056
30109,1003.901,0.98,1,-0.023322,0.431234,-0.901939,-0.212089,0.414491,-0.884994,-0.131,0.442,0.161,0.213,0.048
30110,1003.934,0.98,1,-0.007368,0.422608,-0.906283,-0.210306,0.408986,-0.887976,-0.121,0.434,0.141,0.205,0.049
30111,1003.967,0.98,1,0.017357,0.422713,-0.906097,-0.19898,0.401095,-0.894164,-0.101,0.429,0.125,0.192,0.054
30112,1004.001,0.98,1,0.037021,0.419396,-0.907048,-0.233001,0.409627,-0.881995,-0.109,0.434,0.115,0.183,0.059
30113,1004.034,0.98,1,0.041858,0.413812,-0.9094,-0.226616,0.403974,-0.886256,-0.103,0.427,0.111,0.175,0.06
30114,1004.067,0.98,1,0.045562,0.411325,-0.91035,-0.215379,0.394941,-0.893103,-0.094,0.42,0.106,0.168,0.06
30115,1004.101,0.98,1,0.052896,0.402746,-0.913782,-0.219032,0.395837,-0.891817,-0.092,0.416,0.106,0.168,0.057
30116,1004.134,0.98,1,0.046469,0.406257,-0.912577,-0.228588,0.397823,-0.888529,-0.101,0.42,0.104,0.17,0.056
30117,1004.167,0.98,1,0.04145,0.405117,-0.913325,-0.215628,0.397884,-0.891736,-0.096,0.419,0.102,0.169,0.057
30118,1004.201,0.98,1,0.038431,0.40032,-0.915569,-0.183207,0.389892,-0.902452,-0.079,0.41,0.102,0.168,0.061
30119,1004.234,0.93,1,0.041442,0.410783,-0.910791,-0.195044,0.389884,-0.899972,-0.085,0.416,0.105,0.169,0.066
30120,1004.267,0.93,1,0.044797,0.409323,-0.911289,-0.195328,0.387693,-0.900856,-0.083,0.414,0.113,0.172,0.069
30121,1004.301,0.93,1,0.026088,0.414643,-0.90961,-0.217351,0.424463,-0.878971,-0.107,0.439,0.125,0.176,0.068
30122,1004.334,0.93,1,0.021635,0.422251,-0.906221,-0.225629,0.421896,-0.87812,-0.114,0.442,0.13,0.179,0.068
30123,1004.367,0.93,1,0.024123,0.42737,-0.903755,-0.227563,0.422943,-0.877117,-0.114,0.445,0.129,0.175,0.067
30124,1004.401,0.98,1,0.023356,0.431058,-0.902022,-0.231885,0.427991,-0.873529,-0.117,0.451,0.129,0.174,0.065
30125,1004.434,0.98,1,0.029629,0.418306,-0.907823,-0.241788,0.429085,-0.870301,-0.119,0.445,0.132,0.175,0.064
30126,1004.468,0.98,1,0.002294,0.425803,-0.904813,-0.241352,0.436895,-0.866529,-0.134,0.453,0.142,0.184,0.063
30153,1005.368,0.88,1,-0.325843,0.211031,-0.92157,-0.457934,0.422076,-0.782399,-0.431,0.356,0.191,0.534,0.035
30155,1005.434,0.88,1,-0.362066,0.359988,-0.859836,-0.520554,0.364909,-0.771923,-0.496,0.418,0.181,0.595,0.042
30156,1005.468,0.93,1,-0.356736,0.333088,-0.872807,-0.550445,0.358394,-0.754032,-0.509,0.402,0.18,0.608,0.037
30157,1005.501,0.98,1,-0.3497,0.313575,-0.882825,-0.512621,0.388256,-0.765818,-0.482,0.402,0.162,0.595,0.032
30158,1005.535,0.98,1,-0.358878,0.333402,-0.871808,-0.5373,0.405132,-0.739714,-0.508,0.43,0.152,0.596,0.033
30159,1005.568,0.98,1,-0.351953,0.334119,-0.874353,-0.518704,0.412351,-0.748941,-0.492,0.431,0.144,0.596,0.035
30160,1005.601,0.98,1,-0.365131,0.332699,-0.869478,-0.472855,0.380979,-0.79452,-0.467,0.405,0.143,0.603,0.035
30161,1005.635,0.98,1,-0.371652,0.340284,-0.86376,-0.479463,0.381287,-0.790402,-0.475,0.411,0.159,0.612,0.032
30162,1005.668,0.98,1,-0.386327,0.347476,-0.854407,-0.496349,0.366669,-0.786887,-0.493,0.41,0.171,0.617,0.029
30163,1005.701,0.98,1,-0.394176,0.366064,-0.842984,-0.48263,0.373602,-0.792143,-0.492,0.425,0.181,0.612,0.029
30164,1005.735,0.98,1,-0.398596,0.368314,-0.83992,-0.488003,0.394355,-0.778677,-0.501,0.44,0.188,0.614,0.025
30165,1005.768,0.98,1,-0.400316,0.385021,-0.831569,-0.496284,0.391959,-0.774643,-0.509,0.451,0.191,0.62,0.026
30166,1005.801,0.98,1,-0.39894,0.401576,-0.824369,-0.511893,0.392929,-0.763919,-0.521,0.464,0.195,0.614,0.025
30167,1005.835,0.98,1,-0.401243,0.394077,-0.826866,-0.511305,0.400463,-0.760392,-0.522,0.464,0.202,0.607,0.023
30168,1005.868,0.98,1,-0.400892,0.42719,-0.810429,-0.505833,0.39771,-0.76548,-0.522,0.482,0.216,0.612,0.019
30169,1005.901,0.98,1,-0.42192,0.431144,-0.797558,-0.499182,0.396998,-0.770201,-0.531,0.486,0.221,0.617,0.02
30170,1005.935,0.98,1,-0.41132,0.439721,-0.798412,-0.501369,0.411767,-0.760971,-0.53,0.5,0.221,0.628,0.023
30171,1005.968,0.88,1,-0.41151,0.45527,-0.78955,-0.509191,0.40968,-0.756893,-0.537,0.51,0.235,0.643,0.023
30172,1006.001,0.88,1,-0.411927,0.459295,-0.786997,-0.513954,0.39056,-0.76375,-0.538,0.501,0.237,0.657,0.029
30173,1006.035,0.88,1,-0.385189,0.470522,-0.793876,-0.515596,0.383116,-0.766409,-0.524,0.501,0.23,0.636,0.042
30174,1006.068,0.88,1,-0.418563,0.441837,-0.793464,-0.504636,0.359364,-0.784984,-0.529,0.47,0.224,0.655,0.055
30175,1006.101,0.88,1,-0.358873,0.407415,-0.839776,-0.494976,0.337844,-0.800537,-0.48,0.426,0.203,0.63,0.071
30176,1006.135,0.88,1,-0.324041,0.41835,-0.848517,-0.458634,0.343815,-0.819418,-0.439,0.429,0.193,0.643,0.088
30180,1006.268,0.98,1,-0.064532,0.432787,-0.899184,-0.360193,0.330655,-0.872312,-0.235,0.407,0.165,0.41,0.143
30181,1006.301,0.98,1,-0.044259,0.439459,-0.897172,-0.306707,0.307618,-0.900723,-0.193,0.394,0.132,0.32,0.155
30182,1006.335,0.98,1,-0.0472,0.43189,-0.90069,-0.307119,0.272299,-0.911883,-0.193,0.371,0.141,0.267,0.152
30183,1006.368,0.98,1,-0.075786,0.446644,-0.891496,-0.297758,0.338408,-0.892648,-0.206,0.415,0.148,0.252,0.133
30184,1006.401,0.98,1,-0.100828,0.473918,-0.874777,-0.332861,0.422367,-0.843096,-0.247,0.481,0.168,0.263,0.118
30185,1006.435,0.93,1,-0.115363,0.481113,-0.869035,-0.338815,0.428621,-0.837549,-0.26,0.49,0.18,0.275,0.113
30186,1006.468,0.93,1,-0.117837,0.481157,-0.868678,-0.34905,0.429831,-0.832712,-0.268,0.492,0.181,0.277,0.119
30187,1006.501,0.93,1,-0.115097,0.486878,-0.865853,-0.356202,0.421749,-0.833815,-0.27,0.491,0.18,0.275,0.125
30188,1006.535,0.93,1,-0.115891,0.490447,-0.863731,-0.355032,0.423543,-0.833405,-0.271,0.494,0.179,0.273,0.132
30189,1006.568,0.93,1,-0.08391,0.498722,-0.862691,-0.34625,0.430165,-0.833708,-0.248,0.501,0.176,0.269,0.137
30190,1006.601,0.93,1,-0.073161,0.507673,-0.858438,-0.352956,0.44267,-0.824297,-0.248,0.514,0.174,0.264,0.144
30191,1006.635,0.93,1,-0.086111,0.509398,-0.856212,-0.349273,0.448337,-0.822801,-0.254,0.518,0.178,0.259,0.149
30192,1006.668,0.93,1,-0.091733,0.499949,-0.861183,-0.340547,0.446072,-0.827676,-0.251,0.511,0.183,0.247,0.152
30193,1006.702,0.93,1,-0.079003,0.489591,-0.868366,-0.34905,0.4401,-0.82733,-0.247,0.502,0.172,0.231,0.161
30194,1006.735,0.93,1,-0.101369,0.51192,-0.853031,-0.336867,0.447193,-0.828577,-0.255,0.518,0.177,0.222,0.166
30195,1006.768,0.98,1,-0.098125,0.519954,-0.84854,-0.344501,0.461508,-0.817514,-0.26,0.532,0.188,0.209,0.163
30196,1006.802,0.93,1,-0.10934,0.532851,-0.839115,-0.346244,0.475662,-0.808617,-0.27,0.549,0.201,0.209,0.158
30197,1006.835,0.93,1,-0.080371,0.533301,-0.842099,-0.352888,0.476779,-0.805079,-0.257,0.55,0.208,0.211,0.159
30198,1006.868,0.93,1,-0.063196,0.520099,-0.851765,-0.342688,0.474368,-0.810888,-0.239,0.539,0.203,0.208,0.16
30199,1006.902,0.93,1,-0.066693,0.521488,-0.850648,-0.337751,0.474752,-0.812733,-0.239,0.54,0.202,0.196,0.161
30200,1006.935,0.93,1,-0.088236,0.535909,-0.839652,-0.31366,0.475803,-0.821723,-0.237,0.547,0.21,0.19,0.159
30201,1006.968,0.98,1,-0.082406,0.545977,-0.833737,-0.308739,0.47918,-0.821625,-0.232,0.554,0.215,0.18,0.159
30202,1007.002,0.93,1,-0.075009,0.550344,-0.831562,-0.310676,0.474031,-0.823878,-0.229,0.554,0.221,0.172,0.16
30203,1007.035,0.98,1,-0.069081,0.544085,-0.836181,-0.309734,0.475044,-0.823649,-0.224,0.551,0.224,0.163,0.161
30204,1007.068,0.98,1,-0.078985,0.542793,-0.836144,-0.309992,0.480086,-0.820623,-0.231,0.553,0.227,0.16,0.164
30205,1007.102,0.98,1,-0.091152,0.544144,-0.834026,-0.299187,0.483746,-0.822482,-0.231,0.555,0.23,0.155,0.167
30206,1007.135,0.98,1,-0.087429,0.54048,-0.836802,-0.311739,0.476335,-0.822146,-0.236,0.55,0.231,0.154,0.168
30207,1007.168,0.98,1,-0.084953,0.540811,-0.836843,-0.311031,0.474999,-0.823186,-0.234,0.549,0.232,0.152,0.169
30208,1007.202,0.98,1,-0.073092,0.538087,-0.839714,-0.33687,0.480231,-0.809875,-0.244,0.553,0.233,0.154,0.17
30209,1007.235,0.98,1,-0.072378,0.531413,-0.844015,-0.325314,0.483267,-0.812787,-0.236,0.55,0.232,0.155,0.171
30210,1007.268,0.98,1,-0.064756,0.528251,-0.846616,-0.337898,0.478336,-0.810567,-0.238,0.546,0.23,0.155,0.172
30211,1007.302,0.98,1,-0.062764,0.529502,-0.845984,-0.338728,0.468956,-0.815686,-0.237,0.541,0.228,0.156,0.173
30212,1007.335,0.98,1,-0.072947,0.528631,-0.845712,-0.344849,0.464823,-0.815487,-0.246,0.539,0.227,0.157,0.173
30213,1007.368,0.98,1,-0.072527,0.527442,-0.84649,-0.342456,0.462478,-0.817825,-0.244,0.537,0.225,0.158,0.173
30214,1007.402,0.98,1,-0.065509,0.529618,-0.845703,-0.353317,0.453674,-0.818136,-0.247,0.534,0.223,0.158,0.174
30215,1007.435,0.98,1,-0.064241,0.527373,-0.847202,-0.342008,0.453774,-0.822873,-0.239,0.531,0.227,0.161,0.172
30216,1007.468,0.98,1,-0.068105,0.523134,-0.849525,-0.338201,0.464177,-0.818633,-0.239,0.534,0.226,0.163,0.173
30217,1007.502,0.98,1,-0.067865,0.522824,-0.849735,-0.343452,0.461264,-0.818093,-0.242,0.533,0.224,0.164,0.173
30218,1007.535,0.98,1,-0.056124,0.519194,-0.852811,-0.345202,0.461923,-0.816984,-0.236,0.531,0.224,0.166,0.174
30219,1007.568,0.98,1,-0.061781,0.533566,-0.843499,-0.335857,0.476376,-0.812567,-0.236,0.548,0.223,0.166,0.173
30220,1007.602,0.98,1,-0.063803,0.553745,-0.830238,-0.337679,0.466413,-0.817576,-0.239,0.554,0.226,0.168,0.173
30221,1007.635,0.98,1,-0.094402,0.545264,-0.832932,-0.33149,0.459469,-0.824016,-0.252,0.545,0.23,0.169,0.175
30222,1007.668,0.98,1,-0.088031,0.546291,-0.832957,-0.325312,0.462302,-0.824893,-0.244,0.547,0.231,0.168,0.177
30223,1007.702,0.98,1,-0.087485,0.549984,-0.83058,-0.344243,0.471253,-0.812045,-0.257,0.556,0.23,0.167,0.178
30224,1007.735,0.98,1,-0.092027,0.534226,-0.840317,-0.347089,0.429695,-0.833601,-0.257,0.522,0.226,0.162,0.182
30225,1007.769,0.98,1,-0.091027,0.543485,-0.834469,-0.347682,0.459174,-0.817482,-0.26,0.546,0.231,0.168,0.18
30226,1007.802,0.98,1,-0.110352,0.525103,-0.843854,-0.32993,0.418554,-0.846144,-0.255,0.509,0.226,0.164,0.182
30227,1007.835,0.98,1,-0.116062,0.52523,-0.843009,-0.344572,0.421361,-0.838883,-0.267,0.513,0.222,0.166,0.182
30228,1007.869,0.98,1,-0.115505,0.533273,-0.838021,-0.345201,0.446845,-0.825328,-0.27,0.532,0.226,0.175,0.18
30229,1007.902,0.98,1,-0.111516,0.532484,-0.839062,-0.370064,0.457388,-0.80861,-0.284,0.541,0.223,0.175,0.181
30230,1007.935,0.98,1,-0.105885,0.53243,-0.839825,-0.366393,0.450931,-0.81389,-0.278,0.536,0.221,0.175,0.182
30231,1007.969,0.98,1,-0.123233,0.529507,-0.839307,-0.358406,0.462444,-0.810981,-0.284,0.541,0.224,0.178,0.184
30232,1008.002,0.98,1,-0.114982,0.52892,-0.840847,-0.359762,0.454103,-0.815084,-0.279,0.536,0.223,0.182,0.187
30233,1008.035,0.98,1,-0.108942,0.526392,-0.843233,-0.346232,0.457063,-0.819278,-0.267,0.534,0.234,0.189,0.187
30234,1008.069,0.93,1,-0.085627,0.498975,-0.862376,-0.343009,0.408401,-0.845904,-0.246,0.488,0.224,0.192,0.196
30235,1008.102,0.93,1,-0.064695,0.509801,-0.857856,-0.349317,0.406213,-0.844375,-0.239,0.494,0.24,0.206,0.197
30236,1008.135,0.93,1,-0.07278,0.499484,-0.86326,-0.34132,0.396527,-0.852213,-0.237,0.481,0.235,0.204,0.2
30237,1008.169,0.93,1,-0.068161,0.525035,-0.848347,-0.353246,0.433885,-0.828831,-0.246,0.519,0.236,0.211,0.196
30238,1008.202,0.93,1,-0.07687,0.494172,-0.865959,-0.331472,0.43182,-0.838843,-0.235,0.498,0.218,0.203,0.195
30239,1008.235,0.93,1,-0.079125,0.485457,-0.870672,-0.342799,0.42905,-0.835706,-0.242,0.492,0.22,0.202,0.19
30240,1008.269,0.93,1,-0.06983,0.49582,-0.865613,-0.338328,0.437631,-0.833075,-0.236,0.502,0.22,0.202,0.184
30241,1008.302,0.93,1,-0.06499,0.504725,-0.860831,-0.335333,0.434692,-0.83582,-0.232,0.506,0.226,0.202,0.179
30242,1008.335,0.93,1,-0.066363,0.506801,-0.859505,-0.327173,0.448705,-0.831638,-0.229,0.514,0.223,0.203,0.174
30243,1008.369,0.93,1,-0.078595,0.496652,-0.864384,-0.34073,0.449376,-0.825812,-0.243,0.51,0.218,0.205,0.169
30244,1008.402,0.93,1,-0.083869,0.496475,-0.86399,-0.319036,0.458186,-0.829627,-0.234,0.513,0.222,0.209,0.165
30245,1008.435,0.93,1,-0.086581,0.504254,-0.859204,-0.333944,0.460863,-0.822245,-0.245,0.521,0.223,0.215,0.162
30246,1008.469,0.93,1,-0.086513,0.506678,-0.857784,-0.336531,0.456205,-0.823786,-0.246,0.52,0.223,0.223,0.161
30247,1008.502,0.93,1,-0.085649,0.502146,-0.860531,-0.345236,0.459956,-0.818079,-0.251,0.52,0.212,0.228,0.163
30248,1008.535,0.93,1,-0.082711,0.502937,-0.860356,-0.348183,0.453708,-0.820315,-0.251,0.517,0.209,0.233,0.164
30249,1008.569,0.93,1,-0.093474,0.498708,-0.861715,-0.355676,0.452624,-0.817696,-0.261,0.515,0.202,0.234,0.167
30250,1008.602,0.93,1,-0.086476,0.492885,-0.865787,-0.354704,0.450366,-0.819363,-0.256,0.51,0.191,0.232,0.169
30251,1008.635,0.93,1,-0.089329,0.483718,-0.870654,-0.35019,0.436354,-0.828832,-0.253,0.496,0.18,0.231,0.17
30252,1008.669,0.93,1,-0.08415,0.483381,-0.871356,-0.358134,0.439099,-0.823973,-0.255,0.498,0.172,0.234,0.171
30253,1008.702,0.93,1,-0.092258,0.477234,-0.87392,-0.348643,0.436097,-0.829619,-0.253,0.492,0.17,0.238,0.17
30254,1008.735,0.93,1,-0.108094,0.476276,-0.872626,-0.360668,0.442756,-0.820906,-0.27,0.497,0.168,0.243,0.171
30255,1008.769,0.93,1,-0.105654,0.482205,-0.869664,-0.373158,0.436755,-0.818534,-0.276,0.498,0.168,0.25,0.171
30256,1008.802,0.98,1,-0.104527,0.482234,-0.869784,-0.369379,0.437157,-0.820032,-0.273,0.498,0.163,0.255,0.17
30257,1008.835,0.98,1,-0.111037,0.489649,-0.864821,-0.388226,0.435833,-0.811991,-0.289,0.504,0.168,0.261,0.163
30258,1008.869,0.98,1,-0.126426,0.486983,-0.864213,-0.380193,0.433783,-0.816875,-0.293,0.501,0.174,0.272,0.154
30259,1008.902,0.98,1,-0.140802,0.49208,-0.859088,-0.381703,0.436664,-0.814634,-0.303,0.507,0.18,0.281,0.144
30260,1008.936,0.98,1,-0.14161,0.491368,-0.859363,-0.372869,0.436421,-0.818844,-0.297,0.505,0.178,0.284,0.138
30261,1008.969,0.98,1,-0.136379,0.480111,-0.866542,-0.367782,0.439352,-0.819577,-0.291,0.499,0.164,0.29,0.138
30262,1009.002,0.98,1,-0.136213,0.473205,-0.870358,-0.368814,0.437703,-0.819995,-0.29,0.494,0.147,0.293,0.137
30263,1009.036,0.98,1,-0.136713,0.461602,-0.876489,-0.411628,0.403141,-0.817337,-0.313,0.472,0.136,0.293,0.134
30264,1009.069,0.98,1,-0.112644,0.414066,-0.90325,-0.392595,0.374255,-0.840121,-0.282,0.425,0.12,0.297,0.133
30286,1009.802,0.98,1,-0.166406,0.359317,-0.918259,-0.320935,0.41658,-0.850565,-0.269,0.413,0.094,0.238,0.128
30287,1009.836,0.98,1,-0.162571,0.36373,-0.917208,-0.311069,0.41455,-0.85521,-0.261,0.414,0.103,0.238,0.123
30288,1009.869,0.98,1,-0.131555,0.378174,-0.916339,-0.300797,0.421129,-0.85567,-0.239,0.424,0.105,0.235,0.117
30289,1009.902,0.98,1,-0.104748,0.390606,-0.914579,-0.309916,0.434595,-0.845624,-0.231,0.438,0.111,0.234,0.111
30290,1009.936,0.98,1,-0.137703,0.388503,-0.9111,-0.313032,0.44839,-0.837232,-0.252,0.446,0.125,0.235,0.108
30291,1009.969,0.93,1,-0.049761,0.420294,-0.906023,-0.29336,0.423888,-0.856889,-0.192,0.447,0.085,0.235,0.115
30292,1010.003,0.88,1,-0.079438,0.466886,-0.880743,-0.280006,0.448888,-0.848585,-0.205,0.487,0.1,0.199,0.114
30293,1010.036,0.93,1,-0.067308,0.456763,-0.887038,-0.286698,0.439678,-0.851168,-0.201,0.476,0.106,0.239,0.104
30294,1010.069,0.98,1,-0.088327,0.43727,-0.894982,-0.322048,0.42776,-0.844574,-0.232,0.461,0.092,0.258,0.101
30295,1010.103,0.98,1,-0.126987,0.446552,-0.885701,-0.345112,0.433331,-0.83254,-0.268,0.473,0.102,0.267,0.094
30296,1010.136,0.98,1,-0.114831,0.448372,-0.886441,-0.35086,0.444766,-0.824064,-0.266,0.481,0.112,0.277,0.088
30297,1010.169,0.98,1,-0.123327,0.465381,-0.876477,-0.333017,0.455518,-0.825593,-0.262,0.496,0.136,0.281,0.086
30298,1010.203,0.98,1,-0.127769,0.460116,-0.878617,-0.338184,0.445635,-0.82888,-0.266,0.488,0.139,0.284,0.085
30299,1010.236,0.98,1,-0.115199,0.456912,-0.882021,-0.333389,0.450274,-0.828315,-0.257,0.488,0.14,0.286,0.083
30300,1010.269,0.98,1,-0.108147,0.462713,-0.879887,-0.353307,0.454683,-0.81758,-0.265,0.495,0.144,0.286,0.084
30301,1010.303,0.98,1,-0.096839,0.466911,-0.878986,-0.375271,0.439945,-0.815856,-0.272,0.491,0.136,0.287,0.086
30302,1010.336,0.98,1,-0.114487,0.451469,-0.884911,-0.380879,0.430062,-0.818522,-0.283,0.478,0.136,0.289,0.084
30303,1010.369,0.98,1,-0.127287,0.441395,-0.888239,-0.362931,0.424132,-0.829695,-0.278,0.467,0.136,0.292,0.083
30304,1010.403,0.98,1,-0.151521,0.43077,-0.889651,-0.377632,0.426469,-0.821899,-0.3,0.464,0.136,0.292,0.084
30305,1010.436,0.98,1,-0.128337,0.438443,-0.889549,-0.366103,0.419344,-0.830734,-0.28,0.463,0.139,0.292,0.084
30306,1010.469,0.98,1,-0.12864,0.448458,-0.884498,-0.375034,0.425025,-0.823835,-0.287,0.473,0.148,0.291,0.082
30307,1010.503,0.98,1,-0.120782,0.446382,-0.886654,-0.383722,0.425417,-0.819621,-0.287,0.472,0.144,0.296,0.081
30308,1010.536,0.98,1,-0.115427,0.449309,-0.885888,-0.380056,0.430947,-0.818439,-0.283,0.477,0.147,0.297,0.081
30309,1010.569,0.98,1,-0.109505,0.456444,-0.882988,-0.389501,0.428239,-0.815414,-0.286,0.48,0.147,0.293,0.08
30310,1010.603,0.98,1,-0.113473,0.457473,-0.881954,-0.378926,0.41898,-0.825149,-0.281,0.474,0.153,0.287,0.078
30311,1010.636,0.98,1,-0.114698,0.454069,-0.883553,-0.393859,0.422651,-0.816236,-0.291,0.476,0.16,0.288,0.079
30312,1010.669,0.98,1,-0.119521,0.462956,-0.878286,-0.36492,0.419994,-0.830926,-0.276,0.477,0.172,0.292,0.079
30313,1010.703,0.93,1,-0.115751,0.464821,-0.877806,-0.384994,0.411365,-0.826171,-0.286,0.475,0.171,0.299,0.08
30314,1010.736,0.93,1,-0.1724,0.458958,-0.871571,-0.388249,0.357773,-0.849271,-0.315,0.443,0.181,0.322,0.079
30315,1010.769,0.98,1,-0.121672,0.485982,-0.865458,-0.386423,0.364365,-0.847299,-0.288,0.461,0.18,0.338,0.099
30316,1010.803,0.98,1,-0.211323,0.461156,-0.861788,-0.479734,0.372173,-0.794571,-0.395,0.466,0.154,0.324,0.114
30317,1010.836,0.98,1,-0.255861,0.451206,-0.854955,-0.551673,0.370296,-0.747354,-0.467,0.474,0.143,0.316,0.121
30318,1010.869,0.98,1,-0.275099,0.485986,-0.829541,-0.395772,0.517969,-0.758335,-0.4,0.564,0.154,0.313,0.124
30436,1014.804,0.98,1,-0.050253,0.400095,-0.915095,-0.293095,0.391599,-0.872207,-0.19,0.417,0.105,0.254,0.053
30437,1014.837,0.98,1,-0.056295,0.394106,-0.917339,-0.285654,0.384827,-0.877673,-0.188,0.409,0.117,0.258,0.055
30438,1014.871,0.98,1,-0.069096,0.404598,-0.911881,-0.273263,0.404828,-0.872606,-0.19,0.426,0.13,0.264,0.055
30439,1014.904,0.98,1,-0.083404,0.414623,-0.906163,-0.284934,0.416941,-0.863118,-0.205,0.439,0.138,0.269,0.054
30440,1014.937,0.98,1,-0.077312,0.428822,-0.900075,-0.307802,0.432166,-0.847638,-0.217,0.458,0.151,0.271,0.049
30441,1014.971,0.98,1,-0.084846,0.428992,-0.899315,-0.303279,0.438171,-0.846184,-0.219,0.461,0.157,0.27,0.047
30442,1015.004,0.98,1,-0.088855,0.429031,-0.898909,-0.306774,0.438285,-0.844865,-0.223,0.462,0.16,0.266,0.045
30443,1015.037,0.98,1,-0.087933,0.435946,-0.895667,-0.294914,0.436371,-0.850063,-0.216,0.463,0.164,0.264,0.045
30444,1015.071,0.98,1,-0.11762,0.426431,-0.89684,-0.27302,0.439793,-0.855595,-0.219,0.459,0.168,0.262,0.045
30445,1015.104,0.98,1,-0.158849,0.37563,-0.913055,-0.23897,0.424348,-0.873397,-0.219,0.421,0.167,0.26,0.045
30446,1015.137,0.98,1,-0.187419,0.347099,-0.91891,-0.233111,0.42343,-0.875424,-0.23,0.406,0.169,0.26,0.044
30447,1015.171,0.98,1,-0.235702,0.28336,-0.929597,-0.253927,0.419655,-0.871442,-0.265,0.372,0.183,0.259,0.042
30478,1016.204,0.98,1,-0.075008,0.441503,-0.894119,-0.340246,0.405788,-0.848274,-0.234,0.453,0.213,0.241,0.071
30479,1016.238,0.98,1,-0.076729,0.461693,-0.883715,-0.351484,0.427794,-0.832737,-0.244,0.478,0.228,0.25,0.07
30480,1016.271,0.98,1,-0.107995,0.427085,-0.897739,-0.359852,0.417857,-0.834207,-0.264,0.454,0.228,0.26,0.075
30481,1016.304,0.98,1,-0.109787,0.419715,-0.900992,-0.364862,0.412351,-0.834771,-0.267,0.447,0.227,0.263,0.081
30482,1016.338,0.98,1,-0.085782,0.455779,-0.885949,-0.362477,0.430525,-0.826595,-0.256,0.478,0.239,0.265,0.083
30483,1016.371,0.98,1,-0.09305,0.477856,-0.873496,-0.358769,0.445489,-0.820259,-0.261,0.499,0.241,0.267,0.086
30484,1016.404,0.98,1,-0.092415,0.480158,-0.8723,-0.366916,0.440589,-0.819301,-0.265,0.498,0.246,0.267,0.086
30485,1016.438,0.98,1,-0.088345,0.484576,-0.870276,-0.372434,0.440255,-0.816988,-0.267,0.501,0.25,0.268,0.085
30486,1016.471,0.98,1,-0.093443,0.484718,-0.869665,-0.363128,0.433802,-0.824593,-0.263,0.497,0.25,0.269,0.085
30487,1016.504,0.98,1,-0.077663,0.488378,-0.869169,-0.361409,0.434378,-0.825045,-0.254,0.499,0.248,0.271,0.086
30488,1016.538,0.98,1,-0.085639,0.496515,-0.863793,-0.373217,0.421479,-0.826477,-0.265,0.498,0.247,0.276,0.086
30489,1016.571,0.98,1,-0.09324,0.498339,-0.861954,-0.386041,0.437214,-0.812291,-0.279,0.51,0.245,0.282,0.086
30490,1016.604,0.98,1,-0.094191,0.505982,-0.857386,-0.384014,0.431324,-0.81639,-0.278,0.51,0.242,0.287,0.089
30491,1016.638,0.98,1,-0.105568,0.501272,-0.858826,-0.38864,0.433642,-0.812966,-0.287,0.51,0.241,0.293,0.09
30492,1016.671,0.98,1,-0.119422,0.500522,-0.857448,-0.380958,0.450193,-0.807587,-0.292,0.519,0.241,0.3,0.092
30493,1016.705,0.98,1,-0.137183,0.498882,-0.855744,-0.386422,0.46253,-0.797962,-0.307,0.527,0.235,0.305,0.098
30494,1016.738,0.98,1,-0.146079,0.500364,-0.853403,-0.389534,0.466488,-0.794136,-0.314,0.531,0.235,0.308,0.105
30495,1016.771,0.98,1,-0.128516,0.507959,-0.85174,-0.406414,0.470784,-0.783065,-0.316,0.539,0.238,0.313,0.111
30496,1016.805,0.98,1,-0.126444,0.510047,-0.850802,-0.417293,0.471654,-0.776794,-0.322,0.543,0.24,0.312,0.121
30497,1016.838,0.98,1,-0.139484,0.509571,-0.849047,-0.430152,0.467511,-0.772271,-0.338,0.542,0.245,0.312,0.127
30498,1016.871,0.98,1,-0.13963,0.525364,-0.839343,-0.44874,0.457711,-0.76755,-0.351,0.549,0.255,0.317,0.131
30499,1016.905,0.98,1,-0.141589,0.529754,-0.83625,-0.452247,0.454342,-0.767493,-0.355,0.55,0.269,0.321,0.134
30500,1016.938,0.93,1,-0.170455,0.547789,-0.819068,-0.458216,0.452685,-0.764928,-0.378,0.563,0.283,0.327,0.135
30501,1016.971,0.98,1,-0.164618,0.555193,-0.815268,-0.468109,0.452603,-0.758963,-0.382,0.569,0.296,0.331,0.136
30502,1017.005,0.98,1,-0.168432,0.556092,-0.813875,-0.480713,0.451841,-0.751502,-0.393,0.572,0.307,0.336,0.137
30503,1017.038,0.98,1,-0.170663,0.558045,-0.812071,-0.477111,0.460197,-0.748722,-0.393,0.578,0.317,0.339,0.136
30504,1017.071,0.98,1,-0.170588,0.557249,-0.812633,-0.477079,0.451259,-0.754163,-0.392,0.572,0.323,0.342,0.137
30505,1017.105,0.98,1,-0.176252,0.567799,-0.804077,-0.480254,0.453119,-0.751025,-0.399,0.581,0.326,0.343,0.136
30506,1017.138,0.98,1,-0.17587,0.567066,-0.804678,-0.478565,0.454072,-0.751528,-0.398,0.581,0.331,0.346,0.135
30507,1017.171,0.98,1,-0.183962,0.568136,-0.802109,-0.474395,0.454944,-0.753642,-0.4,0.582,0.336,0.347,0.134
30508,1017.205,0.98,1,-0.189583,0.573585,-0.796905,-0.470805,0.45176,-0.757797,-0.402,0.583,0.335,0.347,0.134
30509,1017.238,0.98,1,-0.194417,0.568145,-0.799633,-0.458413,0.463084,-0.758559,-0.397,0.585,0.337,0.35,0.133
30510,1017.271,0.98,1,-0.191758,0.565082,-0.80244,-0.4437,0.452479,-0.773559,-0.383,0.573,0.338,0.353,0.133
30511,1017.305,0.98,1,-0.181603,0.552309,-0.813618,-0.463155,0.44618,-0.765775,-0.388,0.564,0.341,0.348,0.134
30512,1017.338,0.93,1,-0.184033,0.557789,-0.809323,-0.43179,0.457329,-0.777436,-0.37,0.569,0.345,0.341,0.128
30513,1017.371,0.93,1,-0.18042,0.550902,-0.814835,-0.448784,0.461765,-0.765092,-0.379,0.57,0.333,0.347,0.131
30514,1017.405,0.93,1,-0.186378,0.548675,-0.814996,-0.471377,0.458754,-0.753225,-0.397,0.571,0.332,0.34,0.127
30515,1017.438,0.93,1,-0.189866,0.560251,-0.806269,-0.457652,0.456329,-0.763098,-0.391,0.575,0.336,0.338,0.122
30516,1017.471,0.98,1,-0.2005,0.546709,-0.812963,-0.450874,0.447665,-0.77221,-0.39,0.56,0.341,0.341,0.115
30517,1017.505,0.98,1,-0.195836,0.54106,-0.817865,-0.452217,0.437613,-0.777171,-0.386,0.55,0.334,0.341,0.114
30518,1017.538,0.98,1,-0.195314,0.537547,-0.820302,-0.448448,0.428232,-0.784545,-0.381,0.542,0.327,0.339,0.115
30519,1017.571,0.98,1,-0.252774,0.501611,-0.82734,-0.471724,0.432384,-0.768453,-0.426,0.53,0.316,0.342,0.118
30531,1017.972,0.93,1,-0.333719,0.358577,-0.871811,-0.425875,0.414429,-0.804288,-0.426,0.432,0.265,0.344,0.125
30532,1018.005,0.98,1,-0.315949,0.415853,-0.852786,-0.441751,0.436504,-0.783786,-0.434,0.48,0.278,0.35,0.121
30533,1018.038,0.98,1,-0.178212,0.512923,-0.839732,-0.423779,0.45173,-0.78508,-0.355,0.536,0.292,0.339,0.114
30534,1018.072,0.93,1,-0.186614,0.509431,-0.840033,-0.429367,0.450663,-0.782654,-0.363,0.534,0.294,0.34,0.111
30535,1018.105,0.98,1,-0.192,0.510172,-0.838368,-0.444618,0.447569,-0.775884,-0.376,0.535,0.272,0.344,0.121
30536,1018.138,0.93,1,-0.175324,0.489844,-0.853999,-0.441774,0.414579,-0.795588,-0.358,0.502,0.257,0.337,0.127
30537,1018.172,0.93,1,-0.16491,0.485671,-0.858446,-0.45046,0.409801,-0.793189,-0.357,0.497,0.245,0.346,0.132
30538,1018.205,0.98,1,-0.1857,0.485092,-0.854518,-0.442059,0.419674,-0.792753,-0.364,0.502,0.233,0.362,0.143
30539,1018.238,0.98,1,-0.168167,0.48189,-0.859943,-0.44591,0.443521,-0.777466,-0.359,0.514,0.218,0.36,0.162
30540,1018.272,0.93,1,-0.175915,0.467494,-0.866316,-0.384064,0.39512,-0.834491,-0.318,0.469,0.21,0.351,0.172
30541,1018.305,0.93,1,-0.15735,0.453101,-0.877463,-0.43188,0.391972,-0.812304,-0.336,0.464,0.218,0.33,0.158
30542,1018.338,0.93,1,-0.153154,0.456607,-0.876387,-0.43038,0.383843,-0.816969,-0.332,0.461,0.218,0.338,0.153
30543,1018.372,0.93,1,-0.153661,0.440905,-0.884303,-0.436014,0.381201,-0.815216,-0.334,0.451,0.216,0.338,0.153
30544,1018.405,0.93,1,-0.16006,0.451928,-0.877577,-0.44025,0.388171,-0.809631,-0.342,0.462,0.219,0.338,0.152
30545,1018.438,0.93,1,-0.159107,0.460458,-0.873306,-0.443188,0.394026,-0.805188,-0.345,0.471,0.219,0.338,0.153
30546,1018.472,0.93,1,-0.160807,0.454498,-0.876112,-0.444385,0.390713,-0.806143,-0.345,0.466,0.219,0.339,0.153
30547,1018.505,0.93,1,-0.164101,0.462141,-0.871491,-0.440784,0.387385,-0.809717,-0.345,0.468,0.218,0.339,0.153
30548,1018.538,0.93,1,-0.172467,0.458569,-0.871762,-0.445765,0.385951,-0.807673,-0.353,0.466,0.221,0.339,0.153
30549,1018.572,0.98,1,-0.173056,0.469527,-0.865792,-0.45929,0.388417,-0.798864,-0.363,0.476,0.222,0.34,0.151
30550,1018.605,0.98,1,-0.166583,0.464402,-0.869817,-0.472782,0.401258,-0.784519,-0.369,0.482,0.218,0.338,0.152
30551,1018.638,0.98,1,-0.165132,0.462367,-0.871177,-0.473584,0.399634,-0.784864,-0.368,0.48,0.218,0.34,0.153
30552,1018.672,0.98,1,-0.176958,0.464201,-0.867873,-0.458051,0.39161,-0.798017,-0.364,0.475,0.221,0.341,0.154
30553,1018.705,0.98,1,-0.175355,0.464071,-0.868268,-0.454555,0.391937,-0.799853,-0.361,0.474,0.22,0.343,0.156
30554,1018.738,0.98,1,-0.160607,0.470919,-0.867433,-0.439771,0.390857,-0.808599,-0.344,0.475,0.221,0.344,0.159
30555,1018.772,0.98,1,-0.162089,0.465484,-0.870087,-0.439791,0.385148,-0.811323,-0.344,0.468,0.219,0.344,0.161
30556,1018.805,0.98,1,-0.155048,0.463463,-0.872446,-0.43896,0.391434,-0.808761,-0.34,0.47,0.216,0.342,0.162
30557,1018.838,0.98,1,-0.151701,0.464095,-0.872699,-0.433894,0.38841,-0.812942,-0.334,0.468,0.215,0.344,0.161
30558,1018.872,0.98,1,-0.149693,0.46562,-0.872233,-0.434286,0.390261,-0.811845,-0.334,0.47,0.215,0.343,0.161
30559,1018.905,0.98,1,-0.151841,0.468075,-0.870546,-0.428083,0.390741,-0.814903,-0.331,0.471,0.215,0.342,0.16
30560,1018.939,0.98,1,-0.154626,0.471663,-0.868115,-0.434264,0.388635,-0.812636,-0.337,0.473,0.217,0.342,0.16
30561,1018.972,0.98,1,-0.147903,0.469271,-0.87058,-0.427938,0.385154,-0.817634,-0.329,0.469,0.214,0.342,0.16
30562,1019.005,0.98,1,-0.146605,0.468301,-0.871322,-0.431225,0.386579,-0.815231,-0.33,0.469,0.213,0.34,0.162
30563,1019.039,0.98,1,-0.155621,0.471952,-0.867781,-0.432859,0.38718,-0.814079,-0.337,0.472,0.217,0.34,0.161
30564,1019.072,0.98,1,-0.140459,0.480868,-0.86547,-0.434457,0.394126,-0.809884,-0.331,0.481,0.219,0.339,0.16
30565,1019.105,0.98,1,-0.145797,0.471437,-0.869765,-0.430796,0.396572,-0.810645,-0.331,0.477,0.218,0.337,0.162
30566,1019.139,0.98,1,-0.145212,0.47104,-0.870078,-0.42819,0.392667,-0.81392,-0.328,0.474,0.216,0.335,0.163
30567,1019.172,0.98,1,-0.139017,0.466571,-0.873491,-0.430096,0.396051,-0.811271,-0.326,0.473,0.214,0.336,0.163
30568,1019.205,0.98,1,-0.145733,0.458335,-0.87675,-0.431638,0.387386,-0.814629,-0.329,0.464,0.211,0.336,0.162
30569,1019.239,0.98,1,-0.147668,0.459139,-0.876005,-0.445377,0.389355,-0.806251,-0.339,0.467,0.21,0.336,0.162
30570,1019.272,0.98,1,-0.159504,0.448992,-0.879184,-0.459515,0.393215,-0.796384,-0.354,0.466,0.207,0.336,0.161
30571,1019.305,0.98,1,-0.150068,0.466061,-0.871933,-0.45355,0.400589,-0.796129,-0.347,0.479,0.206,0.335,0.159
30572,1019.339,0.98,1,-0.144892,0.465898,-0.872894,-0.453272,0.397219,-0.797974,-0.344,0.477,0.203,0.335,0.158
30573,1019.372,0.98,1,-0.152825,0.468361,-0.87022,-0.439515,0.395611,-0.806423,-0.34,0.476,0.206,0.334,0.156
30574,1019.405,0.98,1,-0.158062,0.471798,-0.867423,-0.450159,0.401518,-0.797584,-0.35,0.483,0.209,0.335,0.155
30575,1019.439,0.98,1,-0.164682,0.477246,-0.863201,-0.461794,0.406614,-0.788296,-0.363,0.491,0.21,0.336,0.155
30576,1019.472,0.98,1,-0.161016,0.477858,-0.863554,-0.45672,0.408815,-0.790112,-0.358,0.492,0.212,0.335,0.155
30577,1019.505,0.93,1,-0.151656,0.474216,-0.867248,-0.460502,0.401365,-0.791735,-0.353,0.486,0.21,0.331,0.157
30578,1019.539,0.98,1,-0.152542,0.472686,-0.867928,-0.457121,0.408458,-0.790065,-0.352,0.488,0.214,0.331,0.156
30579,1019.572,0.93,1,-0.155495,0.472489,-0.867511,-0.452327,0.4119,-0.791036,-0.351,0.49,0.218,0.329,0.155
30580,1019.605,0.98,1,-0.150552,0.472864,-0.868178,-0.449718,0.416181,-0.790283,-0.347,0.492,0.222,0.327,0.154
30581,1019.639,0.93,1,-0.15436,0.479651,-0.863776,-0.444102,0.420996,-0.790908,-0.347,0.498,0.224,0.325,0.153
30582,1019.672,0.93,1,-0.156778,0.488043,-0.858624,-0.437567,0.423512,-0.793204,-0.345,0.504,0.227,0.322,0.152
30583,1019.705,0.93,1,-0.156058,0.476736,-0.865083,-0.451027,0.415866,-0.789702,-0.352,0.495,0.226,0.32,0.153
30584,1019.739,0.93,1,-0.150748,0.469519,-0.869958,-0.446383,0.414255,-0.79318,-0.345,0.488,0.227,0.316,0.153
30585,1019.772,0.93,1,-0.154719,0.457772,-0.875504,-0.441299,0.406638,-0.799938,-0.342,0.476,0.228,0.316,0.153
30586,1019.805,0.93,1,-0.156695,0.466841,-0.870348,-0.430031,0.39397,-0.812318,-0.336,0.473,0.228,0.317,0.153
30587,1019.839,0.93,1,-0.173509,0.472236,-0.864227,-0.457863,0.383583,-0.802013,-0.362,0.474,0.223,0.319,0.153
30588,1019.872,0.98,1,-0.186804,0.441306,-0.877698,-0.454805,0.37957,-0.805655,-0.364,0.454,0.223,0.327,0.152
30607,1020.506,0.98,1,-0.216692,0.376731,-0.900621,-0.400504,0.369441,-0.838517,-0.341,0.405,0.219,0.312,0.155
30608,1020.539,0.98,1,-0.167884,0.392628,-0.904245,-0.420498,0.361962,-0.831965,-0.327,0.41,0.221,0.308,0.157
30609,1020.572,0.98,1,-0.127847,0.434948,-0.891333,-0.42824,0.377407,-0.821081,-0.314,0.443,0.229,0.304,0.157
30610,1020.606,0.98,1,-0.15162,0.454461,-0.877768,-0.417033,0.390715,-0.820625,-0.323,0.462,0.233,0.304,0.156
30611,1020.639,0.98,1,-0.157899,0.442477,-0.88277,-0.415761,0.39561,-0.818923,-0.325,0.458,0.231,0.303,0.156
30612,1020.672,0.98,1,-0.147125,0.447942,-0.881874,-0.414406,0.387838,-0.823316,-0.318,0.456,0.231,0.304,0.156
30613,1020.706,0.98,1,-0.154632,0.441295,-0.883939,-0.408798,0.388433,-0.825835,-0.318,0.452,0.231,0.305,0.157
30614,1020.739,0.98,1,-0.156496,0.450652,-0.878875,-0.410844,0.390983,-0.823613,-0.322,0.459,0.232,0.304,0.159
30615,1020.772,0.98,1,-0.156719,0.448367,-0.880004,-0.411762,0.394135,-0.82165,-0.322,0.46,0.234,0.303,0.161
30616,1020.806,0.98,1,-0.151365,0.448493,-0.880876,-0.416399,0.40098,-0.815982,-0.323,0.464,0.232,0.299,0.161
30617,1020.839,0.98,1,-0.141965,0.453984,-0.879627,-0.410379,0.410481,-0.814306,-0.315,0.472,0.233,0.297,0.161
30618,1020.872,0.98,1,-0.133813,0.454528,-0.880624,-0.415021,0.403144,-0.815618,-0.313,0.468,0.232,0.295,0.161
30619,1020.906,0.98,1,-0.130372,0.455976,-0.880391,-0.411611,0.414714,-0.811535,-0.31,0.475,0.23,0.292,0.16
30620,1020.939,0.98,1,-0.127573,0.466549,-0.875247,-0.403618,0.423394,-0.811068,-0.305,0.486,0.231,0.29,0.158
30621,1020.972,0.98,1,-0.117987,0.464776,-0.877532,-0.392778,0.418249,-0.81902,-0.292,0.48,0.23,0.287,0.155
30622,1021.006,0.98,1,-0.120674,0.466436,-0.876285,-0.384538,0.432529,-0.815506,-0.29,0.488,0.229,0.287,0.152
30623,1021.039,0.98,1,-0.128498,0.462584,-0.877214,-0.383853,0.435215,-0.814398,-0.294,0.488,0.233,0.284,0.146
30624,1021.072,0.98,1,-0.122968,0.468553,-0.874835,-0.376194,0.435868,-0.817617,-0.287,0.491,0.234,0.28,0.142
30625,1021.106,0.98,1,-0.118055,0.454111,-0.883089,-0.37514,0.433419,-0.819401,-0.282,0.481,0.234,0.27,0.14
30626,1021.139,0.98,1,-0.106113,0.454952,-0.884171,-0.365966,0.435531,-0.822424,-0.27,0.481,0.239,0.26,0.135
30627,1021.173,0.98,1,-0.079946,0.466152,-0.881085,-0.368943,0.427682,-0.825208,-0.257,0.483,0.245,0.246,0.129
30628,1021.206,0.98,1,-0.067244,0.497411,-0.864905,-0.36137,0.438319,-0.822975,-0.249,0.506,0.245,0.227,0.124
30629,1021.239,0.98,1,0.060739,0.513246,-0.85609,-0.27486,0.478397,-0.834019,-0.126,0.531,0.244,0.198,0.121
30630,1021.273,0.98,1,0.136473,0.465766,-0.874321,-0.221817,0.510919,-0.830517,-0.05,0.52,0.243,0.149,0.117
30631,1021.306,0.98,1,0.207761,0.488353,-0.847553,-0.150264,0.506505,-0.849042,0.034,0.53,0.26,0.097,0.112
30632,1021.339,0.98,1,0.264257,0.525178,-0.808923,-0.11733,0.525854,-0.842444,0.089,0.567,0.283,0.04,0.104
30633,1021.373,0.98,1,0.295511,0.546439,-0.783631,-0.096091,0.540003,-0.83616,0.122,0.591,0.289,-0.003,0.085
30634,1021.406,0.98,1,0.277729,0.558481,-0.781643,-0.103487,0.524274,-0.845238,0.107,0.587,0.28,-0.034,0.077
30635,1021.439,0.98,1,0.244646,0.560792,-0.790987,-0.098893,0.523551,-0.846235,0.089,0.585,0.28,-0.052,0.075
30636,1021.473,0.98,1,0.256485,0.556776,-0.790073,-0.089197,0.51293,-0.853784,0.101,0.577,0.278,-0.069,0.078
30637,1021.506,0.98,1,0.248042,0.553769,-0.794868,-0.055584,0.51994,-0.852392,0.116,0.578,0.282,-0.071,0.08
30638,1021.539,0.98,1,0.253253,0.545246,-0.799105,-0.023958,0.506084,-0.862151,0.137,0.564,0.283,-0.071,0.082
30639,1021.573,0.98,1,0.266742,0.536018,-0.800957,-0.030953,0.481944,-0.875655,0.14,0.546,0.287,-0.068,0.082
30640,1021.606,0.98,1,0.26315,0.536787,-0.80163,-0.029903,0.48455,-0.874252,0.138,0.547,0.286,-0.065,0.082
30641,1021.639,0.98,1,0.271654,0.530425,-0.803028,-0.026042,0.485327,-0.873945,0.145,0.545,0.288,-0.062,0.08
30642,1021.673,0.98,1,0.272675,0.522085,-0.808131,-0.024048,0.487228,-0.872943,0.147,0.541,0.289,-0.062,0.078
30643,1021.706,0.98,1,0.267189,0.523817,-0.808842,-0.025799,0.487475,-0.872756,0.143,0.541,0.291,-0.06,0.077
30644,1021.739,0.98,1,0.286435,0.531355,-0.797256,-0.018212,0.520352,-0.853757,0.161,0.567,0.293,-0.06,0.074
30645,1021.773,0.98,1,0.166773,0.575353,-0.800722,-0.081405,0.557141,-0.826418,0.052,0.608,0.294,-0.082,0.077
30646,1021.806,0.98,1,0.159428,0.544014,-0.823791,-0.224543,0.419791,-0.879407,-0.038,0.515,0.298,-0.079,0.083
30647,1021.839,0.98,1,0.140636,0.549744,-0.823409,-0.235686,0.396137,-0.887428,-0.056,0.505,0.308,-0.086,0.086
30648,1021.873,0.98,1,0.13157,0.534792,-0.834677,-0.235478,0.357891,-0.903584,-0.06,0.474,0.318,-0.096,0.086
30649,1021.906,0.98,1,0.055158,0.518346,-0.85339,-0.231964,0.303821,-0.924059,-0.099,0.433,0.325,-0.1,0.086
30650,1021.939,0.98,1,0.064523,0.505454,-0.860438,-0.189826,0.279053,-0.941326,-0.069,0.411,0.324,-0.115,0.09
30651,1021.973,0.98,1,0.067052,0.515593,-0.854206,-0.1655,0.297999,-0.94011,-0.055,0.426,0.329,-0.123,0.095
30652,1022.006,0.98,1,0.083186,0.49269,-0.86622,-0.155295,0.309044,-0.938283,-0.04,0.418,0.343,-0.139,0.1
30653,1022.039,0.98,1,0.082102,0.494874,-0.865077,-0.154686,0.303406,-0.940222,-0.04,0.416,0.353,-0.147,0.105
30654,1022.073,0.98,1,0.079259,0.515449,-0.853247,-0.156329,0.317419,-0.935311,-0.043,0.436,0.359,-0.158,0.107
30655,1022.106,0.98,1,0.113184,0.518271,-0.847693,-0.146017,0.346459,-0.926631,-0.019,0.453,0.361,-0.156,0.108
30656,1022.139,0.98,1,0.124376,0.510394,-0.850899,-0.136034,0.360705,-0.922706,-0.007,0.457,0.359,-0.162,0.112
30657,1022.173,0.98,1,0.16255,0.505485,-0.847386,-0.14647,0.361187,-0.920918,0.009,0.456,0.351,-0.16,0.113
30658,1022.206,0.98,1,0.177806,0.53263,-0.82746,-0.180316,0.295139,-0.938285,-0.001,0.438,0.353,-0.161,0.117
30659,1022.24,0.98,1,0.194906,0.541728,-0.817644,-0.168497,0.284952,-0.943616,0.015,0.439,0.354,-0.167,0.122
30660,1022.273,0.98,1,0.207905,0.534464,-0.819221,-0.167451,0.281602,-0.944807,0.023,0.433,0.355,-0.177,0.127
30661,1022.306,0.98,1,0.212209,0.515733,-0.830052,-0.170121,0.292145,-0.941122,0.024,0.428,0.36,-0.186,0.128
30662,1022.34,0.98,1,0.197412,0.520997,-0.830416,-0.169202,0.301674,-0.938277,0.016,0.435,0.364,-0.186,0.13
30663,1022.373,0.98,1,0.151768,0.526632,-0.836436,-0.187123,0.281339,-0.941187,-0.02,0.427,0.359,-0.173,0.129
30664,1022.406,0.98,1,0.113416,0.536226,-0.83642,-0.158905,0.294558,-0.94233,-0.026,0.437,0.357,-0.174,0.129
30665,1022.44,0.98,1,0.111589,0.513285,-0.850933,-0.158791,0.285596,-0.945103,-0.026,0.419,0.358,-0.17,0.128
30666,1022.473,0.98,1,0.08067,0.51404,-0.853964,-0.174023,0.296343,-0.939094,-0.052,0.424,0.363,-0.167,0.127
30667,1022.506,0.98,1,0.073907,0.501816,-0.861811,-0.168317,0.300461,-0.938825,-0.052,0.419,0.363,-0.157,0.122
30668,1022.54,0.98,1,0.094342,0.490829,-0.866133,-0.133943,0.361877,-0.922553,-0.022,0.445,0.369,-0.158,0.119
30669,1022.573,0.98,1,0.068053,0.505021,-0.86042,-0.134581,0.387769,-0.911879,-0.038,0.467,0.372,-0.144,0.117
30670,1022.606,0.98,1,0.080379,0.49026,-0.867862,-0.13693,0.391842,-0.909786,-0.032,0.461,0.372,-0.142,0.118
30671,1022.64,0.98,1,0.073581,0.503856,-0.860648,-0.147136,0.400391,-0.904455,-0.042,0.473,0.372,-0.133,0.12
30672,1022.673,0.98,1,0.095242,0.502353,-0.859401,-0.148222,0.397362,-0.905612,-0.03,0.471,0.365,-0.13,0.121
30673,1022.706,0.98,1,0.092367,0.498193,-0.862132,-0.164454,0.364596,-0.916528,-0.041,0.452,0.36,-0.134,0.125
30674,1022.74,0.98,1,0.090188,0.498541,-0.862162,-0.151427,0.357353,-0.921612,-0.034,0.447,0.357,-0.131,0.124
30675,1022.773,0.98,1,0.106335,0.503413,-0.857478,-0.153057,0.369172,-0.916671,-0.026,0.457,0.357,-0.139,0.123
30676,1022.806,0.98,1,0.117554,0.504089,-0.855614,-0.17194,0.357333,-0.918014,-0.031,0.452,0.352,-0.139,0.123
30677,1022.84,0.98,1,0.141871,0.517141,-0.84406,-0.126559,0.410798,-0.902899,0.009,0.488,0.354,-0.146,0.12
30678,1022.873,0.98,1,0.182879,0.580281,-0.793618,-0.132918,0.439297,-0.888455,0.03,0.545,0.357,-0.148,0.117
30679,1022.906,0.98,1,0.205563,0.607034,-0.767629,-0.091282,0.549859,-0.830255,0.071,0.627,0.362,-0.141,0.106
30680,1022.94,0.98,1,0.231615,0.578552,-0.782069,-0.058259,0.536738,-0.841735,0.106,0.602,0.357,-0.121,0.097
30681,1022.973,0.98,1,0.236956,0.559607,-0.794161,-0.029413,0.524162,-0.851111,0.125,0.582,0.349,-0.119,0.093
30682,1023.006,0.98,1,0.268846,0.54887,-0.791495,-0.0339,0.502723,-0.863782,0.141,0.566,0.343,-0.111,0.09
30683,1023.04,0.98,1,0.254161,0.544951,-0.799018,-0.04063,0.497933,-0.866263,0.128,0.559,0.338,-0.108,0.083
30684,1023.073,0.98,1,0.251691,0.546944,-0.798439,-0.033638,0.520496,-0.853202,0.131,0.574,0.331,-0.101,0.078
30685,1023.106,0.98,1,0.243204,0.540009,-0.805755,-0.03928,0.507468,-0.860775,0.122,0.561,0.329,-0.097,0.07
30686,1023.14,0.98,1,0.237224,0.520291,-0.82038,-0.023668,0.440618,-0.897383,0.124,0.51,0.326,-0.094,0.065
30687,1023.173,0.98,1,0.23561,0.529826,-0.814722,-0.032548,0.431413,-0.901567,0.118,0.511,0.321,-0.083,0.057
30688,1023.206,0.98,1,0.229824,0.529842,-0.816363,-0.029151,0.425217,-0.904622,0.116,0.507,0.315,-0.075,0.053
30689,1023.24,0.98,1,0.196668,0.553518,-0.809283,-0.041467,0.440851,-0.896622,0.091,0.528,0.31,-0.068,0.048
30690,1023.273,0.98,1,0.061322,0.562081,-0.824806,-0.108294,0.469893,-0.876055,-0.028,0.545,0.308,-0.055,0.041
30691,1023.306,0.98,1,-0.026968,0.500804,-0.86514,-0.140692,0.421258,-0.895962,-0.095,0.482,0.302,-0.032,0.032
30692,1023.34,0.98,1,-0.054212,0.42102,-0.90543,-0.181943,0.363812,-0.91353,-0.129,0.407,0.301,-0.007,0.028
30693,1023.373,0.98,1,-0.072429,0.445889,-0.892153,-0.186256,0.408754,-0.893437,-0.144,0.446,0.307,0.051,0.018
30694,1023.407,0.98,1,-0.142988,0.292013,-0.945665,-0.213648,0.414787,-0.884481,-0.192,0.369,0.292,0.116,0.023
30695,1023.44,0.98,1,-0.137693,0.213906,-0.967101,-0.223039,0.447974,-0.865779,-0.194,0.347,0.275,0.15,0.037
30696,1023.473,0.98,1,-0.141718,0.283663,-0.948394,-0.247247,0.457063,-0.854378,-0.213,0.39,0.259,0.175,0.044
30697,1023.507,0.98,1,-0.180053,0.356185,-0.916904,-0.260291,0.455393,-0.85139,-0.244,0.43,0.245,0.193,0.05
30698,1023.54,0.98,1,-0.174458,0.39284,-0.902907,-0.270313,0.449307,-0.851501,-0.248,0.448,0.239,0.21,0.049
30699,1023.573,0.98,1,-0.158169,0.410433,-0.898069,-0.275432,0.454639,-0.847019,-0.244,0.46,0.241,0.228,0.044
30700,1023.607,0.98,1,-0.17199,0.423556,-0.889393,-0.274699,0.425753,-0.862134,-0.25,0.451,0.242,0.239,0.037
30701,1023.64,0.98,1,-0.16049,0.419291,-0.893553,-0.275891,0.408904,-0.869875,-0.243,0.439,0.247,0.245,0.026
30702,1023.673,0.98,1,-0.168277,0.418167,-0.892647,-0.257937,0.411967,-0.873929,-0.237,0.439,0.253,0.246,0.018
30703,1023.707,0.98,1,-0.157997,0.416264,-0.895411,-0.283788,0.400949,-0.871036,-0.245,0.433,0.258,0.253,0.012
30704,1023.74,0.98,1,-0.168685,0.427563,-0.888108,-0.327392,0.401653,-0.855271,-0.277,0.444,0.258,0.258,0.015
30705,1023.773,0.98,1,-0.172953,0.438788,-0.881789,-0.360727,0.418342,-0.833586,-0.302,0.463,0.264,0.268,0.021
30706,1023.807,0.98,1,-0.197763,0.435507,-0.878193,-0.371574,0.42124,-0.827339,-0.322,0.466,0.264,0.276,0.028
30707,1023.84,0.98,1,-0.195698,0.444971,-0.873901,-0.378682,0.420907,-0.82428,-0.326,0.472,0.264,0.285,0.037
30708,1023.873,0.98,1,-0.206302,0.444485,-0.871707,-0.388562,0.43078,-0.814523,-0.339,0.479,0.269,0.297,0.042
30709,1023.907,0.98,1,-0.217353,0.445408,-0.868544,-0.397044,0.441952,-0.804384,-0.352,0.488,0.272,0.312,0.045
30710,1023.94,0.98,1,-0.225923,0.438372,-0.869936,-0.397364,0.430257,-0.810544,-0.355,0.477,0.273,0.324,0.049
30711,1023.973,0.98,1,-0.226911,0.432618,-0.872555,-0.4114,0.419124,-0.809373,-0.363,0.469,0.27,0.337,0.054
30712,1024.007,0.98,1,-0.243051,0.427441,-0.870758,-0.416439,0.417171,-0.807803,-0.374,0.466,0.265,0.35,0.061
30713,1024.04,0.98,1,-0.248733,0.419592,-0.872969,-0.422225,0.406247,-0.810364,-0.379,0.456,0.256,0.359,0.069
30714,1024.073,0.98,1,-0.245674,0.407223,-0.879667,-0.423249,0.388739,-0.818378,-0.375,0.438,0.247,0.366,0.079
30715,1024.107,0.98,1,-0.247557,0.40206,-0.881512,-0.422119,0.388991,-0.818842,-0.375,0.435,0.245,0.375,0.088
30716,1024.14,0.98,1,-0.252925,0.38917,-0.885763,-0.415975,0.376132,-0.827943,-0.372,0.42,0.241,0.377,0.096
30717,1024.173,0.98,1,-0.26509,0.382193,-0.885243,-0.408836,0.370262,-0.834122,-0.374,0.413,0.235,0.381,0.104
30718,1024.207,0.98,1,-0.268757,0.374577,-0.88739,-0.400973,0.372017,-0.837152,-0.37,0.409,0.229,0.382,0.105
30720,1024.273,0.98,1,-0.28124,0.381298,-0.880634,-0.405244,0.351195,-0.844061,-0.379,0.402,0.22,0.386,0.106
30722,1024.34,0.98,1,-0.27559,0.375316,-0.884979,-0.409106,0.359485,-0.838691,-0.378,0.403,0.207,0.39,0.11
30739,1024.907,0.98,1,-0.301724,0.411503,-0.860016,-0.514572,0.379009,-0.769135,-0.464,0.452,0.232,0.407,0.16
30740,1024.94,0.93,1,-0.280052,0.472899,-0.835426,-0.52945,0.399653,-0.748305,-0.473,0.504,0.235,0.417,0.166
30741,1024.974,0.93,1,-0.274596,0.445163,-0.852307,-0.534638,0.394854,-0.747163,-0.468,0.484,0.234,0.425,0.173
30742,1025.007,0.98,1,-0.276944,0.450475,-0.848749,-0.536245,0.391013,-0.748031,-0.471,0.485,0.234,0.429,0.178
30743,1025.04,0.98,1,-0.269347,0.448599,-0.85218,-0.535245,0.398723,-0.744669,-0.467,0.488,0.234,0.43,0.183
30744,1025.074,0.98,1,-0.266213,0.446975,-0.854016,-0.531475,0.388717,-0.752617,-0.461,0.48,0.234,0.429,0.186
30745,1025.107,0.98,1,-0.251044,0.447487,-0.858331,-0.535734,0.386432,-0.750773,-0.455,0.478,0.235,0.42,0.187
30746,1025.14,0.98,1,-0.250391,0.46997,-0.846423,-0.539198,0.380869,-0.751135,-0.459,0.489,0.234,0.41,0.188
30747,1025.174,0.98,1,-0.234365,0.473137,-0.849243,-0.539827,0.389672,-0.746152,-0.452,0.496,0.235,0.406,0.186
30748,1025.207,0.98,1,-0.246902,0.45515,-0.855499,-0.528436,0.392276,-0.752911,-0.449,0.485,0.237,0.401,0.185
30749,1025.24,0.98,1,-0.237175,0.465286,-0.852794,-0.532274,0.387539,-0.752661,-0.447,0.488,0.239,0.398,0.183
30750,1025.274,0.98,1,-0.232364,0.452696,-0.860856,-0.534064,0.392605,-0.748757,-0.444,0.484,0.238,0.395,0.183
30751,1025.307,0.98,1,-0.22364,0.463119,-0.857616,-0.523698,0.404608,-0.749688,-0.435,0.495,0.243,0.393,0.18
30752,1025.34,0.98,1,-0.221916,0.469924,-0.854357,-0.541869,0.421218,-0.727292,-0.45,0.513,0.243,0.391,0.179
30753,1025.374,0.98,1,-0.216251,0.466268,-0.857805,-0.533556,0.417023,-0.735806,-0.44,0.506,0.246,0.386,0.177
30754,1025.407,0.98,1,-0.220689,0.484341,-0.846587,-0.522408,0.402857,-0.751529,-0.435,0.507,0.248,0.383,0.172
30755,1025.44,0.98,1,-0.21971,0.48093,-0.848783,-0.530525,0.403024,-0.745731,-0.44,0.506,0.246,0.381,0.169
30756,1025.474,0.98,1,-0.2173,0.471053,-0.854921,-0.51659,0.400392,-0.756849,-0.427,0.496,0.246,0.377,0.166
30757,1025.507,0.98,1,-0.215389,0.460511,-0.861126,-0.503031,0.390934,-0.770799,-0.415,0.481,0.246,0.375,0.163
30758,1025.541,0.98,1,-0.215102,0.453184,-0.865075,-0.479445,0.372678,-0.794509,-0.396,0.462,0.25,0.372,0.161
30759,1025.574,0.98,1,-0.221196,0.445538,-0.867507,-0.473098,0.375469,-0.796996,-0.395,0.458,0.25,0.368,0.166
30760,1025.607,0.98,1,-0.231604,0.45896,-0.857739,-0.490454,0.36174,-0.792842,-0.412,0.461,0.258,0.365,0.169
30761,1025.641,0.98,1,-0.237342,0.475154,-0.847288,-0.463869,0.377086,-0.801643,-0.402,0.477,0.26,0.363,0.175
30762,1025.674,0.98,1,-0.231328,0.475616,-0.848691,-0.460771,0.385971,-0.799198,-0.398,0.482,0.26,0.362,0.18
30763,1025.707,0.98,1,-0.224908,0.472321,-0.85225,-0.464485,0.372465,-0.803445,-0.395,0.472,0.258,0.359,0.182
30764,1025.741,0.98,1,-0.225982,0.478191,-0.848684,-0.464916,0.382873,-0.798286,-0.397,0.482,0.256,0.356,0.186
30765,1025.774,0.98,1,-0.220582,0.468702,-0.855373,-0.449897,0.379142,-0.808606,-0.383,0.471,0.252,0.354,0.19
30766,1025.807,0.98,1,-0.211334,0.447798,-0.868801,-0.442775,0.388105,-0.808285,-0.372,0.462,0.249,0.352,0.195
30767,1025.841,0.98,1,-0.207097,0.47015,-0.857945,-0.453917,0.389367,-0.801469,-0.379,0.478,0.245,0.35,0.199
30768,1025.874,0.98,1,-0.225255,0.473478,-0.851515,-0.44023,0.396625,-0.805535,-0.382,0.484,0.238,0.35,0.201
30769,1025.907,0.98,1,-0.233485,0.469545,-0.851477,-0.484104,0.371636,-0.792168,-0.412,0.473,0.227,0.348,0.205
30805,1027.108,0.98,1,-0.100506,0.423864,-0.900132,-0.346005,0.396457,-0.850354,-0.25,0.438,0.193,0.265,0.128
30806,1027.141,0.98,1,-0.092881,0.467382,-0.879163,-0.354533,0.414684,-0.838059,-0.255,0.475,0.193,0.264,0.127
30807,1027.174,0.98,1,-0.10312,0.480909,-0.870685,-0.353803,0.416663,-0.837386,-0.261,0.484,0.194,0.264,0.127
30808,1027.208,0.98,1,-0.082421,0.470457,-0.878566,-0.346865,0.419258,-0.838992,-0.245,0.478,0.192,0.262,0.128
30809,1027.241,0.98,1,-0.092116,0.470584,-0.877534,-0.356273,0.410129,-0.839562,-0.255,0.474,0.191,0.265,0.128
30810,1027.274,0.98,1,-0.082431,0.471917,-0.877781,-0.364466,0.41577,-0.833247,-0.255,0.479,0.195,0.268,0.126
30811,1027.308,0.98,1,-0.090618,0.472154,-0.876846,-0.362478,0.423238,-0.830349,-0.259,0.483,0.195,0.27,0.126
30812,1027.341,0.98,1,-0.092465,0.471113,-0.877213,-0.366298,0.423918,-0.828323,-0.263,0.483,0.199,0.274,0.124
30813,1027.374,0.98,1,-0.083532,0.476251,-0.875333,-0.386859,0.425544,-0.818078,-0.271,0.489,0.201,0.278,0.121
30814,1027.408,0.98,1,-0.102343,0.478523,-0.87209,-0.369601,0.444268,-0.816101,-0.273,0.5,0.204,0.279,0.112
30815,1027.441,0.98,1,-0.098488,0.465928,-0.879324,-0.373955,0.451025,-0.810391,-0.273,0.497,0.211,0.281,0.094
30816,1027.474,0.98,1,-0.103563,0.467009,-0.878167,-0.353676,0.456758,-0.816263,-0.264,0.499,0.212,0.286,0.073
30817,1027.508,0.98,1,-0.127906,0.456377,-0.880545,-0.36851,0.450296,-0.813286,-0.285,0.491,0.208,0.293,0.053
30818,1027.541,0.98,1,-0.119651,0.412071,-0.903261,-0.376057,0.408382,-0.831748,-0.278,0.442,0.199,0.297,0.037
30819,1027.574,0.98,1,-0.122496,0.39849,-0.908956,-0.367034,0.390583,-0.844234,-0.272,0.423,0.194,0.298,0.027
30820,1027.608,0.98,1,-0.126263,0.373678,-0.918925,-0.363067,0.385484,-0.848283,-0.27,0.406,0.187,0.298,0.023
30821,1027.641,0.98,1,-0.13547,0.380576,-0.914773,-0.349506,0.390023,-0.851896,-0.268,0.411,0.178,0.297,0.023
30822,1027.674,0.98,1,-0.128067,0.375736,-0.917835,-0.358813,0.377356,-0.85373,-0.268,0.402,0.182,0.301,0.02
30826,1027.808,0.98,1,-0.116544,0.374994,-0.919672,-0.333018,0.399446,-0.854132,-0.248,0.412,0.178,0.3,0.02
30827,1027.841,0.98,1,-0.115337,0.377654,-0.918736,-0.34706,0.378358,-0.858135,-0.255,0.402,0.183,0.301,0.017
30828,1027.875,0.98,1,-0.114557,0.379476,-0.918082,-0.344617,0.395944,-0.851157,-0.254,0.413,0.188,0.302,0.017
30829,1027.908,0.98,1,-0.118941,0.379086,-0.917686,-0.3484,0.401882,-0.846822,-0.259,0.417,0.19,0.303,0.017
30830,1027.941,0.98,1,-0.119544,0.381099,-0.916773,-0.347882,0.407029,-0.844575,-0.259,0.421,0.191,0.303,0.019
30831,1027.975,0.98,1,-0.117355,0.378859,-0.917983,-0.357652,0.402278,-0.842767,-0.264,0.418,0.191,0.302,0.022
30832,1028.008,0.98,1,-0.119167,0.384564,-0.915374,-0.359979,0.380187,-0.851982,-0.265,0.408,0.193,0.302,0.024
30833,1028.041,0.98,1,-0.12051,0.383041,-0.915837,-0.353406,0.398753,-0.846227,-0.263,0.418,0.196,0.302,0.024
30834,1028.075,0.98,1,-0.118909,0.392092,-0.912209,-0.35858,0.381981,-0.851769,-0.264,0.414,0.201,0.303,0.023
30835,1028.108,0.98,1,-0.127082,0.388102,-0.912813,-0.359677,0.404429,-0.840874,-0.271,0.424,0.204,0.302,0.025
30836,1028.141,0.98,1,-0.12852,0.391117,-0.911323,-0.360884,0.41202,-0.836662,-0.273,0.431,0.205,0.302,0.025
30837,1028.175,0.98,1,-0.129466,0.38358,-0.914388,-0.365617,0.412769,-0.834234,-0.276,0.427,0.202,0.301,0.028
30838,1028.208,0.98,1,-0.125552,0.38912,-0.912591,-0.369997,0.40518,-0.836021,-0.276,0.426,0.206,0.298,0.029
30839,1028.241,0.98,1,-0.130007,0.391059,-0.911137,-0.370989,0.405425,-0.835463,-0.279,0.428,0.21,0.297,0.031
30840,1028.275,0.98,1,-0.115237,0.42521,-0.897729,-0.373233,0.425893,-0.824204,-0.276,0.459,0.218,0.294,0.031
30841,1028.308,0.98,1,-0.131661,0.439685,-0.888449,-0.369919,0.422523,-0.827426,-0.284,0.466,0.224,0.286,0.03
30842,1028.341,0.98,1,-0.130001,0.460987,-0.877833,-0.353204,0.461727,-0.813667,-0.278,0.499,0.229,0.276,0.029
30843,1028.375,0.98,1,-0.096862,0.454402,-0.885515,-0.340537,0.474137,-0.811929,-0.252,0.501,0.237,0.265,0.031
30844,1028.408,0.98,1,-0.064723,0.476129,-0.87699,-0.332899,0.468931,-0.818097,-0.23,0.509,0.247,0.24,0.033
30845,1028.441,0.98,1,-0.047241,0.470596,-0.881083,-0.319483,0.490187,-0.810954,-0.213,0.516,0.254,0.219,0.034
30846,1028.475,0.98,1,-0.02684,0.471705,-0.881348,-0.31969,0.488234,-0.812051,-0.202,0.516,0.264,0.209,0.032
30847,1028.508,0.98,1,-0.024993,0.442455,-0.896443,-0.326872,0.495296,-0.804883,-0.204,0.504,0.268,0.203,0.032
30848,1028.541,0.98,1,-0.019605,0.460327,-0.887533,-0.329361,0.504745,-0.797968,-0.204,0.52,0.271,0.201,0.032
30849,1028.575,0.98,1,-0.013533,0.455783,-0.889988,-0.312528,0.484856,-0.816848,-0.189,0.504,0.27,0.196,0.035
30850,1028.608,0.98,1,0.09398,0.504838,-0.858083,-0.279634,0.527384,-0.802291,-0.111,0.556,0.275,0.181,0.037
30851,1028.641,0.98,1,0.15272,0.456002,-0.876778,-0.216557,0.524985,-0.8231,-0.038,0.523,0.278,0.153,0.041
30852,1028.675,0.98,1,0.191931,0.476937,-0.857726,-0.159238,0.490123,-0.856985,0.019,0.514,0.286,0.113,0.043
30853,1028.708,0.98,1,0.218428,0.495261,-0.840837,-0.124666,0.500109,-0.856942,0.055,0.53,0.292,0.068,0.037
30854,1028.741,0.98,1,0.239655,0.53635,-0.809256,-0.077247,0.511014,-0.856094,0.097,0.561,0.294,0.025,0.026
30855,1028.775,0.98,1,0.256445,0.547267,-0.796702,-0.075302,0.523762,-0.84853,0.11,0.577,0.294,-0.005,0.023
30856,1028.808,0.98,1,0.250984,0.55123,-0.795709,-0.061705,0.528032,-0.84698,0.115,0.581,0.294,-0.027,0.028
30857,1028.841,0.98,1,0.30571,0.548919,-0.777965,-0.031528,0.520199,-0.853463,0.167,0.58,0.292,-0.05,0.039
30858,1028.875,0.98,1,0.298982,0.527706,-0.79507,-0.037439,0.485477,-0.873448,0.155,0.546,0.284,-0.073,0.052
30859,1028.908,0.98,1,0.296723,0.54043,-0.787332,-0.037745,0.480659,-0.876095,0.154,0.551,0.278,-0.09,0.061
30860,1028.942,0.98,1,0.293032,0.548171,-0.783352,-0.036265,0.478166,-0.877521,0.153,0.554,0.282,-0.102,0.067
30861,1028.975,0.98,1,0.280773,0.543479,-0.791073,-0.038599,0.47077,-0.881411,0.144,0.545,0.285,-0.111,0.072
30862,1029.008,0.98,1,0.26902,0.55042,-0.790358,-0.05608,0.46487,-0.883601,0.127,0.545,0.291,-0.108,0.079
30863,1029.042,0.98,1,0.262435,0.53805,-0.801018,-0.055976,0.462137,-0.88504,0.122,0.535,0.291,-0.105,0.086
30864,1029.075,0.98,1,0.244959,0.538881,-0.80598,-0.08927,0.435381,-0.895809,0.091,0.52,0.291,-0.102,0.096
30865,1029.108,0.98,1,0.231141,0.537481,-0.81098,-0.097527,0.429199,-0.897929,0.078,0.515,0.291,-0.097,0.102
30866,1029.142,0.98,1,0.226306,0.543841,-0.808098,-0.091551,0.450784,-0.887926,0.079,0.53,0.295,-0.099,0.109
30867,1029.175,0.98,1,0.225378,0.549149,-0.804761,-0.087844,0.455395,-0.885945,0.081,0.536,0.295,-0.097,0.114
30868,1029.208,0.98,1,0.241145,0.542118,-0.804958,-0.135076,0.449816,-0.882848,0.063,0.531,0.299,-0.091,0.119
30869,1029.242,0.98,1,0.22668,0.536436,-0.812929,-0.151769,0.441981,-0.884092,0.044,0.523,0.302,-0.088,0.129
30870,1029.275,0.98,1,0.238899,0.528469,-0.814646,-0.154486,0.445475,-0.881865,0.05,0.521,0.304,-0.087,0.135
30871,1029.308,0.98,1,0.217634,0.535171,-0.816228,-0.141217,0.439919,-0.886865,0.045,0.52,0.305,-0.085,0.138
30872,1029.342,0.98,1,0.217801,0.542233,-0.811509,-0.155543,0.45406,-0.877289,0.037,0.533,0.305,-0.087,0.14
30873,1029.375,0.98,1,0.21136,0.548409,-0.809058,-0.136686,0.446667,-0.884197,0.044,0.531,0.303,-0.086,0.144
30874,1029.408,0.98,1,0.215368,0.541273,-0.812798,-0.149683,0.437253,-0.886795,0.039,0.522,0.307,-0.095,0.149
30875,1029.442,0.98,1,0.214631,0.551708,-0.805947,-0.144763,0.443353,-0.88458,0.041,0.532,0.321,-0.092,0.154
30876,1029.475,0.98,1,0.199366,0.558104,-0.805465,-0.153187,0.457735,-0.875792,0.027,0.544,0.338,-0.091,0.161
30877,1029.508,0.98,1,0.196745,0.568057,-0.799126,-0.156714,0.465541,-0.871041,0.024,0.554,0.348,-0.092,0.162
30878,1029.542,0.98,1,0.209839,0.570871,-0.793772,-0.140129,0.456688,-0.878521,0.042,0.551,0.347,-0.104,0.171
30879,1029.575,0.98,1,0.21099,0.58178,-0.785503,-0.145927,0.462069,-0.874756,0.039,0.561,0.346,-0.108,0.178
30880,1029.608,0.98,1,0.182795,0.588172,-0.787807,-0.138866,0.4731,-0.869996,0.026,0.569,0.338,-0.098,0.171
30881,1029.642,0.98,1,0.173118,0.595565,-0.784432,-0.158968,0.503927,-0.848991,0.009,0.592,0.337,-0.07,0.156
30882,1029.675,0.98,1,0.051353,0.597209,-0.80044,-0.203259,0.508015,-0.837022,-0.093,0.594,0.327,-0.057,0.146
30883,1029.708,0.98,1,0.003787,0.582556,-0.812782,-0.218652,0.494488,-0.841233,-0.129,0.577,0.321,-0.027,0.131
30884,1029.742,0.98,1,-0.028537,0.586725,-0.809283,-0.233832,0.506577,-0.829881,-0.159,0.588,0.323,0.015,0.111
30885,1029.775,0.98,1,-0.033482,0.580878,-0.813302,-0.306385,0.483239,-0.820127,-0.205,0.577,0.306,0.041,0.107
30886,1029.808,0.98,1,-0.130206,0.545646,-0.827838,-0.349007,0.457317,-0.817958,-0.283,0.547,0.292,0.099,0.094
30887,1029.842,0.98,1,-0.13972,0.330992,-0.933232,-0.387235,0.454509,-0.802166,-0.295,0.425,0.277,0.171,0.085
30888,1029.875,0.93,1,-0.199688,0.298397,-0.933319,-0.424402,0.455526,-0.782546,-0.349,0.414,0.272,0.206,0.087
30889,1029.908,0.88,1,-0.249262,0.323226,-0.912904,-0.449338,0.44596,-0.77409,-0.393,0.428,0.257,0.213,0.081
30890,1029.942,0.88,1,-0.268759,0.410486,-0.871361,-0.474907,0.384067,-0.791805,-0.42,0.446,0.245,0.225,0.066
30891,1029.975,0.82,1,-0.287,0.371815,-0.882828,-0.476698,0.383428,-0.791038,-0.428,0.424,0.238,0.258,0.051
30892,1030.009,0.82,1,-0.30344,0.402077,-0.863862,-0.47584,0.396542,-0.785068,-0.441,0.451,0.252,0.315,0.038
30893,1030.042,0.93,1,-0.409015,0.383195,-0.828172,-0.518714,0.432333,-0.73758,-0.535,0.48,0.264,0.427,0.031
30894,1030.075,0.98,1,-0.426078,0.29852,-0.854016,-0.580921,0.479027,-0.658076,-0.588,0.475,0.252,0.555,0.043
30895,1030.109,0.98,1,-0.360855,0.282279,-0.888877,-0.526743,0.441205,-0.726553,-0.502,0.421,0.233,0.548,0.054
30896,1030.142,0.98,1,-0.352911,0.291343,-0.889142,-0.531573,0.43893,-0.724411,-0.501,0.425,0.22,0.561,0.065
30897,1030.175,0.98,1,-0.392937,0.267195,-0.87989,-0.564793,0.440128,-0.698066,-0.546,0.421,0.192,0.564,0.073
30898,1030.209,0.98,1,-0.385981,0.264465,-0.883785,-0.596612,0.430714,-0.677156,-0.562,0.419,0.178,0.572,0.077
30899,1030.242,0.98,1,-0.359777,0.312729,-0.879069,-0.589024,0.44602,-0.673882,-0.548,0.454,0.173,0.575,0.08
30900,1030.275,0.93,1,-0.310588,0.325134,-0.893209,-0.595459,0.458804,-0.659491,-0.528,0.468,0.183,0.586,0.073
30901,1030.309,0.93,1,-0.361359,0.425337,-0.829764,-0.546748,0.393855,-0.738881,-0.525,0.481,0.199,0.647,0.075
30902,1030.342,0.93,1,-0.376571,0.434406,-0.818221,-0.580982,0.384095,-0.717587,-0.558,0.49,0.204,0.689,0.075
30903,1030.375,0.98,1,-0.400121,0.437212,-0.805449,-0.573449,0.384042,-0.723649,-0.567,0.493,0.206,0.694,0.071
30904,1030.409,0.98,1,-0.442458,0.42113,-0.791758,-0.584518,0.3967,-0.707791,-0.6,0.499,0.225,0.702,0.055
30905,1030.442,0.98,1,-0.44781,0.426613,-0.785791,-0.562239,0.440417,-0.699943,-0.597,0.528,0.245,0.698,0.041
30906,1030.475,0.98,1,-0.422698,0.460059,-0.780815,-0.601977,0.41432,-0.682615,-0.611,0.539,0.271,0.705,0.027
30907,1030.509,0.98,1,-0.443663,0.465445,-0.765848,-0.623025,0.415923,-0.662456,-0.641,0.553,0.29,0.72,0.011
30908,1030.542,0.98,1,-0.428649,0.484475,-0.762591,-0.630914,0.44947,-0.632396,-0.65,0.59,0.32,0.731,-0.011
30909,1030.575,0.98,1,-0.448829,0.476055,-0.756257,-0.625585,0.452831,-0.635285,-0.657,0.589,0.355,0.732,-0.027
30910,1030.609,0.98,1,-0.418848,0.45429,-0.786249,-0.588475,0.460791,-0.664356,-0.607,0.563,0.352,0.695,-0.027
30911,1030.642,0.98,1,-0.398143,0.456514,-0.795662,-0.584718,0.465542,-0.664361,-0.592,0.563,0.355,0.668,-0.035
30912,1030.675,0.98,1,-0.372177,0.460128,-0.806081,-0.621028,0.492874,-0.609425,-0.612,0.593,0.361,0.669,-0.05
30913,1030.709,0.98,1,-0.355265,0.464965,-0.810922,-0.614758,0.507274,-0.603941,-0.601,0.602,0.369,0.662,-0.061
30914,1030.742,0.98,1,-0.354657,0.489695,-0.796503,-0.607076,0.551067,-0.572523,-0.612,0.65,0.379,0.655,-0.065
30915,1030.775,0.98,1,-0.317374,0.524089,-0.790319,-0.588098,0.596613,-0.546072,-0.595,0.698,0.394,0.665,-0.069
30916,1030.809,0.98,1,-0.331393,0.498474,-0.801063,-0.596096,0.610738,-0.521219,-0.612,0.698,0.396,0.67,-0.074
30917,1030.842,0.98,1,-0.318174,0.477384,-0.819067,-0.575474,0.566107,-0.590214,-0.565,0.637,0.397,0.671,-0.069
30918,1030.875,0.98,1,-0.324243,0.505449,-0.799618,-0.455523,0.519003,-0.72328,-0.473,0.592,0.399,0.67,-0.063
30919,1030.909,0.98,1,-0.313295,0.503016,-0.805494,-0.416173,0.522339,-0.744286,-0.44,0.584,0.4,0.657,-0.067
30920,1030.942,0.88,1,-0.3258,0.515261,-0.792692,-0.425348,0.563497,-0.708202,-0.464,0.623,0.408,0.632,-0.074
30921,1030.975,0.93,1,-0.298461,0.51702,-0.802254,-0.444088,0.583503,-0.679934,-0.464,0.639,0.428,0.626,-0.086
30922,1031.009,0.98,1,-0.282474,0.516521,-0.80834,-0.432478,0.585509,-0.685669,-0.446,0.636,0.456,0.639,-0.1
30923,1031.042,0.98,1,-0.280949,0.504122,-0.816657,-0.417333,0.61113,-0.672572,-0.438,0.643,0.469,0.647,-0.107
30924,1031.075,0.98,1,-0.279912,0.500189,-0.819427,-0.396253,0.62716,-0.670562,-0.426,0.648,0.483,0.642,-0.111
30925,1031.109,0.88,1,-0.26681,0.487357,-0.831442,-0.448316,0.614349,-0.649298,-0.45,0.64,0.491,0.645,-0.12
30926,1031.142,0.88,1,-0.276207,0.498621,-0.821636,-0.415502,0.619808,-0.66573,-0.435,0.645,0.505,0.624,-0.119
30927,1031.176,0.88,1,-0.288581,0.515636,-0.806747,-0.403155,0.621241,-0.671957,-0.438,0.655,0.515,0.625,-0.129
30928,1031.209,0.98,1,-0.288111,0.512652,-0.808814,-0.376485,0.601018,-0.705008,-0.414,0.634,0.524,0.643,-0.138
30929,1031.242,0.98,1,-0.287737,0.513667,-0.808303,-0.430866,0.611798,-0.663368,-0.454,0.653,0.517,0.639,-0.133
30930,1031.276,0.98,1,-0.266738,0.5163,-0.813809,-0.43906,0.613427,-0.656455,-0.448,0.655,0.511,0.627,-0.127
30931,1031.309,0.98,1,-0.271018,0.501608,-0.821547,-0.439477,0.582216,-0.684021,-0.441,0.624,0.516,0.639,-0.127
30932,1031.342,0.88,1,-0.261559,0.514671,-0.816517,-0.454859,0.582817,-0.67337,-0.448,0.635,0.516,0.639,-0.127
30933,1031.376,0.88,1,-0.256691,0.498221,-0.828182,-0.454584,0.565643,-0.688041,-0.439,0.612,0.5,0.626,-0.118
30934,1031.409,0.88,1,-0.25252,0.493307,-0.832395,-0.441321,0.562663,-0.699033,-0.425,0.604,0.5,0.614,-0.114
30935,1031.442,0.98,1,-0.260605,0.50017,-0.825781,-0.475184,0.573204,-0.66756,-0.458,0.623,0.501,0.61,-0.109
30936,1031.476,0.98,1,-0.275493,0.513246,-0.812824,-0.404477,0.612021,-0.67958,-0.428,0.646,0.511,0.616,-0.112
30937,1031.509,0.98,1,-0.272577,0.508437,-0.816819,-0.389686,0.607028,-0.692577,-0.413,0.636,0.521,0.618,-0.114
30938,1031.542,0.88,1,-0.335526,0.485779,-0.807119,-0.420542,0.593783,-0.685979,-0.469,0.626,0.527,0.624,-0.117
30939,1031.576,0.98,1,-0.34189,0.467173,-0.81539,-0.445322,0.567474,-0.692576,-0.481,0.601,0.53,0.627,-0.116
30940,1031.609,0.98,1,-0.298316,0.488948,-0.819718,-0.390132,0.608659,-0.690891,-0.428,0.628,0.534,0.616,-0.118
30941,1031.642,0.98,1,-0.309661,0.49144,-0.814,-0.373111,0.646181,-0.665762,-0.432,0.655,0.525,0.626,-0.118
30942,1031.676,0.98,1,-0.300624,0.495974,-0.814638,-0.402174,0.662486,-0.631956,-0.452,0.675,0.517,0.608,-0.124
30943,1031.709,0.88,1,-0.29459,0.485094,-0.823347,-0.428137,0.662891,-0.614227,-0.466,0.674,0.518,0.6,-0.128
30944,1031.742,0.88,1,-0.285116,0.473749,-0.833229,-0.424065,0.687896,-0.58904,-0.463,0.685,0.517,0.598,-0.13
30945,1031.776,0.88,1,-0.303392,0.463617,-0.832474,-0.431361,0.676997,-0.596324,-0.475,0.674,0.532,0.603,-0.132
30946,1031.809,0.88,1,-0.285053,0.474567,-0.832785,-0.398808,0.645119,-0.651747,-0.432,0.646,0.521,0.597,-0.135
30947,1031.842,0.88,1,-0.289946,0.480396,-0.827739,-0.384099,0.641841,-0.663708,-0.424,0.645,0.531,0.599,-0.141
30948,1031.876,0.98,1,-0.278873,0.48339,-0.829798,-0.439878,0.643504,-0.626426,-0.458,0.659,0.538,0.602,-0.147
30949,1031.909,0.98,1,-0.325275,0.479181,-0.815219,-0.526531,0.567901,-0.632656,-0.532,0.626,0.565,0.62,-0.156
30950,1031.942,0.88,1,-0.308625,0.472275,-0.825656,-0.550883,0.572072,-0.60767,-0.54,0.63,0.57,0.616,-0.165
30951,1031.976,0.98,1,-0.307628,0.464108,-0.830643,-0.542574,0.577522,-0.609985,-0.533,0.626,0.583,0.621,-0.182
30952,1032.009,0.98,1,-0.291276,0.489669,-0.821817,-0.427391,0.601672,-0.67478,-0.448,0.63,0.607,0.623,-0.195
30953,1032.042,0.98,1,-0.280945,0.500651,-0.818791,-0.376179,0.611942,-0.695713,-0.409,0.634,0.613,0.616,-0.202
30954,1032.076,0.98,1,-0.252963,0.513113,-0.820198,-0.380437,0.620101,-0.686107,-0.398,0.645,0.628,0.613,-0.213
30955,1032.109,0.98,1,-0.224742,0.492869,-0.840578,-0.393426,0.620449,-0.678424,-0.386,0.632,0.638,0.605,-0.218
30956,1032.142,0.98,1,-0.253952,0.490342,-0.833711,-0.381402,0.616677,-0.688652,-0.395,0.629,0.643,0.617,-0.225
30957,1032.176,0.98,1,-0.251348,0.486911,-0.836505,-0.402093,0.619512,-0.674186,-0.408,0.632,0.64,0.607,-0.222
30960,1032.276,0.98,1,-0.426096,0.368504,-0.826225,-0.576564,0.419752,-0.700986,-0.581,0.476,0.645,1.095,-0.215
30963,1032.376,0.88,1,-0.403021,0.572921,-0.713678,-0.527643,0.464656,-0.711117,-0.579,0.629,0.856,0.799,-0.072
30964,1032.409,0.88,1,-0.362393,0.525859,-0.769508,-0.579449,0.398207,-0.711105,-0.567,0.558,0.834,0.799,-0.078
30965,1032.443,0.88,1,-0.353402,0.557194,-0.751426,-0.568457,0.481645,-0.666989,-0.576,0.632,0.796,0.776,-0.061
30966,1032.476,0.88,1,-0.373893,0.588663,-0.716714,-0.49061,0.520623,-0.698751,-0.548,0.665,0.767,0.762,-0.05
30967,1032.509,0.88,1,-0.378143,0.6016,-0.703623,-0.491929,0.520202,-0.698137,-0.556,0.675,0.752,0.757,-0.048
30968,1032.543,0.88,1,-0.378245,0.593966,-0.710025,-0.505418,0.486844,-0.712415,-0.556,0.65,0.741,0.75,-0.045
30969,1032.576,0.88,1,-0.380851,0.554535,-0.739894,-0.496361,0.483927,-0.720722,-0.541,0.618,0.738,0.758,-0.051
30970,1032.609,0.98,1,-0.367445,0.569823,-0.735041,-0.499175,0.48515,-0.717951,-0.538,0.628,0.731,0.752,-0.049
30971,1032.643,0.98,1,-0.364923,0.563309,-0.741293,-0.465161,0.519424,-0.716815,-0.518,0.639,0.735,0.763,-0.059
30972,1032.676,0.98,1,-0.370305,0.556845,-0.743504,-0.503241,0.487903,-0.713231,-0.54,0.622,0.733,0.759,-0.059
30973,1032.709,0.88,1,-0.389336,0.570046,-0.723509,-0.478484,0.486446,-0.731043,-0.538,0.628,0.734,0.753,-0.068
30974,1032.743,0.88,1,-0.391046,0.562342,-0.728598,-0.507399,0.478584,-0.716592,-0.556,0.624,0.742,0.751,-0.074
30975,1032.776,0.88,1,-0.395059,0.567324,-0.722545,-0.490144,0.47513,-0.73076,-0.547,0.622,0.745,0.745,-0.075
30976,1032.809,0.88,1,-0.387953,0.564654,-0.728463,-0.483713,0.485336,-0.728334,-0.539,0.625,0.745,0.744,-0.077
30977,1032.843,0.88,1,-0.377122,0.545709,-0.748318,-0.47862,0.498968,-0.722464,-0.527,0.618,0.755,0.749,-0.084
30978,1032.876,0.88,1,-0.373299,0.54048,-0.754009,-0.477259,0.438274,-0.761669,-0.511,0.573,0.752,0.744,-0.084
30979,1032.909,0.88,1,-0.37664,0.54053,-0.752309,-0.457074,0.477205,-0.750572,-0.506,0.595,0.755,0.749,-0.089
30980,1032.943,0.88,1,-0.373473,0.544843,-0.750775,-0.465594,0.483442,-0.741287,-0.512,0.603,0.747,0.752,-0.088
30981,1032.976,0.77,1,-0.36053,0.55082,-0.752738,-0.506627,0.49045,-0.709075,-0.535,0.619,0.74,0.749,-0.085
30982,1033.009,0.88,1,-0.367379,0.550633,-0.749557,-0.49881,0.487321,-0.716733,-0.534,0.616,0.721,0.744,-0.073
30983,1033.043,0.88,1,-0.355095,0.526528,-0.772448,-0.486892,0.470808,-0.735714,-0.509,0.584,0.698,0.735,-0.066
30984,1033.076,0.88,1,-0.349292,0.514494,-0.783129,-0.480265,0.470116,-0.740498,-0.499,0.574,0.676,0.735,-0.059
30985,1033.109,0.88,1,-0.352984,0.520754,-0.777314,-0.488193,0.47802,-0.730181,-0.509,0.585,0.667,0.73,-0.053
30986,1033.143,0.88,1,-0.340305,0.522532,-0.781763,-0.495117,0.484821,-0.720977,-0.507,0.591,0.655,0.736,-0.05
30987,1033.176,0.88,1,-0.348666,0.521822,-0.778546,-0.507333,0.490736,-0.708372,-0.522,0.598,0.645,0.745,-0.048
30988,1033.209,0.88,1,-0.348228,0.523698,-0.777482,-0.582562,0.520559,-0.624212,-0.586,0.64,0.625,0.745,-0.029
30989,1033.243,0.88,1,-0.351932,0.520335,-0.778072,-0.553976,0.527654,-0.643966,-0.567,0.635,0.598,0.751,-0.005
30990,1033.276,0.82,1,-0.368109,0.49888,-0.784611,-0.536281,0.523796,-0.661847,-0.559,0.615,0.572,0.755,0.011
30991,1033.309,0.82,1,-0.35048,0.511417,-0.784612,-0.506946,0.502694,-0.700218,-0.524,0.599,0.556,0.746,0.017
30992,1033.343,0.82,1,-0.35357,0.507119,-0.786014,-0.498245,0.530187,-0.686042,-0.525,0.614,0.536,0.74,0.024
30993,1033.376,0.88,1,-0.321614,0.501607,-0.803091,-0.472055,0.543089,-0.694419,-0.487,0.609,0.527,0.728,0.029
30994,1033.41,0.88,1,-0.315145,0.508526,-0.801302,-0.417325,0.550805,-0.722809,-0.448,0.607,0.526,0.742,0.029
30995,1033.443,0.88,1,-0.33054,0.525314,-0.784084,-0.500651,0.574227,-0.647774,-0.526,0.655,0.535,0.732,0.016
30996,1033.476,0.88,1,-0.321676,0.492194,-0.808869,-0.510352,0.569135,-0.644691,-0.52,0.631,0.522,0.73,0.019
30997,1033.51,0.88,1,-0.343147,0.475808,-0.80985,-0.492821,0.562954,-0.663483,-0.516,0.614,0.515,0.722,0.02
30998,1033.543,0.98,1,-0.349584,0.433492,-0.830588,-0.532988,0.543112,-0.648809,-0.538,0.583,0.483,0.705,0.032
30999,1033.576,0.98,1,-0.360402,0.424815,-0.830447,-0.575741,0.512682,-0.63693,-0.568,0.569,0.438,0.695,0.056
31000,1033.61,0.98,1,-0.381575,0.383225,-0.841153,-0.557787,0.446744,-0.699495,-0.548,0.494,0.38,0.666,0.085
31001,1033.643,0.98,1,-0.387523,0.346015,-0.854459,-0.516983,0.418627,-0.746646,-0.514,0.446,0.337,0.649,0.112
31002,1033.676,0.98,1,-0.389341,0.367016,-0.844816,-0.460593,0.411467,-0.786479,-0.48,0.445,0.31,0.636,0.133
31003,1033.71,0.88,1,-0.338421,0.389295,-0.856691,-0.478662,0.326591,-0.814998,-0.455,0.405,0.272,0.622,0.161
31004,1033.743,0.98,1,-0.324565,0.381685,-0.865433,-0.659018,0.390606,-0.642746,-0.578,0.473,0.243,0.622,0.18
31006,1033.81,0.93,1,-0.394677,0.463109,-0.793575,-0.522034,0.539302,-0.660783,-0.562,0.603,0.321,0.688,-0.04
31007,1033.843,0.88,1,-0.353221,0.429817,-0.830959,-0.547689,0.500578,-0.670417,-0.54,0.555,0.269,0.645,-0.004
31008,1033.876,0.88,1,-0.387102,0.429352,-0.815971,-0.530293,0.442009,-0.723476,-0.537,0.515,0.276,0.695,0.002
31009,1033.91,0.93,1,-0.176768,0.434859,-0.882978,-0.384304,0.506656,-0.771758,-0.327,0.517,0.212,0.472,-0.007
31010,1033.943,0.88,1,-0.082118,0.280179,-0.956429,-0.539216,0.425801,-0.726594,-0.354,0.397,0.262,0.484,-0.0
31011,1033.976,0.88,1,-0.07238,0.348224,-0.934613,-0.458681,0.44274,-0.77045,-0.302,0.434,0.228,0.389,0.011
31014,1034.076,0.77,1,-0.16569,0.2659,-0.949655,-0.440539,0.426977,-0.789694,-0.335,0.379,0.222,0.358,0.02
31076,1036.144,0.98,1,0.040851,0.403317,-0.914148,-0.177672,0.414106,-0.89272,-0.076,0.425,0.086,0.145,-0.005
31451,1048.647,0.98,1,-0.284359,0.207948,-0.935894,-0.263275,0.44864,-0.854054,-0.297,0.352,0.164,0.23,-0.051
31452,1048.681,0.98,1,-0.295052,0.223752,-0.928913,-0.318061,0.475868,-0.819992,-0.337,0.381,0.205,0.292,-0.055
31453,1048.714,0.98,1,-0.314624,0.245584,-0.916897,-0.367301,0.475526,-0.799353,-0.378,0.398,0.233,0.334,-0.055
31454,1048.747,0.98,1,-0.331266,0.292129,-0.897175,-0.391571,0.463741,-0.794743,-0.404,0.42,0.251,0.356,-0.059
31455,1048.781,0.98,1,-0.224374,0.465878,-0.855929,-0.352975,0.463164,-0.81295,-0.333,0.508,0.263,0.372,-0.064
31456,1048.814,0.98,1,-0.11913,0.538519,-0.83415,-0.368943,0.513147,-0.774959,-0.294,0.579,0.299,0.366,-0.077
31457,1048.847,0.98,1,-0.125999,0.520081,-0.844772,-0.254733,0.464795,-0.847984,-0.221,0.527,0.304,0.291,-0.071
31458,1048.881,0.93,1,-0.074446,0.497897,-0.864035,-0.24482,0.494944,-0.833723,-0.186,0.529,0.308,0.215,-0.068
31459,1048.914,0.93,1,0.022059,0.501104,-0.865106,-0.141182,0.489852,-0.860298,-0.069,0.521,0.254,0.127,-0.049
31460,1048.948,0.93,1,0.185047,0.552962,-0.812398,-0.040374,0.397844,-0.916564,0.083,0.503,0.226,0.051,-0.023
31461,1048.981,0.98,1,0.259827,0.572026,-0.777995,-0.009469,0.42339,-0.905898,0.148,0.534,0.221,-0.04,0.008
31462,1049.014,0.98,1,0.35949,0.503717,-0.785516,-0.037953,0.404007,-0.913968,0.187,0.491,0.221,-0.139,0.019
31463,1049.048,0.98,1,0.343622,0.497855,-0.796282,-0.068271,0.389507,-0.91849,0.159,0.478,0.245,-0.207,0.043
31464,1049.081,0.98,1,0.322353,0.50218,-0.802436,-0.050367,0.414012,-0.908877,0.158,0.492,0.27,-0.233,0.059
31465,1049.114,0.98,1,0.300589,0.484611,-0.821461,-0.064987,0.384021,-0.921034,0.134,0.462,0.287,-0.241,0.071
31466,1049.148,0.98,1,0.323084,0.518216,-0.791877,-0.050337,0.404284,-0.913247,0.159,0.496,0.292,-0.281,0.086
31467,1049.181,0.98,1,0.313198,0.532007,-0.786686,-0.06393,0.380824,-0.922435,0.145,0.491,0.294,-0.283,0.095
31468,1049.214,0.98,1,0.34046,0.529611,-0.776916,-0.045868,0.384984,-0.921783,0.172,0.494,0.291,-0.3,0.098
31469,1049.248,0.98,1,0.349728,0.522128,-0.777864,-0.020887,0.366906,-0.930024,0.19,0.48,0.294,-0.306,0.097
31470,1049.281,0.98,1,0.364561,0.531187,-0.764811,-0.015063,0.397734,-0.917377,0.205,0.505,0.3,-0.307,0.096
31471,1049.314,0.98,1,0.338872,0.540332,-0.770199,-0.029644,0.379539,-0.924701,0.18,0.497,0.299,-0.307,0.097
31472,1049.348,0.98,1,0.347256,0.539338,-0.767155,-0.020223,0.392835,-0.919386,0.192,0.505,0.301,-0.312,0.095
31473,1049.381,0.98,1,0.355976,0.534866,-0.76629,-0.042812,0.380482,-0.923797,0.183,0.496,0.307,-0.315,0.1
31474,1049.414,0.98,1,0.395882,0.566302,-0.722897,-0.019864,0.38862,-0.921184,0.225,0.526,0.314,-0.323,0.103
31475,1049.448,0.93,1,0.385608,0.534455,-0.752107,-0.044113,0.330029,-0.942939,0.199,0.472,0.314,-0.336,0.106
31476,1049.481,0.93,1,0.356413,0.403467,-0.842724,-0.053574,0.384756,-0.921462,0.17,0.42,0.329,-0.342,0.066
31477,1049.514,0.93,1,0.369421,0.408182,-0.834815,-0.057616,0.389153,-0.919369,0.176,0.427,0.328,-0.35,0.054
31484,1049.748,0.93,1,0.280402,0.413263,-0.866365,-0.11624,0.36892,-0.922164,0.092,0.412,0.385,-0.318,0.057
31485,1049.781,0.93,1,0.276429,0.431188,-0.858874,-0.120488,0.372046,-0.920361,0.087,0.424,0.387,-0.318,0.063
31486,1049.814,0.93,1,0.269785,0.426738,-0.863198,-0.119101,0.368119,-0.922119,0.084,0.419,0.397,-0.317,0.065
31487,1049.848,0.93,1,0.257225,0.450119,-0.855119,-0.119256,0.376372,-0.918761,0.078,0.436,0.405,-0.31,0.072
31488,1049.881,0.93,1,0.249082,0.454677,-0.855118,-0.125096,0.367323,-0.921642,0.07,0.433,0.414,-0.305,0.076
31489,1049.914,0.98,1,0.286421,0.558633,-0.778391,-0.038533,0.349701,-0.936068,0.144,0.487,0.411,-0.272,0.085
31490,1049.948,0.98,1,0.318599,0.599625,-0.734129,-0.028135,0.354263,-0.934723,0.172,0.519,0.407,-0.271,0.104
31491,1049.981,0.93,1,0.321873,0.600725,-0.731797,-0.069864,0.359105,-0.930679,0.15,0.524,0.416,-0.267,0.107
31492,1050.014,0.98,1,0.306566,0.610766,-0.730056,-0.086461,0.373077,-0.923763,0.132,0.537,0.425,-0.257,0.106
31493,1050.048,0.93,1,0.308349,0.61255,-0.727807,-0.083142,0.370278,-0.925193,0.135,0.536,0.43,-0.255,0.103
31494,1050.081,0.98,1,0.290977,0.617209,-0.731017,-0.093223,0.371928,-0.923568,0.119,0.539,0.433,-0.248,0.099
31495,1050.115,0.98,1,0.282477,0.61757,-0.73404,-0.075386,0.379475,-0.922126,0.124,0.542,0.438,-0.248,0.094
31496,1050.148,0.98,1,0.258767,0.623253,-0.737967,-0.073452,0.384806,-0.92007,0.111,0.546,0.444,-0.247,0.089
31497,1050.181,0.98,1,0.248389,0.624002,-0.740894,-0.102063,0.376566,-0.92075,0.088,0.542,0.449,-0.244,0.083
31498,1050.215,0.98,1,0.233227,0.627913,-0.742516,-0.10455,0.389552,-0.915051,0.077,0.551,0.453,-0.24,0.076
31499,1050.248,0.98,1,0.24251,0.634848,-0.733592,-0.11125,0.404897,-0.907569,0.08,0.565,0.457,-0.241,0.071
31500,1050.281,0.98,1,0.23996,0.637844,-0.731829,-0.112038,0.401034,-0.909186,0.078,0.564,0.456,-0.24,0.066
31501,1050.315,0.98,1,0.192093,0.619619,-0.761034,-0.085805,0.415996,-0.905309,0.064,0.556,0.463,-0.24,0.061
31502,1050.348,0.98,1,0.183829,0.626627,-0.757328,-0.080031,0.417621,-0.90509,0.062,0.561,0.471,-0.238,0.06
31503,1050.381,0.98,1,0.215433,0.599356,-0.770948,-0.059082,0.403376,-0.913125,0.093,0.537,0.472,-0.242,0.054
31504,1050.415,0.98,1,0.219369,0.605169,-0.765276,-0.032526,0.415825,-0.908863,0.111,0.548,0.476,-0.238,0.053
31505,1050.448,0.98,1,0.243467,0.616025,-0.749157,-0.059574,0.422678,-0.90432,0.111,0.561,0.476,-0.231,0.054
31506,1050.481,0.98,1,0.232253,0.605626,-0.761102,-0.083833,0.418276,-0.904443,0.089,0.551,0.477,-0.226,0.056
31507,1050.515,0.98,1,0.232264,0.60869,-0.75865,-0.089416,0.415427,-0.905221,0.086,0.552,0.48,-0.219,0.057
31508,1050.548,0.98,1,0.22075,0.612157,-0.759298,-0.049724,0.407428,-0.911883,0.102,0.548,0.479,-0.226,0.059
31509,1050.581,0.98,1,0.20602,0.618155,-0.758578,-0.055469,0.416272,-0.907546,0.09,0.556,0.481,-0.224,0.06
31510,1050.615,0.98,1,0.188357,0.61611,-0.764807,-0.070496,0.410784,-0.909003,0.07,0.55,0.477,-0.222,0.066
31511,1050.648,0.98,1,0.190782,0.629859,-0.752914,-0.096152,0.412568,-0.905838,0.057,0.561,0.476,-0.218,0.073
31512,1050.681,0.98,1,0.192546,0.637517,-0.745988,-0.101332,0.412404,-0.905348,0.055,0.566,0.477,-0.221,0.082
31513,1050.715,0.98,1,0.205924,0.648587,-0.732755,-0.069464,0.428559,-0.90084,0.083,0.583,0.484,-0.23,0.089
31514,1050.748,0.98,1,0.194605,0.650389,-0.73425,-0.068789,0.449266,-0.890746,0.077,0.595,0.488,-0.23,0.095
31515,1050.781,0.98,1,0.182753,0.652788,-0.735166,-0.093554,0.44331,-0.891473,0.055,0.593,0.497,-0.232,0.105
31516,1050.815,0.98,1,0.174488,0.65808,-0.732451,-0.105169,0.435842,-0.893857,0.043,0.592,0.498,-0.229,0.109
31517,1050.848,0.98,1,0.18184,0.661535,-0.727534,-0.140995,0.418933,-0.897004,0.025,0.587,0.495,-0.224,0.111
31518,1050.881,0.98,1,0.16333,0.648151,-0.74379,-0.145573,0.400238,-0.904775,0.011,0.566,0.496,-0.219,0.114
31519,1050.915,0.98,1,0.161364,0.652299,-0.740586,-0.137404,0.398014,-0.907031,0.015,0.568,0.496,-0.217,0.114
31520,1050.948,0.98,1,0.160622,0.656007,-0.737465,-0.132163,0.39977,-0.907038,0.017,0.571,0.502,-0.216,0.116
31521,1050.981,0.98,1,0.162481,0.654534,-0.738366,-0.140822,0.40022,-0.905535,0.013,0.57,0.5,-0.217,0.115
31522,1051.015,0.98,1,0.166146,0.649882,-0.741653,-0.12078,0.414104,-0.902181,0.028,0.574,0.506,-0.219,0.114
31523,1051.048,0.98,1,0.162471,0.643455,-0.748043,-0.094018,0.430496,-0.897683,0.042,0.578,0.509,-0.225,0.114
31524,1051.081,0.98,1,0.155777,0.635886,-0.755898,-0.07693,0.428918,-0.900062,0.048,0.571,0.514,-0.228,0.113
31525,1051.115,0.98,1,0.171118,0.643086,-0.746431,-0.096879,0.420834,-0.90195,0.045,0.573,0.506,-0.222,0.109
31526,1051.148,0.98,1,0.186219,0.654646,-0.73264,-0.088372,0.42265,-0.901974,0.06,0.583,0.507,-0.224,0.109
31527,1051.182,0.98,1,0.185958,0.653562,-0.733674,-0.087895,0.412635,-0.906646,0.06,0.576,0.509,-0.23,0.107
31528,1051.215,0.98,1,0.224962,0.671407,-0.70612,-0.119145,0.417219,-0.900962,0.066,0.595,0.509,-0.233,0.105
31529,1051.248,0.98,1,0.217025,0.659671,-0.719537,-0.127135,0.419538,-0.898791,0.055,0.588,0.512,-0.24,0.105
31530,1051.282,0.98,1,0.234094,0.666288,-0.707997,-0.109655,0.416535,-0.902482,0.077,0.592,0.512,-0.242,0.104
31531,1051.315,0.98,1,0.248647,0.660953,-0.708037,-0.125854,0.401064,-0.907363,0.076,0.582,0.512,-0.25,0.106
31532,1051.348,0.98,1,0.256884,0.667927,-0.698487,-0.112233,0.404493,-0.907629,0.09,0.589,0.517,-0.255,0.107
31533,1051.382,0.98,1,0.25263,0.666213,-0.701668,-0.088735,0.403325,-0.910744,0.101,0.586,0.519,-0.259,0.108
31534,1051.415,0.98,1,0.266468,0.669185,-0.693676,-0.075629,0.4105,-0.908719,0.119,0.593,0.519,-0.262,0.109
31535,1051.448,0.98,1,0.253501,0.667229,-0.700387,-0.07225,0.406586,-0.910751,0.112,0.588,0.523,-0.26,0.108
31536,1051.482,0.98,1,0.234965,0.650416,-0.722323,-0.0739,0.410091,-0.909046,0.098,0.576,0.525,-0.266,0.107
31537,1051.515,0.98,1,0.280237,0.669365,-0.688054,-0.074102,0.419405,-0.90477,0.129,0.6,0.524,-0.261,0.104
31538,1051.548,0.98,1,0.280483,0.674291,-0.683126,-0.058601,0.437744,-0.897188,0.139,0.613,0.528,-0.263,0.101
31539,1051.582,0.98,1,0.257863,0.667045,-0.698969,-0.075379,0.44347,-0.893114,0.114,0.609,0.535,-0.265,0.101
31540,1051.615,0.98,1,0.285711,0.676342,-0.678919,-0.0616,0.449261,-0.891274,0.142,0.622,0.533,-0.26,0.1
31541,1051.648,0.98,1,0.276829,0.674555,-0.684354,-0.077655,0.441719,-0.893786,0.126,0.616,0.536,-0.262,0.099
31542,1051.682,0.98,1,0.239979,0.67304,-0.69959,-0.064943,0.450356,-0.890484,0.11,0.615,0.538,-0.263,0.099
31543,1051.715,0.98,1,0.221762,0.663982,-0.714107,-0.070531,0.452228,-0.889109,0.094,0.608,0.539,-0.263,0.098
31544,1051.748,0.98,1,0.216229,0.659732,-0.719721,-0.075559,0.44766,-0.891006,0.087,0.602,0.54,-0.266,0.1
31545,1051.782,0.98,1,0.206117,0.657538,-0.724679,-0.091535,0.430588,-0.897895,0.071,0.591,0.539,-0.263,0.104
31546,1051.815,0.98,1,0.222882,0.668324,-0.709695,-0.109871,0.428395,-0.896887,0.07,0.599,0.535,-0.256,0.102
31547,1051.848,0.98,1,0.219858,0.654053,-0.723793,-0.094984,0.434431,-0.895683,0.077,0.592,0.539,-0.259,0.102
31548,1051.882,0.98,1,0.206389,0.655315,-0.726613,-0.094983,0.428822,-0.898382,0.068,0.588,0.532,-0.252,0.101
31549,1051.915,0.98,1,0.224146,0.663816,-0.713517,-0.084114,0.439291,-0.894398,0.087,0.601,0.532,-0.252,0.1
31550,1051.948,0.98,1,0.214328,0.663602,-0.716725,-0.091511,0.434752,-0.895889,0.076,0.598,0.531,-0.25,0.099
31551,1051.982,0.98,1,0.217442,0.647427,-0.73045,-0.069597,0.437718,-0.896415,0.091,0.588,0.536,-0.263,0.1
31552,1052.015,0.98,1,0.238841,0.663857,-0.708695,-0.086123,0.443171,-0.892291,0.095,0.605,0.533,-0.254,0.095
31553,1052.048,0.98,1,0.242766,0.664779,-0.706494,-0.093362,0.43552,-0.895324,0.093,0.602,0.531,-0.242,0.091
31554,1052.082,0.98,1,0.300856,0.683403,-0.665167,-0.103819,0.436261,-0.893811,0.126,0.623,0.525,-0.237,0.09
31555,1052.115,0.98,1,0.27876,0.669407,-0.688612,-0.119502,0.41279,-0.902953,0.1,0.597,0.519,-0.231,0.088
31556,1052.148,0.98,1,0.291646,0.665396,-0.687162,-0.111599,0.411836,-0.904399,0.113,0.595,0.519,-0.237,0.086
31557,1052.182,0.98,1,0.314739,0.665534,-0.67676,-0.107462,0.402241,-0.909205,0.13,0.593,0.517,-0.237,0.085
31558,1052.215,0.98,1,0.285215,0.676246,-0.679222,-0.081118,0.420723,-0.903555,0.128,0.606,0.513,-0.241,0.085
31559,1052.248,0.98,1,0.198433,0.659688,-0.72487,-0.099977,0.44203,-0.891411,0.061,0.598,0.504,-0.227,0.073
31560,1052.282,0.98,1,0.143015,0.619887,-0.771548,-0.043621,0.482068,-0.875047,0.06,0.59,0.502,-0.208,0.061
31561,1052.315,0.98,1,0.118976,0.587607,-0.800352,0.00094,0.542742,-0.839899,0.073,0.603,0.512,-0.18,0.048
31562,1052.349,0.98,1,0.091002,0.589228,-0.802826,-0.075274,0.527016,-0.846515,0.01,0.595,0.512,-0.113,0.04
31563,1052.382,0.98,1,0.031573,0.622488,-0.781992,-0.140281,0.500698,-0.85418,-0.066,0.602,0.507,-0.039,0.035
31564,1052.415,0.98,1,0.035832,0.643248,-0.764819,-0.136954,0.565448,-0.813334,-0.064,0.654,0.497,0.022,0.029
31565,1052.449,0.98,1,-0.002058,0.527459,-0.849578,-0.190041,0.574848,-0.795886,-0.116,0.59,0.486,0.077,0.046
31566,1052.482,0.98,1,-0.070532,0.462346,-0.88389,-0.218443,0.561052,-0.798438,-0.17,0.547,0.481,0.097,0.056
31567,1052.515,0.98,1,-0.083235,0.358591,-0.929776,-0.229845,0.554159,-0.800049,-0.179,0.486,0.461,0.124,0.056
31568,1052.549,0.98,1,-0.108603,0.32594,-0.939132,-0.238429,0.535307,-0.810307,-0.196,0.457,0.436,0.148,0.053
31569,1052.582,0.98,1,-0.117813,0.307891,-0.944099,-0.247244,0.520852,-0.817058,-0.204,0.44,0.417,0.168,0.048
31570,1052.615,0.98,1,-0.129052,0.295707,-0.946522,-0.248745,0.507811,-0.824775,-0.21,0.426,0.402,0.186,0.041
31571,1052.649,0.98,1,-0.182601,0.400127,-0.898084,-0.244852,0.485804,-0.839072,-0.241,0.472,0.369,0.193,0.039
31572,1052.682,0.98,1,-0.181725,0.33398,-0.924896,-0.235825,0.461899,-0.855006,-0.23,0.42,0.341,0.199,0.039
31573,1052.715,0.98,1,-0.16303,0.402529,-0.900773,-0.239591,0.449553,-0.860522,-0.225,0.451,0.321,0.206,0.04
31574,1052.749,0.98,1,-0.200611,0.338388,-0.919374,-0.229478,0.443188,-0.866559,-0.236,0.413,0.312,0.215,0.038
31575,1052.782,0.98,1,-0.178857,0.357998,-0.916432,-0.222312,0.453575,-0.863045,-0.222,0.428,0.302,0.22,0.038
31576,1052.815,0.98,1,-0.156718,0.397277,-0.904218,-0.231938,0.449479,-0.862655,-0.217,0.447,0.293,0.226,0.042
31577,1052.849,0.93,1,-0.164241,0.407972,-0.8981,-0.256924,0.482588,-0.837317,-0.238,0.474,0.293,0.234,0.041
31578,1052.882,0.93,1,-0.146107,0.469218,-0.870912,-0.28407,0.484125,-0.827603,-0.248,0.511,0.296,0.243,0.041
31579,1052.915,0.93,1,-0.142692,0.469184,-0.871496,-0.294034,0.472261,-0.830972,-0.251,0.505,0.293,0.246,0.042
31580,1052.949,0.98,1,-0.145738,0.474158,-0.868294,-0.300082,0.471817,-0.82906,-0.257,0.508,0.294,0.252,0.043
31581,1052.982,0.93,1,-0.131685,0.479197,-0.867772,-0.344265,0.457394,-0.819922,-0.275,0.507,0.301,0.263,0.045
31582,1053.015,0.98,1,-0.142164,0.476478,-0.867616,-0.322373,0.468027,-0.822816,-0.268,0.51,0.291,0.247,0.047
31583,1053.049,0.93,1,-0.157757,0.47453,-0.865987,-0.296122,0.489909,-0.81994,-0.263,0.52,0.291,0.241,0.045
31584,1053.082,0.93,1,-0.18445,0.470822,-0.862731,-0.288567,0.508822,-0.811067,-0.275,0.53,0.299,0.231,0.039
31585,1053.115,0.98,1,-0.202714,0.469033,-0.859602,-0.290829,0.520225,-0.802985,-0.289,0.537,0.308,0.227,0.031
31586,1053.149,0.98,1,-0.193744,0.471247,-0.860459,-0.289726,0.518661,-0.804394,-0.283,0.536,0.314,0.224,0.021
31587,1053.182,0.98,1,-0.192716,0.47566,-0.858259,-0.289305,0.497526,-0.817784,-0.28,0.526,0.321,0.226,0.011
31588,1053.215,0.98,1,-0.196846,0.459384,-0.866151,-0.290811,0.483465,-0.825645,-0.281,0.508,0.326,0.222,0.002
31589,1053.249,0.98,1,-0.207405,0.437749,-0.874848,-0.29799,0.481189,-0.824415,-0.289,0.496,0.327,0.217,-0.004
31590,1053.282,0.98,1,-0.220746,0.410901,-0.884551,-0.309844,0.475454,-0.823371,-0.301,0.479,0.33,0.213,-0.011
31591,1053.315,0.98,1,-0.185127,0.447142,-0.875095,-0.299955,0.464641,-0.833148,-0.277,0.49,0.335,0.214,-0.021
31592,1053.349,0.98,1,-0.181927,0.445582,-0.876561,-0.296341,0.455109,-0.839677,-0.272,0.483,0.331,0.212,-0.028
31593,1053.382,0.98,1,-0.170085,0.450451,-0.87645,-0.296194,0.449465,-0.842763,-0.265,0.482,0.342,0.212,-0.039
31594,1053.416,0.98,1,-0.141449,0.453348,-0.880038,-0.294966,0.446021,-0.845021,-0.248,0.481,0.341,0.209,-0.046
31595,1053.449,0.98,1,-0.147408,0.435352,-0.88811,-0.292243,0.445903,-0.846029,-0.248,0.47,0.341,0.206,-0.053
31596,1053.482,0.98,1,-0.140598,0.432911,-0.890405,-0.288254,0.448384,-0.846086,-0.242,0.47,0.341,0.205,-0.058
31597,1053.516,0.98,1,-0.131851,0.427721,-0.894243,-0.288302,0.439987,-0.850467,-0.236,0.462,0.336,0.201,-0.06
31598,1053.549,0.98,1,-0.134796,0.432977,-0.891269,-0.310166,0.453693,-0.83544,-0.252,0.474,0.358,0.214,-0.067
31599,1053.582,0.98,1,-0.135535,0.438014,-0.888693,-0.303092,0.467021,-0.830679,-0.25,0.485,0.367,0.214,-0.074
31600,1053.616,0.98,1,-0.113644,0.44787,-0.886847,-0.312689,0.464459,-0.828555,-0.244,0.489,0.37,0.212,-0.079
31601,1053.649,0.98,1,-0.089872,0.459245,-0.883751,-0.29822,0.477225,-0.826632,-0.223,0.501,0.374,0.206,-0.084
31602,1053.682,0.98,1,-0.183302,0.544199,-0.818687,-0.251779,0.521002,-0.815576,-0.26,0.578,0.379,0.199,-0.09
31603,1053.716,0.98,1,-0.037313,0.473293,-0.880114,-0.297668,0.469745,-0.831104,-0.193,0.504,0.411,0.219,-0.099
31604,1053.749,0.98,1,-0.054831,0.490583,-0.869668,-0.26608,0.434134,-0.860656,-0.183,0.491,0.417,0.215,-0.101
31605,1053.782,0.98,1,0.003049,0.4672,-0.884147,-0.294379,0.48104,-0.825797,-0.169,0.506,0.426,0.191,-0.102
31606,1053.816,0.98,1,-0.013016,0.502098,-0.864713,-0.276141,0.492571,-0.8253,-0.169,0.532,0.422,0.177,-0.106
31607,1053.849,0.98,1,-0.003185,0.472134,-0.881521,-0.236934,0.415924,-0.877992,-0.136,0.467,0.397,0.153,-0.106
31608,1053.882,0.98,1,0.035864,0.434148,-0.900128,-0.248567,0.398781,-0.882716,-0.119,0.437,0.409,0.144,-0.11
31609,1053.916,0.98,1,0.002447,0.5245,-0.851407,-0.214158,0.391327,-0.894986,-0.121,0.483,0.395,0.13,-0.105
31610,1053.949,0.98,1,0.051393,0.447042,-0.893035,-0.215821,0.388097,-0.895992,-0.092,0.437,0.414,0.133,-0.113
31611,1053.982,0.98,1,0.008528,0.540918,-0.841032,-0.191885,0.411185,-0.891127,-0.105,0.503,0.408,0.118,-0.112
31612,1054.016,0.98,1,0.011967,0.533919,-0.845451,-0.195944,0.4866,-0.851367,-0.108,0.541,0.415,0.111,-0.115
31613,1054.049,0.98,1,0.006275,0.537214,-0.843423,-0.155163,0.448371,-0.880277,-0.086,0.519,0.402,0.104,-0.118
31614,1054.082,0.98,1,0.007689,0.528641,-0.84881,-0.158451,0.41096,-0.897778,-0.086,0.494,0.406,0.102,-0.123
31615,1054.116,0.98,1,0.009176,0.524233,-0.851525,-0.146019,0.459704,-0.875986,-0.079,0.518,0.412,0.1,-0.129
31616,1054.149,0.98,1,0.012592,0.524911,-0.851064,-0.151505,0.467846,-0.870728,-0.081,0.523,0.409,0.098,-0.135
31617,1054.182,0.98,1,0.008866,0.532989,-0.846076,-0.140178,0.48275,-0.864467,-0.077,0.536,0.404,0.092,-0.14
31618,1054.216,0.98,1,0.015032,0.528566,-0.848759,-0.141926,0.481336,-0.86497,-0.074,0.533,0.413,0.091,-0.147
31619,1054.249,0.98,1,0.020463,0.530418,-0.847489,-0.147662,0.504292,-0.850815,-0.075,0.547,0.416,0.089,-0.157
31620,1054.282,0.98,1,0.032985,0.541397,-0.84012,-0.145922,0.500023,-0.85363,-0.067,0.551,0.422,0.085,-0.167
31621,1054.316,0.93,1,0.018225,0.554633,-0.831895,-0.126338,0.519687,-0.844964,-0.064,0.57,0.418,0.081,-0.174
31622,1054.349,0.93,1,0.031055,0.541189,-0.840327,-0.114392,0.505434,-0.855249,-0.049,0.553,0.419,0.077,-0.181
31623,1054.382,0.93,1,0.037567,0.539141,-0.841377,-0.093337,0.526195,-0.845226,-0.033,0.563,0.417,0.073,-0.191
31624,1054.416,0.93,1,0.055104,0.531725,-0.845122,-0.069152,0.476395,-0.876508,-0.008,0.53,0.437,0.079,-0.201
31625,1054.449,0.93,1,0.100832,0.464205,-0.87997,-0.12259,0.40474,-0.906177,-0.012,0.453,0.414,0.071,-0.205
31626,1054.483,0.93,1,0.103869,0.458441,-0.882634,-0.102965,0.404458,-0.908742,0.001,0.449,0.417,0.067,-0.208
31627,1054.516,0.93,1,0.0761,0.465265,-0.881894,-0.104725,0.407516,-0.907173,-0.016,0.454,0.417,0.061,-0.208
31628,1054.549,0.93,1,0.080227,0.457148,-0.885765,-0.115933,0.417703,-0.901157,-0.02,0.455,0.418,0.06,-0.206
31629,1054.583,0.93,1,0.075945,0.464482,-0.88232,-0.101462,0.419221,-0.902197,-0.014,0.46,0.422,0.059,-0.201
31630,1054.616,0.93,1,0.075576,0.464684,-0.882245,-0.099961,0.411039,-0.906121,-0.014,0.455,0.417,0.061,-0.194
31631,1054.649,0.93,1,0.076193,0.458275,-0.885538,-0.085714,0.415943,-0.905342,-0.005,0.454,0.416,0.06,-0.188
31632,1054.683,0.93,1,0.080565,0.45182,-0.888464,-0.103509,0.410079,-0.906157,-0.013,0.448,0.414,0.061,-0.18
31633,1054.716,0.93,1,0.073837,0.458347,-0.885701,-0.110777,0.423406,-0.899142,-0.021,0.459,0.42,0.059,-0.176
31634,1054.749,0.93,1,0.094708,0.459575,-0.883075,-0.105574,0.416854,-0.902822,-0.006,0.456,0.415,0.054,-0.171
31635,1054.783,0.93,1,0.102651,0.466565,-0.87851,-0.089189,0.41421,-0.905801,0.008,0.459,0.428,0.057,-0.171
31636,1054.816,0.88,1,0.107406,0.460997,-0.880878,-0.040228,0.365806,-0.929821,0.037,0.428,0.423,0.052,-0.17
31637,1054.849,0.88,1,0.110283,0.470635,-0.875409,-0.062162,0.371338,-0.926414,0.027,0.437,0.424,0.051,-0.17
31638,1054.883,0.88,1,0.130031,0.471474,-0.872241,-0.055432,0.372239,-0.92648,0.041,0.439,0.435,0.048,-0.171
31639,1054.916,0.93,1,0.130049,0.461554,-0.877528,-0.040844,0.38282,-0.922919,0.05,0.439,0.437,0.047,-0.175
31640,1054.949,0.98,1,0.144857,0.4639,-0.873964,-0.105814,0.450647,-0.886409,0.022,0.479,0.421,0.036,-0.175
31641,1054.983,0.93,1,0.145398,0.510868,-0.847274,-0.108081,0.492806,-0.863401,0.022,0.531,0.437,0.034,-0.18
31642,1055.016,0.93,1,0.098263,0.490177,-0.866066,-0.102215,0.488405,-0.86661,-0.002,0.514,0.426,0.018,-0.186
31643,1055.049,0.98,1,0.042051,0.517394,-0.854714,-0.06201,0.509217,-0.858401,-0.012,0.54,0.402,-0.003,-0.189
31644,1055.083,0.98,1,0.022348,0.513209,-0.857972,-0.016387,0.524789,-0.851074,0.003,0.546,0.387,-0.021,-0.201
31645,1055.116,0.98,1,0.087593,0.522235,-0.848291,-0.00917,0.560895,-0.827836,0.047,0.574,0.363,-0.035,-0.21
31646,1055.149,0.98,1,0.051266,0.516321,-0.854859,0.005698,0.561126,-0.827711,0.034,0.57,0.36,-0.037,-0.222
31647,1055.183,0.98,1,0.038883,0.512537,-0.857784,0.024238,0.552368,-0.833248,0.037,0.562,0.369,-0.041,-0.229
31648,1055.216,0.98,1,0.0311,0.504564,-0.862814,0.009325,0.557747,-0.829958,0.024,0.56,0.368,-0.039,-0.234
31649,1055.249,0.98,1,0.035262,0.502702,-0.86374,0.022277,0.558403,-0.82927,0.034,0.56,0.368,-0.043,-0.238
31650,1055.283,0.98,1,0.029577,0.457815,-0.888555,0.026082,0.520813,-0.853272,0.032,0.512,0.365,-0.051,-0.242
31651,1055.316,0.98,1,0.09494,0.442872,-0.891544,0.031681,0.507136,-0.861283,0.072,0.497,0.364,-0.056,-0.245
31652,1055.349,0.98,1,0.089678,0.42973,-0.898493,0.029246,0.496665,-0.867449,0.067,0.483,0.352,-0.062,-0.244
31653,1055.383,0.98,1,0.032896,0.433669,-0.900471,0.025096,0.518517,-0.854699,0.033,0.497,0.376,-0.052,-0.249
31654,1055.416,0.98,1,0.004663,0.395898,-0.918283,0.037387,0.499334,-0.865603,0.024,0.465,0.359,-0.05,-0.248
31655,1055.449,0.98,1,-0.108919,0.233343,-0.966275,0.098463,0.444676,-0.890263,-0.006,0.35,0.356,-0.047,-0.242
31727,1057.85,0.98,1,-0.07408,0.202699,-0.976435,-0.12924,0.402834,-0.906103,-0.108,0.311,0.23,0.135,0.021
31728,1057.884,0.98,1,-0.08043,0.199886,-0.976512,-0.11652,0.44287,-0.888982,-0.105,0.332,0.235,0.127,0.023
31729,1057.917,0.98,1,0.022779,0.241863,-0.970043,-0.113863,0.44507,-0.888227,-0.049,0.354,0.24,0.119,0.028
31730,1057.95,0.98,1,0.012388,0.243333,-0.969864,-0.109371,0.437693,-0.892448,-0.052,0.351,0.242,0.112,0.033
31731,1057.984,0.98,1,0.022372,0.241894,-0.970045,-0.093296,0.413208,-0.905845,-0.038,0.336,0.243,0.103,0.038
31733,1058.05,0.98,1,0.010383,0.398074,-0.917295,-0.109117,0.389745,-0.914435,-0.054,0.406,0.252,0.099,0.042
31734,1058.084,0.98,1,-0.042544,0.401676,-0.914793,-0.127047,0.388645,-0.912587,-0.093,0.408,0.255,0.101,0.045
31738,1058.217,0.98,1,-0.12909,0.374209,-0.918316,-0.1913,0.406892,-0.893221,-0.175,0.407,0.262,0.144,0.052
31740,1058.284,0.98,1,-0.211863,0.369335,-0.904824,-0.234248,0.390803,-0.890169,-0.244,0.401,0.274,0.182,0.049
31741,1058.317,0.98,1,-0.209559,0.380222,-0.900842,-0.264455,0.405342,-0.875078,-0.261,0.416,0.28,0.207,0.047
31742,1058.35,0.98,1,-0.208365,0.374407,-0.903551,-0.27505,0.395791,-0.876183,-0.265,0.408,0.281,0.228,0.048
31744,1058.417,0.98,1,-0.232864,0.36915,-0.899723,-0.285675,0.386776,-0.876809,-0.284,0.402,0.282,0.26,0.05
31745,1058.45,0.98,1,-0.315122,0.372488,-0.872898,-0.346081,0.409934,-0.843909,-0.368,0.428,0.285,0.278,0.049
31746,1058.484,0.98,1,-0.329403,0.375264,-0.866412,-0.361556,0.397219,-0.843501,-0.384,0.424,0.29,0.292,0.05
31747,1058.517,0.98,1,-0.319675,0.392195,-0.862549,-0.399557,0.396588,-0.826482,-0.403,0.437,0.31,0.323,0.05
31748,1058.55,0.98,1,-0.320601,0.397949,-0.859565,-0.45426,0.397658,-0.797192,-0.437,0.448,0.326,0.353,0.052
31749,1058.584,0.98,1,-0.332626,0.398653,-0.854655,-0.480828,0.395394,-0.782603,-0.461,0.452,0.339,0.374,0.055
31750,1058.617,0.98,1,-0.376727,0.350625,-0.857402,-0.500224,0.399981,-0.767978,-0.495,0.433,0.351,0.395,0.06
31751,1058.65,0.98,1,-0.373479,0.355254,-0.856918,-0.499382,0.397331,-0.7699,-0.492,0.433,0.354,0.405,0.066
31752,1058.684,0.98,1,-0.42592,0.32649,-0.843799,-0.523564,0.398768,-0.752904,-0.536,0.426,0.353,0.413,0.073
31753,1058.717,0.98,1,-0.399956,0.405542,-0.821931,-0.537837,0.41016,-0.736546,-0.542,0.482,0.365,0.428,0.071
31754,1058.75,0.98,1,-0.396614,0.416572,-0.818025,-0.552648,0.408825,-0.726252,-0.551,0.491,0.364,0.435,0.075
31755,1058.784,0.98,1,-0.395592,0.415531,-0.819049,-0.56293,0.399669,-0.723446,-0.556,0.486,0.367,0.444,0.077
31756,1058.817,0.98,1,-0.410108,0.390229,-0.824338,-0.564393,0.407441,-0.71795,-0.564,0.477,0.374,0.453,0.079
31757,1058.85,0.98,1,-0.419939,0.379649,-0.824329,-0.564368,0.406314,-0.718608,-0.568,0.471,0.377,0.458,0.082
31758,1058.884,0.98,1,-0.417804,0.377506,-0.826395,-0.559133,0.400059,-0.72617,-0.562,0.464,0.373,0.459,0.086
31759,1058.917,0.98,1,-0.41846,0.377553,-0.826042,-0.566367,0.399783,-0.720696,-0.567,0.466,0.375,0.46,0.09
31760,1058.951,0.98,1,-0.42446,0.297432,-0.855201,-0.54363,0.418105,-0.727774,-0.549,0.425,0.365,0.45,0.095
31761,1058.984,0.98,1,-0.316826,0.27373,-0.908126,-0.457765,0.465827,-0.757269,-0.435,0.418,0.363,0.424,0.096
31762,1059.017,0.98,1,-0.142222,0.273345,-0.951344,-0.411411,0.497128,-0.76394,-0.312,0.422,0.379,0.398,0.092
31763,1059.051,0.98,1,-0.108467,0.251754,-0.961694,-0.35937,0.503182,-0.785914,-0.262,0.408,0.359,0.331,0.095
31764,1059.084,0.93,1,-0.104223,0.227066,-0.968286,-0.314422,0.471,-0.824195,-0.229,0.371,0.343,0.251,0.097
31765,1059.117,0.93,1,-0.142519,0.202553,-0.968845,-0.282598,0.454662,-0.844642,-0.23,0.348,0.331,0.216,0.088
31766,1059.151,0.93,1,-0.153238,0.228636,-0.961376,-0.237022,0.414519,-0.878632,-0.209,0.336,0.319,0.191,0.085
31767,1059.184,0.93,1,-0.111937,0.261442,-0.958707,-0.216644,0.442283,-0.870317,-0.178,0.367,0.322,0.175,0.083
31768,1059.217,0.93,1,-0.058369,0.322212,-0.944866,-0.173296,0.414339,-0.893472,-0.125,0.381,0.328,0.161,0.084
31769,1059.251,0.93,1,-0.035156,0.388246,-0.920885,-0.164219,0.412284,-0.896133,-0.109,0.415,0.333,0.154,0.087
31770,1059.284,0.93,1,-0.039794,0.387475,-0.921021,-0.165266,0.41657,-0.893955,-0.113,0.417,0.34,0.148,0.091
31771,1059.317,0.93,1,-0.026243,0.398991,-0.916579,-0.158123,0.41664,-0.895214,-0.101,0.423,0.337,0.145,0.095
31772,1059.351,0.93,1,-0.027148,0.403401,-0.91462,-0.157832,0.420151,-0.893623,-0.102,0.427,0.34,0.145,0.097
31773,1059.384,0.93,1,-0.031938,0.398419,-0.916647,-0.161597,0.420697,-0.892693,-0.107,0.425,0.338,0.145,0.099
31774,1059.417,0.93,1,-0.032215,0.401223,-0.915414,-0.163222,0.418596,-0.893385,-0.108,0.426,0.34,0.147,0.1
31775,1059.451,0.93,1,-0.03532,0.381672,-0.923623,-0.167357,0.410394,-0.89642,-0.111,0.41,0.336,0.15,0.101
31802,1060.351,0.98,1,-0.456314,0.321842,-0.829576,-0.593687,0.341437,-0.728668,-0.593,0.402,0.316,0.587,0.049
31804,1060.418,0.93,1,-0.448093,0.332324,-0.829924,-0.613247,0.342735,-0.711661,-0.603,0.413,0.324,0.589,0.043
31805,1060.451,0.93,1,-0.452557,0.335131,-0.826365,-0.630325,0.365178,-0.685081,-0.622,0.434,0.331,0.584,0.045
31806,1060.484,0.93,1,-0.454264,0.329141,-0.827835,-0.556135,0.454203,-0.695998,-0.586,0.475,0.344,0.578,0.045
31807,1060.518,0.98,1,-0.408993,0.343659,-0.845354,-0.470638,0.527949,-0.706944,-0.516,0.512,0.359,0.58,0.042
31808,1060.551,0.98,1,-0.399599,0.373271,-0.837251,-0.507585,0.455069,-0.731621,-0.524,0.486,0.398,0.597,0.033
31809,1060.584,0.93,1,-0.391433,0.407036,-0.825289,-0.5154,0.46804,-0.717845,-0.531,0.516,0.402,0.578,0.034
31810,1060.618,0.93,1,-0.418573,0.395296,-0.817641,-0.534486,0.458688,-0.709881,-0.558,0.51,0.403,0.557,0.038
31811,1060.651,0.98,1,-0.417902,0.385251,-0.822763,-0.541969,0.448827,-0.71051,-0.559,0.498,0.401,0.53,0.038
31812,1060.684,0.98,1,-0.426361,0.394199,-0.81414,-0.549051,0.431969,-0.715504,-0.568,0.495,0.398,0.516,0.039
31813,1060.718,0.98,1,-0.436506,0.415265,-0.798134,-0.554125,0.420408,-0.718472,-0.579,0.504,0.398,0.509,0.036
31814,1060.751,0.98,1,-0.398229,0.473161,-0.785832,-0.540239,0.413903,-0.732684,-0.554,0.529,0.399,0.505,0.037
31815,1060.784,0.98,1,-0.420831,0.430494,-0.798484,-0.467368,0.543885,-0.696962,-0.536,0.577,0.365,0.467,0.05
31816,1060.818,0.98,1,-0.415782,0.42343,-0.80488,-0.441837,0.551836,-0.707288,-0.516,0.573,0.365,0.459,0.05
31817,1060.851,0.98,1,-0.41634,0.423046,-0.804794,-0.443107,0.551017,-0.707133,-0.517,0.572,0.363,0.453,0.051
31818,1060.884,0.98,1,-0.424282,0.423718,-0.80028,-0.441666,0.557648,-0.702823,-0.523,0.578,0.367,0.451,0.051
31819,1060.918,0.98,1,-0.42767,0.422639,-0.799046,-0.457968,0.535355,-0.70969,-0.531,0.566,0.363,0.446,0.052
31820,1060.951,0.98,1,-0.422472,0.415043,-0.805764,-0.463839,0.530683,-0.709387,-0.529,0.558,0.36,0.442,0.058
31821,1060.984,0.98,1,-0.428178,0.403817,-0.808452,-0.463546,0.529675,-0.710331,-0.531,0.551,0.36,0.439,0.06
31822,1061.018,0.93,1,-0.433346,0.411194,-0.801954,-0.46316,0.532193,-0.708698,-0.536,0.558,0.362,0.44,0.062
31823,1061.051,0.98,1,-0.432792,0.414609,-0.800494,-0.470979,0.532673,-0.703163,-0.541,0.562,0.364,0.434,0.064
31824,1061.084,0.93,1,-0.437941,0.4121,-0.798988,-0.46883,0.541939,-0.697496,-0.545,0.568,0.369,0.436,0.065
31825,1061.118,0.98,1,-0.438278,0.405145,-0.802353,-0.469967,0.536027,-0.701289,-0.543,0.559,0.371,0.434,0.066
31826,1061.151,0.98,1,-0.439961,0.384476,-0.81155,-0.475892,0.537325,-0.696282,-0.546,0.549,0.374,0.432,0.068
31827,1061.185,0.98,1,-0.446399,0.390758,-0.805007,-0.471127,0.536785,-0.699929,-0.548,0.552,0.377,0.431,0.067
31828,1061.218,0.98,1,-0.443333,0.405772,-0.799253,-0.474073,0.528571,-0.704179,-0.548,0.556,0.38,0.43,0.068
31829,1061.251,0.98,1,-0.444837,0.408975,-0.79678,-0.465837,0.543554,-0.698245,-0.547,0.567,0.385,0.435,0.067
31830,1061.285,0.93,1,-0.360363,0.473904,-0.803463,-0.439325,0.546202,-0.713201,-0.485,0.592,0.39,0.437,0.072
31831,1061.318,0.98,1,-0.273374,0.411772,-0.869316,-0.428086,0.564873,-0.705451,-0.419,0.555,0.4,0.425,0.081
31832,1061.351,0.98,1,-0.198274,0.463935,-0.863395,-0.406957,0.55308,-0.726972,-0.364,0.569,0.417,0.398,0.093
31833,1061.385,0.98,1,-0.188216,0.471499,-0.861547,-0.39177,0.554765,-0.733998,-0.349,0.572,0.447,0.366,0.099
31834,1061.418,0.93,1,-0.087649,0.613581,-0.784752,-0.393199,0.59298,-0.702687,-0.313,0.682,0.456,0.318,0.106
31835,1061.451,0.93,1,-0.093876,0.617731,-0.780766,-0.384443,0.613378,-0.689906,-0.314,0.697,0.464,0.298,0.105
31836,1061.485,0.93,1,-0.114355,0.656556,-0.745558,-0.41062,0.611166,-0.676659,-0.354,0.728,0.503,0.294,0.099
31837,1061.518,0.93,1,-0.149483,0.673328,-0.724075,-0.421995,0.606562,-0.673797,-0.388,0.741,0.532,0.288,0.1
31838,1061.551,0.98,1,-0.156759,0.679425,-0.716804,-0.408557,0.611597,-0.677518,-0.385,0.747,0.572,0.29,0.101
31839,1061.585,0.98,1,-0.159825,0.67764,-0.717816,-0.426713,0.614874,-0.663209,-0.402,0.752,0.613,0.297,0.101
31840,1061.618,0.98,1,-0.146363,0.663438,-0.733776,-0.440663,0.627397,-0.642019,-0.403,0.754,0.636,0.298,0.103
31841,1061.651,0.98,1,-0.13707,0.634778,-0.76044,-0.429166,0.615162,-0.661357,-0.379,0.721,0.659,0.304,0.103
31842,1061.685,0.98,1,-0.178008,0.653089,-0.736062,-0.397392,0.621113,-0.675499,-0.387,0.734,0.662,0.306,0.107
31843,1061.718,0.98,1,-0.25938,0.60377,-0.753779,-0.371886,0.619547,-0.691276,-0.412,0.702,0.703,0.32,0.092
31844,1061.751,0.98,1,-0.269969,0.603184,-0.750524,-0.400652,0.613156,-0.680821,-0.438,0.704,0.684,0.327,0.101
31845,1061.785,0.98,1,-0.26512,0.597885,-0.756468,-0.420314,0.589174,-0.690079,-0.443,0.687,0.665,0.335,0.109
31846,1061.818,0.98,1,-0.265409,0.594863,-0.758746,-0.433513,0.575093,-0.693783,-0.448,0.678,0.644,0.345,0.125
31847,1061.851,0.98,1,-0.268332,0.586333,-0.764337,-0.440129,0.566567,-0.696626,-0.452,0.668,0.631,0.353,0.13
31848,1061.885,0.98,1,-0.27064,0.593533,-0.75794,-0.445734,0.559707,-0.698605,-0.457,0.67,0.63,0.364,0.127
31849,1061.918,0.98,1,-0.286837,0.572265,-0.768269,-0.462723,0.55837,-0.688557,-0.475,0.66,0.626,0.365,0.138
31850,1061.951,0.98,1,-0.330475,0.56449,-0.756398,-0.483107,0.569649,-0.664912,-0.52,0.673,0.625,0.362,0.141
31851,1061.985,0.93,1,-0.332259,0.552948,-0.764103,-0.496121,0.569555,-0.65534,-0.528,0.669,0.635,0.361,0.131
31852,1062.018,0.88,1,-0.408329,0.43682,-0.801534,-0.499339,0.560012,-0.661095,-0.555,0.598,0.653,0.361,0.117
31853,1062.051,0.88,1,-0.404834,0.426234,-0.808971,-0.496358,0.559215,-0.664009,-0.549,0.59,0.667,0.359,0.101
31854,1062.085,0.88,1,-0.387348,0.412975,-0.824265,-0.487392,0.550205,-0.678029,-0.527,0.57,0.679,0.355,0.085
31855,1062.118,0.88,1,-0.361668,0.414613,-0.83504,-0.487165,0.55589,-0.673541,-0.513,0.572,0.704,0.354,0.059
31856,1062.151,0.88,1,-0.356791,0.420011,-0.83444,-0.484916,0.561357,-0.670623,-0.51,0.578,0.752,0.362,0.025
31857,1062.185,0.88,1,-0.375594,0.432859,-0.819489,-0.487192,0.576154,-0.65627,-0.529,0.6,0.791,0.364,-0.003
31858,1062.218,0.88,1,-0.374371,0.440831,-0.815791,-0.469544,0.576182,-0.668986,-0.517,0.601,0.787,0.354,-0.011
31859,1062.251,0.88,1,-0.23891,0.639924,-0.730356,-0.456682,0.643606,-0.614176,-0.477,0.762,0.822,0.35,-0.033
31860,1062.285,0.88,1,-0.212339,0.664834,-0.716176,-0.458754,0.667919,-0.586029,-0.476,0.797,0.878,0.345,-0.063
31861,1062.318,0.88,1,-0.211989,0.649958,-0.729805,-0.437657,0.610853,-0.659784,-0.437,0.737,0.921,0.34,-0.089
31862,1062.352,0.88,1,-0.205268,0.656546,-0.725818,-0.478288,0.649866,-0.590691,-0.479,0.782,0.928,0.331,-0.099
31863,1062.385,0.88,1,-0.200133,0.643282,-0.73901,-0.435068,0.616556,-0.656182,-0.427,0.734,0.935,0.325,-0.108
31864,1062.418,0.88,1,-0.182626,0.643748,-0.743126,-0.431064,0.613555,-0.661614,-0.412,0.73,0.935,0.318,-0.114
31865,1062.452,0.88,1,-0.182759,0.629391,-0.755292,-0.43581,0.612322,-0.659645,-0.412,0.72,0.931,0.311,-0.119
31866,1062.485,0.88,1,-0.229226,0.630183,-0.741839,-0.431018,0.615335,-0.65999,-0.44,0.726,0.926,0.306,-0.124
31867,1062.518,0.88,1,-0.254492,0.618406,-0.743511,-0.425399,0.614718,-0.664197,-0.45,0.719,0.919,0.301,-0.127
31868,1062.552,0.88,1,-0.260668,0.606421,-0.751203,-0.423901,0.615718,-0.664228,-0.45,0.712,0.917,0.296,-0.135
31869,1062.585,0.88,1,-0.252594,0.607234,-0.753301,-0.408098,0.632006,-0.658805,-0.438,0.72,0.92,0.293,-0.144
31870,1062.618,0.88,1,-0.265891,0.599906,-0.754596,-0.390795,0.647781,-0.653957,-0.436,0.725,0.92,0.289,-0.15
31871,1062.652,0.88,1,-0.251267,0.590214,-0.767145,-0.426133,0.615791,-0.66273,-0.442,0.701,0.919,0.285,-0.152
31872,1062.685,0.88,1,-0.215286,0.593955,-0.775158,-0.389005,0.6343,-0.668086,-0.397,0.705,0.924,0.282,-0.159
31873,1062.718,0.88,1,-0.210089,0.578274,-0.788328,-0.40428,0.624516,-0.668235,-0.399,0.69,0.919,0.281,-0.164
31874,1062.752,0.88,1,-0.220606,0.578449,-0.785321,-0.398824,0.630519,-0.665872,-0.403,0.695,0.92,0.279,-0.169
31875,1062.785,0.88,1,-0.237224,0.574037,-0.783713,-0.380281,0.63971,-0.66795,-0.402,0.696,0.913,0.283,-0.175
31876,1062.818,0.88,1,-0.244458,0.566525,-0.78695,-0.378854,0.641472,-0.66707,-0.405,0.693,0.901,0.283,-0.176
31877,1062.852,0.88,1,-0.240736,0.555951,-0.795591,-0.38757,0.631541,-0.671525,-0.405,0.68,0.888,0.286,-0.177
31878,1062.885,0.88,1,-0.25161,0.569662,-0.782418,-0.407532,0.60789,-0.681459,-0.423,0.677,0.886,0.289,-0.178
31879,1062.918,0.88,1,-0.251333,0.56992,-0.782319,-0.401191,0.609287,-0.68397,-0.419,0.677,0.888,0.29,-0.177
31880,1062.952,0.88,1,-0.275509,0.568347,-0.775292,-0.393672,0.618249,-0.680287,-0.431,0.684,0.879,0.289,-0.174
31881,1062.985,0.88,1,-0.292639,0.563964,-0.772209,-0.398437,0.624486,-0.671762,-0.446,0.689,0.87,0.291,-0.17
31882,1063.018,0.88,1,-0.313247,0.556782,-0.769331,-0.437592,0.616099,-0.654932,-0.485,0.689,0.848,0.293,-0.162
31883,1063.052,0.88,1,-0.324513,0.524576,-0.787091,-0.460307,0.592839,-0.660802,-0.497,0.657,0.842,0.297,-0.157
31884,1063.085,0.88,1,-0.314808,0.457811,-0.831448,-0.457425,0.579601,-0.674407,-0.474,0.603,0.834,0.299,-0.151
31885,1063.118,0.88,1,-0.302501,0.471142,-0.828564,-0.461603,0.585281,-0.666609,-0.472,0.615,0.832,0.302,-0.149
31886,1063.152,0.88,1,-0.315638,0.463502,-0.827972,-0.463544,0.576877,-0.672563,-0.479,0.606,0.818,0.303,-0.142
31887,1063.185,0.88,1,-0.329561,0.465977,-0.82113,-0.446138,0.576645,-0.684428,-0.476,0.606,0.798,0.307,-0.132
31888,1063.218,0.88,1,-0.302732,0.469448,-0.829441,-0.442536,0.619208,-0.648647,-0.467,0.635,0.765,0.309,-0.121
31889,1063.252,0.88,1,-0.318283,0.474918,-0.820456,-0.434268,0.613414,-0.659647,-0.47,0.634,0.744,0.309,-0.11
31890,1063.285,0.88,1,-0.317716,0.454839,-0.831972,-0.427372,0.591319,-0.683882,-0.457,0.604,0.691,0.314,-0.089
31891,1063.318,0.88,1,-0.323089,0.414764,-0.850638,-0.441701,0.565299,-0.696662,-0.459,0.565,0.656,0.325,-0.077
31892,1063.352,0.93,1,-0.321841,0.396568,-0.859739,-0.451947,0.549582,-0.702641,-0.46,0.545,0.609,0.325,-0.057
31893,1063.385,0.98,1,-0.312269,0.376594,-0.872161,-0.432777,0.541883,-0.720462,-0.438,0.523,0.568,0.321,-0.038
31894,1063.419,0.98,1,-0.308245,0.365653,-0.878227,-0.416145,0.5233,-0.743627,-0.42,0.501,0.54,0.32,-0.025
31895,1063.452,0.98,1,-0.303791,0.353414,-0.884765,-0.394102,0.528038,-0.752236,-0.403,0.494,0.521,0.319,-0.015
31896,1063.485,0.98,1,-0.296319,0.314864,-0.901696,-0.360332,0.483926,-0.797481,-0.369,0.439,0.524,0.33,-0.015
32146,1071.821,0.93,1,-0.269691,0.271895,-0.923764,-0.448323,0.491825,-0.746401,-0.406,0.429,0.21,0.546,-0.035
32308,1077.223,0.98,1,0.011991,0.399513,-0.916649,-0.279364,0.373409,-0.884603,-0.147,0.405,0.014,0.138,0.02
32309,1077.256,0.98,1,-0.065428,0.334036,-0.940287,-0.235706,0.437167,-0.867944,-0.165,0.403,0.027,0.154,0.016
32310,1077.289,0.98,1,-0.182048,0.419246,-0.889433,-0.352325,0.385554,-0.852769,-0.298,0.433,0.038,0.187,0.012
32311,1077.323,0.98,1,-0.208992,0.390363,-0.896626,-0.296284,0.405306,-0.864837,-0.279,0.424,0.054,0.215,0.006
32312,1077.356,0.98,1,-0.218162,0.123861,-0.96802,-0.332014,0.40436,-0.852209,-0.294,0.282,0.074,0.259,-0.003
32313,1077.389,0.98,1,-0.221432,0.136996,-0.965505,-0.348422,0.416542,-0.839699,-0.306,0.298,0.096,0.305,-0.009
32314,1077.423,0.98,1,-0.231768,0.150146,-0.961114,-0.3868,0.422674,-0.819593,-0.334,0.311,0.12,0.347,-0.011
32331,1077.99,0.98,1,-0.342862,0.351456,-0.871163,-0.504719,0.393161,-0.768559,-0.477,0.426,0.269,0.552,-0.109
32341,1078.323,0.98,1,-0.511936,0.372923,-0.773854,-0.671119,0.252778,-0.696924,-0.677,0.402,0.309,0.725,-0.169
32342,1078.356,0.98,1,-0.518681,0.370296,-0.770617,-0.690783,0.277793,-0.66757,-0.699,0.423,0.335,0.754,-0.192
32343,1078.39,0.98,1,-0.502667,0.397899,-0.767465,-0.70636,0.292229,-0.644715,-0.708,0.455,0.365,0.753,-0.208
32361,1078.99,0.88,1,-0.623177,0.297129,-0.723439,-0.683365,0.304196,-0.663684,-0.755,0.409,0.612,1.347,-0.412
32462,1082.358,0.98,1,-0.135768,0.391216,-0.910229,-0.367797,0.383535,-0.847129,-0.279,0.415,0.028,0.355,-0.04
32515,1084.125,0.88,1,0.771465,0.310786,-0.555207,0.698999,0.278173,-0.658802,0.881,0.452,0.631,-1.033,0.75
32516,1084.158,0.88,1,0.757905,0.34642,-0.552787,0.690671,0.309626,-0.653533,0.876,0.498,0.708,-1.005,0.837
32517,1084.191,0.88,1,0.74119,0.364121,-0.563962,0.67574,0.325431,-0.661415,0.858,0.513,0.716,-0.976,0.851
32518,1084.225,0.88,1,0.727382,0.369286,-0.578398,0.663819,0.330504,-0.670903,0.839,0.511,0.694,-0.954,0.84
32519,1084.258,0.88,1,0.717333,0.35405,-0.600068,0.651797,0.314153,-0.690267,0.815,0.478,0.635,-0.943,0.814
32520,1084.291,0.88,1,0.700231,0.347307,-0.623742,0.633065,0.305326,-0.71134,0.785,0.455,0.582,-0.925,0.796
32521,1084.325,0.93,1,0.698622,0.330813,-0.634421,0.631832,0.286149,-0.720352,0.776,0.427,0.552,-0.919,0.785
32556,1085.492,0.98,1,0.547468,0.387682,-0.741608,0.482499,0.305518,-0.820886,0.583,0.418,0.511,-0.725,1.019
32557,1085.525,0.98,1,0.526523,0.411555,-0.743906,0.470914,0.331196,-0.817649,0.568,0.444,0.554,-0.702,1.064
32558,1085.558,0.98,1,0.515965,0.433247,-0.73897,0.469807,0.354767,-0.808345,0.567,0.471,0.601,-0.696,1.111
32559,1085.592,0.98,1,0.510909,0.454638,-0.729573,0.473929,0.379816,-0.794437,0.574,0.501,0.678,-0.694,1.171
32560,1085.625,0.98,1,0.507123,0.470142,-0.722352,0.468382,0.394108,-0.790757,0.573,0.519,0.716,-0.691,1.201
32561,1085.659,0.98,1,0.505095,0.474867,-0.720681,0.467306,0.399841,-0.788512,0.572,0.525,0.73,-0.689,1.214
32562,1085.692,0.98,1,0.491419,0.486589,-0.722315,0.439284,0.40454,-0.802108,0.548,0.529,0.704,-0.661,1.184
32563,1085.725,0.98,1,0.47935,0.466484,-0.743382,0.424761,0.380993,-0.821232,0.524,0.496,0.648,-0.628,1.146
32564,1085.759,0.98,1,0.449174,0.464323,-0.763313,0.387145,0.378315,-0.840831,0.481,0.484,0.626,-0.573,1.11
32565,1085.792,0.82,1,0.437422,0.483275,-0.758358,0.375622,0.397888,-0.837014,0.471,0.505,0.657,-0.544,1.117
32650,1088.626,0.88,1,0.068955,0.34009,-0.937861,-0.223131,0.408654,-0.884994,-0.084,0.39,0.232,0.281,0.131
32651,1088.659,0.77,1,0.062255,0.373288,-0.925624,-0.23212,0.430936,-0.872017,-0.094,0.421,0.269,0.306,0.125
32673,1089.393,0.98,1,0.658029,0.378186,-0.651132,0.603307,0.308018,-0.735626,0.738,0.459,0.622,-0.877,1.048
32674,1089.426,0.98,1,0.65978,0.38305,-0.646501,0.606189,0.313588,-0.730888,0.743,0.468,0.647,-0.881,1.065
32675,1089.46,0.98,1,0.662627,0.380918,-0.644847,0.60984,0.311603,-0.728696,0.747,0.467,0.652,-0.886,1.072
32676,1089.493,0.98,1,0.665031,0.389926,-0.63694,0.611215,0.319573,-0.724078,0.753,0.481,0.678,-0.892,1.096
32677,1089.526,0.98,1,0.664014,0.401086,-0.631043,0.610208,0.332624,-0.719032,0.757,0.498,0.694,-0.894,1.11
32678,1089.56,0.98,1,0.667182,0.40782,-0.623338,0.614652,0.341546,-0.71102,0.765,0.512,0.706,-0.903,1.116
32679,1089.593,0.98,1,0.67295,0.408902,-0.616391,0.619997,0.343022,-0.705649,0.774,0.517,0.706,-0.911,1.104
32680,1089.626,0.98,1,0.676895,0.413242,-0.609134,0.621776,0.347619,-0.701823,0.781,0.526,0.712,-0.915,1.097
32681,1089.66,0.98,1,0.679368,0.410119,-0.60849,0.625076,0.34615,-0.699614,0.784,0.524,0.71,-0.918,1.089
32682,1089.693,0.98,1,0.684373,0.407539,-0.604604,0.629107,0.34414,-0.696987,0.79,0.524,0.712,-0.924,1.084
32683,1089.726,0.98,1,0.687272,0.406374,-0.602094,0.631542,0.343007,-0.695342,0.794,0.524,0.713,-0.93,1.083
32684,1089.76,0.98,1,0.689687,0.402695,-0.601804,0.633569,0.339924,-0.695012,0.795,0.52,0.71,-0.935,1.077
32685,1089.793,0.98,1,0.694507,0.398679,-0.598928,0.638909,0.336851,-0.691612,0.802,0.518,0.713,-0.946,1.079
32686,1089.826,0.98,1,0.701558,0.389963,-0.596444,0.644327,0.328512,-0.690596,0.808,0.509,0.708,-0.961,1.071
32687,1089.86,0.93,1,0.71295,0.390143,-0.582658,0.654816,0.330225,-0.679829,0.825,0.519,0.731,-0.988,1.085
32688,1089.893,0.93,1,0.721266,0.393608,-0.569955,0.661388,0.330768,-0.67317,0.838,0.528,0.714,-0.995,1.045
32689,1089.926,0.93,1,0.716516,0.402605,-0.569662,0.666671,0.347352,-0.659467,0.844,0.548,0.736,-0.994,1.044
32690,1089.96,0.93,1,0.738207,0.399873,-0.543279,0.69808,0.344213,-0.627855,0.887,0.566,0.78,-1.034,1.078
32691,1089.993,0.88,1,0.75478,0.393826,-0.524603,0.720302,0.335519,-0.607117,0.916,0.572,0.834,-1.059,1.138
32692,1090.026,0.88,1,0.771979,0.36679,-0.519147,0.750553,0.306309,-0.585529,0.943,0.547,0.954,-1.109,1.306
32693,1090.06,0.88,1,0.785272,0.37054,-0.496032,0.770838,0.305041,-0.559248,0.975,0.569,1.172,-1.14,1.529
32694,1090.093,0.98,1,0.791484,0.395798,-0.465723,0.781792,0.327796,-0.530426,1.006,0.628,1.378,-1.12,1.698
32695,1090.127,0.98,1,0.791188,0.413306,-0.450777,0.78768,0.361708,-0.498726,1.029,0.685,1.635,-1.075,1.872
32723,1091.06,0.98,1,0.743326,0.30585,-0.594913,0.683949,0.256541,-0.682935,0.841,0.415,0.67,-0.991,0.923
32746,1091.827,0.88,1,0.71294,0.384201,-0.586606,0.680235,0.326157,-0.656431,0.842,0.519,0.851,-0.945,1.166
32747,1091.86,0.88,1,0.717151,0.399979,-0.570711,0.694386,0.343988,-0.632061,0.865,0.554,0.941,-0.967,1.259
32748,1091.894,0.98,1,0.717434,0.416913,-0.558097,0.698669,0.366262,-0.614584,0.879,0.589,1.072,-0.987,1.394
32749,1091.927,0.98,1,0.715961,0.444149,-0.538639,0.697798,0.399511,-0.594533,0.895,0.64,1.194,-0.986,1.493
32750,1091.96,0.98,1,0.723327,0.448941,-0.524643,0.711003,0.404427,-0.57525,0.917,0.66,1.295,-0.993,1.586
32751,1091.994,0.98,1,0.739124,0.445151,-0.505506,0.729313,0.398795,-0.555936,0.945,0.672,1.385,-1.007,1.669
32752,1092.027,0.98,1,0.744714,0.443476,-0.498728,0.737088,0.396683,-0.547123,0.956,0.677,1.423,-1.012,1.707
32753,1092.06,0.98,1,0.749934,0.442993,-0.491279,0.74331,0.397824,-0.537798,0.967,0.685,1.46,-1.018,1.733
32754,1092.094,0.98,1,0.751027,0.448221,-0.484826,0.743885,0.403763,-0.532551,0.973,0.697,1.473,-1.018,1.734
32755,1092.127,0.98,1,0.750932,0.453818,-0.47974,0.742902,0.412879,-0.526903,0.978,0.711,1.476,-1.017,1.715
32756,1092.16,0.98,1,0.761912,0.453553,-0.462363,0.755199,0.417124,-0.50565,1.003,0.733,1.491,-1.028,1.701
32757,1092.194,0.98,1,0.768576,0.448371,-0.456348,0.760192,0.412554,-0.501905,1.011,0.732,1.495,-1.038,1.683
32758,1092.227,0.98,1,0.775009,0.441826,-0.45183,0.766501,0.40818,-0.495849,1.02,0.731,1.502,-1.047,1.668
32759,1092.26,0.98,1,0.782431,0.433951,-0.446642,0.773668,0.402291,-0.489489,1.029,0.729,1.524,-1.054,1.669
32760,1092.294,0.98,1,0.789503,0.429686,-0.438242,0.782138,0.399815,-0.477921,1.043,0.736,1.568,-1.063,1.698
32761,1092.327,0.98,1,0.797951,0.42266,-0.429689,0.793187,0.394312,-0.464083,1.059,0.741,1.645,-1.075,1.762
32762,1092.361,0.98,1,0.802334,0.422173,-0.421935,0.799719,0.397318,-0.450098,1.072,0.754,1.72,-1.078,1.834
32763,1092.394,0.98,1,0.805276,0.42177,-0.416702,0.804604,0.398775,-0.439989,1.082,0.764,1.795,-1.07,1.903
32764,1092.427,0.98,1,0.807346,0.421118,-0.413344,0.808874,0.398611,-0.432242,1.089,0.77,1.851,-1.058,1.96
32765,1092.461,0.93,1,0.804639,0.422449,-0.417245,0.808197,0.400235,-0.432006,1.086,0.77,1.901,-1.042,2.01
32766,1092.494,0.98,1,0.798175,0.434688,-0.417088,0.802199,0.413707,-0.430492,1.084,0.786,1.938,-1.022,2.056
32767,1092.527,0.98,1,0.802747,0.436145,-0.406663,0.80443,0.413874,-0.426146,1.093,0.796,1.97,-1.004,2.088
32768,1092.561,0.93,1,0.789081,0.4448,-0.423679,0.782062,0.423481,-0.457213,1.06,0.778,1.804,-1.018,1.919
32769,1092.594,0.93,1,0.793473,0.442788,-0.41754,0.790929,0.421827,-0.443276,1.073,0.788,1.881,-1.016,1.996
32770,1092.627,0.98,1,0.797424,0.439559,-0.413404,0.797008,0.420006,-0.434019,1.082,0.793,1.942,-1.006,2.055
32771,1092.661,0.98,1,0.795438,0.442976,-0.413582,0.7966,0.424705,-0.430178,1.083,0.799,1.985,-0.983,2.098
32772,1092.694,0.98,1,0.786191,0.449551,-0.424036,0.788944,0.434634,-0.434351,1.072,0.8,2.001,-0.96,2.109
32773,1092.727,0.98,1,0.777165,0.456586,-0.433064,0.781367,0.443307,-0.439255,1.061,0.801,1.999,-0.943,2.102
32774,1092.761,0.98,1,0.77184,0.461054,-0.437827,0.776847,0.449727,-0.440742,1.055,0.803,1.992,-0.935,2.091
32775,1092.794,0.98,1,0.768106,0.464972,-0.440244,0.772357,0.453948,-0.444293,1.05,0.804,1.97,-0.934,2.072
32776,1092.827,0.98,1,0.766882,0.460225,-0.447309,0.769919,0.446497,-0.455922,1.039,0.787,1.939,-0.945,2.043
32777,1092.861,0.98,1,0.767944,0.460214,-0.445495,0.769119,0.446978,-0.456801,1.04,0.788,1.918,-0.961,2.024
32778,1092.894,0.98,1,0.77823,0.457748,-0.429913,0.774242,0.439153,-0.455734,1.052,0.792,1.875,-0.988,1.989
32779,1092.927,0.98,1,0.788439,0.450184,-0.419164,0.779032,0.427695,-0.458461,1.06,0.786,1.794,-1.027,1.915
32780,1092.961,0.93,1,0.793503,0.443325,-0.416911,0.781282,0.414397,-0.466769,1.059,0.77,1.665,-1.06,1.804
32781,1092.994,0.93,1,0.784759,0.450811,-0.42535,0.767642,0.418728,-0.485172,1.04,0.762,1.508,-1.078,1.676
32782,1093.027,0.93,1,0.768498,0.446806,-0.458011,0.745012,0.413825,-0.523169,0.996,0.72,1.31,-1.084,1.522
32783,1093.061,0.98,1,0.757731,0.440468,-0.481489,0.722892,0.402346,-0.561733,0.957,0.68,1.155,-1.07,1.388
32784,1093.094,0.98,1,0.746372,0.43942,-0.499839,0.70236,0.398521,-0.589806,0.926,0.656,1.028,-1.044,1.281
32785,1093.127,0.98,1,0.737576,0.425409,-0.524413,0.691057,0.378027,-0.616065,0.897,0.614,0.906,-1.032,1.187
32786,1093.161,0.88,1,0.72359,0.401809,-0.561219,0.676337,0.344902,-0.650854,0.857,0.552,0.748,-0.999,1.049
32787,1093.194,0.93,1,0.702773,0.39862,-0.589247,0.658235,0.340214,-0.671552,0.824,0.53,0.678,-0.967,0.987
32788,1093.227,0.93,1,0.691742,0.4011,-0.600509,0.646222,0.343823,-0.68131,0.807,0.526,0.664,-0.954,0.978
32789,1093.261,0.88,1,0.699756,0.412255,-0.583427,0.647448,0.35415,-0.674825,0.82,0.547,0.699,-0.969,1.008
32790,1093.294,0.93,1,0.711149,0.409012,-0.571818,0.659827,0.349025,-0.66544,0.837,0.55,0.735,-0.986,1.026
32791,1093.327,0.93,1,0.730291,0.396121,-0.556564,0.685959,0.341628,-0.642457,0.868,0.552,0.761,-1.014,1.023
32792,1093.361,0.93,1,0.735667,0.386199,-0.556457,0.695441,0.331591,-0.637503,0.875,0.541,0.742,-1.02,0.999
32793,1093.394,0.93,1,0.740103,0.378709,-0.555722,0.707289,0.327958,-0.626247,0.886,0.539,0.747,-1.034,0.994
32794,1093.428,0.93,1,0.757012,0.3631,-0.543223,0.726614,0.312133,-0.61205,0.909,0.529,0.748,-1.047,0.98
32795,1093.461,0.98,1,0.763329,0.360267,-0.536224,0.728417,0.311568,-0.610192,0.916,0.53,0.756,-1.058,0.973
32796,1093.494,0.98,1,0.762977,0.360124,-0.536821,0.727544,0.313903,-0.610036,0.915,0.531,0.763,-1.063,0.972
32797,1093.528,0.98,1,0.763466,0.367171,-0.531325,0.725552,0.322121,-0.608122,0.918,0.544,0.778,-1.066,0.984
32798,1093.561,0.98,1,0.761828,0.364908,-0.53522,0.723533,0.317775,-0.612796,0.913,0.536,0.758,-1.064,0.976
32799,1093.594,0.98,1,0.759756,0.355358,-0.54451,0.724337,0.307853,-0.616898,0.907,0.519,0.721,-1.064,0.96
32800,1093.628,0.98,1,0.760338,0.342547,-0.551859,0.72704,0.293249,-0.62082,0.903,0.497,0.688,-1.065,0.948
32801,1093.661,0.98,1,0.758572,0.328292,-0.562844,0.727103,0.279592,-0.627017,0.896,0.472,0.665,-1.067,0.936
32802,1093.694,0.98,1,0.7566,0.325943,-0.566849,0.724511,0.278118,-0.630662,0.891,0.467,0.668,-1.072,0.944
32803,1093.728,0.98,1,0.754901,0.327691,-0.568104,0.72173,0.282674,-0.631824,0.888,0.471,0.68,-1.078,0.957
32804,1093.761,0.98,1,0.748403,0.33138,-0.574527,0.718863,0.287856,-0.632752,0.882,0.474,0.691,-1.069,0.967
32805,1093.794,0.98,1,0.745132,0.339418,-0.574085,0.712998,0.294315,-0.636406,0.878,0.482,0.694,-1.06,0.966
32806,1093.828,0.98,1,0.743986,0.34341,-0.573196,0.712453,0.296538,-0.635984,0.878,0.487,0.703,-1.054,0.96
32807,1093.861,0.98,1,0.743908,0.347988,-0.57053,0.712936,0.301967,-0.632881,0.88,0.495,0.721,-1.05,0.96
32808,1093.894,0.98,1,0.742365,0.355207,-0.568086,0.713107,0.310017,-0.628783,0.883,0.507,0.742,-1.045,0.967
32809,1093.928,0.98,1,0.743563,0.366544,-0.559249,0.714389,0.321751,-0.621389,0.89,0.528,0.792,-1.047,1.003
32810,1093.961,0.88,1,0.743064,0.376552,-0.553231,0.717342,0.331983,-0.612542,0.897,0.546,0.843,-1.043,1.042
32811,1093.994,0.88,1,0.739181,0.387749,-0.550693,0.716704,0.345292,-0.605895,0.899,0.565,0.865,-1.026,1.055
32812,1094.028,0.93,1,0.737343,0.401312,-0.543391,0.705903,0.358184,-0.611069,0.896,0.582,0.903,-1.01,1.078
32813,1094.061,0.88,1,0.723213,0.411211,-0.554859,0.686983,0.361674,-0.630275,0.872,0.578,0.875,-0.977,1.058
32814,1094.094,0.88,1,0.707213,0.411789,-0.574699,0.66051,0.361657,-0.657975,0.837,0.56,0.801,-0.931,0.99
32815,1094.128,0.98,1,0.694143,0.404057,-0.595738,0.642822,0.357345,-0.677558,0.81,0.539,0.771,-0.9,0.945
32816,1094.161,0.98,1,0.680965,0.411811,-0.605556,0.629065,0.371402,-0.68289,0.794,0.546,0.786,-0.876,0.931
32817,1094.194,0.88,1,0.702723,0.398315,-0.589513,0.658699,0.35636,-0.662663,0.827,0.542,0.818,-0.898,0.95
32818,1094.228,0.88,1,0.704231,0.400997,-0.585884,0.658998,0.359033,-0.660922,0.83,0.547,0.795,-0.901,0.951
32819,1094.261,0.88,1,0.697146,0.41121,-0.587277,0.650481,0.368835,-0.663955,0.822,0.557,0.791,-0.891,0.965
32820,1094.294,0.82,1,0.688251,0.420747,-0.591001,0.643436,0.377029,-0.666213,0.814,0.565,0.793,-0.877,0.985
32821,1094.328,0.82,1,0.672964,0.433941,-0.599011,0.630698,0.3924,-0.669509,0.799,0.577,0.796,-0.861,1.006
32822,1094.361,0.82,1,0.67286,0.441894,-0.593287,0.633222,0.398492,-0.663501,0.805,0.589,0.826,-0.857,1.043
32823,1094.394,0.82,1,0.673536,0.453795,-0.583455,0.636013,0.41137,-0.652888,0.814,0.611,0.87,-0.856,1.09
32824,1094.428,0.82,1,0.668567,0.472103,-0.574576,0.635071,0.428664,-0.642598,0.82,0.637,0.93,-0.85,1.153
32825,1094.461,0.82,1,0.669078,0.477568,-0.569441,0.640386,0.435777,-0.632459,0.828,0.65,0.989,-0.858,1.219
32826,1094.494,0.88,1,0.672154,0.494732,-0.550863,0.646021,0.454774,-0.613056,0.847,0.684,1.062,-0.863,1.292
32827,1094.528,0.93,1,0.672195,0.505105,-0.541316,0.646877,0.462199,-0.606566,0.855,0.7,1.118,-0.867,1.337
32828,1094.561,0.93,1,0.682773,0.512225,-0.521005,0.660861,0.46983,-0.585254,0.882,0.726,1.178,-0.886,1.392
32829,1094.595,0.93,1,0.688875,0.523099,-0.501816,0.668334,0.481841,-0.566709,0.904,0.755,1.236,-0.891,1.443
32830,1094.628,0.93,1,0.688802,0.542546,-0.480828,0.665714,0.507708,-0.546861,0.922,0.796,1.293,-0.895,1.481
32831,1094.661,0.93,1,0.695364,0.540968,-0.473099,0.675874,0.511207,-0.530907,0.939,0.809,1.339,-0.902,1.516
32832,1094.695,0.93,1,0.696044,0.538103,-0.47536,0.681361,0.509387,-0.525615,0.942,0.808,1.364,-0.902,1.546
32833,1094.728,0.93,1,0.695923,0.536702,-0.477118,0.681609,0.506185,-0.52838,0.94,0.804,1.376,-0.901,1.565
32834,1094.761,0.93,1,0.693417,0.538119,-0.479166,0.679216,0.505667,-0.531946,0.936,0.801,1.373,-0.899,1.568
32835,1094.795,0.93,1,0.690147,0.536893,-0.485225,0.676793,0.503698,-0.53688,0.929,0.794,1.358,-0.897,1.563
32836,1094.828,0.93,1,0.691305,0.536941,-0.48352,0.677555,0.502825,-0.536736,0.93,0.795,1.347,-0.896,1.56
32837,1094.861,0.93,1,0.685816,0.543988,-0.483461,0.672995,0.509871,-0.535826,0.927,0.802,1.344,-0.887,1.564
32838,1094.895,0.93,1,0.681639,0.5444,-0.488873,0.671246,0.51009,-0.537807,0.922,0.799,1.345,-0.878,1.571
32839,1094.928,0.93,1,0.67295,0.552181,-0.492174,0.664083,0.519689,-0.53751,0.915,0.805,1.361,-0.866,1.587
32840,1094.961,0.93,1,0.666253,0.556942,-0.495906,0.659672,0.526755,-0.536061,0.909,0.81,1.371,-0.858,1.602
32841,1094.995,0.93,1,0.6576,0.559911,-0.504046,0.651859,0.530941,-0.541462,0.897,0.807,1.377,-0.851,1.609
32842,1095.028,0.93,1,0.657494,0.560796,-0.503199,0.652282,0.53194,-0.53997,0.898,0.809,1.386,-0.847,1.613
32843,1095.061,0.93,1,0.65445,0.560258,-0.507746,0.649137,0.532471,-0.543228,0.892,0.805,1.39,-0.851,1.619
32844,1095.095,0.93,1,0.654474,0.555018,-0.513438,0.649838,0.527343,-0.547376,0.888,0.795,1.39,-0.853,1.62
32845,1095.128,0.93,1,0.655162,0.5525,-0.515273,0.650099,0.523781,-0.550477,0.886,0.79,1.378,-0.855,1.611
32846,1095.161,0.93,1,0.657696,0.545664,-0.519314,0.651661,0.514375,-0.557455,0.883,0.778,1.349,-0.859,1.59
32847,1095.195,0.93,1,0.655998,0.545389,-0.521745,0.647501,0.513685,-0.562911,0.877,0.773,1.331,-0.864,1.579
32848,1095.228,0.93,1,0.658226,0.543558,-0.520849,0.646145,0.510204,-0.567616,0.875,0.769,1.311,-0.868,1.57
32849,1095.261,0.93,1,0.658903,0.541883,-0.521737,0.645374,0.508987,-0.569584,0.874,0.767,1.294,-0.872,1.56
32850,1095.295,0.93,1,0.661768,0.539136,-0.520956,0.646709,0.503481,-0.572952,0.874,0.761,1.276,-0.874,1.547
32851,1095.328,0.93,1,0.66189,0.539913,-0.519996,0.644483,0.503903,-0.575086,0.873,0.761,1.28,-0.87,1.545
32852,1095.361,0.93,1,0.660305,0.542375,-0.519448,0.642363,0.508047,-0.573811,0.873,0.765,1.289,-0.863,1.545
32853,1095.395,0.93,1,0.659092,0.547918,-0.515154,0.641727,0.515482,-0.56786,0.877,0.776,1.309,-0.856,1.555
32854,1095.428,0.93,1,0.654489,0.554978,-0.513461,0.637995,0.524997,-0.56333,0.876,0.787,1.332,-0.848,1.568
32855,1095.461,0.93,1,0.656843,0.554735,-0.510712,0.644514,0.529551,-0.551523,0.886,0.796,1.364,-0.842,1.584
32856,1095.495,0.93,1,0.661205,0.556722,-0.50286,0.649113,0.532199,-0.543522,0.897,0.805,1.408,-0.839,1.609
32857,1095.528,0.93,1,0.664452,0.56002,-0.494855,0.652424,0.536339,-0.535428,0.907,0.816,1.443,-0.836,1.631
32858,1095.561,0.93,1,0.667307,0.559574,-0.491507,0.655564,0.537631,-0.530272,0.913,0.821,1.467,-0.834,1.65
32859,1095.595,0.93,1,0.668415,0.560186,-0.489299,0.657163,0.539583,-0.526296,0.917,0.825,1.491,-0.835,1.672
32860,1095.628,0.93,1,0.672772,0.55924,-0.484384,0.662266,0.538215,-0.521276,0.925,0.829,1.509,-0.836,1.688
32861,1095.662,0.93,1,0.678218,0.559189,-0.476789,0.668682,0.538375,-0.512851,0.937,0.837,1.53,-0.839,1.711
32862,1095.695,0.93,1,0.679502,0.557827,-0.476556,0.67091,0.536395,-0.512015,0.939,0.836,1.546,-0.839,1.728
32863,1095.728,0.93,1,0.681941,0.557557,-0.473378,0.674066,0.536507,-0.507735,0.944,0.84,1.559,-0.84,1.742
32864,1095.762,0.93,1,0.678992,0.561406,-0.473068,0.672202,0.541729,-0.504653,0.944,0.846,1.577,-0.834,1.758
32865,1095.795,0.93,1,0.677738,0.562915,-0.473073,0.671283,0.543808,-0.503638,0.944,0.848,1.59,-0.829,1.769
32866,1095.828,0.93,1,0.676149,0.562293,-0.476077,0.671379,0.54396,-0.503347,0.942,0.846,1.597,-0.826,1.776
32867,1095.862,0.93,1,0.676739,0.563973,-0.473243,0.672003,0.545124,-0.501251,0.945,0.85,1.606,-0.824,1.788
32868,1095.895,0.93,1,0.6757,0.563719,-0.475027,0.670851,0.544282,-0.503702,0.942,0.847,1.608,-0.823,1.789
32869,1095.928,0.93,1,0.675147,0.564844,-0.474477,0.669686,0.54489,-0.504595,0.942,0.848,1.604,-0.823,1.789
32870,1095.962,0.93,1,0.677111,0.562639,-0.474298,0.672086,0.541277,-0.505292,0.943,0.845,1.603,-0.825,1.79
32871,1095.995,0.93,1,0.679713,0.562119,-0.471182,0.674858,0.540872,-0.502021,0.948,0.848,1.608,-0.83,1.799
32872,1096.028,0.93,1,0.682634,0.560517,-0.468863,0.678184,0.537315,-0.501356,0.951,0.847,1.609,-0.832,1.8
32873,1096.062,0.93,1,0.685507,0.558558,-0.467004,0.680387,0.533528,-0.502415,0.954,0.845,1.607,-0.839,1.799
32874,1096.095,0.93,1,0.689413,0.555875,-0.464449,0.683755,0.529254,-0.502364,0.957,0.843,1.601,-0.848,1.794
32875,1096.128,0.93,1,0.694185,0.554276,-0.459222,0.687878,0.529055,-0.496916,0.966,0.848,1.598,-0.858,1.793
32876,1096.162,0.93,1,0.698533,0.550985,-0.456582,0.691876,0.523953,-0.496771,0.97,0.845,1.585,-0.87,1.784
32877,1096.195,0.93,1,0.700113,0.549634,-0.455789,0.693358,0.523602,-0.495071,0.972,0.846,1.579,-0.878,1.78
32878,1096.228,0.93,1,0.698694,0.550677,-0.456707,0.691162,0.523727,-0.498001,0.969,0.844,1.554,-0.884,1.762
32879,1096.262,0.93,1,0.701083,0.544559,-0.460367,0.691672,0.514775,-0.506554,0.964,0.831,1.511,-0.901,1.722
32880,1096.295,0.93,1,0.707984,0.531086,-0.465517,0.69485,0.496981,-0.519801,0.958,0.807,1.445,-0.93,1.654
32881,1096.328,0.93,1,0.709728,0.502551,-0.493689,0.688266,0.471792,-0.551091,0.929,0.751,1.327,-0.954,1.519
32882,1096.362,0.93,1,0.716608,0.48462,-0.501614,0.681261,0.457167,-0.571736,0.916,0.72,1.237,-0.987,1.389
32883,1096.395,0.93,1,0.736917,0.459332,-0.495951,0.690524,0.433714,-0.578851,0.925,0.693,1.147,-1.025,1.259
32884,1096.428,0.93,1,0.756694,0.416586,-0.503856,0.702269,0.392344,-0.594041,0.926,0.635,1.005,-1.053,1.08
32885,1096.462,0.93,1,0.773737,0.365732,-0.517273,0.70612,0.342172,-0.61993,0.916,0.557,0.803,-1.062,0.858
32886,1096.495,0.93,1,0.773218,0.325033,-0.544507,0.690938,0.304329,-0.655735,0.884,0.483,0.626,-1.035,0.666
32887,1096.528,0.93,1,0.7745,0.319216,-0.546123,0.68935,0.30109,-0.658894,0.882,0.475,0.586,-1.023,0.604
32888,1096.562,0.93,1,0.773938,0.319722,-0.546624,0.6886,0.301806,-0.659351,0.881,0.476,0.57,-1.01,0.576
32889,1096.595,0.88,1,0.772753,0.320553,-0.547813,0.689577,0.301319,-0.658551,0.881,0.476,0.557,-1.002,0.559
32890,1096.628,0.98,1,0.756137,0.335101,-0.562107,0.666008,0.318387,-0.674584,0.855,0.486,0.562,-0.967,0.559
32891,1096.662,0.98,1,0.742789,0.346637,-0.572807,0.649856,0.326667,-0.686277,0.836,0.491,0.574,-0.942,0.582
32892,1096.695,0.93,1,0.74192,0.356072,-0.568127,0.647899,0.336208,-0.683514,0.838,0.505,0.599,-0.942,0.611
32893,1096.728,0.93,1,0.740382,0.36105,-0.56699,0.647054,0.339878,-0.682498,0.838,0.511,0.611,-0.942,0.63
32894,1096.762,0.93,1,0.741017,0.363055,-0.564876,0.647992,0.341833,-0.680629,0.84,0.515,0.618,-0.945,0.643
32895,1096.795,0.93,1,0.740399,0.367056,-0.563098,0.646869,0.346518,-0.679327,0.84,0.521,0.629,-0.945,0.66
32896,1096.829,0.88,1,0.735449,0.370718,-0.567171,0.64263,0.349469,-0.681834,0.834,0.523,0.634,-0.936,0.666
32897,1096.862,0.93,1,0.733831,0.373067,-0.567726,0.642476,0.351878,-0.68074,0.834,0.526,0.647,-0.937,0.682
32898,1096.895,0.93,1,0.730572,0.3707,-0.573451,0.641688,0.347083,-0.683937,0.829,0.519,0.647,-0.933,0.691
32899,1096.929,0.93,1,0.732493,0.367905,-0.5728,0.645651,0.343005,-0.682263,0.832,0.515,0.665,-0.94,0.717
32900,1096.962,0.98,1,0.732686,0.371727,-0.57008,0.650622,0.345475,-0.676267,0.837,0.522,0.705,-0.949,0.77
32901,1096.995,0.98,1,0.730873,0.382376,-0.565344,0.653055,0.352461,-0.670291,0.842,0.537,0.759,-0.952,0.846
32902,1097.029,0.98,1,0.722214,0.39762,-0.565954,0.650952,0.362351,-0.667056,0.839,0.552,0.797,-0.943,0.917
32903,1097.062,0.98,1,0.710435,0.417366,-0.566646,0.64383,0.37989,-0.664203,0.833,0.575,0.827,-0.937,0.986
32904,1097.095,0.93,1,0.7055,0.449182,-0.548183,0.64619,0.411698,-0.642606,0.849,0.626,0.911,-0.938,1.099
32905,1097.129,0.88,1,0.689494,0.478704,-0.543544,0.636547,0.438871,-0.634192,0.845,0.662,0.955,-0.91,1.17
32906,1097.162,0.88,1,0.673628,0.51299,-0.53204,0.631604,0.473947,-0.613556,0.85,0.711,1.038,-0.887,1.289
32907,1097.195,0.82,1,0.653063,0.542441,-0.528456,0.619484,0.505405,-0.60067,0.845,0.748,1.119,-0.85,1.383
32908,1097.229,0.88,1,0.63872,0.564789,-0.522542,0.61848,0.530434,-0.57976,0.851,0.782,1.225,-0.815,1.485
32909,1097.262,0.98,1,0.627533,0.579702,-0.519757,0.613809,0.547849,-0.568418,0.851,0.803,1.315,-0.792,1.56
32910,1097.295,0.98,1,0.627377,0.56892,-0.531722,0.608803,0.535939,-0.584918,0.836,0.78,1.316,-0.781,1.533
33071,1102.664,0.77,1,0.803919,0.289801,-0.519356,0.767283,0.217678,-0.603236,0.95,0.425,0.695,-1.172,1.127
33072,1102.697,0.93,1,0.801794,0.30968,-0.511101,0.773932,0.242379,-0.585048,0.963,0.467,0.713,-1.179,1.134
33073,1102.73,0.88,1,0.812738,0.298412,-0.500407,0.792986,0.232842,-0.56299,0.986,0.463,0.712,-1.207,1.14
33074,1102.764,0.88,1,0.822592,0.278736,-0.495629,0.803301,0.209852,-0.557378,0.996,0.434,0.683,-1.218,1.1
33075,1102.797,0.88,1,0.829452,0.266539,-0.490883,0.807425,0.196016,-0.556455,1.002,0.416,0.664,-1.219,1.053
33076,1102.83,0.88,1,0.827748,0.269113,-0.492353,0.805544,0.202106,-0.557003,1.0,0.422,0.687,-1.221,1.052
33077,1102.864,0.88,1,0.825805,0.27629,-0.491639,0.800477,0.211295,-0.560884,0.996,0.434,0.722,-1.219,1.073
33078,1102.897,0.88,1,0.823375,0.284702,-0.490916,0.797576,0.221667,-0.561013,0.995,0.449,0.756,-1.213,1.097
33079,1102.93,0.88,1,0.821159,0.295704,-0.488116,0.795312,0.235816,-0.558453,0.996,0.47,0.814,-1.208,1.138
33080,1102.964,0.98,1,0.818791,0.310461,-0.482904,0.795473,0.255033,-0.54971,1.002,0.501,0.871,-1.197,1.173
33081,1102.997,0.98,1,0.814773,0.327528,-0.478405,0.789794,0.275536,-0.548002,1.002,0.531,0.934,-1.184,1.211
33082,1103.03,0.98,1,0.811855,0.343731,-0.471954,0.784758,0.294589,-0.545319,1.004,0.56,0.984,-1.17,1.241
33083,1103.064,0.98,1,0.805497,0.357383,-0.472707,0.770546,0.310355,-0.556721,0.992,0.575,0.986,-1.148,1.22
33084,1103.097,0.98,1,0.793612,0.363992,-0.487534,0.747849,0.315871,-0.583907,0.963,0.565,0.905,-1.112,1.124
33085,1103.13,0.98,1,0.765137,0.376336,-0.522434,0.712896,0.331922,-0.617744,0.914,0.556,0.83,-1.052,1.01
33086,1103.164,0.93,1,0.754521,0.382215,-0.533488,0.698229,0.338236,-0.630929,0.895,0.554,0.82,-1.033,0.965
33087,1103.197,0.93,1,0.748913,0.379086,-0.543528,0.69382,0.336448,-0.636724,0.885,0.545,0.815,-1.033,0.957
33088,1103.23,0.93,1,0.750642,0.372309,-0.545823,0.694872,0.329101,-0.63941,0.884,0.534,0.791,-1.042,0.949
33089,1103.264,0.93,1,0.753499,0.367635,-0.545053,0.6972,0.320431,-0.641277,0.885,0.526,0.733,-1.044,0.916
33090,1103.297,0.98,1,0.75489,0.362438,-0.546607,0.700552,0.311437,-0.642054,0.886,0.516,0.706,-1.036,0.904
33091,1103.33,0.88,1,0.755527,0.372882,-0.538645,0.702503,0.319372,-0.635996,0.893,0.533,0.704,-1.035,0.926
33092,1103.364,0.88,1,0.751212,0.384957,-0.53618,0.701228,0.332349,-0.630732,0.894,0.551,0.716,-1.032,0.952
33093,1103.397,0.93,1,0.748158,0.388517,-0.537879,0.698165,0.33386,-0.633327,0.89,0.553,0.697,-1.026,0.94
33094,1103.43,0.93,1,0.752065,0.390342,-0.531065,0.698458,0.334955,-0.632425,0.895,0.557,0.683,-1.028,0.927
33095,1103.464,0.93,1,0.752092,0.388041,-0.532711,0.694912,0.333429,-0.63712,0.891,0.553,0.667,-1.022,0.909
33096,1103.497,0.93,1,0.753324,0.388248,-0.530817,0.694911,0.334506,-0.636557,0.892,0.554,0.668,-1.026,0.908
33097,1103.531,0.93,1,0.753836,0.387672,-0.530511,0.693597,0.334153,-0.638172,0.892,0.553,0.669,-1.032,0.913
33098,1103.564,0.93,1,0.753623,0.389315,-0.52961,0.693807,0.336569,-0.636674,0.893,0.557,0.678,-1.032,0.92
33099,1103.597,0.93,1,0.752388,0.392503,-0.529011,0.693962,0.339539,-0.634925,0.893,0.561,0.688,-1.031,0.93
33100,1103.631,0.93,1,0.752773,0.395311,-0.526367,0.694866,0.342571,-0.632302,0.896,0.567,0.701,-1.03,0.944
33101,1103.664,0.93,1,0.751364,0.396126,-0.527765,0.695553,0.343927,-0.630809,0.896,0.568,0.705,-1.028,0.951
33102,1103.697,0.93,1,0.748995,0.397569,-0.530043,0.694956,0.345329,-0.630701,0.894,0.569,0.703,-1.025,0.953
33103,1103.731,0.93,1,0.74828,0.398844,-0.530095,0.694296,0.3462,-0.630951,0.893,0.571,0.706,-1.025,0.958
33104,1103.764,0.93,1,0.746712,0.399736,-0.531631,0.693221,0.346634,-0.631893,0.891,0.57,0.71,-1.025,0.969
33105,1103.797,0.93,1,0.744547,0.40442,-0.531125,0.689985,0.352654,-0.632104,0.889,0.577,0.724,-1.026,0.985
33106,1103.831,0.98,1,0.74275,0.406981,-0.531685,0.689608,0.355585,-0.630873,0.889,0.581,0.73,-1.025,0.997
33107,1103.864,0.98,1,0.74052,0.408939,-0.533291,0.688681,0.358226,-0.63039,0.887,0.583,0.738,-1.022,1.005
33108,1103.897,0.98,1,0.737599,0.414324,-0.533182,0.686063,0.36278,-0.630641,0.885,0.589,0.738,-1.017,1.009
33109,1103.931,0.88,1,0.736693,0.415923,-0.53319,0.685721,0.364413,-0.630071,0.885,0.591,0.728,-1.018,1.006
33110,1103.964,0.88,1,0.740318,0.413394,-0.530127,0.68902,0.362262,-0.627708,0.89,0.59,0.73,-1.023,1.006
33111,1103.997,0.88,1,0.740219,0.413803,-0.529946,0.687799,0.362491,-0.628914,0.889,0.59,0.733,-1.023,1.006
33112,1104.031,0.88,1,0.742909,0.41288,-0.526893,0.688938,0.361147,-0.62844,0.892,0.59,0.752,-1.024,1.017
33113,1104.064,0.93,1,0.744496,0.412666,-0.524816,0.691322,0.361656,-0.625523,0.895,0.592,0.764,-1.028,1.023
33114,1104.097,0.93,1,0.743828,0.412349,-0.526012,0.689201,0.361763,-0.627798,0.893,0.591,0.767,-1.024,1.021
33115,1104.131,0.93,1,0.74179,0.413228,-0.528196,0.685646,0.363163,-0.630874,0.889,0.59,0.75,-1.021,1.008
33116,1104.164,0.93,1,0.740708,0.412224,-0.530493,0.6851,0.363123,-0.631489,0.887,0.588,0.74,-1.019,0.997
33117,1104.197,0.93,1,0.745089,0.407111,-0.528302,0.688978,0.359217,-0.629502,0.892,0.585,0.733,-1.024,0.984
33118,1104.231,0.93,1,0.752678,0.400899,-0.52226,0.697391,0.35466,-0.622785,0.902,0.583,0.741,-1.038,0.977
33119,1104.264,0.93,1,0.759338,0.393966,-0.517877,0.703615,0.3497,-0.618575,0.91,0.579,0.741,-1.049,0.964
33120,1104.297,0.93,1,0.764448,0.388543,-0.514445,0.707573,0.345711,-0.616299,0.916,0.576,0.73,-1.056,0.942
33121,1104.331,0.88,1,0.76833,0.380948,-0.514342,0.709842,0.338951,-0.617444,0.917,0.567,0.721,-1.057,0.924
33122,1104.364,0.88,1,0.770805,0.376037,-0.514253,0.711904,0.335566,-0.616918,0.919,0.562,0.714,-1.061,0.908
33123,1104.397,0.88,1,0.771379,0.369771,-0.517923,0.714301,0.330343,-0.616966,0.918,0.553,0.697,-1.058,0.88
33124,1104.431,0.88,1,0.770402,0.367527,-0.520965,0.715684,0.329234,-0.615956,0.918,0.55,0.687,-1.055,0.862
33125,1104.464,0.88,1,0.772934,0.359528,-0.522793,0.717636,0.320849,-0.618105,0.918,0.538,0.668,-1.056,0.84
33126,1104.497,0.88,1,0.774178,0.354659,-0.524276,0.71913,0.315539,-0.619102,0.917,0.53,0.656,-1.061,0.832
33127,1104.531,0.88,1,0.771838,0.356532,-0.526452,0.717088,0.316759,-0.620845,0.914,0.531,0.666,-1.055,0.836
33128,1104.564,0.88,1,0.772583,0.355221,-0.526244,0.718407,0.314569,-0.620433,0.915,0.529,0.677,-1.056,0.845
33129,1104.598,0.88,1,0.77435,0.355586,-0.523393,0.719285,0.312696,-0.620363,0.917,0.529,0.684,-1.06,0.858
33130,1104.631,0.88,1,0.768819,0.3609,-0.527891,0.714688,0.318679,-0.622627,0.911,0.534,0.679,-1.053,0.854
33131,1104.664,0.88,1,0.770488,0.355536,-0.529096,0.716177,0.311764,-0.624415,0.911,0.524,0.651,-1.054,0.83
33132,1104.698,0.88,1,0.766562,0.355181,-0.535004,0.715106,0.311186,-0.625929,0.906,0.521,0.633,-1.047,0.815
33133,1104.731,0.88,1,0.768459,0.345767,-0.538439,0.715473,0.30072,-0.630607,0.904,0.505,0.615,-1.047,0.793
33134,1104.764,0.88,1,0.767861,0.34725,-0.538338,0.714983,0.303759,-0.629706,0.904,0.508,0.618,-1.051,0.795
33135,1104.798,0.88,1,0.770968,0.338545,-0.53944,0.717903,0.293863,-0.631079,0.905,0.495,0.604,-1.053,0.78
33136,1104.831,0.88,1,0.775031,0.335596,-0.535446,0.719529,0.290424,-0.630818,0.908,0.493,0.6,-1.063,0.778
33137,1104.864,0.88,1,0.773989,0.334226,-0.537804,0.718575,0.289982,-0.632108,0.906,0.49,0.599,-1.065,0.77
33138,1104.898,0.88,1,0.773312,0.34298,-0.533248,0.719084,0.29923,-0.6272,0.91,0.505,0.659,-1.067,0.815
33139,1104.931,0.88,1,0.777007,0.359271,-0.516899,0.724554,0.315452,-0.61279,0.926,0.538,0.73,-1.082,0.886
33140,1104.964,0.88,1,0.784785,0.370985,-0.49647,0.736212,0.327849,-0.592036,0.95,0.571,0.832,-1.096,0.987
33141,1104.998,0.88,1,0.786933,0.368312,-0.495059,0.74464,0.323708,-0.583716,0.957,0.57,0.883,-1.096,1.029
33142,1105.031,0.88,1,0.787362,0.362594,-0.498584,0.749904,0.315858,-0.581272,0.958,0.561,0.883,-1.081,1.032
33143,1105.064,0.88,1,0.782431,0.363784,-0.505433,0.747275,0.317523,-0.583746,0.952,0.559,0.86,-1.07,1.018
33144,1105.098,0.93,1,0.776108,0.375299,-0.506761,0.742266,0.331966,-0.582099,0.949,0.576,0.881,-1.057,1.042
33145,1105.131,0.98,1,0.771891,0.376635,-0.512181,0.739139,0.334315,-0.584728,0.943,0.575,0.877,-1.055,1.049
33146,1105.164,0.98,1,0.766109,0.380542,-0.517943,0.734106,0.33877,-0.588492,0.935,0.576,0.89,-1.046,1.064
33147,1105.198,0.98,1,0.759179,0.382451,-0.526667,0.72835,0.339994,-0.594904,0.925,0.572,0.888,-1.035,1.072
33148,1105.231,0.98,1,0.753968,0.387691,-0.530309,0.721868,0.345615,-0.599547,0.917,0.576,0.891,-1.025,1.085
33149,1105.264,0.98,1,0.749871,0.386806,-0.536726,0.718995,0.343693,-0.604087,0.91,0.57,0.872,-1.02,1.085
33150,1105.298,0.98,1,0.748155,0.390729,-0.536279,0.718211,0.346311,-0.603524,0.91,0.574,0.876,-1.02,1.098
33151,1105.331,0.98,1,0.749345,0.385381,-0.538483,0.721213,0.339049,-0.604068,0.91,0.565,0.854,-1.024,1.091
33152,1105.364,0.98,1,0.746422,0.382874,-0.544299,0.720491,0.337424,-0.605836,0.906,0.56,0.837,-1.022,1.082
33153,1105.398,0.98,1,0.746703,0.380584,-0.545518,0.720958,0.333088,-0.607678,0.905,0.554,0.83,-1.022,1.08
33154,1105.431,0.98,1,0.74505,0.378299,-0.549355,0.720486,0.331117,-0.609313,0.902,0.549,0.821,-1.023,1.076
33155,1105.464,0.98,1,0.743148,0.376589,-0.553092,0.719627,0.328849,-0.611551,0.898,0.545,0.815,-1.018,1.075
33156,1105.498,0.98,1,0.742852,0.375606,-0.554159,0.721165,0.326786,-0.610846,0.899,0.543,0.822,-1.015,1.083
33157,1105.531,0.98,1,0.740582,0.379974,-0.554219,0.72045,0.330402,-0.609742,0.898,0.548,0.838,-1.014,1.102
33158,1105.564,0.98,1,0.743735,0.379146,-0.550551,0.725132,0.327669,-0.605654,0.904,0.549,0.852,-1.018,1.122
33159,1105.598,0.98,1,0.744996,0.378686,-0.549161,0.728164,0.32576,-0.603041,0.907,0.549,0.863,-1.019,1.137
33160,1105.631,0.98,1,0.744662,0.378219,-0.549936,0.728718,0.324893,-0.602839,0.907,0.548,0.869,-1.022,1.149
33161,1105.664,0.98,1,0.745683,0.376048,-0.55004,0.732956,0.323867,-0.598236,0.911,0.547,0.886,-1.026,1.171
33162,1105.698,0.98,1,0.74383,0.378124,-0.551126,0.73042,0.32521,-0.600603,0.908,0.548,0.889,-1.027,1.175
33163,1105.731,0.98,1,0.743227,0.380662,-0.550191,0.729236,0.328988,-0.599985,0.908,0.553,0.898,-1.026,1.183
33164,1105.765,0.98,1,0.741851,0.37866,-0.553419,0.727553,0.326928,-0.603146,0.904,0.548,0.892,-1.028,1.183
33165,1105.798,0.98,1,0.738626,0.377831,-0.55828,0.723187,0.324417,-0.609716,0.897,0.541,0.879,-1.021,1.174
33166,1105.831,0.98,1,0.735093,0.37609,-0.564088,0.717345,0.321499,-0.618105,0.888,0.533,0.857,-1.013,1.163
33167,1105.865,0.98,1,0.728938,0.374567,-0.573017,0.709476,0.318588,-0.628606,0.875,0.523,0.829,-0.998,1.148
33168,1105.898,0.98,1,0.7227,0.381214,-0.576525,0.699413,0.324683,-0.636712,0.864,0.527,0.821,-0.98,1.147
33169,1105.931,0.98,1,0.716077,0.385653,-0.581812,0.68819,0.327458,-0.64743,0.852,0.526,0.801,-0.962,1.137
33170,1105.965,0.98,1,0.707456,0.394456,-0.586439,0.674802,0.335702,-0.657227,0.838,0.531,0.788,-0.946,1.127
33171,1105.998,0.98,1,0.702634,0.396643,-0.590745,0.666944,0.339218,-0.663413,0.829,0.531,0.774,-0.936,1.11
33172,1106.031,0.98,1,0.702393,0.394964,-0.592155,0.665629,0.339247,-0.664718,0.828,0.529,0.76,-0.931,1.091
33173,1106.065,0.88,1,0.684571,0.412123,-0.601262,0.642264,0.359742,-0.676818,0.804,0.543,0.795,-0.915,1.096
33174,1106.098,0.98,1,0.68015,0.426346,-0.596342,0.635278,0.375306,-0.674957,0.802,0.563,0.823,-0.905,1.107
33175,1106.131,0.88,1,0.675411,0.441904,-0.590374,0.628428,0.392794,-0.671409,0.802,0.584,0.863,-0.897,1.135
33176,1106.165,0.82,1,0.672911,0.453334,-0.584534,0.623973,0.403767,-0.669052,0.802,0.6,0.893,-0.892,1.162
33177,1106.198,0.82,1,0.673541,0.456811,-0.581091,0.62489,0.406583,-0.666485,0.805,0.605,0.916,-0.892,1.181
33178,1106.231,0.82,1,0.677722,0.465987,-0.568814,0.627367,0.417006,-0.65766,0.816,0.624,0.952,-0.896,1.21
33179,1106.265,0.98,1,0.676655,0.46528,-0.57066,0.630617,0.418103,-0.653844,0.818,0.625,0.959,-0.898,1.221
33180,1106.298,0.98,1,0.675382,0.469712,-0.568534,0.631363,0.423563,-0.649596,0.82,0.633,0.98,-0.901,1.248
33181,1106.331,0.98,1,0.708946,0.446629,-0.545819,0.669342,0.392511,-0.630806,0.864,0.62,0.983,-0.964,1.275
33182,1106.365,0.98,1,0.715241,0.437515,-0.544987,0.684732,0.384291,-0.619244,0.877,0.615,0.984,-0.981,1.288
33183,1106.398,0.98,1,0.715971,0.430888,-0.549292,0.689341,0.376907,-0.618668,0.877,0.605,0.983,-0.98,1.29
33184,1106.431,0.98,1,0.710993,0.433131,-0.553973,0.686383,0.38055,-0.619726,0.872,0.606,0.99,-0.97,1.3
33185,1106.465,0.98,1,0.701839,0.448465,-0.553445,0.678208,0.398885,-0.617191,0.867,0.627,0.999,-0.943,1.296
33186,1106.498,0.98,1,0.698836,0.461788,-0.546241,0.675708,0.413518,-0.610263,0.871,0.648,1.014,-0.93,1.3
33187,1106.531,0.98,1,0.688443,0.479824,-0.54389,0.663403,0.432093,-0.610894,0.864,0.668,1.031,-0.908,1.313
33188,1106.565,0.98,1,0.675716,0.499072,-0.542526,0.645091,0.449981,-0.617555,0.85,0.686,1.052,-0.889,1.337
33189,1106.598,0.98,1,0.659811,0.517345,-0.54498,0.629654,0.469165,-0.619209,0.836,0.703,1.072,-0.872,1.359
33190,1106.631,0.88,1,0.650096,0.527567,-0.546853,0.62045,0.478114,-0.62165,0.827,0.711,1.066,-0.85,1.356
33191,1106.665,0.88,1,0.639154,0.548652,-0.538946,0.61211,0.505133,-0.60841,0.829,0.743,1.127,-0.831,1.401
33192,1106.698,0.88,1,0.630692,0.556716,-0.540643,0.603834,0.515553,-0.607939,0.821,0.751,1.144,-0.813,1.411
33193,1106.731,0.93,1,0.622416,0.559372,-0.54745,0.595922,0.520184,-0.611789,0.81,0.75,1.15,-0.8,1.415
33194,1106.765,0.93,1,0.61616,0.561164,-0.552667,0.589532,0.523134,-0.615454,0.801,0.748,1.148,-0.794,1.411
33195,1106.798,0.88,1,0.613206,0.55844,-0.55868,0.585884,0.521064,-0.62067,0.794,0.741,1.141,-0.791,1.405
33196,1106.832,0.93,1,0.61415,0.554993,-0.561073,0.584318,0.514818,-0.627324,0.79,0.733,1.118,-0.793,1.393
33197,1106.865,0.88,1,0.619937,0.547949,-0.561632,0.587388,0.503579,-0.633548,0.79,0.722,1.099,-0.805,1.385
33198,1106.898,0.88,1,0.624179,0.541974,-0.56273,0.588544,0.494501,-0.639597,0.79,0.711,1.081,-0.815,1.376
33199,1106.932,0.88,1,0.626532,0.538865,-0.5631,0.588666,0.491911,-0.641479,0.79,0.708,1.069,-0.824,1.374
33200,1106.965,0.88,1,0.628201,0.540082,-0.560067,0.589561,0.493482,-0.639447,0.793,0.711,1.068,-0.829,1.375
33201,1106.998,0.88,1,0.628918,0.541686,-0.557708,0.591038,0.497766,-0.634747,0.797,0.717,1.071,-0.831,1.38
33202,1107.032,0.88,1,0.631978,0.541573,-0.554348,0.596166,0.496674,-0.630794,0.803,0.719,1.078,-0.831,1.384
33203,1107.065,0.88,1,0.635708,0.539781,-0.551826,0.599782,0.49295,-0.630287,0.807,0.718,1.072,-0.832,1.374
33204,1107.098,0.82,1,0.640402,0.536864,-0.549238,0.606652,0.488841,-0.626904,0.815,0.717,1.077,-0.835,1.378
33205,1107.132,0.88,1,0.645974,0.533795,-0.545692,0.615484,0.486704,-0.619918,0.825,0.719,1.088,-0.845,1.389
33206,1107.165,0.98,1,0.651715,0.527612,-0.544878,0.625959,0.483612,-0.611796,0.835,0.718,1.114,-0.856,1.41
33207,1107.198,0.88,1,0.6451,0.52395,-0.556167,0.617464,0.48141,-0.62208,0.82,0.706,1.095,-0.838,1.373
33208,1107.232,0.93,1,0.665452,0.518294,-0.537164,0.641229,0.473667,-0.60371,0.853,0.716,1.149,-0.864,1.438
33209,1107.265,0.88,1,0.664448,0.518755,-0.537961,0.640842,0.475289,-0.602845,0.853,0.717,1.153,-0.852,1.428
33210,1107.298,0.88,1,0.656684,0.52731,-0.539176,0.633144,0.4882,-0.600657,0.847,0.728,1.187,-0.837,1.446
33211,1107.332,0.88,1,0.644161,0.543535,-0.538169,0.621466,0.510163,-0.59457,0.841,0.749,1.255,-0.819,1.502
33212,1107.365,0.88,1,0.638416,0.550712,-0.537719,0.615044,0.518121,-0.594366,0.836,0.757,1.317,-0.801,1.544
33213,1107.398,0.88,1,0.641905,0.55389,-0.530249,0.61679,0.522875,-0.588364,0.844,0.766,1.366,-0.799,1.576
33214,1107.432,0.88,1,0.648183,0.556322,-0.519966,0.623312,0.525619,-0.578971,0.858,0.778,1.409,-0.802,1.605
33215,1107.465,0.82,1,0.657824,0.556457,-0.507565,0.634082,0.527536,-0.565372,0.878,0.791,1.456,-0.809,1.639
33216,1107.498,0.98,1,0.666986,0.554535,-0.497614,0.643744,0.526479,-0.55535,0.894,0.799,1.489,-0.816,1.656
33218,1107.565,0.88,1,0.700139,0.543248,-0.463344,0.692672,0.528613,-0.490688,0.97,0.843,1.565,-0.86,1.704
33219,1107.598,0.93,1,0.695579,0.554923,-0.456323,0.687634,0.545336,-0.479342,0.976,0.866,1.612,-0.863,1.75
33220,1107.632,0.93,1,0.704084,0.55051,-0.448558,0.699491,0.54314,-0.464447,0.994,0.875,1.658,-0.866,1.79
33221,1107.665,0.93,1,0.713846,0.545589,-0.43904,0.710163,0.537904,-0.454233,1.011,0.881,1.695,-0.872,1.828
33222,1107.698,0.88,1,0.719922,0.542366,-0.433072,0.717667,0.533957,-0.44704,1.021,0.885,1.728,-0.874,1.871
33223,1107.732,0.93,1,0.72488,0.541782,-0.425466,0.723218,0.531053,-0.44152,1.031,0.891,1.756,-0.88,1.916
33224,1107.765,0.93,1,0.729768,0.538702,-0.420998,0.728777,0.522756,-0.442278,1.036,0.888,1.774,-0.882,1.949
33225,1107.798,0.93,1,0.730505,0.539797,-0.418309,0.729257,0.519023,-0.44587,1.036,0.886,1.784,-0.889,1.978
33226,1107.832,0.93,1,0.733902,0.537544,-0.415252,0.732883,0.512991,-0.446903,1.039,0.884,1.788,-0.893,1.991
33227,1107.865,0.93,1,0.735059,0.535373,-0.416009,0.734531,0.511021,-0.446454,1.04,0.881,1.79,-0.899,2.004
33228,1107.899,0.93,1,0.735664,0.534574,-0.415967,0.735325,0.508323,-0.448224,1.04,0.879,1.793,-0.902,2.013
33229,1107.932,0.93,1,0.733013,0.536201,-0.418546,0.732316,0.509811,-0.451448,1.035,0.877,1.786,-0.902,2.011
33230,1107.965,0.93,1,0.732124,0.537294,-0.418699,0.731048,0.510374,-0.452865,1.034,0.877,1.778,-0.904,2.007
33231,1107.999,0.98,1,0.729505,0.538993,-0.421081,0.728445,0.513262,-0.453795,1.03,0.877,1.777,-0.902,2.0
33232,1108.032,0.93,1,0.72949,0.538111,-0.422234,0.727287,0.511524,-0.457599,1.027,0.873,1.773,-0.902,1.987
33233,1108.065,0.93,1,0.729338,0.538164,-0.422428,0.726718,0.511095,-0.45898,1.026,0.872,1.773,-0.899,1.978
33234,1108.099,0.93,1,0.729302,0.53838,-0.422216,0.727602,0.512433,-0.456078,1.028,0.875,1.783,-0.892,1.98
33235,1108.132,0.93,1,0.728515,0.539598,-0.422019,0.725915,0.514418,-0.456531,1.027,0.876,1.789,-0.89,1.979
33236,1108.165,0.93,1,0.727803,0.539385,-0.423518,0.725409,0.51558,-0.456025,1.027,0.876,1.8,-0.887,1.984
33237,1108.199,0.93,1,0.728212,0.540451,-0.42145,0.72548,0.518254,-0.452871,1.029,0.88,1.816,-0.882,1.994
33238,1108.232,0.93,1,0.733216,0.535441,-0.419162,0.7317,0.514935,-0.446606,1.037,0.881,1.836,-0.881,2.008
33239,1108.265,0.93,1,0.734564,0.534822,-0.41759,0.732847,0.51562,-0.443927,1.04,0.884,1.862,-0.877,2.028
33240,1108.299,0.93,1,0.739876,0.532053,-0.411708,0.738407,0.514755,-0.435639,1.05,0.89,1.891,-0.871,2.053
33241,1108.332,0.93,1,0.74402,0.531328,-0.405122,0.742032,0.515411,-0.428648,1.059,0.898,1.924,-0.865,2.08
33242,1108.365,0.93,1,0.745075,0.525451,-0.410809,0.743351,0.510006,-0.432808,1.055,0.887,1.946,-0.862,2.097
33243,1108.399,0.88,1,0.748398,0.522977,-0.407917,0.746265,0.507963,-0.430187,1.06,0.888,1.958,-0.863,2.113
33244,1108.432,0.93,1,0.753825,0.517374,-0.405059,0.750897,0.502688,-0.428321,1.065,0.886,1.972,-0.872,2.125
33245,1108.465,0.93,1,0.761536,0.50782,-0.402718,0.758846,0.493003,-0.425559,1.072,0.879,1.99,-0.886,2.146
33246,1108.499,0.93,1,0.775271,0.494837,-0.392545,0.770726,0.478692,-0.420518,1.087,0.875,2.008,-0.912,2.164
33247,1108.532,0.93,1,0.789406,0.481502,-0.380781,0.783155,0.464929,-0.412928,1.103,0.873,2.011,-0.946,2.169
33248,1108.565,0.93,1,0.767074,0.490953,-0.412991,0.751942,0.481763,-0.449985,1.054,0.845,1.774,-0.985,1.863
33249,1108.599,0.88,1,0.774398,0.47803,-0.414482,0.75857,0.466524,-0.454891,1.055,0.827,1.743,-1.0,1.816
33250,1108.632,0.88,1,0.771163,0.480128,-0.418073,0.754611,0.469102,-0.458808,1.049,0.825,1.71,-0.998,1.758
33251,1108.665,0.88,1,0.771154,0.480614,-0.417531,0.753021,0.471355,-0.459112,1.049,0.827,1.704,-0.987,1.719
33252,1108.699,0.88,1,0.771971,0.4822,-0.41418,0.752053,0.473374,-0.458621,1.051,0.831,1.71,-0.974,1.688
33253,1108.732,0.88,1,0.764784,0.489743,-0.418638,0.744246,0.485467,-0.458715,1.044,0.838,1.747,-0.954,1.685
33254,1108.765,0.88,1,0.773043,0.48336,-0.410814,0.752966,0.479118,-0.451096,1.057,0.84,1.798,-0.951,1.705
33255,1108.799,0.88,1,0.777953,0.47851,-0.407206,0.756763,0.481087,-0.442566,1.065,0.846,1.863,-0.948,1.735
33256,1108.832,0.88,1,0.788368,0.4646,-0.403265,0.767418,0.470673,-0.435359,1.076,0.84,1.936,-0.936,1.772
33257,1108.865,0.88,1,0.794476,0.443555,-0.414808,0.777531,0.451362,-0.437856,1.074,0.81,2.005,-0.918,1.794
33258,1108.899,0.77,1,0.809752,0.417554,-0.412251,0.792341,0.426362,-0.436361,1.084,0.783,2.06,-0.904,1.804
33259,1108.932,0.82,1,0.809832,0.399633,-0.429494,0.792292,0.412155,-0.449891,1.069,0.745,2.11,-0.883,1.805
33260,1108.965,0.98,1,0.805253,0.387154,-0.449087,0.78419,0.409251,-0.466432,1.048,0.716,2.144,-0.859,1.802
33323,1111.066,0.88,1,0.823911,0.260656,-0.503219,0.760212,0.244624,-0.601862,0.962,0.429,0.696,-1.156,0.668
33324,1111.099,0.88,1,0.821395,0.27446,-0.499982,0.762282,0.259529,-0.592934,0.967,0.454,0.75,-1.148,0.725
33325,1111.133,0.88,1,0.81523,0.282751,-0.505422,0.763372,0.265118,-0.589046,0.965,0.464,0.755,-1.147,0.75
33326,1111.166,0.88,1,0.814445,0.277126,-0.509784,0.759945,0.260436,-0.595531,0.959,0.453,0.715,-1.152,0.72
33327,1111.199,0.88,1,0.81802,0.267302,-0.509306,0.76428,0.252389,-0.593444,0.962,0.44,0.675,-1.167,0.684
33328,1111.233,0.88,1,0.817966,0.257353,-0.514491,0.7639,0.241734,-0.598349,0.958,0.422,0.625,-1.165,0.636
33329,1111.266,0.88,1,0.816018,0.253901,-0.519278,0.760653,0.237712,-0.60407,0.952,0.413,0.577,-1.157,0.593
33330,1111.3,0.88,1,0.816043,0.250258,-0.521003,0.758723,0.230904,-0.609117,0.948,0.403,0.55,-1.15,0.575
33331,1111.333,0.88,1,0.818945,0.249729,-0.516686,0.760072,0.2274,-0.608753,0.952,0.401,0.541,-1.152,0.575
33332,1111.366,0.88,1,0.815833,0.252678,-0.520163,0.757195,0.228518,-0.611911,0.947,0.402,0.534,-1.143,0.58
33333,1111.4,0.93,1,0.817308,0.252666,-0.517849,0.759232,0.22655,-0.610116,0.95,0.402,0.535,-1.148,0.586
33348,1111.9,0.88,1,0.820886,0.251354,-0.512803,0.769859,0.229417,-0.595554,0.962,0.409,0.633,-1.146,0.671
33349,1111.933,0.88,1,0.828445,0.28129,-0.484309,0.782958,0.261784,-0.564309,0.994,0.478,0.86,-1.173,0.891
33353,1112.066,0.98,1,0.800613,0.285834,-0.52661,0.759241,0.251017,-0.600453,0.945,0.445,0.802,-1.109,0.847
33354,1112.1,0.98,1,0.784142,0.326442,-0.527785,0.74171,0.292539,-0.603563,0.933,0.501,0.912,-1.068,0.957
33355,1112.133,0.93,1,0.768286,0.371897,-0.520989,0.722951,0.341628,-0.600526,0.926,0.567,1.007,-1.036,1.053
33356,1112.166,0.93,1,0.755729,0.402391,-0.516676,0.710494,0.376315,-0.59463,0.922,0.611,1.075,-1.009,1.126
33357,1112.2,0.98,1,0.742179,0.426502,-0.516979,0.69824,0.404936,-0.590328,0.915,0.644,1.123,-0.985,1.175
33358,1112.233,0.98,1,0.728369,0.443295,-0.522463,0.690107,0.42338,-0.586943,0.907,0.663,1.163,-0.961,1.222
33359,1112.266,0.88,1,0.719022,0.45503,-0.525314,0.683417,0.436002,-0.585528,0.901,0.676,1.195,-0.936,1.246
33360,1112.3,0.88,1,0.714484,0.467941,-0.520139,0.680058,0.446533,-0.581489,0.902,0.693,1.242,-0.912,1.274
33361,1112.333,0.88,1,0.710834,0.483679,-0.510656,0.674928,0.459831,-0.577086,0.905,0.715,1.31,-0.885,1.311
33362,1112.367,0.88,1,0.699253,0.49466,-0.516097,0.666379,0.475975,-0.573922,0.897,0.728,1.383,-0.847,1.338
33363,1112.4,0.88,1,0.686026,0.504461,-0.524298,0.655194,0.495329,-0.570412,0.886,0.74,1.454,-0.81,1.376
33364,1112.433,0.88,1,0.681673,0.509158,-0.525433,0.655991,0.506455,-0.559623,0.889,0.752,1.53,-0.785,1.413
33365,1112.467,0.88,1,0.679385,0.512158,-0.525481,0.66065,0.511466,-0.549494,0.895,0.761,1.602,-0.768,1.463
33366,1112.5,0.88,1,0.677981,0.516992,-0.522553,0.664698,0.515569,-0.540708,0.901,0.771,1.671,-0.766,1.537
33367,1112.533,0.88,1,0.678347,0.523685,-0.515363,0.668291,0.521662,-0.530335,0.911,0.785,1.735,-0.76,1.63
33368,1112.567,0.88,1,0.684241,0.521361,-0.509899,0.678021,0.522754,-0.516735,0.925,0.794,1.796,-0.755,1.726
33369,1112.6,0.88,1,0.68653,0.515986,-0.512284,0.683322,0.520451,-0.512056,0.929,0.791,1.857,-0.749,1.821
33370,1112.633,0.88,1,0.692338,0.509748,-0.510711,0.68973,0.509855,-0.514121,0.933,0.783,1.92,-0.745,1.921
33371,1112.667,0.88,1,0.701534,0.502342,-0.505473,0.697471,0.49956,-0.513785,0.941,0.777,1.996,-0.735,2.043
33372,1112.7,0.88,1,0.719244,0.485271,-0.497193,0.716095,0.482441,-0.504439,0.962,0.768,2.072,-0.726,2.155
33373,1112.733,0.93,1,0.730241,0.462286,-0.503031,0.729714,0.460429,-0.505492,0.966,0.741,2.143,-0.721,2.236
33374,1112.767,0.93,1,0.733569,0.444343,-0.514233,0.73514,0.446539,-0.51007,0.962,0.716,2.185,-0.72,2.28
33375,1112.8,0.98,1,0.738236,0.430168,-0.51958,0.740189,0.433172,-0.514278,0.961,0.696,2.216,-0.733,2.309
33376,1112.833,0.93,1,0.745382,0.423941,-0.514471,0.744436,0.425233,-0.514774,0.966,0.69,2.233,-0.753,2.325
33377,1112.867,0.93,1,0.748048,0.425862,-0.508985,0.746753,0.425734,-0.51099,0.972,0.696,2.214,-0.766,2.317
33378,1112.9,0.88,1,0.751226,0.425032,-0.504982,0.749365,0.422595,-0.50977,0.976,0.696,2.187,-0.785,2.301
33379,1112.933,0.88,1,0.762249,0.423644,-0.489389,0.760161,0.418497,-0.497007,0.996,0.707,2.163,-0.816,2.294
33380,1112.967,0.98,1,0.779019,0.425234,-0.460766,0.775317,0.414262,-0.476729,1.028,0.73,2.12,-0.87,2.286
33381,1113.0,0.98,1,0.752116,0.448786,-0.482611,0.743151,0.426219,-0.515814,0.982,0.72,1.652,-0.993,1.84
33382,1113.033,0.88,1,0.754697,0.443717,-0.483268,0.742622,0.416778,-0.524222,0.979,0.707,1.53,-1.031,1.765
33383,1113.067,0.88,1,0.756139,0.434416,-0.489425,0.73334,0.40128,-0.548805,0.962,0.678,1.395,-1.068,1.657
33384,1113.1,0.98,1,0.762425,0.402148,-0.506937,0.736955,0.361969,-0.570856,0.948,0.617,1.224,-1.106,1.52
33385,1113.133,0.98,1,0.776916,0.349749,-0.523524,0.746619,0.297195,-0.595177,0.937,0.524,0.994,-1.144,1.337
33386,1113.167,0.98,1,0.773428,0.299687,-0.558567,0.736512,0.238757,-0.632886,0.903,0.424,0.711,-1.143,1.097
33398,1113.567,0.98,1,0.782319,0.278137,-0.55733,0.724802,0.238581,-0.646329,0.897,0.405,0.536,-1.062,0.614
33399,1113.6,0.93,1,0.776438,0.32343,-0.540867,0.727687,0.290095,-0.621543,0.913,0.486,0.669,-1.074,0.743
33400,1113.634,0.93,1,0.779964,0.347264,-0.520638,0.738173,0.320159,-0.5938,0.938,0.54,0.801,-1.089,0.874
33401,1113.667,0.88,1,0.795246,0.362855,-0.485716,0.757811,0.337242,-0.558561,0.979,0.591,0.976,-1.123,1.052
33402,1113.7,0.88,1,0.803493,0.371818,-0.464919,0.777175,0.351178,-0.522182,1.013,0.632,1.156,-1.146,1.245
33403,1113.734,0.93,1,0.816173,0.368534,-0.445023,0.799909,0.349761,-0.48766,1.047,0.656,1.434,-1.158,1.519
33404,1113.767,0.98,1,0.816983,0.365843,-0.445754,0.807801,0.350069,-0.474246,1.056,0.661,1.665,-1.142,1.736
33405,1113.8,0.98,1,0.800266,0.382236,-0.462028,0.784822,0.371338,-0.496147,1.027,0.666,1.763,-1.076,1.809
33406,1113.834,0.98,1,0.786555,0.391893,-0.477233,0.765939,0.381143,-0.517752,1.001,0.661,1.703,-1.058,1.752
33407,1113.867,0.98,1,0.783697,0.378053,-0.492844,0.771665,0.371082,-0.516557,0.995,0.638,1.825,-1.034,1.862
33408,1113.9,0.98,1,0.767952,0.406605,-0.494896,0.7476,0.399625,-0.530465,0.976,0.666,1.689,-1.014,1.737
33409,1113.934,0.98,1,0.757286,0.393976,-0.520866,0.749852,0.396871,-0.529354,0.962,0.645,1.786,-0.992,1.829
33410,1113.967,0.98,1,0.741141,0.398437,-0.540332,0.73747,0.400602,-0.543742,0.938,0.635,1.86,-0.953,1.886
33411,1114.0,0.88,1,0.724425,0.402079,-0.559947,0.723666,0.40821,-0.556482,0.914,0.628,1.933,-0.902,1.934
33412,1114.034,0.88,1,0.714861,0.397174,-0.575523,0.715156,0.406491,-0.56861,0.896,0.612,1.998,-0.853,1.974
33413,1114.067,0.88,1,0.704217,0.393676,-0.590845,0.704716,0.405303,-0.582327,0.876,0.598,2.055,-0.818,2.013
33414,1114.1,0.82,1,0.703553,0.387852,-0.595469,0.703507,0.398845,-0.588219,0.871,0.587,2.089,-0.804,2.047
33415,1114.134,0.88,1,0.709142,0.384191,-0.591197,0.710373,0.393442,-0.583587,0.879,0.585,2.101,-0.804,2.075
33416,1114.167,0.98,1,0.718348,0.384665,-0.579663,0.72087,0.393197,-0.570738,0.896,0.595,2.11,-0.814,2.098
33417,1114.2,0.98,1,0.721135,0.385944,-0.575337,0.7268,0.393286,-0.563106,0.904,0.6,2.119,-0.814,2.121
33418,1114.234,0.98,1,0.72211,0.388983,-0.572057,0.731039,0.398316,-0.55401,0.912,0.61,2.133,-0.817,2.151
33419,1114.267,0.98,1,0.724424,0.390995,-0.567744,0.736044,0.4017,-0.544863,0.92,0.619,2.142,-0.815,2.169
33420,1114.3,0.98,1,0.728367,0.396168,-0.559046,0.739694,0.405933,-0.536722,0.93,0.632,2.137,-0.817,2.18
33421,1114.334,0.98,1,0.729778,0.401301,-0.553518,0.738653,0.407238,-0.537167,0.932,0.638,2.113,-0.828,2.178
33422,1114.367,0.98,1,0.730569,0.406498,-0.548661,0.738255,0.410329,-0.535359,0.935,0.646,2.091,-0.833,2.176
33423,1114.4,0.98,1,0.729852,0.414708,-0.543445,0.736944,0.417296,-0.531768,0.938,0.659,2.067,-0.834,2.17
33424,1114.434,0.98,1,0.729596,0.416257,-0.542604,0.737569,0.416426,-0.531583,0.939,0.659,2.041,-0.842,2.155
33425,1114.467,0.93,1,0.731621,0.420911,-0.536251,0.736796,0.415254,-0.533569,0.941,0.663,2.015,-0.853,2.143
33426,1114.5,0.93,1,0.731874,0.426111,-0.53178,0.735507,0.41635,-0.534492,0.942,0.669,1.988,-0.863,2.13
33427,1114.534,0.93,1,0.732273,0.435145,-0.523856,0.734094,0.421922,-0.53206,0.947,0.682,1.971,-0.861,2.125
33428,1114.567,0.93,1,0.724142,0.44391,-0.527789,0.725281,0.429078,-0.538387,0.937,0.686,1.96,-0.856,2.116
33429,1114.601,0.93,1,0.724169,0.444138,-0.52756,0.724028,0.426665,-0.541978,0.935,0.683,1.97,-0.849,2.131
33430,1114.634,0.93,1,0.72811,0.444335,-0.521941,0.72758,0.425013,-0.538508,0.941,0.687,1.983,-0.841,2.151
33431,1114.667,0.93,1,0.725172,0.444713,-0.525696,0.724762,0.426707,-0.540963,0.937,0.685,1.99,-0.84,2.155
33432,1114.701,0.93,1,0.720708,0.447081,-0.52981,0.721485,0.431524,-0.541523,0.932,0.687,2.0,-0.841,2.16
33433,1114.734,0.93,1,0.720877,0.44532,-0.531062,0.721139,0.429359,-0.543699,0.93,0.683,2.008,-0.845,2.166
33434,1114.767,0.93,1,0.718663,0.439436,-0.538906,0.719811,0.424597,-0.549172,0.923,0.671,2.007,-0.853,2.162
33435,1114.801,0.93,1,0.724684,0.429873,-0.538556,0.726342,0.414739,-0.548105,0.928,0.661,2.018,-0.862,2.171
33436,1114.834,0.93,1,0.728051,0.422957,-0.53949,0.731265,0.409566,-0.545443,0.931,0.655,2.019,-0.876,2.171
33437,1114.867,0.93,1,0.730901,0.421992,-0.536383,0.733406,0.408539,-0.543333,0.935,0.656,2.014,-0.886,2.166
33438,1114.901,0.93,1,0.738475,0.423295,-0.524859,0.738662,0.407789,-0.536736,0.948,0.664,2.01,-0.9,2.168
33439,1114.934,0.93,1,0.749191,0.42626,-0.506966,0.746963,0.408012,-0.52495,0.967,0.68,2.003,-0.922,2.167
33440,1114.967,0.93,1,0.731699,0.4567,-0.506006,0.72093,0.439952,-0.535446,0.949,0.711,1.662,-0.982,1.815
33441,1115.001,0.98,1,0.746484,0.445414,-0.494337,0.733085,0.428732,-0.527992,0.966,0.707,1.681,-1.002,1.836
33442,1115.034,0.93,1,0.757714,0.437346,-0.484353,0.741943,0.417819,-0.524354,0.979,0.703,1.693,-1.017,1.845
33443,1115.067,0.93,1,0.765793,0.429771,-0.478392,0.750561,0.411305,-0.517191,0.99,0.701,1.711,-1.03,1.862
33444,1115.101,0.98,1,0.77276,0.422742,-0.473425,0.758906,0.404665,-0.510204,1.0,0.699,1.739,-1.04,1.891
33445,1115.134,0.93,1,0.742505,0.439317,-0.505655,0.721478,0.421087,-0.549687,0.946,0.684,1.528,-1.022,1.647
33446,1115.167,0.88,1,0.744606,0.435076,-0.506233,0.725123,0.419905,-0.54578,0.95,0.682,1.526,-1.031,1.65
33447,1115.201,0.88,1,0.745695,0.432475,-0.506857,0.727853,0.418597,-0.543145,0.952,0.681,1.529,-1.036,1.655
33448,1115.234,0.88,1,0.745825,0.43084,-0.508058,0.727853,0.416077,-0.545078,0.95,0.677,1.531,-1.04,1.662
33449,1115.267,0.93,1,0.745203,0.43191,-0.50806,0.726177,0.41731,-0.54637,0.949,0.678,1.53,-1.04,1.661
33450,1115.301,0.93,1,0.745266,0.432696,-0.507299,0.724969,0.417011,-0.548199,0.948,0.678,1.531,-1.039,1.663
33451,1115.334,0.93,1,0.742932,0.438158,-0.506033,0.719853,0.421682,-0.551358,0.945,0.683,1.533,-1.034,1.669
33452,1115.367,0.93,1,0.740456,0.442104,-0.506229,0.717371,0.424593,-0.552358,0.943,0.686,1.536,-1.03,1.674
33453,1115.401,0.93,1,0.739432,0.443656,-0.506369,0.718126,0.427022,-0.549498,0.944,0.69,1.538,-1.027,1.679
33454,1115.434,0.93,1,0.737238,0.44545,-0.507991,0.716789,0.427911,-0.55055,0.942,0.69,1.531,-1.024,1.677
33455,1115.467,0.93,1,0.736108,0.446855,-0.508395,0.716263,0.429298,-0.550156,0.941,0.691,1.525,-1.023,1.677
33456,1115.501,0.93,1,0.736234,0.445695,-0.50923,0.715638,0.427039,-0.55272,0.939,0.688,1.506,-1.024,1.661
33457,1115.534,0.93,1,0.736575,0.445046,-0.509304,0.714826,0.425461,-0.554983,0.938,0.686,1.491,-1.026,1.646
33458,1115.567,0.93,1,0.736692,0.444933,-0.509235,0.714105,0.426666,-0.554986,0.938,0.686,1.474,-1.03,1.626
33459,1115.601,0.93,1,0.737354,0.445877,-0.507447,0.714391,0.427602,-0.553898,0.94,0.689,1.459,-1.032,1.607
33460,1115.634,0.93,1,0.740526,0.441705,-0.506475,0.716703,0.42373,-0.553885,0.942,0.685,1.449,-1.036,1.592
33461,1115.667,0.93,1,0.740858,0.439828,-0.507622,0.714303,0.421808,-0.558435,0.939,0.68,1.436,-1.034,1.577
33462,1115.701,0.93,1,0.740961,0.438927,-0.508252,0.712073,0.420279,-0.562421,0.936,0.676,1.423,-1.034,1.562
33463,1115.734,0.93,1,0.742362,0.438597,-0.506489,0.71206,0.419926,-0.562701,0.937,0.677,1.423,-1.034,1.558
33464,1115.768,0.93,1,0.741143,0.443554,-0.503951,0.707854,0.424529,-0.56455,0.935,0.682,1.423,-1.035,1.553
33465,1115.801,0.93,1,0.741585,0.444746,-0.502248,0.710727,0.427667,-0.558541,0.94,0.688,1.426,-1.039,1.551
33466,1115.834,0.93,1,0.746167,0.442729,-0.497219,0.71795,0.425865,-0.550624,0.95,0.692,1.438,-1.046,1.56
33467,1115.868,0.93,1,0.750848,0.438485,-0.493921,0.726289,0.422582,-0.542152,0.959,0.693,1.443,-1.052,1.566
33468,1115.901,0.93,1,0.751224,0.437165,-0.494519,0.728316,0.422522,-0.539473,0.961,0.694,1.451,-1.055,1.57
33469,1115.934,0.93,1,0.751782,0.433315,-0.497053,0.72907,0.418798,-0.541354,0.959,0.687,1.444,-1.054,1.562
33470,1115.968,0.98,1,0.748032,0.431378,-0.504342,0.723241,0.416499,-0.550863,0.949,0.677,1.427,-1.051,1.543
33471,1116.001,0.88,1,0.745314,0.426537,-0.512419,0.718999,0.40984,-0.561312,0.938,0.662,1.398,-1.042,1.518
33472,1116.034,0.88,1,0.739665,0.428058,-0.519291,0.708723,0.408053,-0.575503,0.924,0.652,1.358,-1.032,1.48
33473,1116.068,0.93,1,0.736373,0.429556,-0.52272,0.703386,0.408727,-0.581542,0.917,0.649,1.344,-1.02,1.464
33474,1116.101,0.93,1,0.734316,0.429445,-0.525697,0.701455,0.408324,-0.584151,0.913,0.647,1.332,-1.016,1.453
33475,1116.134,0.93,1,0.731372,0.432389,-0.527386,0.698593,0.411246,-0.58553,0.909,0.649,1.329,-1.008,1.445
33476,1116.168,0.93,1,0.729582,0.433558,-0.528903,0.696872,0.413004,-0.586342,0.907,0.649,1.332,-1.0,1.444
33477,1116.201,0.93,1,0.728181,0.43723,-0.527809,0.693795,0.418424,-0.586148,0.906,0.655,1.333,-0.997,1.44
33478,1116.234,0.93,1,0.724521,0.436854,-0.53313,0.691441,0.419224,-0.588355,0.901,0.652,1.337,-0.989,1.441
33479,1116.268,0.93,1,0.722846,0.440645,-0.532283,0.690161,0.423851,-0.58654,0.901,0.658,1.339,-0.985,1.443
33480,1116.301,0.93,1,0.722864,0.440289,-0.532553,0.689471,0.423915,-0.587304,0.9,0.657,1.34,-0.984,1.444
33481,1116.334,0.93,1,0.721718,0.438279,-0.535755,0.689245,0.421991,-0.588952,0.898,0.653,1.339,-0.984,1.445
33482,1116.368,0.93,1,0.723575,0.437537,-0.533854,0.691726,0.420495,-0.587111,0.901,0.653,1.339,-0.985,1.446
33483,1116.401,0.93,1,0.724748,0.435861,-0.533635,0.693492,0.417915,-0.586869,0.902,0.651,1.34,-0.986,1.445
33484,1116.434,0.93,1,0.725646,0.435707,-0.532538,0.695448,0.418733,-0.583965,0.905,0.653,1.348,-0.989,1.452
33485,1116.468,0.93,1,0.726583,0.436446,-0.530652,0.696856,0.419244,-0.581916,0.907,0.656,1.353,-0.991,1.455
33486,1116.501,0.88,1,0.727309,0.4346,-0.531172,0.697993,0.417099,-0.582094,0.908,0.653,1.352,-0.991,1.456
33487,1116.534,0.93,1,0.727622,0.435311,-0.530161,0.698957,0.419105,-0.579491,0.91,0.656,1.361,-0.993,1.465
33488,1116.568,0.88,1,0.728982,0.433792,-0.529536,0.700131,0.416993,-0.579598,0.911,0.654,1.359,-0.995,1.464
33489,1116.601,0.88,1,0.730163,0.43354,-0.528115,0.700894,0.416228,-0.579226,0.912,0.655,1.355,-0.996,1.462
33490,1116.634,0.88,1,0.730931,0.433092,-0.52742,0.70149,0.414351,-0.579849,0.913,0.653,1.351,-0.998,1.459
33491,1116.668,0.88,1,0.731841,0.431943,-0.5271,0.701904,0.412853,-0.580417,0.913,0.652,1.344,-1.002,1.454
33492,1116.701,0.88,1,0.732093,0.429694,-0.528586,0.702004,0.41072,-0.581808,0.912,0.648,1.339,-1.006,1.452
33493,1116.734,0.93,1,0.733128,0.429197,-0.527554,0.701133,0.409241,-0.583895,0.912,0.646,1.336,-1.008,1.449
33494,1116.768,0.93,1,0.733784,0.429063,-0.52675,0.701659,0.408477,-0.583799,0.912,0.646,1.333,-1.01,1.449
33495,1116.801,0.88,1,0.732692,0.431926,-0.52593,0.699344,0.410898,-0.584877,0.911,0.649,1.325,-1.01,1.446
33496,1116.835,0.88,1,0.733721,0.432939,-0.523658,0.700088,0.410948,-0.583951,0.913,0.651,1.321,-1.013,1.447
33497,1116.868,0.93,1,0.733619,0.437324,-0.520145,0.700762,0.416779,-0.578988,0.917,0.661,1.32,-1.011,1.451
33498,1116.901,0.88,1,0.730375,0.442716,-0.520149,0.702634,0.42352,-0.571784,0.92,0.671,1.323,-1.011,1.458
33499,1116.935,0.88,1,0.725325,0.448178,-0.522532,0.699904,0.429849,-0.570408,0.917,0.677,1.329,-1.005,1.464
33500,1116.968,0.88,1,0.722498,0.449731,-0.525109,0.697133,0.432311,-0.571938,0.913,0.677,1.334,-1.001,1.467
33501,1117.001,0.88,1,0.721074,0.451133,-0.525862,0.695294,0.433979,-0.572913,0.911,0.678,1.342,-0.999,1.475
33502,1117.035,0.88,1,0.720667,0.450027,-0.527366,0.695293,0.433531,-0.573252,0.91,0.676,1.348,-0.998,1.482
33503,1117.068,0.88,1,0.720065,0.45048,-0.527802,0.694204,0.433797,-0.57437,0.909,0.676,1.354,-0.997,1.487
33504,1117.101,0.88,1,0.721644,0.451039,-0.52516,0.694419,0.434097,-0.573883,0.911,0.678,1.359,-0.998,1.492
33505,1117.135,0.88,1,0.720666,0.451901,-0.525762,0.693424,0.43558,-0.573963,0.91,0.679,1.36,-0.996,1.492
33506,1117.168,0.93,1,0.721093,0.451068,-0.525892,0.694211,0.434772,-0.573624,0.91,0.678,1.363,-0.997,1.494
33507,1117.201,0.93,1,0.722332,0.451139,-0.524128,0.694647,0.435178,-0.572787,0.912,0.68,1.363,-0.998,1.494
33508,1117.235,0.88,1,0.72223,0.450144,-0.525123,0.694808,0.433241,-0.574059,0.911,0.677,1.362,-0.999,1.492
33509,1117.268,0.88,1,0.722196,0.449609,-0.525628,0.694602,0.432795,-0.574646,0.91,0.676,1.361,-0.999,1.492
33510,1117.301,0.93,1,0.722628,0.450315,-0.524429,0.693859,0.432306,-0.575909,0.91,0.676,1.36,-1.0,1.491
33511,1117.335,0.93,1,0.723266,0.450837,-0.523099,0.694924,0.433451,-0.57376,0.912,0.679,1.362,-0.998,1.493
33512,1117.368,0.93,1,0.721526,0.451493,-0.524933,0.694867,0.43415,-0.573301,0.911,0.679,1.359,-0.995,1.489
33513,1117.401,0.93,1,0.719065,0.453799,-0.526319,0.694665,0.436724,-0.571588,0.91,0.681,1.363,-0.992,1.495
33514,1117.435,0.93,1,0.719844,0.454411,-0.524724,0.693406,0.435859,-0.573772,0.91,0.681,1.362,-0.991,1.492
33515,1117.468,0.93,1,0.718927,0.452355,-0.527749,0.691206,0.434219,-0.577657,0.906,0.676,1.359,-0.989,1.489
33516,1117.501,0.93,1,0.718906,0.452386,-0.527751,0.690986,0.432325,-0.579339,0.905,0.674,1.36,-0.986,1.49
33517,1117.535,0.93,1,0.718088,0.453551,-0.527864,0.688519,0.433954,-0.581056,0.903,0.675,1.361,-0.984,1.487
33518,1117.568,0.93,1,0.718279,0.452157,-0.5288,0.68806,0.433087,-0.582245,0.902,0.673,1.357,-0.983,1.482
33519,1117.601,0.93,1,0.717867,0.451711,-0.52974,0.687092,0.432188,-0.584053,0.9,0.671,1.353,-0.983,1.477
33520,1117.635,0.93,1,0.718289,0.45182,-0.529074,0.686794,0.431585,-0.584849,0.9,0.67,1.353,-0.983,1.476
33521,1117.668,0.93,1,0.719346,0.451037,-0.528305,0.687741,0.431326,-0.583927,0.902,0.671,1.352,-0.984,1.472
33522,1117.701,0.93,1,0.720113,0.451183,-0.527136,0.689333,0.430822,-0.58242,0.904,0.672,1.348,-0.985,1.471
33523,1117.735,0.88,1,0.719887,0.451255,-0.527382,0.690151,0.430757,-0.581498,0.904,0.672,1.344,-0.988,1.471
33524,1117.768,0.88,1,0.721643,0.450436,-0.52568,0.693635,0.430373,-0.577625,0.909,0.674,1.342,-0.993,1.472
33525,1117.801,0.88,1,0.721767,0.449195,-0.52657,0.694082,0.428696,-0.578333,0.908,0.671,1.341,-0.995,1.473
33526,1117.835,0.88,1,0.720781,0.451954,-0.525558,0.694352,0.431741,-0.575739,0.909,0.676,1.345,-0.995,1.48
33527,1117.868,0.93,1,0.719179,0.454675,-0.525406,0.69059,0.434378,-0.578275,0.907,0.678,1.353,-0.994,1.49
33528,1117.901,0.93,1,0.717615,0.457346,-0.525227,0.684291,0.435648,-0.584771,0.901,0.677,1.348,-0.99,1.492
33529,1117.935,0.88,1,0.716262,0.456145,-0.528111,0.684798,0.4339,-0.585477,0.899,0.674,1.345,-0.983,1.493
33530,1117.968,0.93,1,0.717477,0.456745,-0.525938,0.688175,0.435315,-0.580445,0.904,0.679,1.354,-0.981,1.498
33531,1118.002,0.88,1,0.719872,0.455948,-0.52335,0.6913,0.433022,-0.578443,0.908,0.679,1.352,-0.98,1.481
33532,1118.035,0.88,1,0.71875,0.45563,-0.525166,0.687263,0.433404,-0.58295,0.903,0.676,1.341,-0.978,1.451
33533,1118.068,0.88,1,0.723599,0.453321,-0.520486,0.689286,0.435893,-0.57869,0.91,0.68,1.339,-0.981,1.431
33534,1118.102,0.88,1,0.727621,0.448729,-0.518854,0.691334,0.433612,-0.57796,0.913,0.677,1.327,-0.987,1.406
33535,1118.135,0.88,1,0.721983,0.451728,-0.524102,0.690295,0.440655,-0.573861,0.91,0.682,1.309,-0.986,1.385
33536,1118.168,0.88,1,0.725167,0.448973,-0.522069,0.695558,0.439014,-0.568741,0.916,0.683,1.29,-0.99,1.362
33537,1118.202,0.93,1,0.724657,0.446627,-0.524782,0.690299,0.438289,-0.575666,0.91,0.677,1.279,-0.99,1.338
33538,1118.235,0.88,1,0.725861,0.441471,-0.527474,0.689783,0.433606,-0.579814,0.907,0.669,1.258,-0.992,1.304
33539,1118.268,0.88,1,0.725206,0.440715,-0.529006,0.689319,0.433264,-0.580621,0.906,0.667,1.25,-0.989,1.289
33540,1118.302,0.88,1,0.731593,0.440547,-0.520278,0.694332,0.430746,-0.576507,0.915,0.671,1.248,-0.999,1.277
33541,1118.335,0.88,1,0.729959,0.439036,-0.523839,0.691109,0.427872,-0.582489,0.909,0.665,1.231,-0.999,1.262
33542,1118.368,0.88,1,0.728171,0.439993,-0.525522,0.691897,0.425434,-0.583339,0.908,0.663,1.218,-0.999,1.259
33543,1118.402,0.88,1,0.731448,0.435277,-0.524898,0.69656,0.420449,-0.5814,0.912,0.658,1.214,-1.007,1.269
33544,1118.435,0.88,1,0.732385,0.429803,-0.528092,0.69696,0.412261,-0.58676,0.908,0.647,1.201,-1.012,1.263
33545,1118.468,0.88,1,0.732863,0.428096,-0.528816,0.697891,0.409452,-0.58762,0.908,0.644,1.197,-1.013,1.267
33546,1118.502,0.88,1,0.732068,0.426322,-0.531344,0.699042,0.406255,-0.58847,0.907,0.639,1.202,-1.015,1.275
33547,1118.535,0.88,1,0.732078,0.425431,-0.532043,0.700417,0.403867,-0.588479,0.907,0.637,1.206,-1.016,1.285
33548,1118.568,0.93,1,0.735477,0.423951,-0.528525,0.704698,0.401616,-0.584898,0.913,0.638,1.214,-1.022,1.297
33549,1118.602,0.93,1,0.737862,0.420582,-0.527892,0.710007,0.399211,-0.580103,0.918,0.637,1.221,-1.028,1.308
33550,1118.635,0.88,1,0.743367,0.414954,-0.524613,0.717133,0.391959,-0.576271,0.925,0.633,1.229,-1.039,1.317
33551,1118.668,0.93,1,0.750318,0.411179,-0.517644,0.723353,0.386852,-0.571931,0.934,0.632,1.237,-1.05,1.328
33552,1118.702,0.93,1,0.756174,0.405162,-0.513853,0.728934,0.379454,-0.569798,0.94,0.627,1.242,-1.061,1.335
33553,1118.735,0.93,1,0.760831,0.400361,-0.510732,0.732375,0.373603,-0.569251,0.945,0.622,1.248,-1.072,1.343
33554,1118.768,0.93,1,0.76309,0.39777,-0.509385,0.732776,0.369676,-0.571296,0.945,0.618,1.248,-1.077,1.344
33555,1118.802,0.93,1,0.767005,0.392115,-0.507887,0.736801,0.36401,-0.569755,0.949,0.612,1.247,-1.084,1.344
33556,1118.835,0.93,1,0.764582,0.39281,-0.510994,0.734551,0.364872,-0.572104,0.945,0.61,1.252,-1.081,1.347
33557,1118.868,0.93,1,0.762101,0.395152,-0.51289,0.733228,0.367846,-0.571897,0.943,0.613,1.265,-1.075,1.357
33558,1118.902,0.93,1,0.757502,0.398565,-0.517046,0.731146,0.371207,-0.57239,0.939,0.615,1.271,-1.067,1.361
33559,1118.935,0.93,1,0.754147,0.401517,-0.51966,0.727832,0.37525,-0.573976,0.935,0.618,1.276,-1.06,1.363
33560,1118.968,0.93,1,0.750615,0.405333,-0.521807,0.725502,0.378775,-0.57461,0.932,0.621,1.275,-1.055,1.364
33561,1119.002,0.93,1,0.748528,0.406564,-0.523843,0.724992,0.37985,-0.574544,0.93,0.621,1.276,-1.051,1.365
33562,1119.035,0.93,1,0.745675,0.410556,-0.524798,0.721204,0.384513,-0.576207,0.927,0.625,1.283,-1.045,1.374
33563,1119.069,0.93,1,0.74249,0.412622,-0.527685,0.716361,0.386939,-0.580608,0.921,0.625,1.275,-1.041,1.368
33564,1119.102,0.93,1,0.738826,0.415995,-0.530174,0.713168,0.391877,-0.581226,0.917,0.629,1.286,-1.036,1.387
33565,1119.135,0.93,1,0.738471,0.408201,-0.536686,0.712675,0.385509,-0.58607,0.912,0.615,1.296,-1.033,1.406
33566,1119.169,0.93,1,0.742009,0.3986,-0.539018,0.718267,0.377065,-0.584735,0.915,0.604,1.309,-1.034,1.426
33567,1119.202,0.93,1,0.745146,0.39294,-0.538847,0.724616,0.371362,-0.580536,0.92,0.599,1.32,-1.035,1.443
33568,1119.235,0.93,1,0.748662,0.391366,-0.535105,0.730834,0.370933,-0.572966,0.928,0.603,1.338,-1.042,1.464
33569,1119.269,0.93,1,0.753047,0.389767,-0.530096,0.738537,0.369746,-0.563783,0.938,0.607,1.357,-1.046,1.48
33570,1119.302,0.93,1,0.756156,0.388373,-0.526683,0.74453,0.367469,-0.557352,0.945,0.609,1.367,-1.052,1.49
33571,1119.335,0.93,1,0.759428,0.387721,-0.522437,0.749169,0.367902,-0.550812,0.952,0.613,1.373,-1.06,1.496
33572,1119.369,0.93,1,0.764136,0.386867,-0.516169,0.753389,0.367281,-0.545445,0.96,0.618,1.385,-1.07,1.503
33573,1119.402,0.93,1,0.76964,0.382629,-0.511125,0.758493,0.363895,-0.540619,0.968,0.617,1.394,-1.082,1.505
33574,1119.435,0.88,1,0.778182,0.37547,-0.503442,0.766729,0.357043,-0.533523,0.98,0.615,1.41,-1.097,1.52
33575,1119.469,0.88,1,0.78604,0.363483,-0.500021,0.774285,0.344488,-0.530858,0.987,0.602,1.425,-1.114,1.534
33576,1119.502,0.98,1,0.796052,0.353327,-0.491387,0.780366,0.33278,-0.529421,0.996,0.592,1.448,-1.133,1.558
33577,1119.535,0.88,1,0.803187,0.345985,-0.484959,0.785461,0.324006,-0.527324,1.003,0.585,1.455,-1.153,1.575
33578,1119.569,0.98,1,0.790913,0.360813,-0.494238,0.761626,0.343087,-0.549742,0.979,0.593,1.361,-1.137,1.441
33579,1119.602,0.98,1,0.795103,0.341659,-0.501079,0.768585,0.320219,-0.553839,0.977,0.56,1.346,-1.165,1.45
33580,1119.635,0.98,1,0.802658,0.325577,-0.49974,0.776239,0.297245,-0.555966,0.981,0.533,1.35,-1.185,1.474
33581,1119.669,0.98,1,0.80041,0.308382,-0.514048,0.778467,0.27826,-0.562637,0.972,0.499,1.262,-1.214,1.433
33582,1119.702,0.88,1,0.796897,0.29637,-0.526422,0.775105,0.262552,-0.574699,0.96,0.47,1.128,-1.219,1.328
33583,1119.735,0.88,1,0.80326,0.28378,-0.523681,0.778859,0.245405,-0.577195,0.963,0.448,1.072,-1.229,1.296
33584,1119.769,0.88,1,0.805354,0.276726,-0.524241,0.782464,0.236077,-0.57621,0.965,0.436,1.063,-1.241,1.304
33585,1119.802,0.88,1,0.805513,0.274361,-0.525238,0.785108,0.234209,-0.573369,0.966,0.434,1.075,-1.249,1.327
33586,1119.835,0.88,1,0.801815,0.27634,-0.529838,0.782635,0.237256,-0.575493,0.962,0.435,1.095,-1.251,1.35
33587,1119.869,0.88,1,0.800192,0.282965,-0.528795,0.78125,0.243617,-0.574716,0.962,0.445,1.141,-1.244,1.389
33588,1119.902,0.98,1,0.798354,0.294738,-0.525129,0.77831,0.25564,-0.573482,0.962,0.464,1.204,-1.233,1.428
33589,1119.935,0.98,1,0.790942,0.295482,-0.535818,0.773482,0.252123,-0.581515,0.951,0.456,1.085,-1.218,1.358
33590,1119.969,0.98,1,0.793749,0.303003,-0.5274,0.77377,0.26219,-0.57666,0.957,0.473,1.149,-1.207,1.385
33591,1120.002,0.98,1,0.797341,0.317672,-0.513159,0.769694,0.277543,-0.574927,0.964,0.501,1.218,-1.191,1.406
33592,1120.035,0.88,1,0.793922,0.317138,-0.518759,0.770822,0.282467,-0.571005,0.962,0.503,1.268,-1.182,1.417
33593,1120.069,0.98,1,0.796858,0.317868,-0.513788,0.775165,0.28636,-0.563131,0.97,0.511,1.316,-1.171,1.425
33594,1120.102,0.98,1,0.790854,0.322238,-0.520301,0.771251,0.291895,-0.565658,0.963,0.515,1.344,-1.155,1.418
33595,1120.135,0.98,1,0.791155,0.324039,-0.518721,0.772112,0.295302,-0.562707,0.966,0.52,1.38,-1.138,1.421
33596,1120.169,0.98,1,0.792334,0.328487,-0.514104,0.771648,0.308604,-0.556168,0.971,0.537,1.42,-1.124,1.428
33597,1120.202,0.98,1,0.783106,0.343255,-0.518576,0.760952,0.338016,-0.553802,0.964,0.566,1.431,-1.105,1.394
33598,1120.236,0.98,1,0.7825,0.354073,-0.512177,0.752448,0.357063,-0.553469,0.964,0.588,1.442,-1.098,1.389
33600,1120.302,0.88,1,0.793743,0.317522,-0.518799,0.758823,0.316589,-0.569174,0.96,0.528,1.325,-1.114,1.234
33601,1120.336,0.98,1,0.795678,0.315993,-0.516765,0.753066,0.317561,-0.576235,0.956,0.525,1.328,-1.111,1.205
33610,1120.636,0.77,1,0.77594,0.249443,-0.579392,0.701334,0.279205,-0.655877,0.874,0.404,1.037,-1.084,0.729
33611,1120.669,0.77,1,0.77355,0.254633,-0.58033,0.696894,0.286191,-0.657597,0.871,0.412,1.038,-1.075,0.726
34357,1145.543,0.88,1,0.768868,0.324468,-0.550965,0.736032,0.241552,-0.632384,0.904,0.446,0.841,-1.104,1.311
34358,1145.576,0.93,1,0.758646,0.363025,-0.540989,0.729473,0.288766,-0.620067,0.908,0.512,0.942,-1.077,1.366
34359,1145.61,0.93,1,0.749059,0.387559,-0.537317,0.721238,0.32094,-0.613851,0.907,0.552,1.01,-1.059,1.398
34360,1145.643,0.93,1,0.748503,0.399292,-0.529442,0.721588,0.33741,-0.604537,0.914,0.576,1.055,-1.051,1.422
34361,1145.676,0.93,1,0.748068,0.402415,-0.527689,0.722732,0.343652,-0.599635,0.917,0.585,1.079,-1.047,1.433
34362,1145.71,0.93,1,0.745135,0.409767,-0.526179,0.719232,0.353634,-0.598037,0.916,0.597,1.097,-1.043,1.443
34363,1145.743,0.93,1,0.744895,0.411239,-0.525371,0.719439,0.357052,-0.595753,0.917,0.601,1.105,-1.044,1.444
34364,1145.777,0.93,1,0.744136,0.415369,-0.523193,0.716476,0.361191,-0.596828,0.917,0.606,1.113,-1.042,1.444
34365,1145.81,0.93,1,0.74271,0.417345,-0.523646,0.714363,0.364648,-0.597259,0.915,0.609,1.118,-1.04,1.442
34366,1145.843,0.93,1,0.741121,0.420811,-0.523123,0.711185,0.368311,-0.598802,0.913,0.613,1.119,-1.036,1.435
34367,1145.877,0.93,1,0.741088,0.420106,-0.523736,0.711185,0.368226,-0.598853,0.913,0.612,1.12,-1.035,1.428
34368,1145.91,0.93,1,0.740384,0.419086,-0.525546,0.709888,0.368363,-0.600306,0.911,0.61,1.114,-1.036,1.417
34369,1145.943,0.93,1,0.74649,0.415157,-0.519998,0.7156,0.364983,-0.59557,0.919,0.61,1.119,-1.046,1.418
34370,1145.977,0.93,1,0.749475,0.41369,-0.516863,0.715466,0.364006,-0.596329,0.921,0.61,1.119,-1.052,1.408
34371,1146.01,0.93,1,0.757233,0.404311,-0.512963,0.721794,0.354402,-0.594485,0.928,0.601,1.112,-1.065,1.392
34372,1146.043,0.93,1,0.763963,0.398388,-0.50759,0.724895,0.348201,-0.594377,0.934,0.595,1.092,-1.075,1.361
34373,1146.077,0.93,1,0.772028,0.389935,-0.50192,0.730293,0.340382,-0.592294,0.941,0.589,1.073,-1.085,1.33
34374,1146.11,0.93,1,0.778327,0.379633,-0.500086,0.734183,0.330626,-0.593011,0.945,0.576,1.043,-1.093,1.284
34375,1146.143,0.93,1,0.785343,0.366384,-0.498998,0.739023,0.316852,-0.594516,0.949,0.558,0.998,-1.098,1.22
34376,1146.177,0.93,1,0.787894,0.357737,-0.501245,0.739939,0.309859,-0.597057,0.948,0.546,0.959,-1.098,1.159
34377,1146.21,0.93,1,0.78725,0.34986,-0.507775,0.736566,0.3051,-0.603642,0.941,0.533,0.919,-1.096,1.098
34378,1146.243,0.93,1,0.789881,0.347049,-0.505613,0.737632,0.305666,-0.602053,0.943,0.532,0.909,-1.105,1.072
34379,1146.277,0.93,1,0.791347,0.352782,-0.499315,0.738263,0.317415,-0.59516,0.95,0.549,0.94,-1.111,1.083
34380,1146.31,0.93,1,0.792896,0.35333,-0.496462,0.739658,0.323475,-0.590144,0.954,0.557,0.956,-1.117,1.077
34381,1146.343,0.93,1,0.793764,0.35832,-0.491473,0.742841,0.333087,-0.580725,0.962,0.573,1.013,-1.118,1.111
34382,1146.377,0.93,1,0.795056,0.362649,-0.48618,0.748686,0.342451,-0.567624,0.972,0.59,1.068,-1.119,1.14
34383,1146.41,0.93,1,0.795143,0.366904,-0.482835,0.752034,0.350374,-0.558285,0.978,0.603,1.112,-1.118,1.162
34384,1146.443,0.88,1,0.795215,0.375015,-0.476441,0.755197,0.363551,-0.545443,0.988,0.626,1.175,-1.115,1.206
34385,1146.477,0.93,1,0.795137,0.382254,-0.470785,0.755465,0.375113,-0.537181,0.994,0.644,1.232,-1.11,1.246
34386,1146.51,0.93,1,0.792865,0.387813,-0.47007,0.754479,0.384408,-0.53197,0.996,0.657,1.289,-1.102,1.286
34387,1146.543,0.93,1,0.790514,0.395668,-0.467476,0.755609,0.395246,-0.522337,1.001,0.674,1.356,-1.088,1.335
34388,1146.577,0.93,1,0.786875,0.40047,-0.469522,0.753219,0.397315,-0.524216,0.998,0.676,1.395,-1.07,1.358
34389,1146.61,0.93,1,0.782474,0.405195,-0.472812,0.748955,0.402371,-0.526463,0.993,0.68,1.444,-1.056,1.39
34390,1146.643,0.93,1,0.784178,0.408009,-0.467541,0.750562,0.407494,-0.520197,0.999,0.69,1.496,-1.05,1.427
34391,1146.677,0.98,1,0.781536,0.411893,-0.468557,0.749122,0.413937,-0.517176,0.999,0.697,1.539,-1.038,1.455
34392,1146.71,0.93,1,0.77696,0.41859,-0.470228,0.745794,0.422486,-0.51507,0.996,0.707,1.575,-1.027,1.479
34393,1146.743,0.93,1,0.771057,0.424963,-0.474213,0.74048,0.431843,-0.514977,0.991,0.714,1.596,-1.019,1.495
34394,1146.777,0.93,1,0.771735,0.425896,-0.472269,0.73921,0.4343,-0.514736,0.992,0.717,1.611,-1.017,1.506
34395,1146.81,0.93,1,0.771663,0.427448,-0.470981,0.73942,0.438079,-0.511219,0.994,0.722,1.625,-1.014,1.521
34396,1146.843,0.98,1,0.769621,0.428482,-0.473378,0.73718,0.439014,-0.513647,0.991,0.721,1.635,-1.011,1.533
34397,1146.877,0.93,1,0.769096,0.433742,-0.469425,0.735169,0.443067,-0.513048,0.992,0.729,1.644,-1.004,1.541
34398,1146.91,0.93,1,0.769394,0.434865,-0.467895,0.736093,0.441936,-0.512698,0.993,0.73,1.659,-0.999,1.553
34399,1146.944,0.93,1,0.765912,0.440676,-0.46817,0.731278,0.447134,-0.515077,0.99,0.734,1.666,-0.99,1.559
34400,1146.977,0.93,1,0.764251,0.441551,-0.470056,0.729686,0.450677,-0.514245,0.988,0.736,1.678,-0.985,1.568
34401,1147.01,0.93,1,0.762765,0.445336,-0.468898,0.728513,0.455188,-0.511931,0.989,0.743,1.685,-0.978,1.577
34402,1147.044,0.93,1,0.762142,0.445678,-0.469586,0.727046,0.456048,-0.513248,0.987,0.742,1.69,-0.977,1.584
34403,1147.077,0.93,1,0.760883,0.445649,-0.47165,0.726917,0.456678,-0.512872,0.986,0.742,1.689,-0.974,1.587
34404,1147.11,0.93,1,0.758698,0.446401,-0.474451,0.724037,0.457637,-0.516081,0.982,0.74,1.682,-0.972,1.584
34405,1147.144,0.93,1,0.757299,0.447841,-0.475328,0.722448,0.459406,-0.516735,0.98,0.741,1.676,-0.97,1.581
34406,1147.177,0.93,1,0.755377,0.450198,-0.476158,0.720445,0.46116,-0.517968,0.978,0.742,1.666,-0.968,1.577
34407,1147.21,0.93,1,0.756495,0.445944,-0.478382,0.72386,0.457366,-0.516568,0.979,0.737,1.641,-0.971,1.565
34408,1147.244,0.88,1,0.75325,0.451397,-0.478387,0.719984,0.460374,-0.519305,0.976,0.74,1.611,-0.974,1.544
34409,1147.277,0.88,1,0.749628,0.452844,-0.482691,0.71698,0.459772,-0.523975,0.969,0.736,1.584,-0.972,1.526
34410,1147.31,0.88,1,0.746816,0.453417,-0.486497,0.714326,0.458103,-0.529036,0.963,0.731,1.561,-0.97,1.502
34411,1147.344,0.88,1,0.751052,0.452633,-0.480671,0.715612,0.459041,-0.52648,0.969,0.736,1.55,-0.974,1.496
34412,1147.377,0.88,1,0.751569,0.455775,-0.476879,0.715163,0.466645,-0.52037,0.974,0.746,1.543,-0.976,1.489
34413,1147.41,0.88,1,0.758989,0.447393,-0.473049,0.720232,0.454874,-0.523789,0.978,0.736,1.535,-0.99,1.473
34414,1147.444,0.88,1,0.75354,0.452861,-0.476543,0.715978,0.46,-0.525143,0.972,0.739,1.531,-0.984,1.457
34415,1147.477,0.88,1,0.754422,0.453429,-0.474605,0.720035,0.461995,-0.517794,0.978,0.745,1.53,-0.99,1.455
34416,1147.51,0.88,1,0.757466,0.449529,-0.473465,0.724417,0.458718,-0.514585,0.983,0.743,1.534,-0.997,1.457
34417,1147.544,0.88,1,0.759462,0.446484,-0.473148,0.727535,0.453483,-0.514826,0.984,0.739,1.539,-0.999,1.46
34418,1147.577,0.88,1,0.757794,0.449035,-0.473408,0.72891,0.456148,-0.510508,0.986,0.744,1.556,-0.995,1.472
34419,1147.61,0.88,1,0.759158,0.450969,-0.469368,0.731601,0.45853,-0.50449,0.992,0.751,1.583,-0.99,1.49
34420,1147.644,0.88,1,0.761527,0.453053,-0.463487,0.731501,0.460539,-0.502802,0.996,0.757,1.609,-0.987,1.502
34421,1147.677,0.88,1,0.767044,0.449506,-0.457808,0.735504,0.45787,-0.499388,1.004,0.759,1.648,-0.987,1.524
34422,1147.71,0.88,1,0.772867,0.446225,-0.451176,0.738792,0.453849,-0.498204,1.01,0.759,1.684,-0.99,1.556
34423,1147.744,0.88,1,0.778309,0.437376,-0.450486,0.741881,0.443807,-0.502641,1.011,0.746,1.709,-0.997,1.583
34424,1147.777,0.88,1,0.784233,0.427898,-0.449312,0.746196,0.434905,-0.504033,1.014,0.736,1.726,-1.009,1.602
34425,1147.81,0.88,1,0.785004,0.424508,-0.451177,0.74558,0.431489,-0.507865,1.011,0.729,1.727,-1.016,1.601
34426,1147.844,0.88,1,0.787923,0.422244,-0.448205,0.74786,0.43217,-0.503919,1.016,0.731,1.73,-1.02,1.598
34427,1147.877,0.88,1,0.785237,0.426453,-0.448932,0.747437,0.439319,-0.498334,1.017,0.74,1.733,-1.01,1.589
34428,1147.91,0.88,1,0.779891,0.431814,-0.453108,0.744727,0.448125,-0.494535,1.015,0.748,1.74,-0.999,1.58
34429,1147.944,0.88,1,0.778579,0.42876,-0.458234,0.745472,0.448357,-0.493202,1.013,0.745,1.754,-0.992,1.576
34430,1147.977,0.88,1,0.776951,0.426761,-0.462841,0.746105,0.447362,-0.493148,1.01,0.741,1.774,-0.985,1.583
34431,1148.011,0.88,1,0.779465,0.419849,-0.464931,0.74984,0.440185,-0.49394,1.011,0.731,1.792,-0.987,1.594
34432,1148.044,0.88,1,0.780853,0.415495,-0.46651,0.752804,0.436885,-0.49236,1.012,0.727,1.813,-0.987,1.609
34433,1148.077,0.88,1,0.782524,0.41236,-0.466494,0.754175,0.434168,-0.492664,1.013,0.723,1.829,-0.986,1.621
34434,1148.111,0.88,1,0.78588,0.406666,-0.465849,0.757844,0.426763,-0.493504,1.015,0.715,1.854,-0.986,1.632
34435,1148.144,0.88,1,0.787227,0.39945,-0.469801,0.760529,0.420904,-0.494403,1.014,0.705,1.888,-0.98,1.65
34436,1148.177,0.88,1,0.766543,0.4181,-0.487447,0.733928,0.452378,-0.50666,0.986,0.719,1.766,-0.956,1.485
34437,1148.211,0.88,1,0.7661,0.406851,-0.497558,0.739116,0.436004,-0.513428,0.979,0.695,1.798,-0.952,1.501
34438,1148.244,0.88,1,0.769678,0.403502,-0.494754,0.743497,0.429776,-0.512352,0.984,0.691,1.829,-0.948,1.524
34439,1148.277,0.88,1,0.772811,0.396082,-0.495866,0.747903,0.422749,-0.511785,0.986,0.682,1.85,-0.948,1.541
34440,1148.311,0.88,1,0.774402,0.399214,-0.490846,0.74865,0.42341,-0.510144,0.989,0.688,1.863,-0.947,1.557
34441,1148.344,0.88,1,0.770914,0.403508,-0.492822,0.744211,0.427424,-0.513282,0.985,0.69,1.871,-0.941,1.57
34442,1148.377,0.88,1,0.769736,0.405113,-0.493345,0.742753,0.42854,-0.514462,0.983,0.691,1.877,-0.938,1.577
34443,1148.411,0.88,1,0.76766,0.405269,-0.496442,0.741109,0.425681,-0.519186,0.978,0.686,1.875,-0.932,1.578
34444,1148.444,0.88,1,0.763686,0.407931,-0.500376,0.738365,0.429097,-0.520281,0.974,0.687,1.875,-0.924,1.583
34445,1148.477,0.88,1,0.759679,0.411371,-0.503649,0.734235,0.433904,-0.522137,0.969,0.689,1.87,-0.919,1.582
34446,1148.511,0.88,1,0.756672,0.415485,-0.504797,0.729283,0.436953,-0.526515,0.964,0.691,1.858,-0.917,1.578
34447,1148.544,0.88,1,0.753091,0.417512,-0.508466,0.725595,0.439583,-0.529414,0.959,0.69,1.846,-0.913,1.57
34448,1148.577,0.88,1,0.752673,0.420579,-0.506554,0.723276,0.443751,-0.52911,0.959,0.695,1.833,-0.913,1.561
34449,1148.611,0.88,1,0.750814,0.424611,-0.505949,0.719474,0.448802,-0.530033,0.957,0.7,1.819,-0.912,1.553
34450,1148.644,0.88,1,0.747485,0.425507,-0.510108,0.715632,0.450546,-0.533741,0.951,0.698,1.807,-0.91,1.545
34451,1148.677,0.88,1,0.744636,0.42586,-0.513965,0.712605,0.450506,-0.537809,0.946,0.695,1.793,-0.908,1.535
34452,1148.711,0.88,1,0.739641,0.429262,-0.51833,0.707917,0.453816,-0.541206,0.939,0.695,1.774,-0.903,1.52
34453,1148.744,0.88,1,0.730224,0.433612,-0.527972,0.699863,0.45911,-0.547183,0.926,0.693,1.759,-0.892,1.51
34454,1148.777,0.88,1,0.722096,0.437805,-0.535634,0.692314,0.464882,-0.551892,0.915,0.693,1.738,-0.882,1.499
34455,1148.811,0.88,1,0.717174,0.440859,-0.539727,0.686621,0.466896,-0.557279,0.907,0.691,1.719,-0.879,1.486
34456,1148.844,0.88,1,0.714267,0.445301,-0.539935,0.682112,0.470457,-0.559816,0.904,0.694,1.7,-0.875,1.475
34457,1148.877,0.88,1,0.707908,0.452485,-0.542331,0.674616,0.478998,-0.561653,0.897,0.701,1.685,-0.869,1.467
34458,1148.911,0.88,1,0.704839,0.455327,-0.543948,0.671071,0.481787,-0.563511,0.893,0.702,1.667,-0.867,1.455
34459,1148.944,0.88,1,0.702483,0.457814,-0.544908,0.668729,0.484485,-0.563981,0.891,0.704,1.649,-0.869,1.444
34460,1148.977,0.88,1,0.701681,0.458223,-0.545596,0.668233,0.485358,-0.563819,0.89,0.705,1.637,-0.869,1.436
34461,1149.011,0.88,1,0.701959,0.459535,-0.544133,0.667552,0.48733,-0.562924,0.891,0.708,1.622,-0.871,1.425
34462,1149.044,0.88,1,0.69898,0.461642,-0.546181,0.66429,0.48937,-0.56501,0.887,0.708,1.603,-0.873,1.413
34463,1149.078,0.88,1,0.697309,0.462606,-0.5475,0.662516,0.488977,-0.567428,0.884,0.707,1.584,-0.873,1.4
34464,1149.111,0.88,1,0.697058,0.463514,-0.547051,0.66202,0.488213,-0.568663,0.883,0.706,1.559,-0.877,1.382
34465,1149.144,0.88,1,0.694904,0.462901,-0.550301,0.660034,0.488293,-0.570898,0.88,0.704,1.537,-0.879,1.364
34466,1149.178,0.88,1,0.694734,0.463988,-0.5496,0.658891,0.48564,-0.57447,0.878,0.701,1.514,-0.881,1.348
34467,1149.211,0.88,1,0.693301,0.464612,-0.550881,0.657999,0.487458,-0.573954,0.877,0.702,1.492,-0.88,1.337
34468,1149.244,0.88,1,0.694617,0.459799,-0.553255,0.657812,0.481918,-0.578825,0.874,0.694,1.455,-0.89,1.316
34469,1149.278,0.88,1,0.694901,0.458968,-0.553589,0.655109,0.479223,-0.584103,0.871,0.69,1.422,-0.894,1.297
34470,1149.311,0.88,1,0.693854,0.455778,-0.557524,0.651981,0.472774,-0.592794,0.864,0.679,1.38,-0.896,1.268
34471,1149.344,0.88,1,0.69958,0.45105,-0.554204,0.655716,0.464025,-0.595582,0.867,0.672,1.339,-0.901,1.241
34472,1149.378,0.88,1,0.701176,0.446247,-0.556072,0.6553,0.453294,-0.60424,0.863,0.659,1.29,-0.904,1.209
34473,1149.411,0.88,1,0.699562,0.442796,-0.560843,0.653129,0.443728,-0.613619,0.856,0.647,1.232,-0.902,1.171
34474,1149.444,0.88,1,0.693218,0.442566,-0.568845,0.642527,0.437062,-0.629393,0.84,0.633,1.16,-0.895,1.13
34475,1149.478,0.82,1,0.682062,0.440719,-0.583574,0.625414,0.42827,-0.652259,0.814,0.613,1.071,-0.879,1.084
34476,1149.511,0.82,1,0.66844,0.439135,-0.600291,0.601577,0.422235,-0.678102,0.782,0.593,0.969,-0.86,1.02
34477,1149.544,0.82,1,0.664401,0.416748,-0.620398,0.584112,0.390975,-0.711303,0.753,0.545,0.837,-0.842,0.923
34478,1149.578,0.82,1,0.655006,0.400447,-0.640788,0.567884,0.369643,-0.73544,0.726,0.51,0.752,-0.826,0.851
34479,1149.611,0.88,1,0.652949,0.383978,-0.652854,0.556988,0.350241,-0.753057,0.711,0.481,0.681,-0.825,0.779
34480,1149.644,0.88,1,0.651555,0.364329,-0.665387,0.552632,0.325511,-0.767229,0.699,0.449,0.624,-0.817,0.73
34481,1149.678,0.88,1,0.649918,0.355649,-0.671655,0.546907,0.315876,-0.775316,0.691,0.435,0.576,-0.815,0.701
34482,1149.711,0.88,1,0.662995,0.339744,-0.667092,0.563622,0.295378,-0.771415,0.706,0.416,0.549,-0.829,0.689
34483,1149.744,0.77,1,0.662579,0.339166,-0.667799,0.563834,0.297144,-0.770582,0.706,0.416,0.558,-0.848,0.701
34484,1149.778,0.77,1,0.681909,0.329672,-0.652929,0.577621,0.288724,-0.763539,0.727,0.412,0.549,-0.89,0.695
34491,1150.011,0.82,1,0.71385,0.305318,-0.630237,0.630339,0.276549,-0.725392,0.781,0.405,0.598,-0.968,0.742
34492,1150.044,0.93,1,0.701202,0.349154,-0.621617,0.623267,0.326559,-0.710562,0.782,0.469,0.693,-0.93,0.812
34493,1150.078,0.93,1,0.696252,0.378176,-0.610095,0.615648,0.35867,-0.701665,0.785,0.512,0.762,-0.898,0.858
34494,1150.111,0.93,1,0.689623,0.403293,-0.601477,0.614138,0.388817,-0.686772,0.791,0.551,0.828,-0.878,0.902
34495,1150.144,0.93,1,0.683189,0.421566,-0.596268,0.61527,0.412632,-0.671697,0.797,0.582,0.887,-0.868,0.947
34496,1150.178,0.93,1,0.673891,0.439624,-0.593803,0.610599,0.433046,-0.663053,0.796,0.607,0.939,-0.854,0.987
34497,1150.211,0.93,1,0.66267,0.452828,-0.596503,0.604091,0.447394,-0.659479,0.79,0.622,0.972,-0.844,1.02
34498,1150.245,0.93,1,0.652306,0.462515,-0.600481,0.596067,0.457089,-0.660132,0.781,0.63,0.995,-0.829,1.042
34499,1150.278,0.93,1,0.643514,0.46926,-0.604718,0.592621,0.462532,-0.659442,0.774,0.635,1.011,-0.817,1.067
34500,1150.311,0.93,1,0.63954,0.476294,-0.603434,0.591889,0.467626,-0.656501,0.774,0.643,1.029,-0.815,1.095
34501,1150.345,0.93,1,0.637341,0.477498,-0.604807,0.594625,0.470081,-0.652262,0.775,0.646,1.04,-0.819,1.119
34502,1150.378,0.93,1,0.636758,0.479709,-0.603671,0.59571,0.470502,-0.650966,0.776,0.648,1.047,-0.822,1.138
34503,1150.411,0.93,1,0.636701,0.481129,-0.6026,0.596291,0.470395,-0.650512,0.777,0.649,1.05,-0.824,1.149
34504,1150.445,0.93,1,0.636405,0.481989,-0.602226,0.595057,0.469991,-0.651932,0.776,0.649,1.051,-0.827,1.157
34505,1150.478,0.88,1,0.638803,0.480032,-0.601248,0.596721,0.466996,-0.652563,0.778,0.647,1.041,-0.835,1.159
34506,1150.511,0.93,1,0.640996,0.481779,-0.597506,0.597609,0.466106,-0.652387,0.781,0.649,1.036,-0.84,1.164
34507,1150.545,0.93,1,0.641438,0.474282,-0.603003,0.59698,0.458777,-0.658132,0.776,0.637,1.007,-0.847,1.145
34508,1150.578,0.93,1,0.646328,0.469107,-0.60183,0.600469,0.450221,-0.660862,0.779,0.629,0.986,-0.853,1.135
34509,1150.611,0.93,1,0.645717,0.46008,-0.609406,0.596838,0.438952,-0.671644,0.77,0.612,0.944,-0.852,1.104
34510,1150.645,0.93,1,0.648882,0.454919,-0.609919,0.59617,0.430264,-0.67783,0.769,0.602,0.914,-0.857,1.086
34511,1150.678,0.93,1,0.651146,0.444547,-0.615132,0.594302,0.41331,-0.689913,0.762,0.582,0.865,-0.856,1.051
34512,1150.711,0.93,1,0.650246,0.431947,-0.624982,0.589104,0.396905,-0.703863,0.751,0.558,0.809,-0.852,1.012
34513,1150.745,0.93,1,0.650535,0.424406,-0.629828,0.585555,0.385754,-0.712965,0.744,0.543,0.775,-0.852,0.991
34514,1150.778,0.93,1,0.651726,0.417888,-0.632948,0.586069,0.377801,-0.716791,0.742,0.533,0.757,-0.852,0.975
34515,1150.811,0.93,1,0.65227,0.408578,-0.638441,0.586102,0.367375,-0.722163,0.738,0.518,0.726,-0.847,0.948
34516,1150.845,0.88,1,0.643928,0.402945,-0.650378,0.574793,0.3644,-0.732684,0.722,0.507,0.706,-0.835,0.929
34517,1150.878,0.88,1,0.634579,0.410535,-0.654806,0.566602,0.374034,-0.734208,0.713,0.514,0.712,-0.826,0.943
34518,1150.911,0.88,1,0.633854,0.414276,-0.653149,0.566218,0.379666,-0.731608,0.714,0.521,0.722,-0.827,0.957
34519,1150.945,0.93,1,0.653497,0.403136,-0.640643,0.58751,0.363454,-0.723003,0.738,0.512,0.727,-0.856,0.964
34520,1150.978,0.93,1,0.662632,0.385543,-0.642086,0.593533,0.34064,-0.729166,0.742,0.487,0.686,-0.866,0.92
34521,1151.011,0.93,1,0.667205,0.379436,-0.640988,0.595189,0.334981,-0.730437,0.744,0.48,0.664,-0.871,0.894
34522,1151.045,0.93,1,0.674355,0.373864,-0.636766,0.60436,0.32962,-0.725327,0.754,0.477,0.667,-0.878,0.888
34523,1151.078,0.93,1,0.67425,0.372723,-0.637546,0.603521,0.3299,-0.725899,0.753,0.476,0.664,-0.882,0.88
34524,1151.111,0.93,1,0.675076,0.372805,-0.636623,0.603539,0.330068,-0.725807,0.754,0.476,0.669,-0.882,0.881
34525,1151.145,0.93,1,0.677363,0.374952,-0.632922,0.607393,0.332687,-0.721383,0.759,0.481,0.68,-0.886,0.889
34526,1151.178,0.93,1,0.668282,0.388536,-0.63438,0.597227,0.349199,-0.722066,0.751,0.498,0.696,-0.876,0.892
34527,1151.211,0.93,1,0.672192,0.387599,-0.630813,0.603581,0.349095,-0.716815,0.758,0.5,0.707,-0.884,0.905
34528,1151.245,0.93,1,0.680488,0.379724,-0.626694,0.615218,0.341304,-0.710646,0.77,0.494,0.696,-0.906,0.915
34529,1151.278,0.93,1,0.684904,0.369828,-0.627802,0.626137,0.33033,-0.706283,0.777,0.483,0.688,-0.917,0.92
34530,1151.312,0.93,1,0.689802,0.363561,-0.626096,0.637655,0.324732,-0.698531,0.786,0.479,0.694,-0.926,0.934
34531,1151.345,0.93,1,0.689021,0.361757,-0.627998,0.642195,0.3241,-0.694655,0.789,0.478,0.712,-0.925,0.949
34532,1151.378,0.93,1,0.686035,0.36928,-0.626888,0.64023,0.332593,-0.69245,0.788,0.489,0.736,-0.919,0.968
34533,1151.412,0.93,1,0.68492,0.375404,-0.624465,0.639583,0.338809,-0.690031,0.789,0.498,0.76,-0.911,0.987
34534,1151.445,0.98,1,0.681913,0.380323,-0.624779,0.635627,0.342859,-0.691683,0.786,0.502,0.783,-0.901,1.005
34535,1151.478,0.98,1,0.678223,0.384616,-0.626166,0.630921,0.347627,-0.69361,0.781,0.507,0.788,-0.894,1.012
34536,1151.512,0.98,1,0.676901,0.387547,-0.625789,0.628918,0.35048,-0.693993,0.78,0.51,0.796,-0.891,1.02
34537,1151.545,0.98,1,0.675702,0.390653,-0.625153,0.627767,0.35387,-0.693314,0.78,0.514,0.795,-0.888,1.022
34538,1151.578,0.98,1,0.675712,0.393022,-0.623657,0.628458,0.355663,-0.691769,0.781,0.517,0.796,-0.889,1.027
34539,1151.612,0.98,1,0.676595,0.393179,-0.6226,0.628567,0.354971,-0.692025,0.782,0.517,0.798,-0.889,1.028
34540,1151.645,0.98,1,0.674819,0.394165,-0.623901,0.624613,0.355477,-0.695338,0.778,0.517,0.793,-0.887,1.022
34541,1151.678,0.98,1,0.675205,0.393669,-0.623797,0.62526,0.355456,-0.694767,0.778,0.517,0.795,-0.888,1.023
34542,1151.712,0.98,1,0.677743,0.391072,-0.622678,0.628382,0.351492,-0.693966,0.781,0.514,0.792,-0.89,1.023
34543,1151.745,0.98,1,0.678847,0.391172,-0.62141,0.629514,0.351636,-0.692866,0.783,0.514,0.795,-0.892,1.024
34544,1151.778,0.98,1,0.679298,0.387667,-0.623112,0.631045,0.347148,-0.693736,0.783,0.509,0.786,-0.893,1.021
34545,1151.812,0.98,1,0.680089,0.388701,-0.621604,0.63061,0.347452,-0.69398,0.784,0.51,0.79,-0.894,1.024
34546,1151.845,0.98,1,0.679057,0.389954,-0.621947,0.630258,0.349572,-0.693235,0.783,0.512,0.796,-0.892,1.028
34547,1151.878,0.98,1,0.679794,0.387455,-0.622702,0.631894,0.347277,-0.692899,0.784,0.509,0.792,-0.892,1.024
34548,1151.912,0.98,1,0.678941,0.388452,-0.623012,0.629528,0.347154,-0.69511,0.782,0.509,0.792,-0.89,1.021
34549,1151.945,0.98,1,0.675918,0.388768,-0.626095,0.626154,0.347893,-0.697783,0.777,0.508,0.79,-0.887,1.018
34550,1151.978,0.98,1,0.675084,0.390818,-0.625718,0.62564,0.350265,-0.697057,0.777,0.511,0.793,-0.888,1.024
34551,1152.012,0.98,1,0.674982,0.389239,-0.626811,0.62486,0.346796,-0.699488,0.775,0.507,0.786,-0.885,1.02
34552,1152.045,0.98,1,0.674517,0.388268,-0.627913,0.625016,0.34619,-0.699648,0.775,0.505,0.783,-0.883,1.018
34553,1152.078,0.98,1,0.672807,0.390334,-0.628466,0.623202,0.348755,-0.699992,0.773,0.508,0.786,-0.881,1.02
34554,1152.112,0.98,1,0.672532,0.392259,-0.627561,0.622124,0.350376,-0.700142,0.773,0.51,0.786,-0.879,1.019
34555,1152.145,0.98,1,0.670744,0.392162,-0.629532,0.621339,0.350386,-0.700834,0.771,0.509,0.781,-0.877,1.018
34556,1152.178,0.98,1,0.670485,0.393816,-0.628776,0.621735,0.352289,-0.699526,0.772,0.512,0.782,-0.877,1.022
34557,1152.212,0.98,1,0.668977,0.394999,-0.629639,0.620519,0.353181,-0.700157,0.77,0.512,0.782,-0.876,1.023
34558,1152.245,0.98,1,0.661194,0.407269,-0.630044,0.60847,0.366444,-0.703905,0.761,0.526,0.79,-0.872,1.026
34559,1152.278,0.93,1,0.655814,0.424945,-0.623963,0.597718,0.384966,-0.703231,0.757,0.548,0.803,-0.868,1.029
34560,1152.312,0.93,1,0.654009,0.426399,-0.624864,0.596702,0.387206,-0.702864,0.756,0.55,0.801,-0.867,1.029
34561,1152.345,0.93,1,0.653642,0.425202,-0.626063,0.594971,0.384204,-0.705972,0.753,0.546,0.792,-0.865,1.021
34562,1152.378,0.93,1,0.653859,0.425923,-0.625346,0.594576,0.383865,-0.706489,0.753,0.546,0.789,-0.863,1.018
34563,1152.412,0.93,1,0.653379,0.42686,-0.625209,0.593696,0.384639,-0.706808,0.752,0.547,0.79,-0.862,1.018
34564,1152.445,0.93,1,0.653171,0.42673,-0.625515,0.59367,0.385041,-0.706611,0.752,0.547,0.791,-0.862,1.017
34565,1152.479,0.93,1,0.652461,0.425975,-0.62677,0.593314,0.384302,-0.707312,0.751,0.546,0.788,-0.861,1.015
34566,1152.512,0.93,1,0.651158,0.425587,-0.628386,0.591642,0.383923,-0.708917,0.749,0.544,0.784,-0.858,1.013
34567,1152.545,0.93,1,0.650797,0.426765,-0.627961,0.591246,0.384349,-0.709017,0.749,0.545,0.781,-0.857,1.012
34568,1152.579,0.93,1,0.649915,0.425508,-0.629725,0.58973,0.382708,-0.711163,0.746,0.542,0.774,-0.857,1.01
34569,1152.612,0.93,1,0.651166,0.425121,-0.628693,0.591145,0.382429,-0.710137,0.748,0.543,0.774,-0.858,1.009
34570,1152.645,0.93,1,0.652247,0.424821,-0.627775,0.592609,0.381568,-0.70938,0.75,0.543,0.774,-0.86,1.01
34571,1152.679,0.93,1,0.651425,0.425528,-0.62815,0.592892,0.382946,-0.708401,0.75,0.544,0.774,-0.858,1.01
34572,1152.712,0.93,1,0.651951,0.425782,-0.62743,0.593733,0.382597,-0.707884,0.751,0.544,0.774,-0.86,1.011
34573,1152.745,0.93,1,0.652466,0.426251,-0.626576,0.594236,0.384188,-0.7066,0.752,0.546,0.779,-0.861,1.013
34574,1152.779,0.93,1,0.65114,0.427553,-0.627069,0.593784,0.386408,-0.705769,0.751,0.548,0.783,-0.859,1.015
34575,1152.812,0.93,1,0.64766,0.430177,-0.628876,0.589527,0.388048,-0.708433,0.747,0.549,0.781,-0.851,1.014
34576,1152.845,0.88,1,0.63667,0.435877,-0.636131,0.573987,0.396579,-0.716424,0.73,0.552,0.786,-0.836,1.018
34577,1152.879,0.88,1,0.619846,0.456494,-0.638282,0.559988,0.42183,-0.713072,0.718,0.576,0.827,-0.813,1.055
34578,1152.912,0.88,1,0.606541,0.473525,-0.638657,0.546378,0.440373,-0.71242,0.706,0.595,0.867,-0.79,1.083
34579,1152.945,0.88,1,0.593566,0.490652,-0.637919,0.53249,0.459039,-0.711153,0.696,0.613,0.911,-0.763,1.103
34580,1152.979,0.88,1,0.586309,0.502103,-0.635716,0.525082,0.471205,-0.708699,0.691,0.627,0.951,-0.746,1.128
34581,1153.012,0.88,1,0.583674,0.511066,-0.63098,0.523846,0.477705,-0.705254,0.692,0.637,0.978,-0.739,1.154
34582,1153.045,0.88,1,0.583249,0.518478,-0.6253,0.525164,0.484779,-0.699422,0.697,0.648,0.996,-0.734,1.177
34583,1153.079,0.88,1,0.583656,0.519558,-0.624023,0.528975,0.485711,-0.695895,0.7,0.651,0.998,-0.733,1.194
34584,1153.112,0.88,1,0.578308,0.521753,-0.627164,0.525362,0.488142,-0.69693,0.695,0.652,0.989,-0.728,1.196
34585,1153.145,0.88,1,0.575345,0.521477,-0.630111,0.522316,0.488357,-0.699066,0.69,0.65,0.984,-0.726,1.198
34586,1153.179,0.88,1,0.576677,0.520612,-0.629609,0.522208,0.486641,-0.700343,0.691,0.648,0.979,-0.73,1.2
34587,1153.212,0.88,1,0.575622,0.522056,-0.629379,0.520696,0.48628,-0.701718,0.689,0.648,0.98,-0.729,1.204
34588,1153.245,0.88,1,0.577768,0.515673,-0.632665,0.520937,0.477913,-0.707265,0.687,0.638,0.96,-0.731,1.195
34589,1153.279,0.88,1,0.578231,0.511602,-0.635541,0.517666,0.470731,-0.714446,0.682,0.629,0.938,-0.735,1.182
34590,1153.312,0.88,1,0.586328,0.501184,-0.636423,0.52313,0.456902,-0.719427,0.686,0.615,0.909,-0.748,1.17
34591,1153.345,0.88,1,0.597656,0.487643,-0.636405,0.530611,0.438824,-0.725179,0.692,0.597,0.869,-0.766,1.145
34592,1153.379,0.88,1,0.61278,0.470966,-0.63458,0.544381,0.41542,-0.728749,0.704,0.576,0.824,-0.783,1.116
34593,1153.412,0.88,1,0.621377,0.469652,-0.62715,0.554285,0.418274,-0.719594,0.718,0.583,0.842,-0.805,1.129
34594,1153.445,0.88,1,0.622904,0.479027,-0.618486,0.556332,0.429487,-0.711362,0.725,0.599,0.879,-0.811,1.156
34595,1153.479,0.88,1,0.63441,0.493738,-0.594766,0.567484,0.447788,-0.690976,0.752,0.632,0.944,-0.833,1.197
34596,1153.512,0.88,1,0.645667,0.489545,-0.586054,0.592423,0.461724,-0.660187,0.782,0.652,0.995,-0.851,1.212
34597,1153.546,0.88,1,0.662478,0.487708,-0.568564,0.612032,0.468038,-0.637462,0.813,0.67,1.053,-0.87,1.212
34598,1153.579,0.88,1,0.683297,0.486324,-0.544604,0.635324,0.475847,-0.608221,0.852,0.695,1.122,-0.896,1.227
34599,1153.612,0.88,1,0.707043,0.479404,-0.519868,0.664346,0.475998,-0.576255,0.896,0.717,1.206,-0.919,1.26
34600,1153.646,0.88,1,0.716513,0.47998,-0.50619,0.677746,0.484076,-0.553472,0.921,0.738,1.292,-0.928,1.305
34601,1153.679,0.88,1,0.719077,0.479786,-0.502726,0.684896,0.485365,-0.543451,0.93,0.745,1.352,-0.928,1.347
34602,1153.712,0.88,1,0.719169,0.478679,-0.50365,0.687001,0.484702,-0.541382,0.932,0.745,1.386,-0.927,1.374
34603,1153.746,0.88,1,0.722143,0.478844,-0.499218,0.690773,0.483104,-0.538,0.938,0.748,1.403,-0.928,1.394
34604,1153.779,0.88,1,0.723712,0.47894,-0.496848,0.693793,0.48193,-0.535159,0.941,0.75,1.411,-0.931,1.411
34605,1153.812,0.88,1,0.724812,0.478325,-0.495836,0.695424,0.479279,-0.535422,0.943,0.748,1.413,-0.932,1.419
34606,1153.846,0.88,1,0.72638,0.475361,-0.496391,0.699179,0.47383,-0.535381,0.944,0.744,1.413,-0.935,1.431
34607,1153.879,0.88,1,0.73133,0.47217,-0.49215,0.708732,0.469767,-0.526324,0.955,0.746,1.421,-0.945,1.46
34608,1153.912,0.88,1,0.735912,0.471989,-0.485448,0.715707,0.467205,-0.519118,0.965,0.752,1.433,-0.953,1.491
34609,1153.946,0.88,1,0.740774,0.4694,-0.48054,0.720965,0.462898,-0.515688,0.973,0.752,1.45,-0.96,1.52
34610,1153.979,0.88,1,0.743062,0.470114,-0.476289,0.723051,0.462608,-0.513021,0.977,0.756,1.475,-0.964,1.551
34611,1154.012,0.88,1,0.744362,0.470361,-0.47401,0.726757,0.464239,-0.506268,0.983,0.762,1.506,-0.962,1.582
34612,1154.046,0.88,1,0.746182,0.468036,-0.473449,0.729187,0.461965,-0.504852,0.985,0.76,1.529,-0.966,1.606
34613,1154.079,0.88,1,0.746589,0.467817,-0.473024,0.7305,0.464021,-0.501052,0.988,0.763,1.556,-0.963,1.631
34614,1154.112,0.88,1,0.740056,0.474303,-0.476817,0.725144,0.472332,-0.501067,0.982,0.769,1.579,-0.95,1.65
34615,1154.146,0.88,1,0.729981,0.485068,-0.481494,0.717825,0.486481,-0.49806,0.976,0.781,1.603,-0.922,1.67
34616,1154.179,0.88,1,0.719439,0.492206,-0.490041,0.707893,0.495152,-0.503699,0.963,0.782,1.608,-0.895,1.676
34617,1154.212,0.88,1,0.710915,0.497672,-0.496914,0.702515,0.503224,-0.503228,0.955,0.786,1.607,-0.873,1.681
34618,1154.246,0.88,1,0.703427,0.501993,-0.503183,0.696689,0.506808,-0.507711,0.945,0.784,1.589,-0.862,1.677
34619,1154.279,0.88,1,0.69606,0.506845,-0.508535,0.689649,0.51098,-0.513111,0.935,0.784,1.576,-0.854,1.675
34620,1154.312,0.88,1,0.693472,0.507148,-0.511759,0.687487,0.50886,-0.518096,0.93,0.779,1.553,-0.85,1.663
34621,1154.346,0.88,1,0.691983,0.506753,-0.514161,0.685842,0.504754,-0.524255,0.925,0.772,1.533,-0.849,1.652
34622,1154.379,0.88,1,0.692822,0.507358,-0.512432,0.685685,0.503381,-0.525779,0.925,0.772,1.522,-0.851,1.65
34623,1154.412,0.88,1,0.695859,0.505119,-0.510524,0.68841,0.499357,-0.526055,0.928,0.77,1.521,-0.855,1.653
34624,1154.446,0.88,1,0.698619,0.504578,-0.50728,0.69078,0.498144,-0.524095,0.932,0.771,1.524,-0.858,1.655
34625,1154.479,0.88,1,0.702406,0.500995,-0.505599,0.695017,0.496876,-0.519679,0.938,0.772,1.537,-0.863,1.665
34626,1154.512,0.88,1,0.706002,0.498039,-0.503506,0.698397,0.49511,-0.516824,0.942,0.772,1.55,-0.871,1.672
34627,1154.546,0.88,1,0.708801,0.494583,-0.50298,0.700638,0.493106,-0.515706,0.945,0.77,1.564,-0.874,1.676
34628,1154.579,0.88,1,0.712393,0.493014,-0.499433,0.703842,0.493567,-0.51088,0.951,0.774,1.58,-0.874,1.679
34629,1154.612,0.88,1,0.71621,0.490676,-0.496266,0.708259,0.492461,-0.505818,0.958,0.776,1.604,-0.875,1.692
34630,1154.646,0.88,1,0.720167,0.487289,-0.493872,0.710714,0.490117,-0.50465,0.962,0.775,1.605,-0.88,1.685
34631,1154.679,0.88,1,0.723453,0.48456,-0.491749,0.71385,0.487812,-0.502452,0.966,0.774,1.615,-0.883,1.688
34632,1154.713,0.88,1,0.729126,0.482692,-0.485164,0.719029,0.487429,-0.495388,0.976,0.78,1.636,-0.886,1.704
34633,1154.746,0.88,1,0.733374,0.479188,-0.482226,0.724257,0.487803,-0.487339,0.984,0.784,1.668,-0.889,1.724
34634,1154.779,0.88,1,0.7369,0.477495,-0.478516,0.727835,0.488746,-0.481023,0.991,0.789,1.715,-0.885,1.753
34635,1154.813,0.88,1,0.739749,0.471013,-0.48054,0.731815,0.486753,-0.476988,0.994,0.786,1.777,-0.874,1.785
34636,1154.846,0.88,1,0.746794,0.461734,-0.478644,0.73742,0.479416,-0.475786,0.999,0.778,1.837,-0.87,1.817
34637,1154.879,0.88,1,0.75276,0.44851,-0.481862,0.744642,0.469371,-0.474551,1.002,0.765,1.908,-0.858,1.856
34638,1154.913,0.88,1,0.754808,0.438743,-0.487617,0.74693,0.462522,-0.477671,1.0,0.751,1.975,-0.839,1.897
34639,1154.946,0.88,1,0.755713,0.432058,-0.492163,0.747204,0.457647,-0.481919,0.996,0.74,2.036,-0.817,1.932
34640,1154.979,0.88,1,0.753474,0.430005,-0.497366,0.744279,0.455709,-0.48824,0.989,0.732,2.073,-0.802,1.955
34641,1155.013,0.88,1,0.751277,0.429171,-0.501394,0.741016,0.454886,-0.493938,0.983,0.726,2.089,-0.792,1.964
34642,1155.046,0.88,1,0.748575,0.430732,-0.504088,0.736646,0.457489,-0.498052,0.977,0.725,2.092,-0.784,1.965
34643,1155.079,0.88,1,0.742654,0.434565,-0.509528,0.729263,0.461232,-0.505411,0.967,0.723,2.09,-0.776,1.964
34644,1155.113,0.88,1,0.740552,0.436069,-0.511299,0.725743,0.46198,-0.509776,0.963,0.721,2.082,-0.773,1.956
34645,1155.146,0.88,1,0.737744,0.437134,-0.514439,0.722459,0.463869,-0.512717,0.958,0.72,2.076,-0.772,1.949
34646,1155.179,0.88,1,0.736829,0.437622,-0.515334,0.720372,0.463677,-0.515818,0.955,0.718,2.07,-0.774,1.943
34647,1155.213,0.88,1,0.736054,0.439085,-0.515198,0.717709,0.463246,-0.5199,0.952,0.717,2.06,-0.781,1.935
34648,1155.246,0.88,1,0.736846,0.438776,-0.514328,0.717983,0.462191,-0.520461,0.953,0.716,2.047,-0.788,1.925
34649,1155.279,0.88,1,0.735239,0.439675,-0.515858,0.715541,0.4622,-0.523805,0.949,0.715,2.034,-0.797,1.912
34650,1155.313,0.88,1,0.735606,0.439456,-0.515522,0.714036,0.458907,-0.528732,0.947,0.71,2.023,-0.808,1.895
34651,1155.346,0.88,1,0.737299,0.434393,-0.51739,0.71504,0.451141,-0.534031,0.944,0.7,2.011,-0.818,1.871
34652,1155.379,0.88,1,0.736785,0.432223,-0.519933,0.714919,0.45058,-0.534666,0.943,0.697,1.997,-0.823,1.85
34653,1155.413,0.88,1,0.737531,0.429095,-0.521465,0.715963,0.447468,-0.535882,0.942,0.692,1.986,-0.827,1.833
34654,1155.446,0.88,1,0.735748,0.429835,-0.523372,0.713999,0.448305,-0.537799,0.939,0.691,1.976,-0.827,1.816
34655,1155.479,0.88,1,0.733634,0.431095,-0.525298,0.712417,0.450499,-0.538064,0.937,0.692,1.965,-0.827,1.801
34656,1155.513,0.88,1,0.732664,0.430887,-0.52682,0.711518,0.449554,-0.540041,0.935,0.69,1.952,-0.83,1.785
34657,1155.546,0.88,1,0.73137,0.432751,-0.527091,0.710065,0.449967,-0.541606,0.933,0.69,1.937,-0.832,1.772
34658,1155.579,0.88,1,0.72886,0.434824,-0.528858,0.708046,0.453184,-0.541567,0.931,0.693,1.926,-0.837,1.762
34659,1155.613,0.88,1,0.730168,0.435636,-0.52638,0.709561,0.453136,-0.539622,0.933,0.695,1.915,-0.843,1.753
34660,1155.646,0.88,1,0.731254,0.435537,-0.524953,0.71107,0.454156,-0.53677,0.936,0.697,1.905,-0.849,1.749
34661,1155.679,0.88,1,0.732208,0.436218,-0.523054,0.711903,0.455516,-0.534509,0.939,0.701,1.891,-0.855,1.739
34662,1155.713,0.98,1,0.732519,0.434948,-0.523676,0.712344,0.45322,-0.535871,0.938,0.698,1.873,-0.863,1.723
34663,1155.746,0.98,1,0.732336,0.438591,-0.520885,0.710637,0.45598,-0.535796,0.939,0.703,1.855,-0.868,1.708
34664,1155.78,0.98,1,0.730061,0.443511,-0.519913,0.707854,0.4623,-0.534061,0.938,0.71,1.828,-0.874,1.693
34665,1155.813,0.98,1,0.724065,0.452,-0.520986,0.700776,0.472545,-0.534429,0.933,0.719,1.775,-0.884,1.664
34666,1155.846,0.88,1,0.723114,0.455009,-0.519685,0.697404,0.471877,-0.539406,0.93,0.719,1.702,-0.897,1.617
34667,1155.88,0.88,1,0.718023,0.455544,-0.526234,0.689635,0.464176,-0.555827,0.915,0.704,1.62,-0.909,1.568
34668,1155.913,0.98,1,0.718467,0.449092,-0.531152,0.690673,0.444375,-0.570527,0.907,0.681,1.526,-0.92,1.52
34669,1155.946,0.98,1,0.717433,0.43662,-0.542819,0.697276,0.422973,-0.578705,0.9,0.654,1.446,-0.947,1.502
34671,1156.013,0.98,1,0.737393,0.397506,-0.546115,0.709278,0.354945,-0.609048,0.897,0.577,1.222,-1.022,1.422
34674,1156.113,0.88,1,0.733236,0.329885,-0.594592,0.695128,0.270366,-0.666108,0.848,0.444,0.744,-1.052,1.104
34675,1156.146,0.88,1,0.731986,0.322297,-0.600268,0.70238,0.263971,-0.661046,0.85,0.435,0.722,-1.071,1.112
34676,1156.18,0.98,1,0.743744,0.307193,-0.593698,0.722002,0.245825,-0.646748,0.868,0.419,0.731,-1.109,1.157
34686,1156.513,0.98,1,0.754461,0.298939,-0.584315,0.731081,0.223892,-0.64451,0.88,0.402,0.69,-1.11,1.16
34687,1156.546,0.98,1,0.741823,0.322,-0.58823,0.71976,0.250228,-0.647558,0.869,0.434,0.757,-1.091,1.208
34688,1156.58,0.98,1,0.731234,0.34008,-0.591305,0.709687,0.270129,-0.650672,0.859,0.457,0.814,-1.075,1.252
34689,1156.613,0.98,1,0.723177,0.350169,-0.595313,0.701655,0.281655,-0.654485,0.851,0.468,0.85,-1.062,1.278
34690,1156.646,0.98,1,0.716095,0.357101,-0.599739,0.693938,0.287213,-0.660272,0.842,0.473,0.876,-1.042,1.296
34691,1156.68,0.98,1,0.712401,0.358484,-0.603303,0.688215,0.287004,-0.666324,0.834,0.47,0.885,-1.03,1.297
34692,1156.713,0.98,1,0.702488,0.360103,-0.61387,0.672462,0.28549,-0.682854,0.815,0.462,0.869,-1.005,1.278
34693,1156.746,0.98,1,0.685443,0.368258,-0.628135,0.654258,0.295686,-0.696072,0.791,0.465,0.843,-0.968,1.244
34694,1156.78,0.98,1,0.665603,0.382355,-0.640919,0.632962,0.313684,-0.707786,0.766,0.476,0.807,-0.928,1.19
34695,1156.813,0.98,1,0.654364,0.386069,-0.650199,0.612784,0.317446,-0.723687,0.745,0.473,0.771,-0.9,1.136
34696,1156.846,0.98,1,0.64576,0.383796,-0.660072,0.597263,0.314406,-0.737852,0.727,0.463,0.723,-0.874,1.084
34697,1156.88,0.98,1,0.634074,0.395958,-0.664205,0.579291,0.328835,-0.745849,0.711,0.475,0.712,-0.845,1.058
34704,1157.113,0.98,1,0.570191,0.475302,-0.670052,0.511329,0.429594,-0.744306,0.653,0.569,0.923,-0.716,1.163
34705,1157.147,0.82,1,0.56504,0.486709,-0.666216,0.49751,0.440483,-0.747301,0.645,0.581,0.915,-0.709,1.156
34706,1157.18,0.82,1,0.562579,0.494113,-0.66284,0.49213,0.447928,-0.746437,0.642,0.589,0.919,-0.698,1.156
34707,1157.213,0.82,1,0.558044,0.50034,-0.662002,0.484621,0.455948,-0.746494,0.637,0.596,0.927,-0.691,1.154
34708,1157.247,0.82,1,0.5569,0.501041,-0.662435,0.483763,0.456608,-0.746647,0.636,0.597,0.921,-0.687,1.155
34709,1157.28,0.82,1,0.556637,0.50173,-0.662135,0.482784,0.455075,-0.748215,0.635,0.596,0.916,-0.683,1.153
34710,1157.313,0.82,1,0.554618,0.50209,-0.663555,0.480461,0.455238,-0.74961,0.632,0.595,0.916,-0.679,1.157
34711,1157.347,0.82,1,0.556587,0.498494,-0.664616,0.483861,0.452391,-0.749147,0.634,0.592,0.916,-0.683,1.162
34712,1157.38,0.82,1,0.56313,0.494653,-0.661969,0.493617,0.44946,-0.744532,0.644,0.591,0.921,-0.694,1.176
34713,1157.413,0.82,1,0.568763,0.482206,-0.666323,0.504627,0.437214,-0.744443,0.65,0.578,0.915,-0.701,1.183
34714,1157.447,0.82,1,0.577992,0.474062,-0.664222,0.520266,0.429576,-0.738097,0.664,0.572,0.927,-0.712,1.199
34715,1157.48,0.82,1,0.583463,0.46613,-0.665051,0.529269,0.421604,-0.736291,0.671,0.565,0.927,-0.722,1.205
34716,1157.513,0.82,1,0.587599,0.462093,-0.664226,0.536264,0.418641,-0.732913,0.677,0.562,0.937,-0.727,1.212
34717,1157.547,0.82,1,0.590378,0.456368,-0.665719,0.543673,0.41276,-0.730787,0.682,0.557,0.943,-0.735,1.221
34720,1157.647,0.82,1,0.603898,0.440643,-0.664184,0.569957,0.393481,-0.721333,0.703,0.542,0.969,-0.779,1.273
34721,1157.68,0.82,1,0.61235,0.442378,-0.655232,0.580247,0.398311,-0.710396,0.718,0.552,0.996,-0.789,1.301
34722,1157.713,0.88,1,0.614365,0.448756,-0.648979,0.582042,0.40451,-0.705407,0.724,0.562,1.022,-0.797,1.32
34723,1157.747,0.98,1,0.637583,0.430558,-0.638833,0.610775,0.385805,-0.691454,0.754,0.55,1.015,-0.828,1.306
34724,1157.78,0.98,1,0.645453,0.421968,-0.636658,0.619872,0.375184,-0.6892,0.762,0.541,0.991,-0.841,1.282
34725,1157.813,0.98,1,0.645402,0.415005,-0.64127,0.617496,0.362953,-0.697828,0.756,0.526,0.933,-0.838,1.226
34726,1157.847,0.98,1,0.637816,0.416813,-0.647655,0.608684,0.367091,-0.703383,0.745,0.526,0.897,-0.824,1.189
34727,1157.88,0.82,1,0.633841,0.416763,-0.651578,0.602721,0.366398,-0.708858,0.738,0.522,0.867,-0.821,1.17
34728,1157.913,0.88,1,0.633608,0.422049,-0.648394,0.602591,0.372273,-0.705901,0.74,0.53,0.894,-0.83,1.212
34729,1157.947,0.98,1,0.635911,0.419693,-0.647669,0.603383,0.367729,-0.707605,0.741,0.526,0.867,-0.832,1.187
34730,1157.98,0.98,1,0.637577,0.412514,-0.650636,0.607807,0.361376,-0.707091,0.742,0.518,0.841,-0.835,1.169
34731,1158.014,0.88,1,0.638387,0.412786,-0.649669,0.611455,0.364176,-0.702495,0.746,0.522,0.832,-0.839,1.16
34732,1158.047,0.98,1,0.636056,0.416152,-0.649808,0.610023,0.371231,-0.700042,0.745,0.528,0.785,-0.838,1.118
34733,1158.08,0.88,1,0.640455,0.416203,-0.645439,0.61772,0.372539,-0.692558,0.755,0.533,0.814,-0.855,1.15
34734,1158.114,0.98,1,0.641029,0.409994,-0.648834,0.617308,0.363376,-0.697774,0.752,0.521,0.783,-0.85,1.122
34735,1158.147,0.98,1,0.640865,0.409039,-0.649599,0.617496,0.362261,-0.698187,0.751,0.52,0.778,-0.85,1.12
34736,1158.18,0.98,1,0.643706,0.406239,-0.648546,0.619749,0.35777,-0.698507,0.753,0.516,0.776,-0.851,1.118
34737,1158.214,0.98,1,0.644161,0.398506,-0.652877,0.623911,0.351838,-0.697814,0.754,0.507,0.762,-0.856,1.116
34738,1158.247,0.98,1,0.64432,0.399293,-0.65224,0.623865,0.350634,-0.698461,0.754,0.507,0.761,-0.856,1.117
34739,1158.28,0.98,1,0.645615,0.399484,-0.650841,0.62429,0.349724,-0.698538,0.755,0.507,0.762,-0.86,1.118
34740,1158.314,0.98,1,0.646352,0.395087,-0.652791,0.626416,0.346172,-0.698404,0.756,0.502,0.757,-0.861,1.117
34741,1158.347,0.98,1,0.648608,0.397012,-0.649376,0.627748,0.34676,-0.696915,0.759,0.505,0.76,-0.864,1.118
34742,1158.38,0.98,1,0.64902,0.397905,-0.648417,0.627864,0.347173,-0.696604,0.759,0.506,0.764,-0.865,1.12
34743,1158.414,0.98,1,0.644537,0.405665,-0.64808,0.620917,0.35572,-0.698516,0.754,0.515,0.769,-0.864,1.122
34744,1158.447,0.98,1,0.636876,0.425258,-0.643075,0.605041,0.374079,-0.702844,0.745,0.536,0.784,-0.857,1.121
34745,1158.48,0.98,1,0.63015,0.430739,-0.646045,0.596484,0.379029,-0.707491,0.736,0.539,0.782,-0.846,1.114
34746,1158.514,0.88,1,0.628564,0.440359,-0.641086,0.595012,0.389788,-0.70287,0.739,0.553,0.813,-0.842,1.131
34747,1158.547,0.88,1,0.630017,0.437647,-0.641516,0.596981,0.386626,-0.702947,0.74,0.55,0.808,-0.839,1.128
34748,1158.58,0.88,1,0.627765,0.439667,-0.642342,0.592937,0.387722,-0.70576,0.736,0.55,0.804,-0.838,1.123
34749,1158.614,0.82,1,0.62719,0.431377,-0.648495,0.594351,0.379418,-0.709076,0.733,0.538,0.784,-0.836,1.12
34750,1158.647,0.88,1,0.629395,0.438031,-0.641865,0.595868,0.383086,-0.705823,0.738,0.547,0.795,-0.842,1.142
34751,1158.68,0.82,1,0.627751,0.438994,-0.642816,0.594403,0.385221,-0.705897,0.736,0.549,0.798,-0.837,1.136
34752,1158.714,0.88,1,0.628013,0.443317,-0.639586,0.596413,0.389582,-0.701796,0.74,0.556,0.816,-0.842,1.164
34753,1158.747,0.82,1,0.6264,0.44473,-0.640186,0.595025,0.391715,-0.701787,0.738,0.557,0.819,-0.835,1.157
34754,1158.78,0.88,1,0.628708,0.450874,-0.633593,0.600196,0.397854,-0.693885,0.747,0.569,0.852,-0.847,1.201
34755,1158.814,0.88,1,0.620045,0.454515,-0.6395,0.591309,0.40459,-0.69761,0.736,0.571,0.85,-0.834,1.189
34756,1158.847,0.82,1,0.622277,0.448855,-0.641327,0.589775,0.399429,-0.70187,0.734,0.563,0.819,-0.838,1.168
34757,1158.88,0.88,1,0.642299,0.436681,-0.62989,0.608724,0.38182,-0.695463,0.757,0.553,0.807,-0.87,1.179
34758,1158.914,0.88,1,0.660601,0.416227,-0.624789,0.621949,0.35844,-0.696204,0.771,0.53,0.762,-0.897,1.141
34759,1158.947,0.88,1,0.678339,0.398728,-0.617148,0.635115,0.337398,-0.694832,0.786,0.511,0.738,-0.929,1.119
34760,1158.98,0.88,1,0.694509,0.392925,-0.602716,0.646828,0.332537,-0.686318,0.805,0.513,0.752,-0.952,1.112
34761,1159.014,0.88,1,0.698265,0.401461,-0.592667,0.64375,0.343275,-0.683922,0.81,0.528,0.792,-0.946,1.116
34762,1159.047,0.88,1,0.688547,0.427257,-0.585964,0.630719,0.378485,-0.677453,0.807,0.568,0.872,-0.919,1.134
34763,1159.08,0.88,1,0.669886,0.452889,-0.58834,0.608342,0.416418,-0.67566,0.791,0.602,0.967,-0.871,1.142
34764,1159.114,0.88,1,0.641673,0.486639,-0.592822,0.578775,0.467131,-0.668437,0.769,0.647,1.069,-0.815,1.163
34765,1159.147,0.93,1,0.634945,0.504589,-0.585008,0.576558,0.503541,-0.64345,0.778,0.687,1.189,-0.784,1.202
34766,1159.181,0.93,1,0.629648,0.519366,-0.577756,0.575397,0.524314,-0.627705,0.785,0.714,1.283,-0.763,1.237
34767,1159.214,0.93,1,0.636035,0.524325,-0.566164,0.588484,0.531996,-0.608825,0.806,0.732,1.355,-0.756,1.275
34768,1159.247,0.98,1,0.633889,0.535782,-0.557783,0.598194,0.547619,-0.585044,0.823,0.759,1.422,-0.749,1.334
34769,1159.281,0.88,1,0.633198,0.54329,-0.551267,0.605561,0.560354,-0.565066,0.837,0.78,1.481,-0.754,1.403
34770,1159.314,0.88,1,0.641504,0.538829,-0.546017,0.617277,0.557401,-0.555223,0.852,0.783,1.529,-0.768,1.466
34771,1159.347,0.88,1,0.658312,0.529172,-0.535352,0.637089,0.546599,-0.543459,0.876,0.784,1.582,-0.787,1.533
34772,1159.381,0.88,1,0.672073,0.518051,-0.529095,0.654381,0.533861,-0.535516,0.894,0.779,1.632,-0.804,1.594
34773,1159.414,0.88,1,0.685641,0.510398,-0.519029,0.669088,0.524175,-0.526842,0.913,0.78,1.672,-0.822,1.651
34774,1159.447,0.88,1,0.697273,0.503293,-0.510398,0.681199,0.514955,-0.520374,0.929,0.779,1.702,-0.84,1.694
34775,1159.481,0.88,1,0.707809,0.494157,-0.504791,0.693755,0.507306,-0.511218,0.944,0.778,1.726,-0.854,1.732
34776,1159.514,0.88,1,0.716923,0.490813,-0.495101,0.702364,0.500409,-0.506237,0.956,0.78,1.744,-0.866,1.759
34777,1159.547,0.88,1,0.723344,0.483513,-0.492939,0.709588,0.494336,-0.502112,0.964,0.777,1.756,-0.875,1.775
34778,1159.581,0.88,1,0.729084,0.479953,-0.487936,0.715233,0.488618,-0.499695,0.971,0.776,1.757,-0.879,1.781
34779,1159.614,0.88,1,0.731573,0.477624,-0.486493,0.716558,0.484635,-0.50167,0.972,0.772,1.758,-0.881,1.782
34780,1159.647,0.88,1,0.733546,0.47534,-0.48576,0.717857,0.481257,-0.503064,0.973,0.769,1.751,-0.884,1.771
34781,1159.681,0.88,1,0.733352,0.472377,-0.488932,0.717365,0.479166,-0.505755,0.97,0.763,1.741,-0.887,1.753
34782,1159.714,0.88,1,0.733137,0.46979,-0.491739,0.718166,0.476243,-0.507376,0.968,0.758,1.723,-0.89,1.734
34783,1159.747,0.88,1,0.731673,0.468401,-0.495233,0.716765,0.473678,-0.511739,0.963,0.752,1.7,-0.897,1.715
34784,1159.781,0.88,1,0.72887,0.467376,-0.500307,0.714796,0.473184,-0.51494,0.958,0.747,1.681,-0.901,1.703
34785,1159.814,0.88,1,0.726486,0.46431,-0.50659,0.712636,0.469027,-0.521693,0.95,0.737,1.644,-0.907,1.681
34786,1159.847,0.88,1,0.726404,0.4639,-0.507084,0.712778,0.468114,-0.52232,0.95,0.736,1.619,-0.91,1.668
34787,1159.881,0.88,1,0.724795,0.462967,-0.510228,0.711616,0.467327,-0.524603,0.946,0.732,1.596,-0.914,1.652
34788,1159.914,0.88,1,0.723058,0.462481,-0.513126,0.708832,0.464698,-0.530673,0.941,0.726,1.578,-0.919,1.647
34789,1159.947,0.88,1,0.72517,0.461804,-0.510751,0.710705,0.461288,-0.531142,0.943,0.725,1.56,-0.925,1.641
34790,1159.981,0.88,1,0.727741,0.458777,-0.509821,0.713834,0.454471,-0.53282,0.945,0.719,1.54,-0.935,1.634
34791,1160.014,0.88,1,0.730397,0.458048,-0.506668,0.715379,0.448355,-0.53592,0.946,0.716,1.511,-0.949,1.622
34792,1160.047,0.88,1,0.737867,0.448939,-0.50399,0.72075,0.428323,-0.54503,0.947,0.696,1.465,-0.973,1.603
34794,1160.114,0.82,1,0.726216,0.387509,-0.567844,0.704782,0.345937,-0.619363,0.878,0.553,1.083,-1.006,1.329
34854,1162.115,0.88,1,0.793145,0.271758,-0.54504,0.72805,0.238744,-0.642607,0.908,0.406,0.548,-1.076,0.558
34855,1162.148,0.88,1,0.788892,0.287822,-0.542963,0.727401,0.253295,-0.637753,0.909,0.43,0.578,-1.074,0.611
34856,1162.181,0.88,1,0.7766,0.297523,-0.555313,0.71832,0.257711,-0.646221,0.894,0.433,0.567,-1.054,0.639
34857,1162.215,0.88,1,0.768185,0.313918,-0.557985,0.710873,0.270501,-0.649222,0.886,0.451,0.602,-1.038,0.693
34858,1162.248,0.88,1,0.765368,0.336813,-0.548424,0.708244,0.294921,-0.641414,0.892,0.488,0.688,-1.042,0.783
34859,1162.281,0.98,1,0.760734,0.348685,-0.547451,0.704708,0.30742,-0.639437,0.89,0.505,0.746,-1.035,0.841
34860,1162.315,0.98,1,0.753303,0.364708,-0.547287,0.696192,0.323553,-0.640804,0.884,0.525,0.791,-1.017,0.884
34861,1162.348,0.98,1,0.746321,0.377563,-0.548135,0.690574,0.339019,-0.638884,0.88,0.543,0.819,-1.009,0.912
34862,1162.381,0.98,1,0.741761,0.384409,-0.549564,0.691422,0.343986,-0.635303,0.88,0.551,0.815,-1.002,0.932
34863,1162.415,0.88,1,0.726811,0.399885,-0.558425,0.680259,0.358087,-0.639548,0.865,0.564,0.818,-0.98,0.959
34864,1162.448,0.88,1,0.719115,0.412891,-0.558923,0.672598,0.370522,-0.640567,0.859,0.579,0.831,-0.966,0.986
34865,1162.482,0.88,1,0.714204,0.415578,-0.563212,0.666287,0.371761,-0.646418,0.851,0.577,0.831,-0.955,0.995
34866,1162.515,0.98,1,0.713888,0.417971,-0.561839,0.665325,0.374434,-0.645865,0.852,0.581,0.85,-0.954,1.011
34867,1162.548,0.98,1,0.712745,0.420918,-0.56109,0.6605,0.376215,-0.64977,0.848,0.582,0.868,-0.95,1.026
34868,1162.582,0.98,1,0.707179,0.425686,-0.564525,0.654482,0.382309,-0.652299,0.842,0.586,0.876,-0.944,1.033
34869,1162.615,0.98,1,0.704798,0.429343,-0.564734,0.65377,0.385596,-0.651077,0.841,0.591,0.871,-0.942,1.037
34870,1162.648,0.88,1,0.692412,0.441436,-0.570702,0.649512,0.400685,-0.646209,0.834,0.605,0.876,-0.923,1.052
34871,1162.682,0.88,1,0.680763,0.449426,-0.578428,0.640999,0.407782,-0.650257,0.822,0.609,0.878,-0.906,1.064
34872,1162.715,0.88,1,0.67364,0.454841,-0.582519,0.635271,0.413944,-0.651982,0.815,0.613,0.886,-0.897,1.078
34873,1162.748,0.88,1,0.675291,0.456615,-0.57921,0.636161,0.41325,-0.651555,0.817,0.615,0.889,-0.899,1.089
34874,1162.782,0.98,1,0.673719,0.454664,-0.582567,0.633372,0.410976,-0.655697,0.812,0.61,0.886,-0.896,1.092
34875,1162.815,0.98,1,0.664029,0.458014,-0.591007,0.625729,0.413473,-0.661441,0.8,0.608,0.876,-0.88,1.095
34876,1162.848,0.98,1,0.648858,0.4647,-0.602526,0.614148,0.417579,-0.669664,0.782,0.606,0.863,-0.857,1.105
34877,1162.882,0.88,1,0.644723,0.478663,-0.595998,0.615647,0.435687,-0.656625,0.788,0.631,0.922,-0.86,1.171
34878,1162.915,0.88,1,0.638071,0.481468,-0.600878,0.609989,0.437133,-0.66093,0.78,0.629,0.924,-0.855,1.188
34879,1162.948,0.88,1,0.636479,0.483459,-0.600967,0.610987,0.439725,-0.658283,0.781,0.633,0.936,-0.854,1.209
34880,1162.982,0.88,1,0.630521,0.485699,-0.605425,0.60571,0.440054,-0.662923,0.773,0.631,0.929,-0.845,1.213
34881,1163.015,0.88,1,0.629905,0.487709,-0.60445,0.60389,0.440298,-0.664421,0.771,0.631,0.932,-0.834,1.225
34882,1163.048,0.88,1,0.618529,0.501095,-0.605249,0.597204,0.456929,-0.659214,0.766,0.648,0.985,-0.815,1.277
34883,1163.082,0.88,1,0.612275,0.516392,-0.598714,0.596673,0.477479,-0.644977,0.771,0.674,1.061,-0.806,1.35
34884,1163.115,0.88,1,0.600653,0.523186,-0.60456,0.580899,0.483539,-0.654787,0.754,0.674,1.077,-0.788,1.352
34885,1163.148,0.88,1,0.59817,0.528244,-0.60262,0.579178,0.493472,-0.648875,0.755,0.685,1.11,-0.784,1.377
34886,1163.182,0.88,1,0.601473,0.535949,-0.592443,0.576697,0.500623,-0.645598,0.761,0.697,1.14,-0.786,1.393
34887,1163.215,0.88,1,0.602065,0.534027,-0.593576,0.570381,0.498359,-0.65292,0.755,0.692,1.142,-0.778,1.368
34888,1163.248,0.88,1,0.600304,0.53891,-0.590942,0.565474,0.502866,-0.653732,0.753,0.697,1.15,-0.779,1.367
34889,1163.282,0.88,1,0.602022,0.541274,-0.58702,0.565045,0.504781,-0.652626,0.755,0.701,1.148,-0.775,1.355
34890,1163.315,0.88,1,0.603109,0.540656,-0.586473,0.56495,0.504475,-0.652945,0.756,0.701,1.149,-0.774,1.346
34891,1163.348,0.88,1,0.602201,0.543282,-0.584978,0.55733,0.505425,-0.658732,0.75,0.701,1.14,-0.77,1.336
34892,1163.382,0.88,1,0.603814,0.543326,-0.583271,0.556677,0.503756,-0.66056,0.751,0.7,1.138,-0.769,1.329
34893,1163.415,0.88,1,0.60499,0.539287,-0.585796,0.557142,0.501317,-0.662023,0.75,0.695,1.131,-0.769,1.322
34894,1163.448,0.88,1,0.6074,0.540604,-0.582076,0.558635,0.502371,-0.659962,0.754,0.699,1.134,-0.775,1.315
34895,1163.482,0.88,1,0.611613,0.536909,-0.581084,0.562723,0.501518,-0.657132,0.759,0.698,1.129,-0.783,1.307
34896,1163.515,0.88,1,0.616638,0.528605,-0.583382,0.566198,0.494729,-0.659289,0.761,0.689,1.114,-0.789,1.291
34897,1163.549,0.93,1,0.626478,0.516438,-0.583795,0.572919,0.481494,-0.66327,0.766,0.675,1.069,-0.807,1.258
34898,1163.582,0.98,1,0.63918,0.498159,-0.585907,0.578044,0.460107,-0.673919,0.768,0.65,0.982,-0.826,1.192
34899,1163.615,0.93,1,0.654737,0.478396,-0.585198,0.590787,0.436789,-0.67837,0.778,0.627,0.922,-0.855,1.144
34900,1163.649,0.88,1,0.667917,0.456257,-0.587976,0.602427,0.414956,-0.681831,0.786,0.601,0.858,-0.871,1.082
34901,1163.682,0.88,1,0.676282,0.44647,-0.585925,0.607876,0.407508,-0.681487,0.792,0.593,0.828,-0.88,1.037
34902,1163.715,0.88,1,0.686711,0.432948,-0.583939,0.620357,0.395845,-0.677099,0.803,0.581,0.793,-0.899,0.988
34903,1163.749,0.88,1,0.699064,0.414301,-0.582807,0.63564,0.379356,-0.672347,0.816,0.564,0.748,-0.921,0.935
34904,1163.782,0.88,1,0.707165,0.394399,-0.586828,0.644431,0.360742,-0.674221,0.82,0.54,0.689,-0.933,0.866
34905,1163.815,0.88,1,0.727675,0.361637,-0.582845,0.664038,0.328551,-0.671646,0.837,0.503,0.625,-0.971,0.785
34906,1163.849,0.88,1,0.748454,0.319798,-0.580987,0.68108,0.286822,-0.673694,0.85,0.45,0.545,-1.002,0.69
34914,1164.115,0.93,1,0.802288,0.252852,-0.54074,0.739513,0.251353,-0.624454,0.924,0.408,0.595,-1.109,0.48
34915,1164.149,0.93,1,0.805755,0.272719,-0.525721,0.748122,0.27525,-0.603781,0.942,0.452,0.704,-1.124,0.57
34916,1164.182,0.88,1,0.816271,0.283705,-0.503203,0.766919,0.293773,-0.570554,0.975,0.493,0.884,-1.163,0.727
34917,1164.215,0.88,1,0.828672,0.289353,-0.479143,0.783719,0.296919,-0.545548,1.005,0.52,1.099,-1.19,0.922
34918,1164.249,0.77,1,0.832265,0.295984,-0.468751,0.791368,0.306821,-0.52877,1.02,0.544,1.354,-1.2,1.146
34919,1164.282,0.98,1,0.835546,0.288246,-0.467736,0.799189,0.308441,-0.515908,1.029,0.545,1.587,-1.189,1.369
34925,1164.482,0.88,1,0.832493,0.268248,-0.484767,0.787399,0.266868,-0.555684,1.0,0.475,1.125,-1.234,1.073
34926,1164.515,0.88,1,0.813395,0.321289,-0.484935,0.769576,0.333347,-0.544641,0.994,0.566,1.289,-1.17,1.139
34927,1164.549,0.88,1,0.802361,0.339031,-0.491198,0.761981,0.352601,-0.543191,0.987,0.589,1.387,-1.148,1.204
34928,1164.582,0.93,1,0.796461,0.347634,-0.494773,0.757026,0.362742,-0.543443,0.982,0.6,1.45,-1.132,1.246
34929,1164.615,0.93,1,0.792656,0.353676,-0.496597,0.756533,0.365965,-0.541966,0.98,0.606,1.489,-1.113,1.279
34930,1164.649,0.88,1,0.783721,0.36833,-0.500115,0.751186,0.38051,-0.53938,0.976,0.624,1.528,-1.09,1.322
34931,1164.682,0.88,1,0.775518,0.389797,-0.496618,0.748238,0.399538,-0.529632,0.978,0.656,1.57,-1.062,1.384
34932,1164.716,0.88,1,0.766103,0.404219,-0.499693,0.74254,0.412886,-0.527409,0.973,0.672,1.582,-1.04,1.425
34933,1164.749,0.88,1,0.757244,0.416397,-0.503185,0.736528,0.426238,-0.525212,0.968,0.686,1.573,-1.027,1.449
34934,1164.782,0.88,1,0.752221,0.421943,-0.506091,0.730669,0.431659,-0.528955,0.961,0.69,1.543,-1.02,1.446
34935,1164.816,0.88,1,0.747376,0.42887,-0.507444,0.722032,0.435791,-0.53736,0.953,0.691,1.503,-1.009,1.424
34936,1164.849,0.88,1,0.742897,0.435188,-0.508641,0.715494,0.440657,-0.542116,0.946,0.695,1.469,-1.0,1.407
34937,1164.882,0.88,1,0.73722,0.440664,-0.512174,0.708989,0.447134,-0.54535,0.939,0.698,1.425,-0.992,1.381
34938,1164.916,0.88,1,0.732279,0.446031,-0.51461,0.700767,0.454295,-0.550037,0.932,0.702,1.388,-0.991,1.353
34939,1164.949,0.88,1,0.732591,0.443136,-0.516664,0.700107,0.45104,-0.553546,0.929,0.696,1.365,-0.988,1.329
34940,1164.982,0.88,1,0.73191,0.44534,-0.515733,0.697065,0.454097,-0.554884,0.928,0.699,1.35,-0.99,1.312
34941,1165.016,0.88,1,0.732066,0.441097,-0.519146,0.696421,0.450935,-0.558261,0.925,0.692,1.324,-0.992,1.282
34942,1165.049,0.88,1,0.733055,0.435838,-0.522183,0.695333,0.44633,-0.563295,0.921,0.682,1.288,-0.995,1.244
34943,1165.082,0.88,1,0.734882,0.427281,-0.526668,0.696479,0.434558,-0.571031,0.917,0.666,1.254,-0.999,1.206
34944,1165.116,0.88,1,0.735473,0.424012,-0.528483,0.694738,0.429872,-0.57667,0.913,0.658,1.218,-1.003,1.171
34945,1165.149,0.88,1,0.735868,0.421655,-0.529817,0.694158,0.42579,-0.580385,0.911,0.652,1.19,-1.01,1.152
34946,1165.182,0.88,1,0.744015,0.416236,-0.522674,0.701305,0.416213,-0.578738,0.92,0.647,1.188,-1.02,1.159
34947,1165.216,0.88,1,0.746861,0.414523,-0.51997,0.703455,0.41127,-0.579661,0.922,0.644,1.185,-1.026,1.167
34948,1165.249,0.88,1,0.74899,0.412767,-0.518302,0.70625,0.408408,-0.578286,0.925,0.643,1.193,-1.035,1.2
34949,1165.282,0.88,1,0.74932,0.411287,-0.519001,0.706471,0.403132,-0.581707,0.923,0.637,1.19,-1.042,1.223
34950,1165.316,0.88,1,0.75149,0.40571,-0.520253,0.709525,0.393218,-0.584768,0.923,0.626,1.188,-1.047,1.243
34951,1165.349,0.93,1,0.748768,0.406976,-0.52318,0.708716,0.391651,-0.586797,0.92,0.624,1.199,-1.047,1.273
34952,1165.382,0.93,1,0.746834,0.406284,-0.526471,0.706564,0.387266,-0.592277,0.915,0.617,1.193,-1.046,1.285
34953,1165.416,0.93,1,0.744415,0.409513,-0.527395,0.703749,0.388912,-0.594546,0.912,0.618,1.189,-1.043,1.293
34954,1165.449,0.93,1,0.743264,0.407373,-0.530665,0.701353,0.383994,-0.600543,0.906,0.61,1.171,-1.04,1.285
34955,1165.482,0.93,1,0.738467,0.410962,-0.534581,0.694719,0.387113,-0.606225,0.899,0.61,1.157,-1.031,1.276
34956,1165.516,0.93,1,0.736941,0.411971,-0.535908,0.691584,0.386861,-0.60996,0.895,0.609,1.139,-1.026,1.264
34957,1165.549,0.93,1,0.735429,0.413609,-0.536723,0.689108,0.38715,-0.612572,0.892,0.609,1.131,-1.023,1.258
34958,1165.582,0.93,1,0.736091,0.411756,-0.53724,0.690858,0.38391,-0.61264,0.893,0.605,1.129,-1.021,1.259
34959,1165.616,0.93,1,0.734474,0.414524,-0.537324,0.688155,0.387492,-0.613428,0.891,0.609,1.141,-1.018,1.272
34960,1165.649,0.93,1,0.733123,0.418248,-0.536283,0.686318,0.392798,-0.612109,0.891,0.615,1.159,-1.018,1.295
34961,1165.682,0.93,1,0.73485,0.419903,-0.532613,0.689312,0.393437,-0.608323,0.895,0.619,1.17,-1.022,1.313
34962,1165.716,0.93,1,0.735868,0.421085,-0.530269,0.690015,0.394449,-0.606868,0.898,0.622,1.171,-1.024,1.316
34963,1165.749,0.93,1,0.73758,0.424022,-0.525529,0.691954,0.396479,-0.603327,0.902,0.629,1.168,-1.023,1.315
34964,1165.783,0.93,1,0.736328,0.41951,-0.530878,0.688734,0.389921,-0.611234,0.895,0.617,1.126,-1.021,1.274
34965,1165.816,0.93,1,0.73219,0.410538,-0.543467,0.685164,0.379989,-0.621417,0.883,0.596,1.072,-1.016,1.221
34966,1165.849,0.93,1,0.728806,0.403137,-0.553464,0.679268,0.368848,-0.634465,0.87,0.576,1.017,-1.011,1.166
34967,1165.883,0.93,1,0.725113,0.396859,-0.562773,0.670083,0.359928,-0.649184,0.856,0.558,0.957,-0.998,1.1
34968,1165.916,0.93,1,0.723163,0.388944,-0.570752,0.664701,0.350488,-0.659796,0.845,0.541,0.9,-0.985,1.045
34969,1165.949,0.93,1,0.700297,0.397478,-0.592955,0.63517,0.362229,-0.682165,0.809,0.537,0.845,-0.949,0.985
34970,1165.983,0.93,1,0.685239,0.406984,-0.603997,0.61091,0.37325,-0.698193,0.783,0.54,0.802,-0.918,0.939
34971,1166.016,0.98,1,0.678344,0.41217,-0.608247,0.599311,0.376748,-0.70632,0.771,0.541,0.786,-0.9,0.924
34972,1166.049,0.98,1,0.675807,0.420148,-0.605608,0.597572,0.384506,-0.703607,0.772,0.551,0.793,-0.89,0.929
34973,1166.083,0.98,1,0.673018,0.426396,-0.604345,0.597181,0.390149,-0.700827,0.772,0.559,0.805,-0.885,0.936
34974,1166.116,0.98,1,0.669326,0.436054,-0.601547,0.595357,0.400826,-0.696339,0.772,0.573,0.823,-0.877,0.949
34975,1166.149,0.98,1,0.664137,0.443524,-0.601837,0.592839,0.411575,-0.692205,0.771,0.584,0.846,-0.868,0.967
34976,1166.183,0.98,1,0.659683,0.4515,-0.600805,0.591405,0.419507,-0.688661,0.77,0.594,0.868,-0.86,0.98
34977,1166.216,0.93,1,0.655823,0.455449,-0.602048,0.59018,0.426817,-0.685212,0.769,0.601,0.882,-0.856,0.995
34978,1166.249,0.93,1,0.651458,0.460674,-0.602812,0.58781,0.433636,-0.682963,0.767,0.608,0.899,-0.854,1.013
34979,1166.283,0.93,1,0.650248,0.463902,-0.601641,0.587394,0.437742,-0.680698,0.768,0.613,0.913,-0.857,1.033
34980,1166.316,0.93,1,0.647455,0.470463,-0.599556,0.585855,0.445342,-0.677085,0.768,0.622,0.943,-0.858,1.061
34981,1166.349,0.93,1,0.645539,0.474733,-0.598254,0.586746,0.449205,-0.673754,0.77,0.628,0.975,-0.857,1.088
34982,1166.383,0.93,1,0.647222,0.473076,-0.597748,0.591818,0.443153,-0.673326,0.773,0.625,0.983,-0.866,1.098
34983,1166.416,0.88,1,0.658455,0.470604,-0.587341,0.604902,0.438998,-0.664361,0.79,0.628,0.993,-0.886,1.116
34984,1166.449,0.88,1,0.666692,0.467884,-0.580178,0.612767,0.433501,-0.660753,0.801,0.628,1.002,-0.898,1.131
34985,1166.483,0.88,1,0.672996,0.465933,-0.574442,0.622355,0.431057,-0.653348,0.812,0.631,1.025,-0.908,1.16
34986,1166.516,0.88,1,0.680836,0.45825,-0.571375,0.63523,0.422489,-0.646518,0.824,0.626,1.048,-0.92,1.188
34987,1166.549,0.88,1,0.683572,0.459289,-0.567259,0.637922,0.423813,-0.642992,0.829,0.63,1.08,-0.927,1.223
34988,1166.583,0.88,1,0.68825,0.457547,-0.562995,0.642773,0.420913,-0.640059,0.836,0.631,1.101,-0.933,1.246
34989,1166.616,0.88,1,0.691138,0.457648,-0.559363,0.647796,0.422417,-0.633976,0.843,0.635,1.113,-0.94,1.262
34990,1166.649,0.88,1,0.692763,0.455621,-0.559007,0.651236,0.421454,-0.631084,0.846,0.635,1.121,-0.945,1.274
34991,1166.683,0.88,1,0.696079,0.455106,-0.555295,0.653105,0.421328,-0.629235,0.85,0.637,1.129,-0.952,1.281
34992,1166.716,0.88,1,0.698424,0.45305,-0.554031,0.655171,0.421534,-0.626945,0.853,0.637,1.137,-0.958,1.288
34993,1166.749,0.88,1,0.700474,0.451189,-0.55296,0.657503,0.420848,-0.624961,0.856,0.637,1.144,-0.96,1.294
34994,1166.783,0.93,1,0.699065,0.450048,-0.555667,0.654165,0.421159,-0.628246,0.852,0.634,1.145,-0.956,1.294
34995,1166.816,0.93,1,0.695775,0.450811,-0.559167,0.651742,0.424676,-0.628397,0.848,0.635,1.152,-0.952,1.299
34996,1166.849,0.98,1,0.69434,0.453849,-0.558491,0.649521,0.427726,-0.628628,0.847,0.639,1.159,-0.949,1.303
34997,1166.883,0.98,1,0.692503,0.455044,-0.559798,0.646765,0.428949,-0.630633,0.844,0.639,1.162,-0.945,1.302
34998,1166.916,0.98,1,0.691323,0.457604,-0.55917,0.644884,0.432468,-0.630156,0.843,0.642,1.159,-0.94,1.295
34999,1166.95,0.98,1,0.688972,0.458505,-0.561329,0.642051,0.433021,-0.632664,0.84,0.641,1.154,-0.937,1.286
35000,1166.983,0.98,1,0.687437,0.462734,-0.55974,0.637945,0.437849,-0.633494,0.838,0.647,1.157,-0.931,1.284
35001,1167.016,0.98,1,0.686985,0.464251,-0.559037,0.638216,0.440149,-0.631625,0.839,0.65,1.16,-0.925,1.282
35002,1167.05,0.98,1,0.686062,0.460403,-0.563337,0.641919,0.437936,-0.629407,0.839,0.646,1.166,-0.921,1.29
35003,1167.083,0.98,1,0.685162,0.459051,-0.565531,0.644017,0.4359,-0.628675,0.839,0.643,1.174,-0.917,1.298
35004,1167.116,0.98,1,0.686389,0.453206,-0.568748,0.651093,0.430269,-0.625257,0.842,0.637,1.183,-0.915,1.311
35005,1167.15,0.98,1,0.687357,0.456795,-0.564694,0.653985,0.432512,-0.620675,0.847,0.644,1.202,-0.913,1.332
35006,1167.183,0.98,1,0.685829,0.457839,-0.565706,0.655391,0.434229,-0.617987,0.848,0.646,1.22,-0.912,1.35
35007,1167.216,0.98,1,0.684898,0.45604,-0.56828,0.658331,0.4336,-0.615298,0.848,0.645,1.229,-0.911,1.362
35008,1167.25,0.98,1,0.682739,0.457228,-0.56992,0.657541,0.435356,-0.614902,0.847,0.646,1.25,-0.911,1.382
35009,1167.283,0.98,1,0.683348,0.458039,-0.568539,0.659986,0.438362,-0.610128,0.851,0.65,1.27,-0.911,1.4
35010,1167.316,0.98,1,0.687121,0.456648,-0.5651,0.663787,0.437137,-0.606876,0.856,0.652,1.28,-0.915,1.41
35011,1167.35,0.98,1,0.689395,0.456236,-0.562658,0.666171,0.436699,-0.604574,0.86,0.653,1.282,-0.916,1.413
35012,1167.383,0.98,1,0.69186,0.454623,-0.560935,0.668812,0.435012,-0.602872,0.863,0.653,1.288,-0.918,1.42
35013,1167.416,0.98,1,0.693491,0.453711,-0.559658,0.671106,0.434939,-0.60037,0.866,0.654,1.29,-0.921,1.425
35014,1167.45,0.98,1,0.693746,0.453814,-0.559258,0.671241,0.43428,-0.600696,0.866,0.653,1.293,-0.922,1.429
35015,1167.483,0.98,1,0.691916,0.455486,-0.560164,0.669281,0.435863,-0.601737,0.864,0.654,1.294,-0.921,1.431
35016,1167.516,0.98,1,0.687275,0.460649,-0.561653,0.663259,0.441809,-0.604063,0.859,0.659,1.298,-0.916,1.431
35017,1167.55,0.98,1,0.678812,0.478632,-0.55689,0.645424,0.459622,-0.610062,0.848,0.677,1.304,-0.91,1.426
35018,1167.583,0.98,1,0.676312,0.483591,-0.555645,0.642001,0.464156,-0.610241,0.847,0.683,1.303,-0.905,1.421
35019,1167.616,0.98,1,0.675325,0.485628,-0.555068,0.640747,0.464279,-0.611463,0.846,0.683,1.301,-0.903,1.42
35020,1167.65,0.98,1,0.673209,0.486222,-0.557115,0.638619,0.464067,-0.613847,0.842,0.682,1.29,-0.901,1.41
35021,1167.683,0.93,1,0.672023,0.485691,-0.559008,0.637551,0.463218,-0.615595,0.84,0.68,1.286,-0.902,1.407
35022,1167.716,0.93,1,0.673088,0.484956,-0.558364,0.63873,0.462443,-0.614956,0.841,0.679,1.285,-0.905,1.413
35023,1167.75,0.93,1,0.673225,0.486152,-0.557158,0.640047,0.463284,-0.612949,0.843,0.682,1.286,-0.907,1.419
35024,1167.783,0.93,1,0.67357,0.486993,-0.556005,0.643064,0.464807,-0.608624,0.847,0.685,1.288,-0.908,1.426
35025,1167.816,0.93,1,0.67313,0.488773,-0.554975,0.643748,0.466583,-0.606539,0.848,0.688,1.29,-0.907,1.429
35026,1167.85,0.93,1,0.674639,0.48905,-0.552895,0.644921,0.465901,-0.605816,0.85,0.689,1.289,-0.909,1.429
35027,1167.883,0.93,1,0.674709,0.488173,-0.553584,0.645182,0.465044,-0.606196,0.85,0.688,1.289,-0.911,1.43
35028,1167.916,0.93,1,0.674844,0.487472,-0.554037,0.64436,0.464397,-0.607566,0.849,0.686,1.287,-0.913,1.428
35029,1167.95,0.93,1,0.674278,0.487088,-0.555062,0.644414,0.464307,-0.607577,0.848,0.686,1.283,-0.914,1.426
35030,1167.983,0.93,1,0.67513,0.484837,-0.555996,0.645552,0.461936,-0.608176,0.848,0.683,1.278,-0.915,1.422
35031,1168.017,0.93,1,0.676324,0.484027,-0.555251,0.645859,0.460313,-0.60908,0.849,0.681,1.275,-0.918,1.42
35032,1168.05,0.93,1,0.678751,0.481563,-0.554432,0.648072,0.457975,-0.608491,0.851,0.68,1.264,-0.922,1.41
35033,1168.083,0.93,1,0.679295,0.477798,-0.557017,0.648257,0.454674,-0.610765,0.849,0.674,1.25,-0.926,1.399
35034,1168.117,0.93,1,0.683479,0.476627,-0.552887,0.649193,0.452586,-0.611322,0.853,0.674,1.236,-0.932,1.386
35035,1168.15,0.93,1,0.686104,0.468993,-0.556154,0.649323,0.44416,-0.617334,0.85,0.661,1.206,-0.942,1.36
35036,1168.183,0.93,1,0.695436,0.461655,-0.550676,0.654448,0.434333,-0.618912,0.857,0.654,1.171,-0.957,1.328
35037,1168.217,0.93,1,0.709492,0.447673,-0.544252,0.661841,0.415456,-0.623989,0.865,0.636,1.107,-0.979,1.27
35038,1168.25,0.93,1,0.726711,0.423663,-0.540741,0.674473,0.388568,-0.627774,0.876,0.607,1.013,-1.003,1.188
35039,1168.283,0.93,1,0.734732,0.388313,-0.556221,0.673457,0.348356,-0.652,0.862,0.548,0.839,-0.998,1.032
35040,1168.317,0.93,1,0.71839,0.373512,-0.58686,0.645171,0.334259,-0.687041,0.819,0.507,0.7,-0.967,0.905
35041,1168.35,0.93,1,0.712956,0.353338,-0.605678,0.626447,0.310223,-0.715071,0.792,0.466,0.602,-0.94,0.81
35042,1168.383,0.88,1,0.713997,0.317309,-0.624118,0.616368,0.269446,-0.739925,0.773,0.406,0.491,-0.932,0.716
35047,1168.55,0.98,1,0.676243,0.329462,-0.658901,0.547329,0.296232,-0.782737,0.704,0.409,0.488,-0.834,0.555
35048,1168.583,0.98,1,0.669201,0.372044,-0.643237,0.533633,0.345534,-0.771908,0.704,0.469,0.633,-0.829,0.625
35049,1168.617,0.88,1,0.64587,0.421646,-0.636448,0.50784,0.406441,-0.759542,0.691,0.535,0.784,-0.775,0.668
35050,1168.65,0.88,1,0.613402,0.469842,-0.634812,0.477342,0.462574,-0.747108,0.668,0.594,0.907,-0.701,0.685
35051,1168.683,0.98,1,0.602185,0.487738,-0.632048,0.471831,0.483917,-0.737021,0.665,0.617,0.975,-0.661,0.689
35052,1168.717,0.88,1,0.589265,0.501056,-0.633806,0.459559,0.502944,-0.73202,0.655,0.634,0.999,-0.64,0.687
35053,1168.75,0.98,1,0.521533,0.607569,-0.599053,0.415863,0.476582,-0.77455,0.599,0.668,1.001,-0.623,0.682
35054,1168.783,0.88,1,0.52694,0.593589,-0.608265,0.42777,0.508144,-0.747531,0.614,0.682,0.989,-0.637,0.688
35055,1168.817,0.88,1,0.518872,0.588029,-0.620479,0.434404,0.533282,-0.725881,0.616,0.694,0.98,-0.64,0.683
35056,1168.85,0.88,1,0.511359,0.604486,-0.610826,0.467092,0.474973,-0.745805,0.625,0.672,0.992,-0.644,0.698
35057,1168.883,0.88,1,0.516014,0.597056,-0.61421,0.552628,0.484007,-0.678484,0.691,0.696,0.999,-0.647,0.712
35058,1168.917,0.88,1,0.526006,0.587004,-0.615422,0.527593,0.514496,-0.675973,0.684,0.706,1.01,-0.659,0.731
35059,1168.95,0.88,1,0.534184,0.595358,-0.600163,0.484046,0.549037,-0.681365,0.671,0.729,1.034,-0.659,0.741
35060,1168.983,0.88,1,0.528491,0.602997,-0.597572,0.533521,0.530289,-0.658899,0.702,0.734,1.046,-0.669,0.76
35061,1169.017,0.98,1,0.507745,0.604045,-0.614268,0.495035,0.52489,-0.69241,0.655,0.713,1.068,-0.674,0.78
35062,1169.05,0.98,1,0.549203,0.616756,-0.563905,0.539708,0.489553,-0.684875,0.717,0.725,1.097,-0.67,0.796
35063,1169.083,0.98,1,0.545215,0.611843,-0.573052,0.559104,0.54274,-0.626767,0.744,0.766,1.119,-0.652,0.799
35064,1169.117,0.98,1,0.574302,0.615292,-0.539993,0.521185,0.571223,-0.63409,0.751,0.791,1.134,-0.648,0.808
35065,1169.15,0.88,1,0.559772,0.629046,-0.539404,0.46072,0.636816,-0.618225,0.723,0.83,1.16,-0.634,0.813
35066,1169.184,0.98,1,0.548487,0.635926,-0.542918,0.500421,0.642236,-0.580613,0.751,0.85,1.177,-0.632,0.827
35067,1169.217,0.98,1,0.542635,0.631245,-0.554146,0.485158,0.618699,-0.617926,0.72,0.818,1.194,-0.629,0.845
35068,1169.25,0.82,1,0.518049,0.650114,-0.555857,0.465563,0.57427,-0.673399,0.675,0.783,1.21,-0.616,0.866
35069,1169.284,0.82,1,0.608591,0.540632,-0.580805,0.504409,0.592831,-0.627792,0.744,0.753,1.222,-0.622,0.895
35070,1169.317,0.82,1,0.619099,0.545116,-0.565301,0.520584,0.595371,-0.611985,0.769,0.77,1.245,-0.647,0.928
35071,1169.35,0.82,1,0.636436,0.54531,-0.545515,0.539215,0.600203,-0.590765,0.802,0.789,1.274,-0.67,0.959
35072,1169.384,0.82,1,0.639747,0.54928,-0.537601,0.542906,0.605683,-0.581723,0.813,0.801,1.293,-0.676,0.975
35073,1169.417,0.82,1,0.641359,0.548917,-0.536048,0.543866,0.607285,-0.57915,0.816,0.803,1.3,-0.681,0.983
35074,1169.45,0.82,1,0.640606,0.549185,-0.536675,0.543073,0.608962,-0.578132,0.815,0.804,1.298,-0.684,0.985
35075,1169.484,0.82,1,0.641781,0.552032,-0.532333,0.543835,0.610545,-0.575742,0.819,0.809,1.301,-0.688,0.988
35076,1169.517,0.82,1,0.642076,0.551355,-0.532678,0.544548,0.608963,-0.576742,0.819,0.808,1.301,-0.693,0.989
35077,1169.55,0.82,1,0.64448,0.546539,-0.534735,0.55015,0.605575,-0.574991,0.822,0.804,1.295,-0.699,0.985
35078,1169.584,0.82,1,0.645925,0.54695,-0.532567,0.553438,0.605055,-0.572376,0.826,0.806,1.297,-0.703,0.981
35079,1169.617,0.82,1,0.647957,0.548758,-0.528221,0.555242,0.606466,-0.569127,0.831,0.811,1.302,-0.706,0.984
35080,1169.65,0.82,1,0.650948,0.545335,-0.528087,0.560125,0.603492,-0.567502,0.835,0.809,1.302,-0.71,0.984
35081,1169.684,0.82,1,0.651548,0.545605,-0.527067,0.560325,0.603784,-0.566993,0.836,0.81,1.3,-0.709,0.978
35082,1169.717,0.82,1,0.65343,0.544468,-0.525912,0.56075,0.603048,-0.567356,0.838,0.81,1.298,-0.712,0.981
35083,1169.75,0.88,1,0.658563,0.543378,-0.520611,0.562828,0.596384,-0.572321,0.841,0.806,1.297,-0.728,0.982
35084,1169.784,0.88,1,0.666002,0.534831,-0.519997,0.573452,0.579323,-0.579256,0.845,0.792,1.277,-0.752,0.968
35085,1169.817,0.88,1,0.670179,0.531398,-0.518146,0.575582,0.569622,-0.586716,0.845,0.784,1.259,-0.76,0.948
35086,1169.85,0.88,1,0.672165,0.523552,-0.523534,0.58031,0.562007,-0.589396,0.844,0.773,1.253,-0.766,0.936
35087,1169.884,0.88,1,0.672867,0.52414,-0.522041,0.582891,0.562073,-0.586781,0.847,0.775,1.253,-0.77,0.936
35088,1169.917,0.88,1,0.673517,0.525478,-0.519854,0.58332,0.560387,-0.587966,0.848,0.775,1.251,-0.77,0.933
35089,1169.95,0.88,1,0.676562,0.522158,-0.519245,0.591649,0.559104,-0.580822,0.856,0.777,1.271,-0.774,0.944
35090,1169.984,0.88,1,0.678128,0.521273,-0.51809,0.601432,0.558902,-0.570883,0.866,0.781,1.297,-0.781,0.958
35091,1170.017,0.88,1,0.691443,0.513192,-0.508469,0.619441,0.556611,-0.553604,0.89,0.789,1.34,-0.803,0.989
35092,1170.05,0.88,1,0.706822,0.499102,-0.501298,0.637948,0.544534,-0.544523,0.91,0.784,1.381,-0.82,1.009
35093,1170.084,0.88,1,0.72032,0.489859,-0.491098,0.656815,0.532623,-0.533767,0.931,0.784,1.436,-0.83,1.042
35094,1170.117,0.88,1,0.725216,0.48039,-0.493242,0.670552,0.522184,-0.526957,0.94,0.777,1.502,-0.83,1.083
35095,1170.15,0.88,1,0.72411,0.475239,-0.499813,0.676808,0.514016,-0.52699,0.938,0.767,1.567,-0.816,1.126
35096,1170.184,0.88,1,0.681923,0.464323,-0.565142,0.682669,0.533903,-0.498909,0.909,0.753,1.617,-0.808,1.163
35097,1170.217,0.88,1,0.687045,0.468549,-0.555365,0.653918,0.549393,-0.520152,0.895,0.758,1.664,-0.811,1.22
35098,1170.251,0.88,1,0.709636,0.465959,-0.528487,0.675689,0.524951,-0.517563,0.924,0.758,1.695,-0.829,1.271
35099,1170.284,0.88,1,0.716422,0.431245,-0.548423,0.69367,0.417907,-0.586665,0.893,0.642,1.726,-0.844,1.301
35100,1170.317,0.88,1,0.722262,0.473102,-0.504492,0.680294,0.500319,-0.535613,0.933,0.752,1.76,-0.85,1.326
35101,1170.351,0.77,1,0.712765,0.506658,-0.48504,0.721936,0.430675,-0.541598,0.95,0.74,1.79,-0.85,1.346
35102,1170.384,0.77,1,0.766699,0.40168,-0.500825,0.697961,0.459903,-0.548944,0.949,0.687,1.823,-0.841,1.377
35103,1170.417,0.77,1,0.751216,0.395288,-0.528604,0.69178,0.475649,-0.543322,0.932,0.682,1.844,-0.83,1.4
35104,1170.451,0.77,1,0.746174,0.412535,-0.522531,0.677015,0.493789,-0.545731,0.927,0.704,1.856,-0.818,1.417
35105,1170.484,0.77,1,0.711871,0.471025,-0.520937,0.680067,0.465731,-0.566219,0.908,0.711,1.866,-0.804,1.431
35106,1170.517,0.77,1,0.675022,0.543176,-0.499305,0.676892,0.455371,-0.57832,0.898,0.747,1.87,-0.794,1.436
35107,1170.551,0.77,1,0.67224,0.537905,-0.508676,0.670471,0.481038,-0.564864,0.896,0.759,1.866,-0.784,1.446
35108,1170.584,0.88,1,0.670676,0.543499,-0.50478,0.653098,0.522682,-0.547966,0.899,0.792,1.852,-0.779,1.444
35109,1170.617,0.88,1,0.661827,0.542005,-0.517894,0.629466,0.508591,-0.587458,0.863,0.76,1.838,-0.776,1.449
35110,1170.651,0.88,1,0.655674,0.527767,-0.539957,0.60895,0.524139,-0.595364,0.839,0.747,1.826,-0.774,1.448
35111,1170.684,0.88,1,0.64566,0.540828,-0.539099,0.597202,0.537216,-0.595608,0.831,0.76,1.812,-0.774,1.45
35112,1170.717,0.88,1,0.660432,0.522841,-0.53895,0.627589,0.512496,-0.586072,0.853,0.744,1.798,-0.772,1.446
35113,1170.751,0.88,1,0.723349,0.419885,-0.548146,0.618981,0.524173,-0.584898,0.87,0.695,1.779,-0.772,1.439
35114,1170.784,0.88,1,0.718967,0.424313,-0.550496,0.612845,0.54807,-0.569246,0.872,0.715,1.763,-0.773,1.427
35115,1170.817,0.88,1,0.684928,0.45917,-0.565718,0.642944,0.497467,-0.582365,0.858,0.695,1.749,-0.775,1.424
35116,1170.851,0.88,1,0.684245,0.459756,-0.566068,0.64014,0.497575,-0.585355,0.855,0.694,1.735,-0.778,1.412
35117,1170.884,0.88,1,0.68099,0.460331,-0.569515,0.635638,0.500242,-0.587982,0.85,0.693,1.722,-0.779,1.402
35118,1170.917,0.88,1,0.675157,0.461816,-0.57523,0.627285,0.505554,-0.592393,0.84,0.692,1.704,-0.78,1.389
35119,1170.951,0.88,1,0.676011,0.463075,-0.57321,0.627078,0.505231,-0.592887,0.841,0.693,1.687,-0.784,1.374
35120,1170.984,0.88,1,0.675453,0.463279,-0.573704,0.625986,0.509118,-0.590711,0.841,0.696,1.669,-0.787,1.36
35121,1171.017,0.88,1,0.676488,0.465543,-0.570644,0.626556,0.510893,-0.588571,0.844,0.7,1.654,-0.791,1.348
35122,1171.051,0.88,1,0.679169,0.467199,-0.566087,0.628903,0.509681,-0.587117,0.848,0.703,1.641,-0.793,1.336
35123,1171.084,0.88,1,0.678526,0.469099,-0.565286,0.628374,0.511487,-0.586112,0.849,0.705,1.626,-0.793,1.326
35124,1171.117,0.88,1,0.680345,0.469148,-0.563055,0.631108,0.510173,-0.584317,0.852,0.707,1.61,-0.796,1.318
35125,1171.151,0.88,1,0.680381,0.470594,-0.561804,0.630224,0.510685,-0.584824,0.852,0.708,1.59,-0.8,1.31
35126,1171.184,0.88,1,0.681965,0.472096,-0.558613,0.630901,0.51013,-0.584578,0.854,0.71,1.571,-0.806,1.305
35127,1171.217,0.88,1,0.68201,0.475163,-0.555952,0.629928,0.511942,-0.584043,0.855,0.714,1.542,-0.813,1.294
35128,1171.251,0.88,1,0.681298,0.472706,-0.558912,0.630225,0.508232,-0.586955,0.853,0.708,1.501,-0.819,1.277
35129,1171.284,0.88,1,0.682494,0.472875,-0.557308,0.631405,0.503562,-0.589706,0.853,0.705,1.453,-0.832,1.259
35130,1171.317,0.88,1,0.685317,0.469753,-0.556482,0.637408,0.48949,-0.595072,0.854,0.695,1.387,-0.85,1.225
35131,1171.351,0.88,1,0.693948,0.461395,-0.552767,0.64866,0.473874,-0.595553,0.863,0.684,1.335,-0.87,1.209
35132,1171.384,0.88,1,0.703731,0.445798,-0.553197,0.661169,0.447984,-0.601802,0.869,0.659,1.252,-0.894,1.181
35144,1171.784,0.88,1,0.815642,0.271823,-0.510726,0.763527,0.262694,-0.589931,0.962,0.452,1.091,-1.178,1.016
35145,1171.818,0.93,1,0.803714,0.321855,-0.500454,0.756512,0.320601,-0.570004,0.969,0.541,1.167,-1.126,1.083
35146,1171.851,0.93,1,0.79239,0.344538,-0.5034,0.753109,0.350481,-0.556768,0.97,0.58,1.236,-1.102,1.129
35147,1171.884,0.93,1,0.789959,0.359169,-0.496953,0.754439,0.369075,-0.542775,0.978,0.611,1.319,-1.088,1.191
35148,1171.918,0.88,1,0.787068,0.37135,-0.492567,0.752644,0.383444,-0.535256,0.982,0.633,1.398,-1.073,1.251
35149,1171.951,0.93,1,0.786779,0.377547,-0.4883,0.753997,0.394093,-0.525528,0.989,0.651,1.485,-1.065,1.323
35150,1171.984,0.88,1,0.781632,0.385314,-0.490495,0.750399,0.404739,-0.522578,0.987,0.662,1.539,-1.054,1.368
35151,1172.018,0.88,1,0.776492,0.392309,-0.493106,0.747683,0.41081,-0.521734,0.983,0.669,1.58,-1.044,1.408
35152,1172.051,0.88,1,0.772368,0.401046,-0.492554,0.744162,0.418397,-0.520737,0.982,0.68,1.611,-1.036,1.448
35153,1172.084,0.88,1,0.773515,0.403768,-0.488515,0.746168,0.420593,-0.516076,0.987,0.687,1.638,-1.032,1.486
35154,1172.118,0.88,1,0.774284,0.404579,-0.486621,0.747155,0.420689,-0.514567,0.989,0.689,1.659,-1.031,1.517
35155,1172.151,0.88,1,0.774403,0.404558,-0.486449,0.746981,0.41859,-0.51653,0.988,0.687,1.674,-1.029,1.537
35156,1172.184,0.93,1,0.771337,0.407379,-0.48896,0.744558,0.420641,-0.518357,0.984,0.688,1.686,-1.021,1.562
35157,1172.218,0.88,1,0.773913,0.406086,-0.485956,0.747413,0.419029,-0.515546,0.989,0.689,1.692,-1.022,1.579
35158,1172.251,0.88,1,0.771679,0.408959,-0.487098,0.748609,0.419258,-0.513622,0.989,0.691,1.691,-1.02,1.595
35159,1172.284,0.88,1,0.769559,0.413204,-0.486868,0.747384,0.420408,-0.514465,0.987,0.694,1.682,-1.01,1.601
35160,1172.318,0.93,1,0.764589,0.417553,-0.490971,0.744661,0.421358,-0.517627,0.982,0.694,1.675,-1.001,1.613
35161,1172.351,0.93,1,0.758993,0.42461,-0.493595,0.739116,0.423831,-0.523521,0.974,0.695,1.678,-0.988,1.628
35162,1172.384,0.93,1,0.755421,0.430504,-0.493969,0.735607,0.424329,-0.528041,0.97,0.697,1.669,-0.98,1.633
35163,1172.418,0.93,1,0.748482,0.436853,-0.498932,0.730003,0.42703,-0.533611,0.961,0.697,1.666,-0.965,1.645
35164,1172.451,0.88,1,0.74422,0.440988,-0.501663,0.727518,0.428146,-0.536105,0.957,0.697,1.663,-0.96,1.665
35165,1172.485,0.88,1,0.733488,0.446734,-0.512273,0.719351,0.433767,-0.542567,0.943,0.696,1.665,-0.951,1.702
35166,1172.518,0.88,1,0.724973,0.451512,-0.520145,0.715011,0.437308,-0.545454,0.934,0.695,1.656,-0.944,1.737
35167,1172.551,0.88,1,0.724395,0.460234,-0.513261,0.714168,0.441154,-0.543458,0.937,0.706,1.641,-0.946,1.771
35168,1172.585,0.88,1,0.725101,0.466625,-0.506447,0.713897,0.443956,-0.54153,0.941,0.715,1.628,-0.952,1.795
35169,1172.618,0.88,1,0.727567,0.467005,-0.502546,0.716626,0.442254,-0.539313,0.946,0.718,1.621,-0.964,1.814
35170,1172.651,0.93,1,0.729771,0.462937,-0.503114,0.719013,0.436777,-0.540598,0.947,0.711,1.605,-0.973,1.813
35171,1172.685,0.93,1,0.731927,0.459289,-0.503325,0.72078,0.433176,-0.541142,0.947,0.707,1.589,-0.984,1.812
35172,1172.718,0.93,1,0.735545,0.45604,-0.501,0.722214,0.428098,-0.543267,0.949,0.703,1.572,-0.991,1.803
35173,1172.751,0.93,1,0.736755,0.453949,-0.501121,0.721946,0.424431,-0.546491,0.948,0.698,1.554,-0.998,1.789
35174,1172.785,0.93,1,0.739934,0.450981,-0.499113,0.7245,0.419932,-0.546586,0.951,0.694,1.539,-1.004,1.775
35175,1172.818,0.93,1,0.740498,0.448885,-0.500164,0.724557,0.416913,-0.548818,0.949,0.69,1.525,-1.009,1.764
35176,1172.851,0.98,1,0.739233,0.446647,-0.504024,0.723119,0.413379,-0.553368,0.945,0.683,1.507,-1.01,1.745
35177,1172.885,0.98,1,0.738133,0.447256,-0.505095,0.72153,0.41315,-0.555609,0.942,0.682,1.492,-1.009,1.733
35178,1172.918,0.98,1,0.735023,0.447679,-0.509239,0.717615,0.412613,-0.561052,0.936,0.677,1.472,-1.008,1.715
35179,1172.951,0.98,1,0.732437,0.446967,-0.513572,0.715465,0.411846,-0.564352,0.931,0.673,1.456,-1.008,1.702
35180,1172.985,0.98,1,0.731763,0.4464,-0.515024,0.715267,0.411338,-0.564973,0.93,0.671,1.444,-1.008,1.692
35181,1173.018,0.98,1,0.729033,0.443837,-0.521075,0.713889,0.409898,-0.567755,0.924,0.665,1.431,-1.008,1.677
35182,1173.051,0.93,1,0.727949,0.444611,-0.521931,0.711575,0.410122,-0.570491,0.922,0.664,1.418,-1.007,1.659
35183,1173.085,0.93,1,0.725939,0.445961,-0.523576,0.708425,0.41177,-0.573219,0.918,0.664,1.403,-1.003,1.641
35184,1173.118,0.93,1,0.722633,0.449456,-0.525157,0.704055,0.415658,-0.575791,0.914,0.666,1.38,-0.997,1.615
35185,1173.151,0.93,1,0.719361,0.452113,-0.527365,0.698952,0.41824,-0.580122,0.908,0.666,1.364,-0.991,1.598
35186,1173.185,0.93,1,0.715385,0.454992,-0.530289,0.692906,0.420715,-0.585559,0.901,0.665,1.352,-0.987,1.584
35187,1173.218,0.93,1,0.71362,0.456253,-0.531583,0.690266,0.421724,-0.587947,0.898,0.665,1.336,-0.983,1.567
35188,1173.251,0.93,1,0.711629,0.455712,-0.534706,0.687872,0.422182,-0.590419,0.894,0.663,1.326,-0.982,1.556
35189,1173.285,0.93,1,0.709787,0.455977,-0.536923,0.684881,0.422644,-0.593557,0.89,0.661,1.31,-0.98,1.541
35190,1173.318,0.93,1,0.708493,0.454147,-0.540174,0.682687,0.42033,-0.597713,0.885,0.655,1.291,-0.98,1.526
35191,1173.351,0.93,1,0.706405,0.455816,-0.541502,0.678645,0.42044,-0.602221,0.881,0.654,1.278,-0.977,1.513
35192,1173.385,0.98,1,0.703912,0.455608,-0.544912,0.676547,0.421501,-0.603839,0.877,0.652,1.272,-0.975,1.503
35193,1173.418,0.98,1,0.703991,0.4547,-0.545568,0.676443,0.420621,-0.604568,0.876,0.651,1.269,-0.976,1.497
35194,1173.451,0.98,1,0.704416,0.452182,-0.547109,0.678807,0.420102,-0.602275,0.877,0.649,1.264,-0.978,1.488
35195,1173.485,0.98,1,0.702012,0.451652,-0.550627,0.67641,0.420452,-0.604723,0.873,0.647,1.252,-0.976,1.473
35196,1173.518,0.98,1,0.702855,0.452046,-0.549226,0.677788,0.421977,-0.602112,0.876,0.649,1.236,-0.975,1.454
35197,1173.551,0.98,1,0.702101,0.450465,-0.551485,0.678303,0.420025,-0.602896,0.874,0.646,1.217,-0.973,1.434
35198,1173.585,0.98,1,0.701291,0.450116,-0.552799,0.678263,0.420157,-0.602849,0.873,0.645,1.206,-0.967,1.417
35199,1173.618,0.98,1,0.697283,0.453762,-0.554883,0.672603,0.422306,-0.60767,0.867,0.646,1.198,-0.958,1.405
35200,1173.652,0.98,1,0.693033,0.456823,-0.55769,0.669537,0.427152,-0.607668,0.863,0.649,1.187,-0.95,1.391
35201,1173.685,0.93,1,0.692091,0.457393,-0.558392,0.669663,0.430436,-0.605207,0.864,0.652,1.177,-0.952,1.386
35202,1173.718,0.93,1,0.690829,0.458991,-0.558644,0.667679,0.433014,-0.605561,0.862,0.654,1.179,-0.952,1.39
35203,1173.752,0.93,1,0.6928,0.458763,-0.556385,0.668386,0.432093,-0.605439,0.864,0.654,1.182,-0.953,1.391
35204,1173.785,0.93,1,0.695127,0.457157,-0.554803,0.671225,0.430404,-0.603497,0.868,0.654,1.193,-0.956,1.396
35205,1173.818,0.93,1,0.698029,0.451311,-0.555945,0.678325,0.426931,-0.598001,0.873,0.651,1.205,-0.961,1.405
35206,1173.852,0.98,1,0.700602,0.447098,-0.556112,0.682672,0.422531,-0.596177,0.876,0.647,1.207,-0.962,1.409
35207,1173.885,0.93,1,0.703241,0.442606,-0.556374,0.68726,0.417881,-0.594179,0.88,0.642,1.211,-0.962,1.413
35208,1173.918,0.93,1,0.701906,0.43974,-0.560318,0.68778,0.415059,-0.595553,0.877,0.637,1.217,-0.959,1.418
35209,1173.952,0.98,1,0.70116,0.438419,-0.562284,0.686127,0.413166,-0.598768,0.874,0.633,1.224,-0.958,1.428
35210,1173.985,0.93,1,0.701834,0.43646,-0.562967,0.686893,0.410311,-0.599852,0.874,0.629,1.234,-0.959,1.438
35211,1174.018,0.93,1,0.703994,0.436453,-0.560269,0.687428,0.408571,-0.600427,0.876,0.629,1.241,-0.961,1.448
35212,1174.052,0.93,1,0.704229,0.436357,-0.560048,0.687534,0.407726,-0.60088,0.876,0.629,1.243,-0.961,1.454
35213,1174.085,0.93,1,0.705833,0.435614,-0.558607,0.689704,0.406981,-0.598895,0.878,0.629,1.246,-0.964,1.462
35214,1174.118,0.93,1,0.706897,0.436384,-0.556655,0.691881,0.406784,-0.596513,0.881,0.631,1.255,-0.963,1.473
35215,1174.152,0.93,1,0.707718,0.435486,-0.556315,0.694082,0.405837,-0.594597,0.883,0.631,1.26,-0.963,1.481
35216,1174.185,0.93,1,0.707462,0.436614,-0.555757,0.69424,0.406729,-0.593804,0.884,0.633,1.266,-0.962,1.491
35217,1174.218,0.93,1,0.707145,0.43814,-0.554959,0.693097,0.407601,-0.59454,0.883,0.634,1.263,-0.962,1.491
35218,1174.252,0.93,1,0.706196,0.437802,-0.556432,0.691446,0.407055,-0.596832,0.881,0.632,1.258,-0.959,1.491
35219,1174.285,0.93,1,0.706756,0.438181,-0.555422,0.69227,0.407014,-0.595904,0.882,0.633,1.26,-0.958,1.494
35220,1174.318,0.93,1,0.70661,0.438048,-0.555712,0.692393,0.406051,-0.596418,0.882,0.632,1.257,-0.959,1.494
35221,1174.352,0.93,1,0.70772,0.437361,-0.55484,0.692671,0.404776,-0.596962,0.882,0.631,1.257,-0.96,1.495
35222,1174.385,0.93,1,0.707217,0.436149,-0.556433,0.692379,0.4036,-0.598095,0.881,0.629,1.25,-0.961,1.491
35223,1174.418,0.93,1,0.70645,0.435214,-0.558136,0.692141,0.403111,-0.598701,0.88,0.627,1.246,-0.961,1.488
35224,1174.452,0.93,1,0.705589,0.435507,-0.558997,0.690556,0.40222,-0.601125,0.877,0.625,1.244,-0.959,1.486
35225,1174.485,0.93,1,0.704402,0.435074,-0.560829,0.68913,0.401486,-0.603248,0.875,0.623,1.244,-0.958,1.484
35226,1174.518,0.93,1,0.70377,0.435401,-0.561368,0.688424,0.40176,-0.603872,0.874,0.623,1.242,-0.958,1.483
35227,1174.552,0.93,1,0.702241,0.436077,-0.562756,0.685382,0.401062,-0.607784,0.87,0.621,1.241,-0.957,1.48
35228,1174.585,0.98,1,0.703062,0.435845,-0.56191,0.687238,0.401256,-0.605555,0.872,0.622,1.245,-0.957,1.485
35229,1174.618,0.98,1,0.70258,0.436237,-0.562209,0.686713,0.401963,-0.605682,0.872,0.623,1.248,-0.957,1.489
35230,1174.652,0.98,1,0.703579,0.435124,-0.561821,0.687789,0.400387,-0.605505,0.873,0.621,1.247,-0.957,1.489
35231,1174.685,0.98,1,0.70243,0.433901,-0.5642,0.687507,0.398013,-0.607388,0.87,0.617,1.252,-0.955,1.494
35232,1174.719,0.98,1,0.702629,0.434158,-0.563755,0.688343,0.397899,-0.606515,0.871,0.618,1.258,-0.956,1.5
35233,1174.752,0.98,1,0.703543,0.434697,-0.562198,0.688944,0.398333,-0.605547,0.873,0.62,1.265,-0.957,1.506
35234,1174.785,0.98,1,0.70351,0.434262,-0.562574,0.690078,0.399511,-0.603476,0.874,0.621,1.269,-0.957,1.51
35235,1174.819,0.98,1,0.705228,0.434584,-0.560169,0.691401,0.399568,-0.601922,0.877,0.623,1.277,-0.959,1.516
35236,1174.852,0.98,1,0.70476,0.434274,-0.560998,0.69205,0.40009,-0.600829,0.877,0.623,1.284,-0.958,1.521
35237,1174.885,0.98,1,0.705595,0.434767,-0.559566,0.693904,0.401442,-0.59778,0.88,0.626,1.293,-0.958,1.53
35238,1174.919,0.98,1,0.704245,0.434421,-0.561531,0.692945,0.40162,-0.598773,0.878,0.624,1.296,-0.956,1.531
35239,1174.952,0.98,1,0.704642,0.435134,-0.560481,0.693605,0.402471,-0.597435,0.879,0.626,1.303,-0.955,1.537
35240,1174.985,0.98,1,0.702996,0.435364,-0.562365,0.692479,0.4035,-0.598047,0.877,0.626,1.307,-0.954,1.54
35241,1175.019,0.98,1,0.703727,0.435744,-0.561156,0.693569,0.40372,-0.596634,0.879,0.627,1.314,-0.954,1.545
35242,1175.052,0.98,1,0.704702,0.434262,-0.561081,0.695293,0.402592,-0.595388,0.88,0.626,1.319,-0.955,1.549
35243,1175.085,0.98,1,0.704464,0.435046,-0.560771,0.693673,0.402467,-0.59736,0.879,0.626,1.316,-0.956,1.546
35244,1175.119,0.98,1,0.705182,0.434206,-0.560521,0.694827,0.40201,-0.596325,0.88,0.626,1.316,-0.956,1.546
35245,1175.152,0.98,1,0.706085,0.434881,-0.558858,0.695111,0.402723,-0.595513,0.882,0.628,1.319,-0.957,1.547
35246,1175.185,0.98,1,0.70562,0.43423,-0.55995,0.6944,0.401127,-0.597415,0.88,0.625,1.316,-0.957,1.542
35247,1175.219,0.98,1,0.703229,0.436053,-0.561539,0.692043,0.403235,-0.598731,0.877,0.626,1.315,-0.955,1.542
35248,1175.252,0.98,1,0.694766,0.453546,-0.558208,0.676646,0.420812,-0.604208,0.868,0.645,1.313,-0.949,1.53
35249,1175.285,0.98,1,0.68837,0.464546,-0.557085,0.665716,0.430525,-0.609484,0.86,0.654,1.309,-0.942,1.522
35250,1175.319,0.98,1,0.68641,0.469433,-0.555404,0.662095,0.435293,-0.610041,0.858,0.66,1.304,-0.939,1.515
35251,1175.352,0.98,1,0.684848,0.474649,-0.552893,0.658425,0.439802,-0.610779,0.857,0.666,1.3,-0.938,1.513
35252,1175.385,0.98,1,0.684201,0.475411,-0.55304,0.657425,0.440627,-0.611261,0.856,0.667,1.299,-0.937,1.514
35253,1175.419,0.98,1,0.683626,0.476306,-0.552982,0.656565,0.440798,-0.612061,0.855,0.667,1.296,-0.936,1.513
35254,1175.452,0.98,1,0.68258,0.476895,-0.553765,0.655635,0.441724,-0.612391,0.854,0.667,1.294,-0.935,1.513
35255,1175.485,0.98,1,0.681294,0.479601,-0.553012,0.65342,0.444287,-0.612904,0.853,0.67,1.294,-0.933,1.512
35256,1175.519,0.98,1,0.681435,0.4801,-0.552404,0.653045,0.444111,-0.613431,0.853,0.67,1.296,-0.932,1.512
35257,1175.552,0.98,1,0.68135,0.479227,-0.553266,0.652778,0.443886,-0.613878,0.852,0.669,1.294,-0.933,1.509
35258,1175.585,0.98,1,0.680711,0.479725,-0.553622,0.65095,0.443103,-0.61638,0.85,0.668,1.29,-0.933,1.504
35259,1175.619,0.98,1,0.6805,0.480523,-0.553189,0.650578,0.444384,-0.61585,0.85,0.669,1.288,-0.931,1.502
35260,1175.652,0.98,1,0.679837,0.480289,-0.554206,0.649526,0.443758,-0.61741,0.848,0.668,1.284,-0.93,1.497
35261,1175.685,0.98,1,0.680087,0.479775,-0.554345,0.64959,0.443313,-0.617661,0.848,0.667,1.28,-0.93,1.494
35262,1175.719,0.98,1,0.67712,0.480727,-0.557144,0.646908,0.445306,-0.619041,0.844,0.667,1.276,-0.928,1.49
35263,1175.752,0.98,1,0.676235,0.480786,-0.558168,0.645576,0.444852,-0.620757,0.842,0.666,1.276,-0.927,1.488
35264,1175.786,0.98,1,0.675165,0.480744,-0.559497,0.644483,0.446142,-0.620967,0.841,0.666,1.272,-0.925,1.483
35265,1175.819,0.98,1,0.676189,0.478952,-0.559798,0.645532,0.443306,-0.621907,0.841,0.663,1.263,-0.927,1.475
35266,1175.852,0.98,1,0.676161,0.478396,-0.560307,0.644567,0.442006,-0.62383,0.84,0.661,1.251,-0.927,1.463
35267,1175.886,0.98,1,0.678193,0.475221,-0.560553,0.646894,0.439448,-0.623229,0.842,0.658,1.23,-0.931,1.446
35268,1175.919,0.93,1,0.677829,0.469327,-0.565932,0.644656,0.434162,-0.629223,0.836,0.647,1.183,-0.936,1.41
35269,1175.952,0.93,1,0.683795,0.458423,-0.56769,0.644994,0.419257,-0.63891,0.834,0.629,1.115,-0.949,1.361
35270,1175.986,0.93,1,0.695914,0.43259,-0.57321,0.652107,0.387439,-0.65165,0.833,0.59,1.006,-0.971,1.287
35271,1176.019,0.93,1,0.705275,0.396337,-0.587796,0.656393,0.341317,-0.672793,0.824,0.529,0.874,-0.977,1.181
35272,1176.052,0.88,1,0.702771,0.361512,-0.612718,0.644196,0.297083,-0.704807,0.796,0.464,0.726,-0.969,1.057
35273,1176.086,0.88,1,0.697463,0.343768,-0.628783,0.627873,0.276602,-0.727508,0.774,0.429,0.629,-0.972,0.969
35278,1176.252,0.98,1,0.721581,0.322177,-0.612799,0.608803,0.279844,-0.742325,0.776,0.418,0.549,-0.974,0.762
35279,1176.286,0.98,1,0.717346,0.360008,-0.596498,0.61152,0.333302,-0.717602,0.791,0.485,0.682,-0.961,0.817
35280,1176.319,0.98,1,0.718061,0.385318,-0.579584,0.615584,0.370093,-0.695764,0.808,0.535,0.78,-0.937,0.843
35281,1176.352,0.98,1,0.720568,0.40018,-0.566249,0.619497,0.387645,-0.682609,0.821,0.563,0.831,-0.923,0.852
35282,1176.386,0.98,1,0.718142,0.408744,-0.563205,0.628698,0.403244,-0.664931,0.831,0.584,0.863,-0.917,0.858
35283,1176.419,0.88,1,0.723004,0.410418,-0.555718,0.640402,0.410064,-0.649409,0.847,0.598,0.901,-0.93,0.875
35284,1176.452,0.88,1,0.718167,0.418803,-0.555735,0.64581,0.424043,-0.634914,0.853,0.616,0.953,-0.932,0.897
35285,1176.486,0.88,1,0.724797,0.419833,-0.546269,0.663945,0.428672,-0.612713,0.875,0.632,1.022,-0.947,0.934
35286,1176.519,0.88,1,0.736258,0.417901,-0.532243,0.683901,0.432613,-0.587474,0.903,0.65,1.129,-0.976,1.013
35287,1176.552,0.88,1,0.744286,0.41986,-0.51938,0.69704,0.436849,-0.568593,0.924,0.667,1.235,-0.989,1.094
35288,1176.586,0.88,1,0.748419,0.421034,-0.512444,0.706939,0.440911,-0.553023,0.939,0.68,1.339,-0.994,1.175
35289,1176.619,0.98,1,0.751455,0.420516,-0.508411,0.714129,0.442191,-0.542667,0.949,0.687,1.433,-0.992,1.249
35290,1176.652,0.88,1,0.751224,0.423568,-0.506215,0.717454,0.444024,-0.536752,0.953,0.694,1.504,-0.99,1.313
35291,1176.686,0.88,1,0.752662,0.422172,-0.505244,0.721082,0.441504,-0.533962,0.957,0.693,1.556,-0.986,1.357
35292,1176.719,0.88,1,0.750387,0.427864,-0.503837,0.719079,0.446149,-0.532801,0.956,0.7,1.592,-0.977,1.391
35293,1176.752,0.88,1,0.749247,0.429223,-0.504377,0.717698,0.448547,-0.53265,0.955,0.702,1.623,-0.968,1.418
35294,1176.786,0.88,1,0.748545,0.429093,-0.505529,0.716434,0.446913,-0.535716,0.953,0.699,1.644,-0.957,1.436
35295,1176.819,0.88,1,0.7455,0.431266,-0.508173,0.712533,0.45,-0.538328,0.948,0.7,1.655,-0.952,1.446
35296,1176.852,0.88,1,0.742206,0.434734,-0.510036,0.707223,0.454195,-0.541796,0.943,0.702,1.66,-0.947,1.454
35297,1176.886,0.88,1,0.740707,0.437295,-0.510025,0.704147,0.457564,-0.542966,0.941,0.704,1.653,-0.941,1.448
35298,1176.919,0.88,1,0.736199,0.441414,-0.512996,0.69889,0.461683,-0.546262,0.935,0.706,1.647,-0.935,1.447
35299,1176.953,0.88,1,0.734417,0.445066,-0.512394,0.695209,0.465279,-0.547904,0.933,0.709,1.632,-0.932,1.437
35300,1176.986,0.88,1,0.729144,0.45183,-0.514003,0.688493,0.472423,-0.550267,0.927,0.715,1.614,-0.93,1.429
35301,1177.019,0.88,1,0.723775,0.454921,-0.518842,0.682215,0.476328,-0.554702,0.919,0.715,1.597,-0.927,1.414
35302,1177.053,0.88,1,0.722039,0.454489,-0.521632,0.681186,0.475799,-0.556417,0.916,0.712,1.577,-0.926,1.4
35303,1177.086,0.88,1,0.717652,0.456065,-0.526289,0.676478,0.476897,-0.561202,0.908,0.709,1.555,-0.923,1.381
35304,1177.119,0.88,1,0.715021,0.458356,-0.527877,0.673701,0.479096,-0.562667,0.905,0.71,1.537,-0.921,1.367
35305,1177.153,0.88,1,0.710367,0.461493,-0.531417,0.667919,0.482061,-0.56701,0.898,0.71,1.517,-0.919,1.353
35306,1177.186,0.88,1,0.710213,0.462938,-0.530364,0.66708,0.482073,-0.567987,0.898,0.71,1.496,-0.919,1.338
35307,1177.219,0.88,1,0.711189,0.460882,-0.530847,0.667792,0.476805,-0.571586,0.896,0.705,1.475,-0.916,1.324
35308,1177.253,0.88,1,0.704592,0.459564,-0.540695,0.66499,0.476393,-0.575185,0.887,0.698,1.46,-0.912,1.323
35309,1177.286,0.88,1,0.700942,0.457713,-0.546973,0.663865,0.475437,-0.577273,0.882,0.693,1.452,-0.909,1.33
35310,1177.319,0.88,1,0.698439,0.456653,-0.551045,0.663188,0.475514,-0.577986,0.879,0.69,1.448,-0.907,1.339
35311,1177.353,0.93,1,0.694891,0.453921,-0.557748,0.659525,0.470221,-0.586446,0.869,0.679,1.435,-0.902,1.338
35312,1177.386,0.88,1,0.688709,0.452571,-0.566445,0.654308,0.465891,-0.595674,0.857,0.669,1.41,-0.892,1.326
35313,1177.419,0.88,1,0.684732,0.451577,-0.572032,0.652306,0.463663,-0.599594,0.851,0.663,1.393,-0.882,1.326
35314,1177.453,0.88,1,0.684078,0.451738,-0.572687,0.650452,0.45713,-0.606584,0.847,0.657,1.356,-0.88,1.317
35315,1177.486,0.88,1,0.683242,0.452455,-0.573118,0.65038,0.450852,-0.611342,0.845,0.652,1.306,-0.881,1.304
35316,1177.519,0.88,1,0.681607,0.44678,-0.579483,0.646668,0.437429,-0.624881,0.834,0.633,1.23,-0.883,1.271
35317,1177.553,0.88,1,0.680074,0.438402,-0.587625,0.641348,0.420772,-0.641579,0.822,0.61,1.149,-0.893,1.239
35318,1177.586,0.88,1,0.674353,0.428522,-0.601346,0.631026,0.401246,-0.663934,0.801,0.58,1.037,-0.89,1.178
35319,1177.619,0.88,1,0.673863,0.401027,-0.620553,0.622397,0.359103,-0.695462,0.778,0.524,0.873,-0.885,1.073
35321,1177.686,0.88,1,0.665537,0.361829,-0.652794,0.603153,0.30377,-0.737516,0.74,0.446,0.644,-0.856,0.921
35322,1177.719,0.82,1,0.658119,0.340944,-0.671294,0.587207,0.277924,-0.760228,0.716,0.408,0.531,-0.854,0.849
35341,1178.353,0.88,1,0.776114,0.297183,-0.556174,0.752062,0.251521,-0.609213,0.919,0.44,0.979,-1.177,1.296
35342,1178.386,0.88,1,0.766858,0.325499,-0.553154,0.749514,0.286091,-0.596976,0.922,0.489,1.157,-1.157,1.429
35343,1178.42,0.98,1,0.759554,0.34238,-0.553041,0.747341,0.308679,-0.588387,0.923,0.518,1.291,-1.139,1.522
35344,1178.453,0.98,1,0.760878,0.356057,-0.542484,0.74647,0.325093,-0.580601,0.93,0.545,1.402,-1.127,1.594
35345,1178.486,0.98,1,0.766551,0.354928,-0.535187,0.753795,0.325629,-0.570753,0.942,0.552,1.47,-1.127,1.643
35346,1178.52,0.98,1,0.770799,0.35055,-0.531962,0.760863,0.323846,-0.562327,0.95,0.552,1.511,-1.128,1.678
35347,1178.553,0.98,1,0.773392,0.349545,-0.528851,0.765794,0.324738,-0.555072,0.957,0.556,1.556,-1.127,1.716
35348,1178.586,0.98,1,0.763483,0.385473,-0.518174,0.767637,0.375439,-0.519403,0.975,0.633,1.805,-1.051,1.96
35349,1178.62,0.98,1,0.764731,0.390162,-0.512797,0.770134,0.380419,-0.51203,0.982,0.645,1.834,-1.036,1.988
35350,1178.653,0.98,1,0.766745,0.386466,-0.512589,0.7733,0.376642,-0.510047,0.985,0.641,1.858,-1.037,2.014
35351,1178.686,0.98,1,0.773153,0.383202,-0.505362,0.780505,0.372535,-0.502026,0.996,0.644,1.879,-1.043,2.045
35352,1178.72,0.98,1,0.776004,0.379059,-0.504115,0.782219,0.367823,-0.502832,0.997,0.638,1.873,-1.049,2.036
35353,1178.753,0.98,1,0.779186,0.375939,-0.501537,0.785065,0.362787,-0.502054,1.0,0.635,1.867,-1.055,2.032
35354,1178.786,0.98,1,0.776934,0.375004,-0.505714,0.782332,0.361422,-0.507278,0.995,0.629,1.839,-1.059,2.005
35355,1178.82,0.98,1,0.772603,0.378582,-0.509667,0.780151,0.365591,-0.507649,0.991,0.632,1.84,-1.047,2.012
35356,1178.853,0.98,1,0.764377,0.387526,-0.515318,0.77151,0.377701,-0.511971,0.981,0.64,1.808,-1.034,1.964
35357,1178.886,0.98,1,0.764356,0.387488,-0.515376,0.769687,0.378138,-0.514387,0.98,0.639,1.826,-1.025,1.968
35358,1178.92,0.93,1,0.756443,0.396123,-0.520463,0.761048,0.389602,-0.518668,0.97,0.647,1.84,-1.004,1.97
35359,1178.953,0.93,1,0.758984,0.386962,-0.523645,0.762894,0.380661,-0.52258,0.969,0.633,1.835,-1.012,1.959
35360,1178.986,0.93,1,0.755574,0.393549,-0.523667,0.757509,0.390514,-0.523143,0.966,0.643,1.799,-1.011,1.927
35361,1179.02,0.93,1,0.754945,0.394672,-0.523729,0.758015,0.392372,-0.521016,0.966,0.646,1.78,-1.02,1.915
35362,1179.053,0.88,1,0.760834,0.391247,-0.517742,0.765793,0.387898,-0.512929,0.977,0.647,1.775,-1.033,1.916
35363,1179.086,0.88,1,0.767924,0.391658,-0.50685,0.772038,0.386318,-0.504694,0.99,0.656,1.774,-1.045,1.916
35364,1179.12,0.98,1,0.763746,0.404818,-0.502807,0.767613,0.400262,-0.500561,0.991,0.676,1.826,-1.029,1.956
35365,1179.153,0.98,1,0.766128,0.405154,-0.498897,0.76865,0.395563,-0.5027,0.993,0.674,1.795,-1.027,1.946
35366,1179.187,0.98,1,0.759148,0.407224,-0.507802,0.759753,0.400404,-0.512301,0.979,0.67,1.802,-1.027,1.937
35367,1179.22,0.98,1,0.7596,0.404846,-0.509026,0.75981,0.398625,-0.513603,0.978,0.666,1.803,-1.025,1.927
35368,1179.253,0.98,1,0.759696,0.401988,-0.511143,0.757753,0.393686,-0.520405,0.974,0.657,1.772,-1.033,1.891
35369,1179.287,0.98,1,0.768157,0.39429,-0.504451,0.764671,0.387613,-0.514815,0.984,0.654,1.777,-1.044,1.897
35370,1179.32,0.98,1,0.762682,0.395984,-0.511383,0.762715,0.383058,-0.521087,0.976,0.646,1.752,-1.032,1.896
35371,1179.353,0.98,1,0.766847,0.395454,-0.505531,0.762545,0.385365,-0.519633,0.98,0.651,1.761,-1.04,1.893
35372,1179.387,0.98,1,0.769093,0.388846,-0.507242,0.762819,0.378985,-0.523906,0.978,0.64,1.753,-1.049,1.88
35373,1179.42,0.98,1,0.76932,0.385541,-0.509415,0.762222,0.374817,-0.527759,0.976,0.633,1.745,-1.054,1.87
35374,1179.453,0.98,1,0.768258,0.385659,-0.510928,0.761565,0.374809,-0.528712,0.974,0.632,1.738,-1.056,1.863
35375,1179.487,0.98,1,0.769936,0.383997,-0.509652,0.761778,0.370953,-0.531119,0.974,0.628,1.725,-1.059,1.852
35376,1179.52,0.98,1,0.76848,0.383762,-0.51202,0.760728,0.370156,-0.533176,0.971,0.625,1.716,-1.057,1.843
35377,1179.553,0.98,1,0.767689,0.383889,-0.513111,0.760554,0.369752,-0.533705,0.97,0.624,1.712,-1.056,1.842
35378,1179.587,0.98,1,0.766442,0.385534,-0.513742,0.758807,0.370641,-0.535572,0.968,0.624,1.701,-1.056,1.835
35379,1179.62,0.98,1,0.76576,0.386885,-0.513742,0.758423,0.372334,-0.534941,0.968,0.627,1.696,-1.054,1.832
35380,1179.653,0.98,1,0.763154,0.388243,-0.516589,0.755772,0.373234,-0.538057,0.964,0.625,1.687,-1.052,1.825
35381,1179.687,0.98,1,0.760932,0.388832,-0.519415,0.755051,0.374612,-0.538111,0.962,0.625,1.679,-1.047,1.821
35382,1179.72,0.98,1,0.758783,0.39109,-0.520862,0.75294,0.377348,-0.539156,0.959,0.627,1.671,-1.043,1.816
35383,1179.753,0.98,1,0.75639,0.391478,-0.524041,0.751474,0.378692,-0.540258,0.956,0.626,1.662,-1.04,1.811
35384,1179.787,0.98,1,0.756702,0.393035,-0.522423,0.751887,0.378956,-0.539498,0.957,0.629,1.659,-1.037,1.813
35385,1179.82,0.98,1,0.755015,0.394553,-0.523717,0.7508,0.381314,-0.539351,0.956,0.63,1.655,-1.036,1.814
35386,1179.853,0.98,1,0.754169,0.395388,-0.524306,0.749595,0.381761,-0.540709,0.955,0.63,1.656,-1.034,1.814
35387,1179.887,0.98,1,0.753266,0.395602,-0.525442,0.748555,0.382184,-0.541849,0.953,0.63,1.652,-1.034,1.812
35388,1179.92,0.98,1,0.753785,0.394551,-0.525487,0.748604,0.379962,-0.543343,0.952,0.627,1.65,-1.035,1.81
35389,1179.953,0.98,1,0.753144,0.394344,-0.526561,0.748572,0.379606,-0.543635,0.952,0.626,1.646,-1.034,1.807
35390,1179.987,0.98,1,0.752484,0.394598,-0.527314,0.748429,0.380387,-0.543286,0.951,0.627,1.644,-1.034,1.807
35391,1180.02,0.98,1,0.752799,0.394756,-0.526747,0.747898,0.379941,-0.544328,0.951,0.626,1.643,-1.035,1.806
35392,1180.053,0.98,1,0.753664,0.393956,-0.526108,0.749962,0.378845,-0.542248,0.953,0.626,1.645,-1.034,1.81
35393,1180.087,0.98,1,0.754921,0.391284,-0.5263,0.751253,0.376211,-0.542295,0.954,0.623,1.645,-1.036,1.811
35394,1180.12,0.98,1,0.756462,0.38902,-0.525765,0.753632,0.373184,-0.541084,0.956,0.62,1.645,-1.037,1.814
35395,1180.153,0.98,1,0.758404,0.386012,-0.525185,0.756523,0.369428,-0.539626,0.958,0.617,1.645,-1.039,1.815
35396,1180.187,0.98,1,0.759735,0.384018,-0.524721,0.758801,0.367595,-0.537675,0.96,0.616,1.65,-1.04,1.821
35397,1180.22,0.98,1,0.759092,0.384676,-0.52517,0.757917,0.36816,-0.538535,0.959,0.616,1.645,-1.039,1.817
35398,1180.254,0.98,1,0.757366,0.386162,-0.52657,0.756174,0.370599,-0.539312,0.957,0.617,1.643,-1.039,1.814
35399,1180.287,0.98,1,0.756198,0.388678,-0.526397,0.754737,0.373643,-0.539224,0.957,0.621,1.643,-1.037,1.814
35400,1180.32,0.98,1,0.747569,0.401839,-0.528835,0.741093,0.387367,-0.548387,0.944,0.632,1.635,-1.034,1.799
35401,1180.354,0.98,1,0.749648,0.406737,-0.522104,0.741333,0.390436,-0.545879,0.949,0.641,1.63,-1.027,1.79
35402,1180.387,0.98,1,0.747782,0.413229,-0.519677,0.737356,0.396334,-0.547016,0.948,0.649,1.615,-1.024,1.774
35403,1180.42,0.98,1,0.746438,0.417312,-0.518345,0.733925,0.399635,-0.549224,0.946,0.653,1.592,-1.023,1.752
35404,1180.454,0.98,1,0.746059,0.418625,-0.517831,0.732133,0.399554,-0.551668,0.944,0.653,1.568,-1.027,1.73
35405,1180.487,0.98,1,0.745298,0.420408,-0.517483,0.729609,0.400291,-0.55447,0.942,0.653,1.55,-1.03,1.714
35406,1180.52,0.98,1,0.744371,0.422249,-0.517317,0.72698,0.401068,-0.557355,0.94,0.654,1.531,-1.032,1.696
35407,1180.554,0.98,1,0.744222,0.423639,-0.516396,0.72673,0.401944,-0.55705,0.94,0.656,1.522,-1.032,1.69
35408,1180.587,0.98,1,0.743942,0.426593,-0.514362,0.72586,0.404727,-0.556169,0.941,0.66,1.51,-1.031,1.683
35409,1180.62,0.98,1,0.744748,0.427405,-0.512519,0.726883,0.403992,-0.555366,0.943,0.662,1.501,-1.031,1.679
35410,1180.654,0.98,1,0.744917,0.429008,-0.510931,0.727792,0.405501,-0.553072,0.945,0.665,1.502,-1.03,1.683
35411,1180.687,0.98,1,0.744295,0.429997,-0.511007,0.726034,0.404522,-0.55609,0.943,0.664,1.493,-1.032,1.677
35412,1180.72,0.98,1,0.743277,0.432243,-0.510593,0.725969,0.407467,-0.554021,0.944,0.668,1.49,-1.032,1.679
35413,1180.754,0.93,1,0.743759,0.435026,-0.507519,0.725274,0.408618,-0.554084,0.945,0.671,1.483,-1.034,1.678
35414,1180.787,0.93,1,0.745631,0.436287,-0.503675,0.725528,0.408108,-0.554127,0.947,0.674,1.473,-1.038,1.671
35415,1180.82,0.93,1,0.746147,0.436112,-0.503062,0.72687,0.408185,-0.552309,0.949,0.675,1.468,-1.04,1.669
35416,1180.854,0.98,1,0.746618,0.435555,-0.502845,0.726069,0.407052,-0.554195,0.948,0.673,1.461,-1.044,1.664
35417,1180.887,0.98,1,0.747747,0.436233,-0.500574,0.726981,0.407976,-0.552317,0.951,0.676,1.458,-1.045,1.663
35418,1180.92,0.93,1,0.751115,0.434538,-0.496993,0.730554,0.406318,-0.548813,0.956,0.677,1.448,-1.052,1.653
35419,1180.954,0.93,1,0.752969,0.432258,-0.496176,0.733657,0.404486,-0.54602,0.959,0.676,1.446,-1.057,1.649
35420,1180.987,0.93,1,0.756858,0.427685,-0.494219,0.737187,0.399211,-0.545147,0.963,0.672,1.437,-1.066,1.639
35421,1181.02,0.93,1,0.76006,0.425523,-0.49116,0.739769,0.39691,-0.543327,0.967,0.672,1.434,-1.071,1.632
35422,1181.054,0.93,1,0.760463,0.425275,-0.490752,0.738344,0.395839,-0.546039,0.966,0.67,1.428,-1.074,1.624
35423,1181.087,0.93,1,0.761978,0.423704,-0.48976,0.738939,0.392407,-0.54771,0.966,0.667,1.423,-1.077,1.619
35424,1181.12,0.93,1,0.763624,0.421861,-0.488785,0.740225,0.389913,-0.547754,0.967,0.664,1.413,-1.08,1.613
35425,1181.154,0.93,1,0.763117,0.422332,-0.489171,0.738624,0.389828,-0.549971,0.965,0.663,1.41,-1.08,1.611
35426,1181.187,0.93,1,0.762561,0.423192,-0.489295,0.737353,0.389802,-0.551693,0.964,0.663,1.402,-1.08,1.607
35427,1181.22,0.93,1,0.762449,0.423298,-0.489376,0.7372,0.389301,-0.552251,0.964,0.663,1.406,-1.079,1.615
35428,1181.254,0.93,1,0.762692,0.42397,-0.488416,0.739679,0.389749,-0.548608,0.967,0.665,1.417,-1.079,1.628
35429,1181.287,0.93,1,0.762216,0.423203,-0.489822,0.740533,0.389217,-0.547833,0.966,0.664,1.417,-1.078,1.632
35430,1181.32,0.93,1,0.762661,0.425822,-0.486851,0.741339,0.392189,-0.544614,0.97,0.67,1.424,-1.076,1.643
35431,1181.354,0.93,1,0.76187,0.423263,-0.490308,0.739715,0.390403,-0.548094,0.966,0.665,1.408,-1.073,1.63
35432,1181.387,0.98,1,0.75897,0.424363,-0.493842,0.735907,0.391414,-0.552482,0.96,0.662,1.41,-1.069,1.634
35433,1181.421,0.98,1,0.757393,0.424382,-0.496241,0.736634,0.392418,-0.550797,0.96,0.662,1.415,-1.068,1.641
35434,1181.454,0.98,1,0.756545,0.422961,-0.498742,0.736751,0.391196,-0.55151,0.958,0.659,1.422,-1.07,1.65
35435,1181.487,0.98,1,0.758644,0.422211,-0.496183,0.741182,0.390782,-0.545837,0.964,0.663,1.442,-1.071,1.669
35436,1181.521,0.98,1,0.758961,0.42154,-0.496268,0.743509,0.390408,-0.542933,0.966,0.663,1.456,-1.069,1.677
35437,1181.554,0.98,1,0.760629,0.418619,-0.496187,0.744927,0.385497,-0.544496,0.966,0.658,1.465,-1.07,1.684
35438,1181.587,0.93,1,0.764728,0.41895,-0.489564,0.746038,0.382686,-0.544957,0.97,0.659,1.464,-1.075,1.685
35439,1181.621,0.93,1,0.767388,0.416471,-0.487512,0.748934,0.379751,-0.543035,0.974,0.658,1.462,-1.082,1.685
35440,1181.654,0.88,1,0.767455,0.415402,-0.488317,0.751262,0.379976,-0.539651,0.976,0.659,1.463,-1.085,1.687
35441,1181.687,0.93,1,0.770455,0.413395,-0.485288,0.753547,0.377088,-0.53849,0.979,0.658,1.453,-1.09,1.681
35442,1181.721,0.93,1,0.768687,0.411934,-0.489316,0.750926,0.376746,-0.542376,0.974,0.653,1.422,-1.091,1.657
35443,1181.754,0.98,1,0.764114,0.410769,-0.497392,0.744389,0.375392,-0.552237,0.963,0.643,1.4,-1.085,1.641
35444,1181.787,0.98,1,0.762926,0.411632,-0.4985,0.742383,0.375862,-0.554613,0.96,0.642,1.393,-1.081,1.63
35445,1181.821,0.98,1,0.761829,0.412515,-0.499447,0.74062,0.377098,-0.556128,0.958,0.642,1.387,-1.082,1.621
35446,1181.854,0.98,1,0.761218,0.41315,-0.499855,0.741618,0.3794,-0.553225,0.96,0.645,1.385,-1.081,1.616
35447,1181.887,0.98,1,0.761041,0.414189,-0.499264,0.741123,0.37955,-0.553785,0.959,0.646,1.387,-1.08,1.618
35448,1181.921,0.98,1,0.760143,0.412623,-0.501921,0.74075,0.378795,-0.554801,0.957,0.643,1.377,-1.081,1.607
35449,1181.954,0.98,1,0.759066,0.412365,-0.50376,0.738029,0.377096,-0.559564,0.953,0.639,1.367,-1.079,1.598
35450,1181.987,0.98,1,0.755335,0.41336,-0.508529,0.733987,0.378846,-0.563683,0.947,0.636,1.363,-1.074,1.59
35451,1182.021,0.98,1,0.756127,0.414087,-0.506758,0.734148,0.378605,-0.563635,0.948,0.637,1.373,-1.072,1.597
35452,1182.054,0.93,1,0.754404,0.416794,-0.507107,0.731022,0.38009,-0.566692,0.945,0.638,1.356,-1.07,1.583
35453,1182.087,0.93,1,0.753065,0.417409,-0.508589,0.727363,0.380057,-0.571402,0.941,0.636,1.335,-1.068,1.564
35454,1182.121,0.98,1,0.750696,0.420108,-0.509867,0.723623,0.382631,-0.574424,0.937,0.637,1.315,-1.064,1.548
35455,1182.154,0.98,1,0.749415,0.420322,-0.511573,0.721086,0.382421,-0.577744,0.933,0.635,1.295,-1.063,1.532
35456,1182.187,0.98,1,0.747529,0.424276,-0.511067,0.718047,0.386119,-0.579069,0.931,0.639,1.278,-1.06,1.518
35457,1182.221,0.98,1,0.745508,0.426108,-0.512493,0.712921,0.387963,-0.584147,0.926,0.639,1.253,-1.057,1.493
35458,1182.254,0.98,1,0.743925,0.422432,-0.517809,0.710602,0.384674,-0.589127,0.92,0.63,1.223,-1.059,1.468
35459,1182.287,0.98,1,0.743609,0.41858,-0.52138,0.708421,0.378919,-0.59545,0.915,0.62,1.197,-1.059,1.445
35460,1182.321,0.98,1,0.744039,0.415215,-0.523452,0.708356,0.374404,-0.598375,0.913,0.613,1.173,-1.063,1.427
35461,1182.354,0.98,1,0.74042,0.410412,-0.532298,0.702316,0.36717,-0.609867,0.901,0.598,1.13,-1.062,1.387
35462,1182.387,0.98,1,0.74188,0.405128,-0.534308,0.702723,0.360233,-0.613524,0.899,0.588,1.106,-1.065,1.365
35463,1182.421,0.98,1,0.742692,0.40315,-0.534676,0.703081,0.357116,-0.614935,0.899,0.584,1.09,-1.065,1.351
35464,1182.454,0.98,1,0.746297,0.396,-0.535,0.706478,0.348715,-0.615862,0.901,0.574,1.066,-1.069,1.33
35465,1182.488,0.98,1,0.749857,0.392095,-0.532894,0.708375,0.342911,-0.616942,0.903,0.569,1.049,-1.073,1.314
35466,1182.521,0.98,1,0.754059,0.378367,-0.536873,0.715041,0.329055,-0.616797,0.905,0.55,1.018,-1.081,1.288
35467,1182.554,0.98,1,0.758473,0.377819,-0.53101,0.714682,0.327964,-0.617794,0.908,0.551,1.013,-1.09,1.277
35468,1182.588,0.98,1,0.763488,0.366218,-0.53195,0.720827,0.317057,-0.616347,0.912,0.537,0.987,-1.097,1.251
35469,1182.621,0.98,1,0.770049,0.358441,-0.527773,0.72304,0.30814,-0.618274,0.916,0.527,0.955,-1.105,1.21
35470,1182.654,0.98,1,0.773889,0.354352,-0.52491,0.720396,0.305213,-0.622796,0.916,0.522,0.915,-1.106,1.148
35471,1182.688,0.98,1,0.779351,0.340716,-0.525856,0.721601,0.290842,-0.628254,0.915,0.501,0.851,-1.102,1.057
35472,1182.721,0.93,1,0.779546,0.326789,-0.534338,0.718462,0.280363,-0.63656,0.907,0.478,0.775,-1.094,0.954
35473,1182.754,0.93,1,0.782601,0.317789,-0.535299,0.72089,0.277597,-0.635026,0.909,0.471,0.752,-1.1,0.903
35474,1182.788,0.93,1,0.792999,0.308535,-0.525317,0.727968,0.274526,-0.62825,0.922,0.468,0.739,-1.122,0.868
35475,1182.821,0.93,1,0.80158,0.293833,-0.520703,0.741374,0.265802,-0.616209,0.936,0.457,0.731,-1.15,0.835
35476,1182.854,0.93,1,0.814101,0.279129,-0.509241,0.758412,0.25544,-0.599635,0.957,0.449,0.758,-1.189,0.834
35477,1182.888,0.93,1,0.820265,0.280471,-0.498498,0.766229,0.260214,-0.587522,0.971,0.462,0.822,-1.205,0.878
35478,1182.921,0.93,1,0.817372,0.294177,-0.495342,0.767524,0.275838,-0.578637,0.975,0.488,0.885,-1.195,0.931
35479,1182.954,0.93,1,0.812978,0.311895,-0.491719,0.766326,0.296909,-0.569727,0.979,0.521,0.966,-1.181,1.003
35480,1182.988,0.93,1,0.80246,0.331034,-0.496463,0.757375,0.31992,-0.56924,0.971,0.548,1.022,-1.154,1.048
35481,1183.021,0.98,1,0.793359,0.347329,-0.499944,0.749608,0.339298,-0.5683,0.965,0.571,1.076,-1.128,1.084
35482,1183.054,0.98,1,0.781011,0.369998,-0.503114,0.742423,0.3663,-0.560921,0.961,0.605,1.153,-1.101,1.147
35483,1183.088,0.93,1,0.765044,0.38925,-0.513022,0.730724,0.386741,-0.562559,0.947,0.625,1.206,-1.071,1.189
35484,1183.121,0.93,1,0.756318,0.396643,-0.520247,0.725633,0.395353,-0.563163,0.94,0.631,1.22,-1.057,1.209
35485,1183.154,0.93,1,0.755159,0.399333,-0.519873,0.726221,0.396742,-0.561426,0.94,0.635,1.216,-1.056,1.227
35486,1183.188,0.93,1,0.751725,0.398349,-0.525573,0.722614,0.394833,-0.567394,0.933,0.628,1.188,-1.058,1.227
35487,1183.221,0.93,1,0.751652,0.384294,-0.536039,0.723779,0.374586,-0.579507,0.923,0.597,1.12,-1.067,1.198
35488,1183.254,0.93,1,0.749169,0.370235,-0.549246,0.716435,0.354555,-0.600842,0.905,0.562,0.996,-1.078,1.127
35489,1183.288,0.93,1,0.750475,0.346647,-0.562693,0.70709,0.319622,-0.630766,0.885,0.509,0.86,-1.081,1.034
35490,1183.321,0.93,1,0.75897,0.335045,-0.558309,0.705192,0.299042,-0.642867,0.884,0.486,0.761,-1.09,0.976
35491,1183.354,0.93,1,0.762181,0.307316,-0.56977,0.701154,0.262996,-0.662734,0.871,0.433,0.639,-1.079,0.88
35513,1184.088,0.93,1,0.792614,0.273376,-0.545004,0.755261,0.237575,-0.610851,0.929,0.416,0.685,-1.158,0.872
35514,1184.121,0.93,1,0.805008,0.278429,-0.52387,0.77305,0.244222,-0.585449,0.958,0.44,0.82,-1.184,0.988
35515,1184.155,0.93,1,0.81585,0.273901,-0.50928,0.790805,0.240009,-0.563048,0.982,0.447,0.927,-1.217,1.09
35516,1184.188,0.98,1,0.834619,0.253934,-0.488804,0.80898,0.221908,-0.544342,1.01,0.432,1.013,-1.268,1.165
35517,1184.221,0.98,1,0.851375,0.243429,-0.464653,0.831608,0.213247,-0.51279,1.045,0.437,1.338,-1.314,1.486
35518,1184.255,0.98,1,0.840502,0.260456,-0.475099,0.823481,0.232013,-0.517735,1.033,0.46,1.32,-1.291,1.469
35519,1184.288,0.98,1,0.839241,0.265671,-0.47444,0.82191,0.23636,-0.518264,1.032,0.468,1.327,-1.286,1.481
35520,1184.321,0.98,1,0.838463,0.271758,-0.472363,0.822675,0.243163,-0.513885,1.035,0.481,1.355,-1.283,1.513
35521,1184.355,0.98,1,0.838417,0.275649,-0.470186,0.824767,0.248179,-0.508101,1.039,0.492,1.399,-1.277,1.555
35522,1184.388,0.98,1,0.838201,0.274865,-0.47103,0.824155,0.246682,-0.509819,1.038,0.489,1.381,-1.275,1.54
35523,1184.421,0.98,1,0.838828,0.271218,-0.472026,0.825255,0.242399,-0.510095,1.038,0.482,1.375,-1.278,1.537
35524,1184.455,0.98,1,0.840836,0.266155,-0.471335,0.827561,0.235313,-0.509677,1.039,0.473,1.381,-1.284,1.55
35525,1184.488,0.98,1,0.842229,0.263296,-0.470451,0.82947,0.232523,-0.50785,1.041,0.469,1.398,-1.285,1.565
35526,1184.521,0.98,1,0.840122,0.262488,-0.474652,0.825888,0.232207,-0.513799,1.035,0.464,1.353,-1.282,1.517
35527,1184.555,0.98,1,0.840505,0.259472,-0.475631,0.825635,0.227985,-0.516091,1.034,0.457,1.348,-1.286,1.515
35528,1184.588,0.98,1,0.840849,0.257349,-0.476178,0.827719,0.226128,-0.513563,1.035,0.454,1.361,-1.289,1.528
35529,1184.621,0.98,1,0.839612,0.258493,-0.477737,0.826681,0.227475,-0.514639,1.034,0.455,1.351,-1.288,1.521
35530,1184.655,0.98,1,0.840424,0.254371,-0.478522,0.828514,0.219902,-0.514983,1.034,0.445,1.332,-1.293,1.524
35531,1184.688,0.98,1,0.84056,0.253671,-0.478655,0.830217,0.217805,-0.513128,1.035,0.444,1.34,-1.295,1.548
35532,1184.722,0.98,1,0.841283,0.253699,-0.477368,0.83342,0.217687,-0.507961,1.039,0.446,1.355,-1.298,1.573
35533,1184.755,0.98,1,0.845126,0.24819,-0.473459,0.83767,0.211498,-0.503565,1.045,0.44,1.388,-1.308,1.609
35534,1184.788,0.98,1,0.847424,0.235697,-0.475731,0.840973,0.198683,-0.503279,1.045,0.418,1.405,-1.326,1.627
35546,1185.188,0.98,1,0.840706,0.234076,-0.488284,0.827998,0.198259,-0.524511,1.025,0.403,1.245,-1.312,1.441
35547,1185.222,0.98,1,0.836523,0.240266,-0.492445,0.825247,0.204752,-0.52635,1.021,0.412,1.251,-1.297,1.443
35548,1185.255,0.98,1,0.838074,0.23973,-0.490063,0.827777,0.204137,-0.522602,1.025,0.413,1.267,-1.303,1.464
35549,1185.288,0.98,1,0.843511,0.234529,-0.483203,0.833361,0.199133,-0.515613,1.034,0.41,1.303,-1.316,1.503
35550,1185.322,0.98,1,0.850654,0.231992,-0.471771,0.843167,0.198085,-0.499831,1.05,0.417,1.425,-1.325,1.617
35551,1185.355,0.98,1,0.85237,0.229844,-0.469719,0.846591,0.196196,-0.494764,1.054,0.416,1.471,-1.325,1.657
35552,1185.388,0.98,1,0.852359,0.229572,-0.469874,0.84703,0.195331,-0.494354,1.055,0.415,1.481,-1.326,1.673
35553,1185.422,0.98,1,0.849125,0.234134,-0.473464,0.843261,0.199826,-0.498979,1.049,0.42,1.44,-1.314,1.631
35554,1185.455,0.98,1,0.847301,0.240145,-0.47372,0.840378,0.206279,-0.501213,1.047,0.429,1.43,-1.304,1.617
35555,1185.488,0.98,1,0.846829,0.241121,-0.474069,0.83996,0.207769,-0.501299,1.047,0.431,1.435,-1.302,1.621
35556,1185.522,0.98,1,0.84568,0.242104,-0.475617,0.839634,0.209996,-0.500916,1.046,0.434,1.452,-1.3,1.631
35557,1185.555,0.98,1,0.847684,0.241213,-0.472492,0.841554,0.208917,-0.498137,1.049,0.434,1.478,-1.304,1.656
35558,1185.588,0.98,1,0.841499,0.247602,-0.48018,0.832869,0.216719,-0.509275,1.037,0.439,1.416,-1.296,1.584
35559,1185.622,0.98,1,0.837627,0.249205,-0.486084,0.827823,0.218438,-0.516715,1.029,0.436,1.36,-1.294,1.529
35560,1185.655,0.98,1,0.836085,0.250189,-0.488229,0.825021,0.219176,-0.520867,1.025,0.435,1.345,-1.29,1.513
35561,1185.688,0.98,1,0.834939,0.249477,-0.490548,0.822289,0.217482,-0.525872,1.021,0.431,1.31,-1.287,1.48
35562,1185.722,0.98,1,0.833227,0.251141,-0.492606,0.820448,0.219513,-0.5279,1.018,0.432,1.287,-1.284,1.456
35563,1185.755,0.98,1,0.834921,0.249513,-0.49056,0.821081,0.216528,-0.528149,1.019,0.429,1.272,-1.286,1.444
35564,1185.788,0.98,1,0.833752,0.248088,-0.493264,0.818205,0.214363,-0.533468,1.015,0.423,1.231,-1.287,1.407
35565,1185.822,0.98,1,0.833419,0.249039,-0.493348,0.819405,0.215925,-0.530992,1.016,0.426,1.252,-1.288,1.428
35566,1185.855,0.98,1,0.832987,0.249995,-0.493594,0.818602,0.216154,-0.532136,1.015,0.427,1.247,-1.287,1.429
35567,1185.889,0.98,1,0.832199,0.251789,-0.494011,0.818161,0.21843,-0.531885,1.015,0.43,1.255,-1.285,1.434
35568,1185.922,0.98,1,0.831797,0.252871,-0.494135,0.817197,0.219485,-0.53293,1.014,0.431,1.242,-1.281,1.423
35569,1185.955,0.98,1,0.831852,0.256134,-0.492359,0.818225,0.223082,-0.529851,1.016,0.438,1.266,-1.279,1.449
35570,1185.989,0.98,1,0.831616,0.257083,-0.492263,0.818372,0.224392,-0.529071,1.017,0.441,1.269,-1.278,1.451
35571,1186.022,0.98,1,0.836295,0.255228,-0.485251,0.825055,0.222471,-0.519414,1.027,0.444,1.323,-1.285,1.508
35572,1186.055,0.98,1,0.836912,0.257176,-0.483155,0.824552,0.22437,-0.519396,1.028,0.448,1.327,-1.286,1.51
35573,1186.089,0.98,1,0.838663,0.259532,-0.478839,0.828347,0.228232,-0.511617,1.035,0.458,1.387,-1.286,1.564
35574,1186.122,0.98,1,0.839453,0.258498,-0.478015,0.828632,0.226173,-0.512069,1.035,0.455,1.377,-1.287,1.559
35575,1186.155,0.98,1,0.839825,0.257735,-0.477773,0.829856,0.225319,-0.510461,1.036,0.455,1.376,-1.288,1.562
35576,1186.189,0.98,1,0.840732,0.254153,-0.478096,0.831496,0.220993,-0.509683,1.037,0.448,1.387,-1.294,1.578
35577,1186.222,0.98,1,0.839886,0.256299,-0.478437,0.832462,0.224163,-0.506713,1.038,0.454,1.417,-1.292,1.603
35578,1186.255,0.98,1,0.83903,0.257458,-0.479316,0.829033,0.224935,-0.511965,1.035,0.453,1.381,-1.29,1.567
35579,1186.289,0.98,1,0.840074,0.255983,-0.478277,0.830465,0.222965,-0.510504,1.036,0.451,1.386,-1.289,1.573
35580,1186.322,0.98,1,0.838986,0.257952,-0.479127,0.829704,0.22574,-0.510523,1.035,0.455,1.397,-1.285,1.58
35581,1186.355,0.98,1,0.839652,0.260046,-0.476823,0.829572,0.228152,-0.509663,1.037,0.46,1.395,-1.283,1.573
35582,1186.389,0.98,1,0.839613,0.259105,-0.477404,0.830387,0.227201,-0.508761,1.037,0.458,1.409,-1.284,1.588
35583,1186.422,0.98,1,0.839457,0.259096,-0.477684,0.830488,0.226913,-0.508724,1.037,0.458,1.398,-1.285,1.581
35584,1186.455,0.98,1,0.837456,0.26379,-0.478625,0.829416,0.233823,-0.507342,1.037,0.467,1.434,-1.278,1.605
35585,1186.489,0.98,1,0.836953,0.264372,-0.479184,0.82681,0.233061,-0.511925,1.034,0.465,1.383,-1.278,1.56
35586,1186.522,0.98,1,0.837928,0.265832,-0.476665,0.827267,0.234719,-0.510427,1.036,0.469,1.395,-1.276,1.571
35587,1186.555,0.98,1,0.839154,0.265669,-0.474596,0.830528,0.235472,-0.504753,1.04,0.473,1.445,-1.277,1.619
35588,1186.589,0.98,1,0.837617,0.2661,-0.477063,0.828033,0.234905,-0.509098,1.036,0.47,1.405,-1.279,1.584
35589,1186.622,0.98,1,0.838425,0.264948,-0.476284,0.828296,0.2334,-0.509362,1.037,0.468,1.406,-1.281,1.586
35590,1186.655,0.98,1,0.838346,0.263678,-0.477127,0.828209,0.232172,-0.510065,1.036,0.465,1.399,-1.282,1.579
35591,1186.689,0.98,1,0.837368,0.264544,-0.478364,0.827119,0.233376,-0.511283,1.034,0.466,1.391,-1.283,1.572
35592,1186.722,0.98,1,0.838436,0.263533,-0.477049,0.828885,0.231779,-0.509145,1.037,0.465,1.405,-1.285,1.589
35593,1186.755,0.98,1,0.837173,0.265052,-0.478423,0.827313,0.233523,-0.510902,1.035,0.467,1.409,-1.284,1.589
35594,1186.789,0.98,1,0.837056,0.261815,-0.480405,0.828716,0.230474,-0.510011,1.034,0.461,1.401,-1.287,1.583
35595,1186.822,0.98,1,0.837049,0.261588,-0.480541,0.82819,0.23001,-0.511075,1.034,0.46,1.387,-1.287,1.57
35596,1186.855,0.98,1,0.836525,0.26249,-0.480962,0.827558,0.231133,-0.511591,1.033,0.462,1.393,-1.286,1.573
35597,1186.889,0.98,1,0.836842,0.260044,-0.48174,0.82791,0.227833,-0.5125,1.032,0.456,1.383,-1.287,1.567
35598,1186.922,0.98,1,0.836291,0.258334,-0.483613,0.826529,0.224894,-0.516016,1.03,0.45,1.336,-1.288,1.53
35599,1186.956,0.98,1,0.835737,0.257962,-0.484768,0.826593,0.22459,-0.516046,1.029,0.449,1.336,-1.29,1.533
35600,1186.989,0.98,1,0.834815,0.258753,-0.485932,0.825552,0.226048,-0.517074,1.027,0.45,1.331,-1.288,1.523
35601,1187.022,0.98,1,0.835335,0.261637,-0.483488,0.825165,0.229394,-0.516218,1.029,0.457,1.348,-1.284,1.533
35602,1187.056,0.98,1,0.832873,0.264302,-0.48628,0.822039,0.232374,-0.51986,1.025,0.459,1.337,-1.28,1.521
35603,1187.089,0.98,1,0.831448,0.264538,-0.488584,0.820474,0.232847,-0.522115,1.022,0.457,1.317,-1.277,1.502
35604,1187.122,0.98,1,0.832424,0.263054,-0.487722,0.820901,0.229989,-0.52271,1.022,0.454,1.303,-1.276,1.49
35605,1187.156,0.98,1,0.833181,0.264696,-0.485537,0.82139,0.231669,-0.5212,1.024,0.458,1.318,-1.275,1.505
35606,1187.189,0.98,1,0.832225,0.267938,-0.485398,0.821245,0.236832,-0.519102,1.025,0.466,1.348,-1.271,1.525
35607,1187.222,0.98,1,0.833334,0.270893,-0.481843,0.822792,0.24057,-0.514916,1.029,0.474,1.388,-1.27,1.559
35608,1187.256,0.98,1,0.833049,0.267893,-0.484007,0.822088,0.236359,-0.517982,1.026,0.466,1.358,-1.272,1.538
35609,1187.289,0.98,1,0.833851,0.267091,-0.483069,0.823128,0.235624,-0.516664,1.028,0.466,1.354,-1.274,1.537
35610,1187.322,0.98,1,0.834671,0.268229,-0.481018,0.823126,0.236462,-0.516284,1.029,0.468,1.361,-1.273,1.542
35611,1187.356,0.98,1,0.834304,0.27107,-0.480059,0.825549,0.240929,-0.510315,1.033,0.477,1.434,-1.272,1.606
35612,1187.389,0.98,1,0.833662,0.269811,-0.481881,0.823953,0.238838,-0.513865,1.03,0.472,1.405,-1.274,1.581
35613,1187.422,0.98,1,0.834414,0.268033,-0.481571,0.824397,0.236056,-0.514439,1.03,0.469,1.387,-1.278,1.571
35614,1187.456,0.98,1,0.833768,0.268009,-0.482703,0.82315,0.236535,-0.516213,1.028,0.468,1.358,-1.278,1.546
35615,1187.489,0.98,1,0.83274,0.272525,-0.481949,0.821113,0.241417,-0.517196,1.027,0.475,1.359,-1.278,1.547
35616,1187.522,0.98,1,0.829654,0.277119,-0.484643,0.814551,0.245063,-0.525787,1.02,0.477,1.281,-1.274,1.476
35617,1187.556,0.98,1,0.821111,0.295964,-0.488039,0.801936,0.267372,-0.534239,1.009,0.504,1.264,-1.251,1.436
35618,1187.589,0.98,1,0.811289,0.320434,-0.489012,0.787691,0.295976,-0.540316,0.999,0.54,1.27,-1.215,1.411
35619,1187.622,0.98,1,0.82408,0.313349,-0.471917,0.791284,0.288799,-0.538949,1.012,0.537,1.245,-1.229,1.368
35620,1187.656,0.98,1,0.823929,0.315928,-0.470458,0.782748,0.291467,-0.549866,1.005,0.537,1.21,-1.212,1.31
35621,1187.689,0.98,1,0.8102,0.334937,-0.481034,0.763381,0.31149,-0.565884,0.984,0.553,1.178,-1.174,1.254
35622,1187.722,0.98,1,0.795118,0.353632,-0.492677,0.744936,0.331242,-0.579093,0.963,0.569,1.165,-1.136,1.224
35623,1187.756,0.98,1,0.786238,0.363198,-0.499917,0.736678,0.3424,-0.583153,0.953,0.577,1.162,-1.109,1.207
35624,1187.789,0.98,1,0.776362,0.375241,-0.506415,0.728338,0.355314,-0.585897,0.943,0.589,1.162,-1.088,1.199
35625,1187.822,0.98,1,0.768447,0.381213,-0.513971,0.722159,0.363617,-0.588447,0.934,0.594,1.167,-1.075,1.197
35626,1187.856,0.98,1,0.765316,0.386044,-0.515036,0.719658,0.368681,-0.58836,0.932,0.6,1.161,-1.065,1.192
35627,1187.889,0.98,1,0.758362,0.393022,-0.52002,0.714033,0.37572,-0.590754,0.924,0.605,1.164,-1.054,1.199
35628,1187.922,0.98,1,0.753337,0.397145,-0.524175,0.712262,0.381602,-0.58912,0.921,0.61,1.163,-1.047,1.208
35629,1187.956,0.98,1,0.748384,0.403295,-0.52657,0.709859,0.388322,-0.587627,0.918,0.618,1.167,-1.045,1.218
35630,1187.989,0.98,1,0.747543,0.402756,-0.528173,0.709483,0.387152,-0.588852,0.917,0.616,1.164,-1.045,1.221
35631,1188.022,0.98,1,0.748709,0.404363,-0.525286,0.711189,0.387629,-0.586477,0.92,0.619,1.166,-1.044,1.227
35632,1188.056,0.98,1,0.747074,0.406498,-0.525966,0.709867,0.389984,-0.586515,0.919,0.621,1.168,-1.043,1.231
35633,1188.089,0.98,1,0.747394,0.405937,-0.525944,0.709899,0.388891,-0.587203,0.918,0.62,1.164,-1.044,1.23
35634,1188.123,0.98,1,0.746501,0.403931,-0.52875,0.709065,0.386577,-0.589733,0.916,0.615,1.157,-1.044,1.225
35635,1188.156,0.98,1,0.746998,0.405512,-0.526834,0.708878,0.388614,-0.588618,0.917,0.619,1.155,-1.042,1.223
35636,1188.189,0.98,1,0.746537,0.403826,-0.528779,0.709158,0.38685,-0.589442,0.916,0.615,1.15,-1.043,1.219
35637,1188.223,0.98,1,0.747786,0.401201,-0.529012,0.710767,0.382803,-0.590145,0.916,0.611,1.139,-1.046,1.211
35638,1188.256,0.98,1,0.750447,0.399293,-0.526682,0.711922,0.381889,-0.589345,0.919,0.611,1.128,-1.052,1.205
35639,1188.289,0.98,1,0.750831,0.396934,-0.527917,0.712567,0.377311,-0.591511,0.918,0.605,1.122,-1.053,1.202
35640,1188.323,0.98,1,0.752973,0.395699,-0.525789,0.714941,0.376242,-0.589323,0.921,0.606,1.117,-1.055,1.2
35641,1188.356,0.98,1,0.752444,0.396801,-0.525716,0.713328,0.375582,-0.591693,0.919,0.605,1.124,-1.055,1.206
35642,1188.389,0.98,1,0.753516,0.396276,-0.524575,0.715017,0.375145,-0.589929,0.922,0.605,1.128,-1.055,1.211
35643,1188.423,0.98,1,0.752717,0.397321,-0.524931,0.7146,0.375781,-0.59003,0.921,0.606,1.129,-1.054,1.215
35644,1188.456,0.98,1,0.753188,0.400851,-0.521561,0.715919,0.379673,-0.585925,0.925,0.614,1.14,-1.053,1.228
35645,1188.489,0.93,1,0.754572,0.402312,-0.518427,0.716931,0.380373,-0.584231,0.928,0.617,1.149,-1.054,1.239
35646,1188.523,0.93,1,0.755513,0.402489,-0.516917,0.718863,0.381515,-0.581104,0.931,0.62,1.157,-1.056,1.25
35647,1188.556,0.93,1,0.756477,0.404428,-0.513985,0.719708,0.383033,-0.579056,0.933,0.624,1.168,-1.058,1.263
35648,1188.589,0.93,1,0.758238,0.403419,-0.51218,0.722614,0.381535,-0.57642,0.937,0.625,1.174,-1.062,1.271
35649,1188.623,0.93,1,0.764925,0.397715,-0.506669,0.729234,0.375898,-0.571768,0.946,0.622,1.173,-1.077,1.278
35650,1188.656,0.93,1,0.772964,0.386893,-0.502833,0.735547,0.361949,-0.572681,0.951,0.608,1.148,-1.095,1.266
35651,1188.689,0.93,1,0.77473,0.369445,-0.513132,0.734475,0.337505,-0.588759,0.94,0.57,1.066,-1.102,1.203
35652,1188.723,0.93,1,0.78787,0.337666,-0.515016,0.747603,0.30126,-0.591888,0.946,0.524,0.969,-1.125,1.143
35653,1188.756,0.93,1,0.797211,0.318093,-0.5131,0.755082,0.278664,-0.593462,0.951,0.495,0.89,-1.146,1.089
35654,1188.789,0.88,1,0.801261,0.313812,-0.509414,0.755619,0.273215,-0.595309,0.954,0.488,0.85,-1.154,1.057
35655,1188.823,0.88,1,0.802082,0.322046,-0.502941,0.762617,0.284794,-0.580782,0.965,0.51,0.888,-1.164,1.082
35656,1188.856,0.93,1,0.795888,0.345444,-0.497224,0.758974,0.313142,-0.570877,0.969,0.553,0.982,-1.15,1.132
35657,1188.889,0.88,1,0.783193,0.376215,-0.495047,0.746164,0.3503,-0.566152,0.964,0.6,1.117,-1.094,1.198
35658,1188.923,0.88,1,0.772166,0.386661,-0.504234,0.746644,0.364241,-0.556644,0.961,0.616,1.197,-1.048,1.224
35659,1188.956,0.88,1,0.760652,0.408118,-0.504825,0.738324,0.397825,-0.544622,0.96,0.655,1.295,-1.012,1.276
35660,1188.989,0.88,1,0.75895,0.421451,-0.496361,0.73501,0.420029,-0.532293,0.968,0.686,1.388,-0.995,1.321
35661,1189.023,0.88,1,0.763242,0.43806,-0.474936,0.733469,0.443766,-0.514874,0.987,0.728,1.474,-1.0,1.376
35662,1189.056,0.88,1,0.772707,0.436475,-0.460884,0.739931,0.447336,-0.502386,1.004,0.742,1.529,-1.023,1.418
35663,1189.089,0.88,1,0.78545,0.421846,-0.452895,0.752202,0.435263,-0.49471,1.019,0.735,1.549,-1.054,1.445
35664,1189.123,0.88,1,0.79438,0.407515,-0.450436,0.764022,0.422229,-0.487845,1.029,0.724,1.562,-1.08,1.46
35665,1189.156,0.88,1,0.801206,0.397297,-0.447464,0.770782,0.409957,-0.487677,1.034,0.712,1.581,-1.088,1.475
35666,1189.19,0.88,1,0.799856,0.399784,-0.447664,0.769187,0.412489,-0.488061,1.033,0.715,1.611,-1.071,1.477
35667,1189.223,0.88,1,0.791306,0.413257,-0.450615,0.760918,0.42705,-0.488499,1.027,0.73,1.664,-1.04,1.487
35668,1189.256,0.88,1,0.782627,0.415502,-0.463523,0.755806,0.431483,-0.492524,1.015,0.725,1.719,-0.996,1.506
35669,1189.29,0.88,1,0.778727,0.418993,-0.466935,0.752864,0.435914,-0.493127,1.011,0.728,1.773,-0.957,1.539
35670,1189.323,0.88,1,0.777352,0.419652,-0.468632,0.752625,0.437751,-0.491864,1.01,0.729,1.813,-0.928,1.562
35671,1189.356,0.88,1,0.775255,0.42174,-0.470229,0.750638,0.444594,-0.488752,1.01,0.735,1.853,-0.908,1.596
35672,1189.39,0.88,1,0.77302,0.424128,-0.471757,0.74929,0.4513,-0.484657,1.01,0.741,1.894,-0.894,1.626
35673,1189.423,0.77,1,0.772741,0.42261,-0.473573,0.751396,0.451792,-0.480924,1.011,0.742,1.939,-0.886,1.66
35674,1189.456,0.77,1,0.778327,0.419373,-0.467261,0.756959,0.447582,-0.476112,1.02,0.743,1.982,-0.882,1.687
35675,1189.49,0.77,1,0.783195,0.41208,-0.465613,0.761229,0.440463,-0.475944,1.023,0.736,2.012,-0.878,1.7
35676,1189.523,0.77,1,0.78854,0.407388,-0.460695,0.764183,0.436287,-0.475057,1.028,0.734,2.031,-0.875,1.707
35677,1189.556,0.82,1,0.786832,0.401734,-0.468514,0.763062,0.432716,-0.480097,1.022,0.721,2.055,-0.862,1.712
35678,1189.59,0.82,1,0.783835,0.397955,-0.476691,0.760103,0.426374,-0.490355,1.011,0.706,2.074,-0.857,1.71
35679,1189.623,0.82,1,0.780409,0.398278,-0.482014,0.754704,0.425605,-0.499282,1.002,0.698,2.083,-0.85,1.709
35680,1189.656,0.82,1,0.774954,0.402196,-0.487529,0.746833,0.428204,-0.508804,0.991,0.695,2.085,-0.838,1.703
35681,1189.69,0.77,1,0.76585,0.404665,-0.49972,0.738185,0.430967,-0.518991,0.975,0.687,2.079,-0.83,1.693
35682,1189.723,0.77,1,0.756819,0.411059,-0.508188,0.728933,0.439902,-0.524541,0.963,0.689,2.068,-0.816,1.686
35683,1189.756,0.77,1,0.747009,0.416787,-0.517943,0.718971,0.44551,-0.533481,0.949,0.687,2.051,-0.806,1.674
35684,1189.79,0.77,1,0.739902,0.419886,-0.525586,0.71327,0.450973,-0.536534,0.94,0.687,2.034,-0.802,1.665
35685,1189.823,0.88,1,0.737737,0.421022,-0.527716,0.710411,0.450666,-0.54057,0.935,0.684,2.015,-0.804,1.649
35686,1189.856,0.88,1,0.737654,0.420756,-0.528044,0.709431,0.450972,-0.541601,0.934,0.684,2.0,-0.808,1.637
35687,1189.89,0.88,1,0.737997,0.421733,-0.526784,0.707378,0.450629,-0.544564,0.933,0.683,1.987,-0.812,1.622
35688,1189.923,0.88,1,0.739273,0.423219,-0.523795,0.707375,0.451554,-0.543801,0.935,0.686,1.973,-0.815,1.609
35689,1189.956,0.88,1,0.737733,0.424452,-0.524967,0.705484,0.451621,-0.546196,0.932,0.686,1.958,-0.817,1.594
35690,1189.99,0.88,1,0.734381,0.427317,-0.527337,0.704218,0.453124,-0.546586,0.93,0.687,1.946,-0.814,1.592
35691,1190.023,0.88,1,0.730489,0.429987,-0.530562,0.700697,0.453571,-0.550725,0.924,0.685,1.927,-0.81,1.585
35692,1190.056,0.88,1,0.728338,0.431383,-0.532385,0.698573,0.455036,-0.552212,0.921,0.685,1.912,-0.807,1.585
35693,1190.09,0.88,1,0.725482,0.434237,-0.53396,0.695323,0.45784,-0.553994,0.917,0.687,1.902,-0.807,1.585
35694,1190.123,0.88,1,0.723069,0.434738,-0.536818,0.693117,0.458752,-0.555999,0.914,0.685,1.894,-0.808,1.585
35695,1190.156,0.88,1,0.722401,0.435477,-0.537119,0.691628,0.45878,-0.557827,0.912,0.685,1.886,-0.811,1.584
35696,1190.19,0.88,1,0.719233,0.436168,-0.540797,0.688834,0.458255,-0.561703,0.907,0.682,1.882,-0.813,1.586
35697,1190.223,0.88,1,0.717193,0.43814,-0.541911,0.687649,0.461235,-0.560715,0.905,0.684,1.879,-0.811,1.59
35698,1190.257,0.88,1,0.715527,0.443629,-0.539643,0.684012,0.465141,-0.561936,0.904,0.69,1.874,-0.812,1.593
35699,1190.29,0.88,1,0.715252,0.442837,-0.540658,0.683612,0.464086,-0.563292,0.903,0.688,1.869,-0.814,1.594
35700,1190.323,0.88,1,0.714842,0.44291,-0.541139,0.683738,0.464146,-0.563091,0.902,0.688,1.867,-0.816,1.597
35701,1190.357,0.88,1,0.714248,0.442163,-0.542533,0.684041,0.462229,-0.564298,0.901,0.685,1.865,-0.819,1.597
35702,1190.39,0.88,1,0.716064,0.440906,-0.54116,0.685767,0.461467,-0.562824,0.904,0.685,1.864,-0.823,1.601
35703,1190.423,0.88,1,0.71647,0.441149,-0.540424,0.686834,0.461362,-0.561608,0.905,0.686,1.86,-0.825,1.602
35704,1190.457,0.88,1,0.71724,0.44299,-0.53789,0.687029,0.463161,-0.559886,0.907,0.69,1.852,-0.832,1.6
35705,1190.49,0.88,1,0.716774,0.442116,-0.539229,0.688135,0.463924,-0.557893,0.908,0.69,1.836,-0.838,1.601
35706,1190.523,0.88,1,0.715436,0.438391,-0.544027,0.690753,0.462094,-0.556173,0.907,0.686,1.791,-0.844,1.587
35707,1190.557,0.88,1,0.714002,0.439245,-0.54522,0.689327,0.462732,-0.557412,0.905,0.686,1.739,-0.853,1.572
35708,1190.59,0.88,1,0.714728,0.444798,-0.539739,0.687205,0.465363,-0.557841,0.907,0.692,1.669,-0.868,1.545
35710,1190.657,0.88,1,0.737967,0.420625,-0.527711,0.7088,0.427014,-0.561481,0.925,0.661,1.48,-0.936,1.45
35711,1190.69,0.88,1,0.736355,0.416021,-0.53358,0.70636,0.413292,-0.57467,0.916,0.642,1.398,-0.963,1.414
35712,1190.723,0.88,1,0.737747,0.410712,-0.535766,0.703746,0.400963,-0.58649,0.909,0.626,1.329,-0.996,1.391
35713,1190.757,0.88,1,0.744361,0.394869,-0.538521,0.706673,0.379348,-0.597251,0.907,0.598,1.25,-1.027,1.351
35714,1190.79,0.77,1,0.74905,0.374318,-0.546635,0.71126,0.354461,-0.607014,0.902,0.563,1.162,-1.056,1.302
35715,1190.823,0.77,1,0.754716,0.35547,-0.551403,0.717047,0.330172,-0.613865,0.901,0.532,1.075,-1.079,1.246
35716,1190.857,0.77,1,0.758212,0.345462,-0.552965,0.719397,0.316641,-0.618228,0.901,0.515,1.024,-1.086,1.209
35717,1190.89,0.88,1,0.768648,0.341603,-0.540821,0.732346,0.310836,-0.605847,0.918,0.517,1.023,-1.099,1.219
35718,1190.923,0.77,1,0.775006,0.343426,-0.530494,0.739797,0.310516,-0.596893,0.931,0.526,1.037,-1.104,1.237
35719,1190.957,0.88,1,0.783638,0.342359,-0.518364,0.749963,0.308124,-0.585334,0.947,0.533,1.082,-1.101,1.267
35720,1190.99,0.88,1,0.79236,0.351527,-0.498592,0.761664,0.322804,-0.561841,0.972,0.566,1.215,-1.106,1.358
35721,1191.023,0.88,1,0.795256,0.366908,-0.482646,0.769768,0.352948,-0.53187,0.996,0.617,1.4,-1.095,1.484
35722,1191.057,0.88,1,0.789734,0.373034,-0.486997,0.773653,0.373841,-0.51157,1.002,0.642,1.531,-1.074,1.574
35723,1191.09,0.88,1,0.787077,0.376139,-0.488907,0.777387,0.386052,-0.496621,1.009,0.658,1.614,-1.053,1.631
35724,1191.123,0.88,1,0.787393,0.381221,-0.484441,0.777652,0.393613,-0.49023,1.014,0.672,1.677,-1.039,1.678
35725,1191.157,0.88,1,0.790337,0.381884,-0.479095,0.781459,0.394109,-0.483735,1.021,0.678,1.728,-1.029,1.72
35726,1191.19,0.88,1,0.792319,0.37725,-0.479492,0.785586,0.389809,-0.480524,1.024,0.674,1.757,-1.027,1.748
35727,1191.223,0.98,1,0.794577,0.376336,-0.476464,0.786768,0.386832,-0.480997,1.026,0.673,1.769,-1.028,1.769
35728,1191.257,0.88,1,0.763753,0.402714,-0.504483,0.741553,0.420119,-0.523067,0.972,0.675,1.635,-0.984,1.541
35729,1191.29,0.88,1,0.77109,0.395454,-0.499036,0.752042,0.411826,-0.514618,0.984,0.673,1.617,-1.007,1.546
35730,1191.323,0.88,1,0.777172,0.387121,-0.496125,0.758904,0.397264,-0.515991,0.988,0.659,1.579,-1.029,1.545
35731,1191.357,0.88,1,0.781754,0.385935,-0.489811,0.761974,0.387932,-0.51856,0.992,0.655,1.568,-1.052,1.572
35732,1191.39,0.88,1,0.78637,0.383832,-0.48404,0.765603,0.379968,-0.519111,0.997,0.651,1.568,-1.063,1.595
35733,1191.424,0.88,1,0.787876,0.379779,-0.484789,0.76847,0.3703,-0.521855,0.997,0.64,1.562,-1.074,1.606
35734,1191.457,0.88,1,0.788809,0.378489,-0.484279,0.770605,0.364075,-0.523084,0.997,0.635,1.562,-1.079,1.625
35735,1191.49,0.88,1,0.786874,0.380236,-0.486055,0.768375,0.363493,-0.526757,0.994,0.633,1.557,-1.082,1.638
35736,1191.524,0.88,1,0.783256,0.381476,-0.490904,0.766341,0.360434,-0.531798,0.987,0.628,1.558,-1.076,1.66
35737,1191.557,0.88,1,0.777034,0.388866,-0.494976,0.762292,0.366621,-0.533385,0.982,0.634,1.559,-1.062,1.683
35738,1191.59,0.88,1,0.773229,0.400013,-0.492043,0.759883,0.377511,-0.52921,0.983,0.651,1.572,-1.048,1.716
35739,1191.624,0.88,1,0.76552,0.413366,-0.49306,0.752477,0.389185,-0.531332,0.977,0.665,1.567,-1.034,1.731
35740,1191.657,0.93,1,0.757333,0.424956,-0.495842,0.74386,0.399481,-0.535805,0.969,0.674,1.568,-1.022,1.747
35741,1191.69,0.93,1,0.748718,0.435102,-0.500108,0.734455,0.409878,-0.540902,0.959,0.682,1.562,-1.013,1.751
35742,1191.724,0.93,1,0.748565,0.435152,-0.500293,0.734558,0.406973,-0.542953,0.958,0.679,1.564,-1.008,1.754
35743,1191.757,0.93,1,0.748377,0.433609,-0.501912,0.734131,0.40359,-0.546047,0.955,0.674,1.555,-1.006,1.752
35744,1191.79,0.93,1,0.746665,0.431127,-0.506577,0.732147,0.400468,-0.550987,0.95,0.666,1.55,-1.007,1.75
35745,1191.824,0.98,1,0.749105,0.423181,-0.509666,0.734732,0.391578,-0.553927,0.949,0.654,1.544,-1.014,1.744
35746,1191.857,0.98,1,0.751186,0.41953,-0.509622,0.736534,0.388135,-0.553957,0.95,0.649,1.532,-1.018,1.736
35747,1191.89,0.98,1,0.752592,0.417726,-0.509029,0.73716,0.386916,-0.553978,0.951,0.648,1.522,-1.019,1.725
35748,1191.924,0.98,1,0.751966,0.419826,-0.508225,0.736911,0.390657,-0.551679,0.952,0.653,1.529,-1.016,1.723
35749,1191.957,0.98,1,0.75381,0.418988,-0.506182,0.738852,0.391186,-0.5487,0.956,0.655,1.537,-1.016,1.719
35750,1191.99,0.98,1,0.754772,0.420172,-0.503761,0.73902,0.393335,-0.546934,0.958,0.659,1.565,-1.009,1.723
35751,1192.024,0.98,1,0.753408,0.424176,-0.502445,0.738342,0.403632,-0.540308,0.961,0.671,1.605,-1.002,1.735
35752,1192.057,0.98,1,0.745308,0.427726,-0.511436,0.730874,0.415971,-0.541102,0.951,0.676,1.641,-0.984,1.747
35753,1192.09,0.93,1,0.735135,0.432554,-0.52199,0.721109,0.427027,-0.545573,0.938,0.678,1.687,-0.964,1.748
35754,1192.124,0.93,1,0.734772,0.428377,-0.52593,0.723002,0.431216,-0.539742,0.94,0.679,1.747,-0.939,1.758
35755,1192.157,0.93,1,0.729776,0.429057,-0.532295,0.716414,0.437496,-0.54346,0.931,0.678,1.785,-0.922,1.75
35756,1192.19,0.88,1,0.734216,0.418698,-0.534433,0.720482,0.428704,-0.545086,0.932,0.666,1.816,-0.919,1.738
35757,1192.224,0.88,1,0.741176,0.410087,-0.531495,0.724958,0.421324,-0.544905,0.937,0.658,1.844,-0.915,1.732
35758,1192.257,0.88,1,0.741988,0.41048,-0.530057,0.723826,0.425719,-0.542991,0.939,0.662,1.863,-0.915,1.729
35759,1192.29,0.88,1,0.737138,0.414828,-0.533428,0.717026,0.433308,-0.546002,0.932,0.666,1.862,-0.922,1.718
35760,1192.324,0.88,1,0.738638,0.413472,-0.532405,0.718597,0.431996,-0.544975,0.934,0.665,1.84,-0.932,1.698
35761,1192.357,0.88,1,0.741302,0.413148,-0.528943,0.72288,0.430601,-0.540396,0.94,0.668,1.805,-0.945,1.678
35762,1192.39,0.88,1,0.744319,0.415947,-0.522472,0.726117,0.430728,-0.535936,0.947,0.675,1.761,-0.958,1.655
35763,1192.424,0.88,1,0.745024,0.421985,-0.516592,0.725685,0.432993,-0.534695,0.95,0.683,1.722,-0.97,1.635
35764,1192.457,0.88,1,0.747712,0.422136,-0.51257,0.726005,0.428976,-0.53749,0.952,0.681,1.68,-0.982,1.614
35765,1192.491,0.88,1,0.749806,0.423383,-0.508466,0.72628,0.425802,-0.539639,0.953,0.681,1.648,-0.991,1.601
35766,1192.524,0.88,1,0.747795,0.427668,-0.507842,0.725133,0.428488,-0.539055,0.953,0.686,1.624,-0.995,1.597
35767,1192.557,0.88,1,0.746001,0.428444,-0.509822,0.724923,0.428484,-0.53934,0.951,0.685,1.594,-0.995,1.592
35768,1192.591,0.88,1,0.746985,0.427482,-0.509188,0.726971,0.423231,-0.54073,0.952,0.681,1.554,-1.0,1.588
35769,1192.624,0.93,1,0.745486,0.429578,-0.509621,0.726574,0.422313,-0.54198,0.95,0.681,1.51,-1.006,1.582
35770,1192.657,0.93,1,0.742306,0.42706,-0.516335,0.72691,0.418016,-0.544852,0.945,0.673,1.466,-1.013,1.569
35771,1192.691,0.93,1,0.739061,0.427485,-0.52062,0.725166,0.415968,-0.548731,0.94,0.668,1.444,-1.014,1.564
35772,1192.724,0.93,1,0.736164,0.427849,-0.524412,0.722604,0.415425,-0.552508,0.935,0.664,1.419,-1.012,1.548
35773,1192.757,0.93,1,0.73284,0.430185,-0.52715,0.71984,0.416642,-0.555193,0.93,0.664,1.411,-1.008,1.546
35774,1192.791,0.93,1,0.731137,0.43056,-0.529205,0.719375,0.417008,-0.555522,0.929,0.663,1.409,-1.004,1.547
35775,1192.824,0.93,1,0.727674,0.433674,-0.53143,0.714409,0.418949,-0.560448,0.923,0.663,1.407,-0.995,1.543
35776,1192.857,0.93,1,0.724197,0.43477,-0.53527,0.712623,0.420008,-0.561927,0.919,0.662,1.397,-0.989,1.535
35777,1192.891,0.93,1,0.720716,0.434978,-0.53978,0.709405,0.419797,-0.56614,0.913,0.658,1.391,-0.984,1.53
35778,1192.924,0.93,1,0.72108,0.433499,-0.540484,0.710935,0.418764,-0.564985,0.913,0.657,1.395,-0.983,1.538
35779,1192.957,0.93,1,0.720739,0.435779,-0.539103,0.70984,0.420715,-0.564912,0.914,0.66,1.396,-0.983,1.542
35780,1192.991,0.93,1,0.72175,0.439234,-0.53493,0.711256,0.423788,-0.560819,0.918,0.667,1.401,-0.986,1.552
35781,1193.024,0.93,1,0.722713,0.439381,-0.533507,0.712367,0.425196,-0.558339,0.92,0.67,1.402,-0.989,1.553
35782,1193.057,0.93,1,0.724597,0.439092,-0.531186,0.714923,0.425642,-0.55472,0.925,0.672,1.407,-0.993,1.559
35783,1193.091,0.93,1,0.725838,0.439222,-0.529381,0.715912,0.426072,-0.553112,0.927,0.674,1.415,-0.995,1.567
35784,1193.124,0.93,1,0.728473,0.439593,-0.525438,0.718268,0.426298,-0.549873,0.932,0.678,1.422,-0.998,1.575
35785,1193.157,0.88,1,0.729133,0.439937,-0.524234,0.719136,0.426893,-0.548275,0.933,0.68,1.428,-0.999,1.581
35786,1193.191,0.88,1,0.728775,0.439692,-0.524936,0.719471,0.427595,-0.547288,0.933,0.68,1.435,-0.998,1.588
35787,1193.224,0.88,1,0.729298,0.439582,-0.524301,0.720197,0.427454,-0.546442,0.935,0.681,1.445,-0.996,1.599
35788,1193.257,0.88,1,0.726821,0.441557,-0.526079,0.718105,0.429524,-0.547571,0.932,0.682,1.453,-0.989,1.607
35789,1193.291,0.88,1,0.725527,0.441531,-0.527883,0.716878,0.429603,-0.549115,0.929,0.68,1.458,-0.983,1.613
35790,1193.324,0.88,1,0.72408,0.441944,-0.529522,0.715825,0.429464,-0.550595,0.927,0.679,1.465,-0.977,1.621
35791,1193.357,0.93,1,0.722207,0.443908,-0.530436,0.715038,0.432525,-0.54922,0.927,0.682,1.468,-0.974,1.628
35792,1193.391,0.93,1,0.722409,0.444407,-0.529743,0.715608,0.432321,-0.548639,0.927,0.683,1.472,-0.973,1.634
35793,1193.424,0.88,1,0.722388,0.442833,-0.531089,0.714905,0.430394,-0.551064,0.925,0.679,1.473,-0.977,1.635
35794,1193.457,0.88,1,0.72425,0.443664,-0.527848,0.716739,0.432531,-0.546994,0.93,0.684,1.475,-0.982,1.635
35795,1193.491,0.88,1,0.72673,0.444749,-0.523508,0.717928,0.433644,-0.544547,0.934,0.688,1.469,-0.988,1.631
35796,1193.524,0.88,1,0.727211,0.443474,-0.523923,0.719115,0.430979,-0.545097,0.934,0.686,1.464,-0.988,1.628
35797,1193.557,0.88,1,0.723158,0.442795,-0.530071,0.716014,0.429178,-0.550572,0.927,0.679,1.46,-0.984,1.626
35798,1193.591,0.88,1,0.723024,0.445356,-0.528104,0.715247,0.430734,-0.550355,0.927,0.682,1.469,-0.982,1.637
35799,1193.624,0.88,1,0.723419,0.446513,-0.526585,0.71559,0.430989,-0.549708,0.929,0.684,1.47,-0.984,1.644
35800,1193.658,0.88,1,0.725099,0.447022,-0.523835,0.718035,0.432168,-0.54558,0.933,0.688,1.478,-0.988,1.656
35801,1193.691,0.88,1,0.727809,0.444947,-0.521839,0.720418,0.429757,-0.544341,0.936,0.687,1.484,-0.995,1.667
35802,1193.724,0.88,1,0.730978,0.444989,-0.517354,0.721884,0.429569,-0.542545,0.941,0.69,1.495,-0.998,1.676
35803,1193.758,0.88,1,0.731617,0.443784,-0.517487,0.720999,0.427704,-0.545188,0.939,0.687,1.495,-0.999,1.675
35804,1193.791,0.88,1,0.732185,0.442385,-0.517881,0.721082,0.425461,-0.54683,0.939,0.684,1.491,-0.997,1.673
35805,1193.824,0.88,1,0.72829,0.443031,-0.522798,0.716699,0.425985,-0.552159,0.931,0.68,1.481,-0.989,1.662
35806,1193.858,0.88,1,0.718744,0.447508,-0.532112,0.707283,0.429526,-0.561479,0.917,0.676,1.47,-0.977,1.657
35807,1193.891,0.88,1,0.717602,0.450754,-0.530913,0.706488,0.432715,-0.560028,0.917,0.681,1.47,-0.972,1.659
35808,1193.924,0.93,1,0.717762,0.454259,-0.527699,0.707457,0.438056,-0.554628,0.921,0.689,1.481,-0.975,1.668
35809,1193.958,0.93,1,0.720796,0.458537,-0.519805,0.707642,0.441025,-0.552032,0.927,0.698,1.497,-0.977,1.677
35810,1193.991,0.88,1,0.722708,0.453171,-0.521852,0.710407,0.438292,-0.550656,0.928,0.693,1.516,-0.979,1.691
35811,1194.024,0.88,1,0.725062,0.445693,-0.525017,0.715047,0.433656,-0.548316,0.93,0.686,1.535,-0.978,1.702
35812,1194.058,0.98,1,0.72415,0.438557,-0.532236,0.717611,0.42808,-0.549347,0.927,0.676,1.547,-0.973,1.712
35813,1194.091,0.98,1,0.721344,0.434614,-0.539234,0.717732,0.426544,-0.550383,0.923,0.669,1.564,-0.965,1.727
35814,1194.124,0.93,1,0.718533,0.429671,-0.546895,0.716504,0.423489,-0.554328,0.916,0.659,1.576,-0.962,1.74
35815,1194.158,0.93,1,0.717324,0.429656,-0.54849,0.715932,0.423956,-0.554709,0.915,0.659,1.58,-0.961,1.749
35816,1194.191,0.88,1,0.717863,0.42917,-0.548166,0.718244,0.423458,-0.552095,0.917,0.659,1.587,-0.962,1.763
35817,1194.224,0.88,1,0.717845,0.42933,-0.548064,0.718774,0.423801,-0.551141,0.918,0.66,1.585,-0.963,1.767
35818,1194.258,0.88,1,0.719382,0.428103,-0.547008,0.721815,0.422772,-0.547948,0.921,0.661,1.585,-0.965,1.774
35819,1194.291,0.88,1,0.718347,0.42836,-0.548165,0.720631,0.42239,-0.549797,0.919,0.659,1.582,-0.964,1.774
35820,1194.324,0.88,1,0.71717,0.429582,-0.54875,0.720032,0.423474,-0.549748,0.918,0.66,1.579,-0.963,1.773
35821,1194.358,0.88,1,0.715247,0.431633,-0.54965,0.718659,0.426112,-0.549507,0.917,0.663,1.573,-0.956,1.77
35822,1194.391,0.88,1,0.712983,0.43478,-0.55011,0.715454,0.428864,-0.551545,0.914,0.665,1.569,-0.954,1.767
35823,1194.424,0.88,1,0.713037,0.434894,-0.549951,0.715413,0.429264,-0.551286,0.914,0.665,1.567,-0.954,1.766
35824,1194.458,0.88,1,0.713108,0.433034,-0.551324,0.715399,0.426308,-0.553593,0.912,0.661,1.564,-0.953,1.761
35825,1194.491,0.88,1,0.713652,0.432567,-0.550987,0.716415,0.425684,-0.552759,0.913,0.661,1.56,-0.954,1.756
35826,1194.524,0.88,1,0.713044,0.433766,-0.550831,0.715261,0.427158,-0.553116,0.913,0.662,1.559,-0.954,1.754
35827,1194.558,0.88,1,0.712272,0.435401,-0.550541,0.715586,0.429956,-0.550522,0.914,0.666,1.559,-0.952,1.755
35828,1194.591,0.88,1,0.712352,0.43616,-0.549835,0.716675,0.43187,-0.5476,0.916,0.669,1.561,-0.952,1.756
35829,1194.624,0.88,1,0.713199,0.436173,-0.548726,0.717161,0.432138,-0.546751,0.917,0.67,1.563,-0.953,1.755
35830,1194.658,0.88,1,0.713638,0.435977,-0.548311,0.715766,0.430354,-0.549977,0.916,0.668,1.564,-0.954,1.75
35831,1194.691,0.88,1,0.715131,0.434947,-0.547182,0.716569,0.428929,-0.550045,0.917,0.667,1.566,-0.957,1.748
35832,1194.725,0.98,1,0.718361,0.432921,-0.544553,0.719307,0.42709,-0.547897,0.921,0.667,1.565,-0.96,1.744
35833,1194.758,0.98,1,0.718916,0.434137,-0.542849,0.719969,0.428127,-0.546216,0.923,0.67,1.562,-0.96,1.739
35834,1194.791,0.98,1,0.718159,0.433303,-0.544515,0.719895,0.427905,-0.546487,0.922,0.668,1.559,-0.96,1.735
35835,1194.825,0.98,1,0.717952,0.433103,-0.544948,0.719871,0.42846,-0.546084,0.922,0.668,1.558,-0.962,1.733
35836,1194.858,0.98,1,0.718955,0.431579,-0.544834,0.720048,0.425071,-0.548494,0.921,0.665,1.547,-0.963,1.724
35837,1194.891,0.98,1,0.716894,0.431681,-0.547462,0.718405,0.425911,-0.549994,0.918,0.663,1.544,-0.96,1.72
35838,1194.925,0.98,1,0.716298,0.430535,-0.549142,0.718055,0.425354,-0.550883,0.917,0.661,1.539,-0.96,1.716
35839,1194.958,0.98,1,0.71781,0.430079,-0.547522,0.719442,0.42436,-0.549838,0.919,0.662,1.534,-0.959,1.713
35840,1194.991,0.98,1,0.717982,0.430409,-0.547037,0.7185,0.423583,-0.551666,0.918,0.661,1.53,-0.961,1.709
35841,1195.025,0.98,1,0.71883,0.429093,-0.546958,0.720395,0.422653,-0.549905,0.92,0.66,1.529,-0.96,1.708
35842,1195.058,0.98,1,0.718391,0.42857,-0.547943,0.719797,0.42257,-0.550751,0.918,0.659,1.528,-0.96,1.708
35843,1195.091,0.98,1,0.717908,0.42788,-0.549115,0.719182,0.421417,-0.552435,0.917,0.657,1.53,-0.959,1.711
35844,1195.125,0.88,1,0.717506,0.428501,-0.549156,0.718611,0.421824,-0.552868,0.916,0.657,1.528,-0.958,1.709
35845,1195.158,0.88,1,0.71794,0.425938,-0.55058,0.719588,0.419254,-0.553551,0.916,0.653,1.528,-0.96,1.709
35846,1195.191,0.88,1,0.719023,0.424897,-0.549972,0.72044,0.41809,-0.553324,0.917,0.652,1.528,-0.96,1.709
35847,1195.225,0.98,1,0.71862,0.42479,-0.55058,0.720445,0.418961,-0.552658,0.917,0.653,1.53,-0.961,1.711
35848,1195.258,0.98,1,0.716607,0.426852,-0.551608,0.717439,0.419987,-0.55578,0.913,0.653,1.527,-0.958,1.709
35849,1195.291,0.88,1,0.715801,0.428608,-0.551293,0.7163,0.420662,-0.556738,0.912,0.654,1.527,-0.956,1.711
35850,1195.325,0.98,1,0.715323,0.42861,-0.551911,0.716401,0.421627,-0.555878,0.912,0.655,1.528,-0.956,1.711
35851,1195.358,0.98,1,0.716405,0.430056,-0.549378,0.718158,0.422962,-0.552586,0.916,0.659,1.535,-0.955,1.717
35852,1195.391,0.98,1,0.71634,0.429528,-0.549875,0.71832,0.422787,-0.55251,0.916,0.658,1.533,-0.953,1.716
35853,1195.425,0.98,1,0.715852,0.430219,-0.54997,0.718241,0.424101,-0.551606,0.916,0.66,1.532,-0.952,1.717
35854,1195.458,0.98,1,0.712989,0.432771,-0.551684,0.714077,0.426634,-0.555048,0.911,0.66,1.532,-0.951,1.714
35855,1195.491,0.93,1,0.701848,0.449203,-0.552835,0.697624,0.440751,-0.564854,0.897,0.672,1.524,-0.943,1.696
35856,1195.525,0.88,1,0.700292,0.455032,-0.550034,0.691556,0.444207,-0.569588,0.893,0.677,1.521,-0.938,1.683
35857,1195.558,0.88,1,0.698837,0.460283,-0.547509,0.68762,0.448213,-0.571213,0.892,0.682,1.511,-0.937,1.671
35858,1195.591,0.88,1,0.69731,0.461134,-0.548738,0.685371,0.447457,-0.574499,0.889,0.68,1.505,-0.936,1.664
35859,1195.625,0.88,1,0.694354,0.464692,-0.549486,0.683887,0.451264,-0.573288,0.887,0.684,1.491,-0.933,1.655
35860,1195.658,0.88,1,0.693682,0.466872,-0.548485,0.68359,0.452479,-0.572685,0.888,0.687,1.488,-0.932,1.658
35861,1195.691,0.88,1,0.690872,0.469837,-0.549499,0.680837,0.455755,-0.573366,0.885,0.689,1.482,-0.931,1.658
35862,1195.725,0.88,1,0.690588,0.470188,-0.549556,0.681876,0.455907,-0.572009,0.886,0.69,1.477,-0.933,1.66
35863,1195.758,0.88,1,0.690685,0.469439,-0.550075,0.68382,0.456107,-0.569523,0.887,0.691,1.472,-0.933,1.661
35864,1195.791,0.88,1,0.691246,0.468702,-0.549998,0.684649,0.454526,-0.569791,0.888,0.689,1.472,-0.934,1.663
35865,1195.825,0.88,1,0.691098,0.469884,-0.549174,0.683869,0.45419,-0.570994,0.887,0.69,1.471,-0.934,1.664
35866,1195.858,0.88,1,0.69157,0.469515,-0.548896,0.684442,0.453597,-0.570779,0.888,0.689,1.468,-0.935,1.663
35867,1195.892,0.88,1,0.691183,0.470221,-0.548779,0.685036,0.453965,-0.569774,0.888,0.691,1.461,-0.934,1.661
35868,1195.925,0.88,1,0.690467,0.471612,-0.548486,0.6833,0.453845,-0.57195,0.887,0.69,1.452,-0.934,1.654
35869,1195.958,0.88,1,0.690072,0.471838,-0.548789,0.68299,0.453942,-0.572243,0.886,0.69,1.45,-0.933,1.654
35870,1195.992,0.88,1,0.689746,0.473024,-0.548177,0.682631,0.455155,-0.571707,0.886,0.692,1.442,-0.934,1.649
35871,1196.025,0.88,1,0.690212,0.473206,-0.547434,0.682802,0.453882,-0.572515,0.887,0.691,1.438,-0.933,1.645
35872,1196.058,0.88,1,0.688389,0.474193,-0.548873,0.681311,0.454777,-0.573579,0.884,0.691,1.435,-0.929,1.643
35873,1196.092,0.88,1,0.687733,0.476275,-0.547893,0.682018,0.457553,-0.570523,0.886,0.696,1.441,-0.924,1.647
35874,1196.125,0.88,1,0.687676,0.478254,-0.546236,0.681279,0.459802,-0.569598,0.887,0.699,1.448,-0.92,1.651
35875,1196.158,0.88,1,0.684684,0.480947,-0.547629,0.677019,0.461969,-0.572913,0.882,0.7,1.446,-0.916,1.646
35876,1196.192,0.88,1,0.682588,0.482257,-0.549092,0.675766,0.463566,-0.573103,0.88,0.7,1.444,-0.91,1.643
35877,1196.225,0.88,1,0.680011,0.484743,-0.5501,0.67439,0.468613,-0.570613,0.88,0.705,1.444,-0.903,1.643
35878,1196.258,0.88,1,0.675934,0.486154,-0.553866,0.670308,0.469325,-0.574822,0.873,0.702,1.439,-0.894,1.636
35879,1196.292,0.88,1,0.672169,0.489245,-0.555723,0.666956,0.472441,-0.576168,0.869,0.704,1.444,-0.886,1.637
35880,1196.325,0.88,1,0.668859,0.493363,-0.556076,0.663601,0.478568,-0.574983,0.867,0.71,1.448,-0.882,1.645
35881,1196.358,0.88,1,0.6693,0.493679,-0.555264,0.664709,0.479429,-0.572984,0.869,0.712,1.446,-0.882,1.646
35882,1196.392,0.88,1,0.6687,0.49424,-0.555488,0.663714,0.479655,-0.573947,0.868,0.712,1.448,-0.881,1.649
35883,1196.425,0.88,1,0.669566,0.492633,-0.555872,0.664999,0.478974,-0.573027,0.869,0.711,1.449,-0.883,1.65
35884,1196.458,0.88,1,0.670369,0.493477,-0.554153,0.665237,0.479022,-0.572711,0.87,0.712,1.451,-0.884,1.652
35885,1196.492,0.88,1,0.670129,0.492987,-0.554879,0.665213,0.4788,-0.572924,0.869,0.711,1.451,-0.884,1.653
35886,1196.525,0.88,1,0.67042,0.493478,-0.55409,0.665439,0.478997,-0.572497,0.87,0.712,1.452,-0.883,1.654
35887,1196.558,0.88,1,0.669848,0.492606,-0.555557,0.665193,0.479091,-0.572704,0.869,0.711,1.45,-0.883,1.653
35888,1196.592,0.88,1,0.669601,0.492998,-0.555506,0.664314,0.479234,-0.573604,0.868,0.711,1.448,-0.883,1.651
35889,1196.625,0.88,1,0.670147,0.492738,-0.555079,0.665185,0.479104,-0.572702,0.869,0.711,1.447,-0.883,1.651
35890,1196.658,0.88,1,0.669963,0.493454,-0.554664,0.664702,0.478857,-0.57347,0.869,0.711,1.445,-0.883,1.65
35891,1196.692,0.88,1,0.670296,0.492934,-0.554724,0.664878,0.478827,-0.57329,0.869,0.711,1.441,-0.886,1.649
35892,1196.725,0.88,1,0.670236,0.492413,-0.55526,0.663416,0.47688,-0.576597,0.867,0.708,1.436,-0.891,1.644
35893,1196.758,0.88,1,0.672318,0.491215,-0.553802,0.664265,0.473759,-0.578191,0.868,0.706,1.421,-0.9,1.634
35894,1196.792,0.88,1,0.680019,0.483849,-0.550875,0.668555,0.463315,-0.581699,0.872,0.696,1.394,-0.919,1.614
35895,1196.825,0.88,1,0.687778,0.478883,-0.545557,0.672272,0.454707,-0.584202,0.878,0.691,1.351,-0.938,1.58
35896,1196.858,0.88,1,0.691385,0.46823,-0.550225,0.672441,0.440907,-0.594495,0.873,0.671,1.276,-0.953,1.521
35897,1196.892,0.88,1,0.696839,0.43695,-0.568762,0.674689,0.398165,-0.621498,0.856,0.612,1.141,-0.971,1.418
35898,1196.925,0.88,1,0.706696,0.405107,-0.580059,0.671094,0.352678,-0.652113,0.841,0.551,0.987,-0.98,1.291
35899,1196.959,0.88,1,0.714177,0.365894,-0.596719,0.659882,0.302328,-0.687861,0.819,0.48,0.825,-1.004,1.152
35900,1196.992,0.77,1,0.712415,0.336793,-0.615658,0.650664,0.267101,-0.71084,0.799,0.427,0.703,-1.006,1.05
35901,1197.025,0.88,1,0.721651,0.317479,-0.615165,0.652086,0.247681,-0.716546,0.801,0.401,0.616,-1.026,0.992
35908,1197.259,0.98,1,0.756634,0.308584,-0.576438,0.675597,0.264657,-0.688132,0.847,0.426,0.626,-1.065,0.876
35909,1197.292,0.98,1,0.757518,0.322173,-0.567777,0.679188,0.286979,-0.675535,0.857,0.456,0.67,-1.039,0.875
35910,1197.325,0.88,1,0.751493,0.344831,-0.562451,0.684099,0.315603,-0.657574,0.866,0.496,0.761,-1.015,0.911
35911,1197.359,0.88,1,0.74685,0.374269,-0.54967,0.693632,0.359881,-0.623988,0.887,0.559,0.919,-1.003,0.985
35912,1197.392,0.88,1,0.757108,0.386543,-0.526661,0.71423,0.384374,-0.584921,0.924,0.606,1.073,-1.016,1.068
35913,1197.425,0.88,1,0.765822,0.395374,-0.507145,0.729267,0.401642,-0.553943,0.954,0.644,1.221,-1.022,1.155
35914,1197.459,0.88,1,0.768094,0.400804,-0.499387,0.734147,0.415928,-0.536686,0.967,0.668,1.346,-1.009,1.23
35915,1197.492,0.88,1,0.767036,0.410987,-0.492692,0.73592,0.432918,-0.52058,0.978,0.694,1.46,-0.992,1.301
35916,1197.525,0.88,1,0.76488,0.415265,-0.492456,0.738198,0.442666,-0.509028,0.983,0.708,1.566,-0.971,1.373
35917,1197.559,0.88,1,0.765031,0.414049,-0.493246,0.741172,0.441848,-0.505405,0.985,0.709,1.647,-0.95,1.428
35918,1197.592,0.88,1,0.763501,0.416413,-0.493626,0.740706,0.446128,-0.50232,0.986,0.714,1.715,-0.929,1.483
35919,1197.625,0.88,1,0.758758,0.417933,-0.499618,0.738165,0.450639,-0.502034,0.981,0.714,1.767,-0.906,1.53
35920,1197.659,0.88,1,0.753208,0.422231,-0.50438,0.73287,0.45649,-0.504499,0.974,0.717,1.805,-0.887,1.569
35921,1197.692,0.88,1,0.749216,0.421948,-0.510524,0.729557,0.45573,-0.509958,0.967,0.71,1.835,-0.871,1.598
35922,1197.725,0.88,1,0.743499,0.425111,-0.516227,0.724166,0.457454,-0.516061,0.958,0.707,1.857,-0.854,1.624
35923,1197.759,0.88,1,0.740641,0.427952,-0.517984,0.720493,0.459552,-0.519329,0.953,0.708,1.874,-0.844,1.643
35924,1197.792,0.88,1,0.735475,0.430069,-0.523563,0.714725,0.461404,-0.525619,0.944,0.704,1.885,-0.83,1.654
35925,1197.825,0.88,1,0.732638,0.435586,-0.522978,0.71098,0.465754,-0.526858,0.942,0.709,1.884,-0.822,1.655
35926,1197.859,0.88,1,0.728679,0.437758,-0.526683,0.706539,0.467267,-0.531473,0.935,0.708,1.878,-0.816,1.649
35927,1197.892,0.88,1,0.724886,0.439709,-0.530279,0.702966,0.467886,-0.53565,0.93,0.705,1.873,-0.812,1.648
35928,1197.925,0.88,1,0.723446,0.440487,-0.531599,0.701031,0.469206,-0.53703,0.927,0.705,1.864,-0.812,1.641
35929,1197.959,0.88,1,0.721612,0.441005,-0.533658,0.698868,0.466968,-0.54178,0.923,0.701,1.855,-0.812,1.637
35930,1197.992,0.88,1,0.718271,0.442488,-0.536927,0.695454,0.467882,-0.545371,0.917,0.699,1.845,-0.815,1.632
35931,1198.025,0.88,1,0.716457,0.445083,-0.537206,0.691877,0.467518,-0.550212,0.913,0.698,1.83,-0.82,1.621
35932,1198.059,0.88,1,0.715946,0.443169,-0.539465,0.69145,0.466026,-0.552012,0.911,0.695,1.817,-0.826,1.611
35933,1198.092,0.88,1,0.715651,0.439215,-0.543078,0.689855,0.460046,-0.558979,0.906,0.684,1.807,-0.836,1.599
35934,1198.126,0.88,1,0.714036,0.437924,-0.546238,0.686784,0.459249,-0.563398,0.901,0.68,1.803,-0.843,1.595
35935,1198.159,0.88,1,0.713684,0.434167,-0.549685,0.685203,0.455496,-0.568349,0.897,0.672,1.8,-0.852,1.585
35936,1198.192,0.88,1,0.716182,0.431715,-0.548366,0.686617,0.452504,-0.569031,0.898,0.669,1.796,-0.859,1.577
35937,1198.226,0.88,1,0.717769,0.428545,-0.548777,0.688685,0.450233,-0.568334,0.9,0.667,1.798,-0.862,1.578
35938,1198.259,0.88,1,0.716158,0.425522,-0.553216,0.688932,0.447236,-0.570397,0.896,0.66,1.801,-0.864,1.581
35939,1198.292,0.88,1,0.717276,0.424672,-0.55242,0.691011,0.448301,-0.567036,0.899,0.662,1.801,-0.868,1.586
35940,1198.326,0.88,1,0.715639,0.4256,-0.553828,0.68993,0.449974,-0.567027,0.898,0.663,1.802,-0.868,1.587
35941,1198.359,0.88,1,0.715574,0.427015,-0.552822,0.689877,0.450903,-0.566354,0.898,0.665,1.803,-0.87,1.593
35942,1198.392,0.88,1,0.716456,0.427822,-0.551053,0.691274,0.452876,-0.563066,0.901,0.669,1.809,-0.871,1.605
35943,1198.426,0.88,1,0.71623,0.428337,-0.550947,0.690684,0.453314,-0.563438,0.901,0.669,1.806,-0.873,1.601
35944,1198.459,0.88,1,0.71741,0.428083,-0.549607,0.692245,0.454134,-0.560855,0.904,0.671,1.799,-0.876,1.599
35945,1198.492,0.88,1,0.720318,0.43259,-0.542224,0.692814,0.458098,-0.556915,0.91,0.681,1.785,-0.882,1.598
35946,1198.526,0.88,1,0.719648,0.435865,-0.540489,0.690319,0.462445,-0.556422,0.91,0.686,1.745,-0.89,1.575
35947,1198.559,0.98,1,0.716658,0.444067,-0.537779,0.684207,0.468852,-0.558605,0.907,0.694,1.702,-0.9,1.558
35948,1198.592,0.88,1,0.708361,0.45515,-0.539502,0.674479,0.478955,-0.561854,0.898,0.703,1.651,-0.906,1.54
35949,1198.626,0.88,1,0.709901,0.453551,-0.538825,0.675494,0.468216,-0.569632,0.896,0.694,1.57,-0.912,1.501
35950,1198.659,0.88,1,0.713308,0.451414,-0.536113,0.675685,0.457379,-0.578147,0.895,0.684,1.472,-0.928,1.453
35951,1198.692,0.88,1,0.716692,0.444765,-0.537156,0.676104,0.439759,-0.591182,0.89,0.665,1.37,-0.944,1.401
35952,1198.726,0.88,1,0.72001,0.429495,-0.545086,0.675963,0.417954,-0.60695,0.881,0.634,1.278,-0.96,1.348
35953,1198.759,0.88,1,0.720105,0.411191,-0.558901,0.674644,0.391178,-0.625968,0.867,0.595,1.173,-0.966,1.285
35955,1198.826,0.88,1,0.682996,0.337695,-0.647672,0.635279,0.290024,-0.715756,0.769,0.431,0.684,-0.876,0.881
35976,1199.526,0.98,1,0.73439,0.314466,-0.601483,0.697757,0.236955,-0.676009,0.842,0.407,0.707,-1.078,1.215
35977,1199.559,0.98,1,0.734668,0.327246,-0.594284,0.697414,0.251885,-0.670946,0.847,0.429,0.76,-1.072,1.228
35978,1199.593,0.98,1,0.731778,0.336354,-0.592762,0.694259,0.2635,-0.669755,0.846,0.444,0.79,-1.063,1.232
35979,1199.626,0.98,1,0.72593,0.346986,-0.593823,0.688034,0.27724,-0.670632,0.841,0.459,0.816,-1.052,1.229
35980,1199.659,0.98,1,0.723328,0.351241,-0.594496,0.686297,0.283451,-0.669815,0.84,0.465,0.822,-1.044,1.218
35981,1199.693,0.98,1,0.720061,0.350481,-0.598895,0.685299,0.284501,-0.670391,0.836,0.464,0.81,-1.037,1.195
35982,1199.726,0.98,1,0.718012,0.351676,-0.600652,0.685816,0.287915,-0.668402,0.836,0.467,0.797,-1.034,1.178
35983,1199.759,0.98,1,0.716896,0.346587,-0.604927,0.686806,0.285224,-0.66854,0.834,0.461,0.753,-1.034,1.133
35984,1199.793,0.98,1,0.71017,0.338695,-0.617207,0.677427,0.274664,-0.682387,0.818,0.441,0.684,-1.018,1.067
35985,1199.826,0.98,1,0.68436,0.338711,-0.645698,0.646165,0.275162,-0.711868,0.775,0.425,0.588,-0.964,0.962
35986,1199.859,0.98,1,0.667482,0.334018,-0.665507,0.626327,0.273139,-0.730143,0.748,0.41,0.538,-0.921,0.896
35987,1199.893,0.98,1,0.674002,0.33915,-0.656277,0.633377,0.282506,-0.720433,0.76,0.424,0.56,-0.929,0.896
35988,1199.926,0.98,1,0.675189,0.338536,-0.655373,0.629161,0.286555,-0.722525,0.758,0.426,0.581,-0.937,0.892
35989,1199.959,0.98,1,0.6799,0.338247,-0.650634,0.629038,0.291229,-0.720761,0.762,0.43,0.586,-0.947,0.877
35990,1199.993,0.98,1,0.688837,0.32734,-0.646801,0.634363,0.283741,-0.719079,0.77,0.421,0.55,-0.963,0.837
35991,1200.026,0.98,1,0.695217,0.316928,-0.645158,0.636873,0.277448,-0.719316,0.773,0.411,0.515,-0.97,0.783
35992,1200.059,0.98,1,0.70746,0.304228,-0.637922,0.645922,0.269062,-0.714416,0.786,0.401,0.491,-0.977,0.726
35996,1200.193,0.98,1,0.720342,0.30051,-0.625141,0.646173,0.270114,-0.713792,0.796,0.403,0.543,-0.957,0.655
35997,1200.226,0.98,1,0.714008,0.31354,-0.626008,0.634206,0.285961,-0.718338,0.787,0.419,0.601,-0.945,0.681
35998,1200.259,0.98,1,0.702756,0.327339,-0.631651,0.62477,0.304281,-0.719079,0.777,0.437,0.638,-0.926,0.691
35999,1200.293,0.98,1,0.691835,0.338148,-0.637981,0.615233,0.318726,-0.721042,0.766,0.45,0.666,-0.911,0.7
36000,1200.326,0.98,1,0.687106,0.338054,-0.643121,0.610533,0.319323,-0.724764,0.759,0.448,0.666,-0.904,0.702
36001,1200.36,0.98,1,0.689577,0.337144,-0.64095,0.609296,0.318886,-0.725996,0.76,0.447,0.666,-0.906,0.704
36002,1200.393,0.98,1,0.686232,0.344058,-0.640866,0.60538,0.32811,-0.725161,0.757,0.457,0.68,-0.903,0.715
36003,1200.426,0.98,1,0.684469,0.352518,-0.638148,0.601287,0.337937,-0.724053,0.757,0.469,0.701,-0.895,0.728
36004,1200.46,0.98,1,0.680162,0.362524,-0.637147,0.599063,0.349274,-0.720508,0.756,0.483,0.733,-0.885,0.748
36005,1200.493,0.98,1,0.67243,0.37227,-0.639729,0.589637,0.362301,-0.721849,0.747,0.495,0.755,-0.865,0.752
36006,1200.526,0.98,1,0.661978,0.379508,-0.646343,0.57853,0.371654,-0.726069,0.735,0.501,0.764,-0.839,0.744
36007,1200.56,0.98,1,0.655418,0.391703,-0.645752,0.572106,0.385228,-0.724082,0.731,0.516,0.77,-0.822,0.744
36008,1200.593,0.93,1,0.653898,0.392148,-0.647022,0.574166,0.382977,-0.723645,0.731,0.515,0.755,-0.82,0.729
36009,1200.626,0.88,1,0.648003,0.393703,-0.651989,0.568129,0.384444,-0.727621,0.723,0.514,0.743,-0.803,0.712
36010,1200.66,0.93,1,0.641472,0.392794,-0.658958,0.561722,0.381871,-0.733923,0.712,0.508,0.74,-0.785,0.699
36011,1200.693,0.88,1,0.63252,0.393603,-0.667079,0.552991,0.379175,-0.741908,0.699,0.502,0.737,-0.761,0.675
36012,1200.726,0.88,1,0.625028,0.397738,-0.671673,0.542494,0.381228,-0.748576,0.688,0.502,0.74,-0.74,0.667
36013,1200.76,0.88,1,0.620481,0.402584,-0.673,0.539087,0.384565,-0.74933,0.684,0.505,0.756,-0.73,0.67
36014,1200.793,0.88,1,0.619192,0.405889,-0.672202,0.540083,0.386787,-0.747466,0.685,0.509,0.775,-0.728,0.678
36015,1200.826,0.88,1,0.61917,0.412737,-0.66804,0.543743,0.392414,-0.741859,0.69,0.519,0.803,-0.73,0.691
36016,1200.86,0.88,1,0.61787,0.422635,-0.663035,0.544339,0.402067,-0.736232,0.693,0.533,0.832,-0.734,0.71
36017,1200.893,0.88,1,0.618894,0.428426,-0.658347,0.549132,0.40918,-0.728715,0.7,0.543,0.861,-0.741,0.729
36018,1200.926,0.88,1,0.620572,0.430849,-0.655179,0.55541,0.415607,-0.720271,0.707,0.552,0.888,-0.75,0.746
36019,1200.96,0.88,1,0.621851,0.435658,-0.650771,0.559155,0.42105,-0.714187,0.713,0.56,0.906,-0.758,0.758
36020,1200.993,0.88,1,0.623019,0.437574,-0.648365,0.561164,0.42476,-0.710404,0.717,0.566,0.925,-0.757,0.771
36021,1201.026,0.88,1,0.628673,0.439589,-0.641507,0.567851,0.427874,-0.703185,0.727,0.573,0.951,-0.768,0.796
36022,1201.06,0.88,1,0.632619,0.442571,-0.63555,0.571886,0.431519,-0.697665,0.735,0.58,0.978,-0.776,0.815
36023,1201.093,0.88,1,0.629157,0.437781,-0.642268,0.57148,0.427548,-0.700437,0.73,0.572,0.993,-0.771,0.827
36024,1201.126,0.88,1,0.626154,0.440217,-0.643537,0.567732,0.431736,-0.700917,0.726,0.575,1.002,-0.769,0.841
36025,1201.16,0.88,1,0.628666,0.440149,-0.64113,0.568274,0.430578,-0.70119,0.728,0.575,1.007,-0.77,0.852
36026,1201.193,0.82,1,0.628334,0.444386,-0.638527,0.566956,0.434796,-0.699653,0.729,0.581,1.014,-0.768,0.857
36027,1201.226,0.88,1,0.628768,0.44376,-0.638535,0.568716,0.435231,-0.697951,0.731,0.582,1.02,-0.769,0.864
36028,1201.26,0.98,1,0.6293,0.447373,-0.635483,0.56775,0.435881,-0.698332,0.731,0.585,1.023,-0.771,0.869
36029,1201.293,0.88,1,0.625551,0.452038,-0.635884,0.563968,0.440358,-0.698587,0.728,0.589,1.017,-0.762,0.871
36030,1201.326,0.88,1,0.622469,0.451055,-0.639594,0.560475,0.442109,-0.700291,0.723,0.588,1.035,-0.759,0.879
36031,1201.36,0.88,1,0.62348,0.453755,-0.636693,0.561834,0.444599,-0.69762,0.726,0.593,1.044,-0.763,0.888
36032,1201.393,0.98,1,0.623124,0.451647,-0.638539,0.561885,0.443504,-0.698276,0.725,0.59,1.045,-0.763,0.889
36033,1201.427,0.88,1,0.618249,0.453954,-0.641633,0.556548,0.445037,-0.701567,0.719,0.59,1.037,-0.749,0.886
36034,1201.46,0.82,1,0.623772,0.455714,-0.635006,0.558715,0.443521,-0.700804,0.725,0.592,1.04,-0.761,0.895
36035,1201.493,0.88,1,0.620776,0.454203,-0.639013,0.555926,0.444698,-0.702274,0.72,0.59,1.026,-0.759,0.884
36036,1201.527,0.88,1,0.621546,0.452567,-0.639425,0.55622,0.442869,-0.703197,0.72,0.588,1.016,-0.759,0.881
36037,1201.56,0.88,1,0.624178,0.453797,-0.635979,0.55665,0.440793,-0.704161,0.722,0.589,1.018,-0.763,0.884
36038,1201.593,0.82,1,0.623367,0.454748,-0.636096,0.555748,0.443397,-0.703237,0.722,0.591,1.019,-0.765,0.883
36039,1201.627,0.82,1,0.62369,0.450972,-0.638463,0.557463,0.440261,-0.70385,0.722,0.586,1.013,-0.762,0.88
36040,1201.66,0.88,1,0.620832,0.455915,-0.637738,0.553026,0.445751,-0.703895,0.719,0.592,1.017,-0.761,0.879
36041,1201.693,0.88,1,0.62178,0.457339,-0.635792,0.553973,0.446561,-0.702636,0.721,0.594,1.021,-0.762,0.88
36042,1201.727,0.88,1,0.621983,0.457478,-0.635493,0.554481,0.445839,-0.702694,0.721,0.594,1.022,-0.762,0.881
36043,1201.76,0.88,1,0.620603,0.45852,-0.636091,0.554008,0.446456,-0.702675,0.72,0.594,1.022,-0.76,0.882
36044,1201.793,0.88,1,0.619458,0.460007,-0.636133,0.553353,0.44984,-0.701031,0.72,0.597,1.024,-0.763,0.885
36045,1201.827,0.88,1,0.621094,0.456674,-0.63694,0.555983,0.445043,-0.702011,0.721,0.593,1.03,-0.762,0.885
36046,1201.86,0.88,1,0.620127,0.4536,-0.64007,0.559354,0.444154,-0.699893,0.722,0.59,1.03,-0.763,0.886
36047,1201.893,0.88,1,0.621683,0.451677,-0.63992,0.561449,0.442093,-0.69952,0.724,0.588,1.035,-0.764,0.89
36048,1201.927,0.88,1,0.62049,0.454424,-0.639134,0.560242,0.446084,-0.697953,0.723,0.593,1.037,-0.759,0.89
36049,1201.96,0.88,1,0.621159,0.455474,-0.637735,0.560222,0.44767,-0.696953,0.725,0.595,1.045,-0.76,0.896
36050,1201.993,0.82,1,0.621447,0.453553,-0.638822,0.561963,0.445922,-0.696671,0.725,0.593,1.052,-0.761,0.9
36051,1202.027,0.82,1,0.621565,0.456542,-0.636574,0.560883,0.447679,-0.696415,0.726,0.596,1.061,-0.761,0.906
36052,1202.06,0.82,1,0.621002,0.455741,-0.637696,0.560689,0.446705,-0.697196,0.725,0.594,1.06,-0.758,0.907
36053,1202.093,0.82,1,0.62069,0.456619,-0.637372,0.560002,0.447158,-0.697457,0.724,0.595,1.06,-0.754,0.905
36054,1202.127,0.82,1,0.619212,0.457372,-0.638269,0.559539,0.449631,-0.696239,0.724,0.597,1.063,-0.753,0.906
36055,1202.16,0.82,1,0.619133,0.455795,-0.639473,0.560763,0.447432,-0.696671,0.723,0.594,1.06,-0.754,0.905
36056,1202.193,0.82,1,0.618637,0.456058,-0.639765,0.559819,0.44659,-0.697969,0.722,0.594,1.048,-0.754,0.898
36057,1202.227,0.82,1,0.619906,0.455043,-0.639259,0.559679,0.445766,-0.698607,0.723,0.593,1.037,-0.757,0.893
36058,1202.26,0.82,1,0.618661,0.452846,-0.64202,0.557511,0.441345,-0.703133,0.718,0.587,1.036,-0.752,0.888
36059,1202.293,0.82,1,0.622665,0.45933,-0.633486,0.557907,0.44738,-0.698993,0.725,0.597,1.043,-0.76,0.898
36060,1202.327,0.82,1,0.620729,0.454185,-0.639071,0.55911,0.442174,-0.701341,0.722,0.589,1.042,-0.754,0.893
36061,1202.36,0.82,1,0.616115,0.45553,-0.642569,0.553489,0.444479,-0.704335,0.715,0.589,1.037,-0.747,0.886
36062,1202.393,0.82,1,0.620213,0.461168,-0.634555,0.554755,0.449116,-0.700386,0.722,0.598,1.046,-0.756,0.9
36063,1202.427,0.82,1,0.620065,0.459849,-0.635656,0.555772,0.447736,-0.700464,0.722,0.597,1.045,-0.758,0.899
36064,1202.46,0.82,1,0.618662,0.466524,-0.632149,0.551917,0.45361,-0.699733,0.721,0.605,1.053,-0.759,0.903
36065,1202.494,0.82,1,0.616072,0.462569,-0.637562,0.549296,0.450346,-0.703891,0.715,0.598,1.057,-0.745,0.891
36066,1202.527,0.82,1,0.612767,0.471442,-0.634239,0.541641,0.461159,-0.702821,0.712,0.609,1.075,-0.749,0.896
36067,1202.56,0.77,1,0.613389,0.469534,-0.635053,0.542874,0.460923,-0.702025,0.713,0.608,1.084,-0.749,0.899
36068,1202.594,0.77,1,0.612912,0.471018,-0.634415,0.543853,0.464282,-0.699046,0.715,0.612,1.091,-0.75,0.901
36069,1202.627,0.82,1,0.61025,0.468867,-0.63856,0.545896,0.459093,-0.700879,0.712,0.606,1.08,-0.737,0.89
36070,1202.66,0.77,1,0.614519,0.470209,-0.633459,0.546733,0.463441,-0.697357,0.717,0.612,1.099,-0.748,0.904
36071,1202.694,0.82,1,0.613688,0.468186,-0.635758,0.550669,0.457793,-0.69799,0.718,0.607,1.09,-0.743,0.899
36072,1202.727,0.82,1,0.612971,0.466478,-0.637703,0.546654,0.459967,-0.699714,0.714,0.606,1.098,-0.747,0.903
36075,1202.827,0.82,1,0.603784,0.460276,-0.650838,0.531093,0.456988,-0.713514,0.694,0.592,1.053,-0.719,0.864
36076,1202.86,0.82,1,0.587018,0.4768,-0.654272,0.511352,0.468521,-0.720422,0.674,0.602,1.069,-0.682,0.861
36084,1203.127,0.77,1,0.559385,0.574879,-0.597163,0.591117,0.54423,-0.59531,0.767,0.754,1.308,-0.618,0.97
36085,1203.16,0.77,1,0.570744,0.553694,-0.606362,0.590042,0.485735,-0.644912,0.748,0.693,1.298,-0.62,0.963
36086,1203.194,0.77,1,0.573229,0.549957,-0.607418,0.580086,0.440945,-0.684885,0.729,0.654,1.28,-0.636,0.968
36087,1203.227,0.77,1,0.570122,0.548519,-0.611627,0.494446,0.527544,-0.690812,0.685,0.691,1.27,-0.661,0.987
36088,1203.26,0.88,1,0.564757,0.528026,-0.634222,0.578214,0.484126,-0.656727,0.725,0.665,1.235,-0.675,0.964
36089,1203.294,0.82,1,0.552067,0.526616,-0.64645,0.535559,0.428887,-0.727484,0.67,0.608,1.192,-0.681,0.936
36090,1203.327,0.82,1,0.53272,0.552736,-0.640853,0.445753,0.585997,-0.676692,0.639,0.713,1.101,-0.673,0.883
36092,1203.394,0.88,1,0.4949,0.578717,-0.648198,0.518249,0.463727,-0.718592,0.638,0.652,0.914,-0.659,0.798
36093,1203.427,0.88,1,0.514358,0.550386,-0.657656,0.555922,0.404901,-0.725951,0.658,0.604,0.868,-0.659,0.772
36146,1205.194,0.88,1,0.493103,0.508364,-0.705986,0.305152,0.229215,-0.924307,0.455,0.425,0.544,-0.585,0.621
36147,1205.228,0.88,1,0.541446,0.416966,-0.730052,0.40984,0.37944,-0.829492,0.548,0.472,0.579,-0.614,0.639
36148,1205.261,0.88,1,0.544956,0.427392,-0.721359,0.419857,0.402267,-0.813573,0.561,0.496,0.644,-0.625,0.673
36149,1205.294,0.88,1,0.55915,0.446267,-0.69871,0.442734,0.433389,-0.784959,0.594,0.535,0.728,-0.655,0.728
36150,1205.328,0.88,1,0.573485,0.460492,-0.677541,0.46659,0.463074,-0.753562,0.628,0.573,0.825,-0.683,0.786
36151,1205.361,0.82,1,0.58812,0.475573,-0.654176,0.491388,0.486626,-0.722311,0.665,0.61,0.928,-0.707,0.856
36153,1205.428,0.88,1,0.666103,0.476289,-0.573982,0.606784,0.492884,-0.623602,0.816,0.68,1.176,-0.826,1.054
36154,1205.461,0.88,1,0.678457,0.486162,-0.550766,0.630984,0.507204,-0.587029,0.855,0.718,1.288,-0.851,1.139
36155,1205.494,0.88,1,0.698111,0.476744,-0.534188,0.659275,0.503827,-0.558135,0.893,0.732,1.409,-0.867,1.222
36156,1205.528,0.88,1,0.705933,0.472312,-0.527807,0.673601,0.500499,-0.543841,0.91,0.737,1.503,-0.869,1.293
36157,1205.561,0.88,1,0.712382,0.465655,-0.525051,0.684902,0.495216,-0.534481,0.922,0.737,1.601,-0.865,1.367
36158,1205.594,0.88,1,0.719749,0.452065,-0.526876,0.694782,0.483594,-0.532367,0.928,0.724,1.689,-0.856,1.432
36159,1205.628,0.88,1,0.721347,0.441734,-0.533414,0.698546,0.473331,-0.536648,0.925,0.707,1.77,-0.85,1.492
36160,1205.661,0.88,1,0.723931,0.43287,-0.537167,0.702062,0.463067,-0.540998,0.923,0.693,1.842,-0.844,1.541
36161,1205.694,0.82,1,0.728108,0.422346,-0.539891,0.707566,0.455368,-0.540362,0.926,0.682,1.891,-0.833,1.58
36162,1205.728,0.77,1,0.721181,0.413952,-0.555465,0.704092,0.451918,-0.547746,0.912,0.665,1.937,-0.812,1.617
36163,1205.761,0.77,1,0.714419,0.410366,-0.566749,0.697939,0.452881,-0.554779,0.9,0.656,1.971,-0.797,1.647
36164,1205.794,0.77,1,0.709275,0.410067,-0.573388,0.693322,0.456278,-0.557777,0.892,0.654,1.996,-0.783,1.678
36165,1205.828,0.77,1,0.704716,0.411305,-0.578104,0.688537,0.457269,-0.56287,0.885,0.651,2.009,-0.775,1.698
36166,1205.861,0.77,1,0.702447,0.406197,-0.584442,0.688218,0.453666,-0.566166,0.88,0.642,2.02,-0.766,1.714
36167,1205.895,0.77,1,0.698925,0.409449,-0.586393,0.684526,0.455775,-0.568941,0.875,0.643,2.027,-0.761,1.73
36168,1205.928,0.77,1,0.696583,0.412546,-0.587007,0.681347,0.45885,-0.570283,0.872,0.645,2.026,-0.758,1.737
36169,1205.961,0.77,1,0.69466,0.41563,-0.58711,0.678945,0.46247,-0.570224,0.871,0.649,2.024,-0.753,1.743
36170,1205.995,0.77,1,0.691978,0.42153,-0.586071,0.674664,0.46356,-0.574405,0.867,0.652,2.013,-0.749,1.742
36171,1206.028,0.77,1,0.687281,0.427582,-0.587212,0.66951,0.46727,-0.577421,0.861,0.655,2.003,-0.746,1.747
36172,1206.061,0.88,1,0.684613,0.428531,-0.589632,0.667621,0.468423,-0.578673,0.858,0.655,1.997,-0.746,1.752
36173,1206.095,0.88,1,0.686581,0.425259,-0.589712,0.670957,0.462461,-0.579608,0.86,0.649,1.988,-0.751,1.755
36174,1206.128,0.88,1,0.689007,0.422621,-0.588779,0.675022,0.459671,-0.577104,0.864,0.648,1.981,-0.755,1.758
36175,1206.161,0.88,1,0.692245,0.421939,-0.585461,0.678865,0.458179,-0.573772,0.869,0.649,1.976,-0.76,1.762
36176,1206.195,0.88,1,0.693839,0.420451,-0.584644,0.681261,0.456198,-0.572509,0.871,0.648,1.968,-0.764,1.761
36177,1206.228,0.88,1,0.695091,0.422536,-0.581646,0.681135,0.455802,-0.572974,0.873,0.65,1.96,-0.767,1.759
36178,1206.261,0.88,1,0.695196,0.422924,-0.581239,0.681519,0.453486,-0.574353,0.872,0.649,1.955,-0.769,1.759
36179,1206.295,0.88,1,0.694354,0.426739,-0.579454,0.680526,0.454445,-0.574773,0.872,0.652,1.942,-0.776,1.76
36180,1206.328,0.88,1,0.692146,0.432612,-0.577738,0.677934,0.457483,-0.575426,0.871,0.657,1.924,-0.785,1.761
36181,1206.361,0.88,1,0.688932,0.437228,-0.578104,0.675169,0.459535,-0.57704,0.868,0.66,1.891,-0.798,1.757
36182,1206.395,0.88,1,0.687888,0.435933,-0.580321,0.67656,0.453754,-0.579977,0.866,0.654,1.841,-0.816,1.751
36183,1206.428,0.88,1,0.69349,0.43109,-0.577264,0.686359,0.434275,-0.583366,0.871,0.641,1.738,-0.831,1.718
36185,1206.495,0.88,1,0.685955,0.451438,-0.570674,0.675922,0.427521,-0.600296,0.861,0.644,1.493,-0.891,1.688
36187,1206.561,0.88,1,0.676685,0.405803,-0.614346,0.655218,0.350848,-0.669025,0.804,0.533,1.184,-0.963,1.564
36189,1206.628,0.98,1,0.694549,0.337818,-0.635202,0.65436,0.248578,-0.714158,0.785,0.41,0.843,-0.989,1.429
36204,1207.128,0.93,1,0.746261,0.310815,-0.588633,0.687972,0.264763,-0.675718,0.848,0.427,0.561,-1.054,0.791
36205,1207.162,0.93,1,0.741192,0.318787,-0.59077,0.687229,0.276017,-0.67196,0.847,0.44,0.572,-1.036,0.781
36206,1207.195,0.93,1,0.74054,0.323632,-0.588951,0.688003,0.282622,-0.668414,0.849,0.449,0.588,-1.037,0.794
36207,1207.228,0.93,1,0.736709,0.321386,-0.594954,0.685689,0.280484,-0.671684,0.843,0.444,0.585,-1.031,0.792
36208,1207.262,0.93,1,0.731869,0.326945,-0.597892,0.678904,0.285761,-0.676336,0.836,0.448,0.58,-1.023,0.801
36209,1207.295,0.88,1,0.726669,0.328166,-0.603539,0.675228,0.287967,-0.679075,0.83,0.448,0.59,-1.017,0.812
36210,1207.328,0.88,1,0.72308,0.331699,-0.605913,0.671269,0.290458,-0.681933,0.825,0.45,0.587,-1.014,0.818
36211,1207.362,0.93,1,0.722515,0.327552,-0.608837,0.670655,0.284121,-0.685199,0.822,0.442,0.577,-1.008,0.814
36212,1207.395,0.93,1,0.720899,0.325356,-0.611921,0.670665,0.281375,-0.686321,0.82,0.437,0.57,-1.004,0.811
36213,1207.428,0.93,1,0.720634,0.325481,-0.612167,0.671481,0.281758,-0.685365,0.821,0.438,0.566,-1.003,0.805
36214,1207.462,0.93,1,0.721883,0.321084,-0.613016,0.673972,0.27794,-0.684479,0.822,0.433,0.551,-1.004,0.792
36215,1207.495,0.93,1,0.724917,0.319703,-0.610152,0.675729,0.276457,-0.683346,0.825,0.432,0.548,-1.009,0.782
36216,1207.528,0.93,1,0.727327,0.316924,-0.608732,0.677521,0.274765,-0.682254,0.828,0.43,0.532,-1.015,0.757
36217,1207.562,0.93,1,0.731393,0.31254,-0.606121,0.682902,0.271958,-0.678,0.834,0.427,0.52,-1.02,0.74
36218,1207.595,0.93,1,0.739003,0.306709,-0.599836,0.691118,0.266973,-0.671626,0.844,0.424,0.525,-1.032,0.727
36219,1207.628,0.93,1,0.741273,0.304531,-0.598143,0.694058,0.266121,-0.668927,0.848,0.423,0.52,-1.039,0.709
36220,1207.662,0.93,1,0.747586,0.296291,-0.594413,0.702215,0.258469,-0.663391,0.856,0.415,0.508,-1.053,0.691
36221,1207.695,0.93,1,0.750605,0.289382,-0.594012,0.709003,0.253227,-0.658172,0.862,0.409,0.492,-1.063,0.665
36239,1208.295,0.88,1,0.796272,0.273612,-0.539525,0.741262,0.247078,-0.624086,0.923,0.421,0.442,-1.071,0.445
36240,1208.329,0.88,1,0.792713,0.275925,-0.543573,0.737814,0.247545,-0.627974,0.917,0.42,0.436,-1.056,0.434
36241,1208.362,0.88,1,0.794494,0.276811,-0.540514,0.734372,0.249223,-0.631336,0.917,0.422,0.436,-1.057,0.435
36242,1208.395,0.88,1,0.79722,0.274676,-0.537582,0.734702,0.247646,-0.631573,0.919,0.42,0.436,-1.068,0.44
36243,1208.429,0.88,1,0.802494,0.274576,-0.529728,0.737478,0.249104,-0.627753,0.926,0.425,0.442,-1.086,0.449
36244,1208.462,0.88,1,0.805338,0.275367,-0.52498,0.739595,0.250711,-0.624615,0.931,0.429,0.442,-1.094,0.452
36245,1208.495,0.88,1,0.80742,0.279384,-0.519632,0.741666,0.25588,-0.620046,0.937,0.439,0.456,-1.099,0.465
36246,1208.529,0.88,1,0.80971,0.277956,-0.516827,0.743139,0.254021,-0.619045,0.939,0.438,0.461,-1.101,0.473
36247,1208.562,0.88,1,0.813666,0.277788,-0.510667,0.74514,0.254998,-0.616233,0.945,0.442,0.47,-1.109,0.48
36248,1208.595,0.93,1,0.813397,0.285351,-0.506912,0.744335,0.263955,-0.613427,0.947,0.456,0.495,-1.107,0.499
36249,1208.629,0.88,1,0.813314,0.290057,-0.504368,0.7445,0.270092,-0.610549,0.95,0.466,0.512,-1.107,0.509
36250,1208.662,0.88,1,0.811224,0.296522,-0.503974,0.742379,0.278123,-0.609525,0.949,0.476,0.53,-1.104,0.523
36251,1208.695,0.88,1,0.811424,0.301835,-0.500486,0.743561,0.283918,-0.605399,0.953,0.487,0.549,-1.103,0.538
36252,1208.729,0.93,1,0.808845,0.305019,-0.502725,0.740781,0.286221,-0.607719,0.949,0.489,0.548,-1.096,0.537
36253,1208.762,0.93,1,0.808102,0.306402,-0.503079,0.740174,0.284967,-0.609046,0.948,0.489,0.546,-1.098,0.544
36254,1208.795,0.93,1,0.809732,0.306432,-0.500433,0.744296,0.282291,-0.605256,0.952,0.489,0.557,-1.105,0.569
36255,1208.829,0.93,1,0.807693,0.309619,-0.501765,0.74389,0.283714,-0.60509,0.951,0.492,0.566,-1.105,0.589
36256,1208.862,0.93,1,0.80429,0.30872,-0.507749,0.741139,0.280628,-0.609885,0.945,0.485,0.555,-1.099,0.594
36257,1208.895,0.93,1,0.801854,0.317478,-0.5062,0.740517,0.288102,-0.607151,0.946,0.498,0.584,-1.104,0.639
36258,1208.929,0.93,1,0.797794,0.329316,-0.505051,0.738561,0.299175,-0.604171,0.945,0.516,0.622,-1.102,0.688
36259,1208.962,0.93,1,0.791216,0.337619,-0.509893,0.732772,0.306787,-0.607394,0.938,0.523,0.647,-1.093,0.721
36260,1208.995,0.93,1,0.786273,0.344942,-0.512629,0.730458,0.31304,-0.60699,0.935,0.531,0.675,-1.085,0.754
36261,1209.029,0.93,1,0.780838,0.351305,-0.5166,0.727803,0.318494,-0.607342,0.931,0.537,0.698,-1.071,0.783
36262,1209.062,0.93,1,0.772708,0.36178,-0.521572,0.719189,0.328293,-0.612366,0.921,0.547,0.722,-1.052,0.81
36263,1209.095,0.93,1,0.771097,0.36624,-0.520842,0.717905,0.332173,-0.611779,0.921,0.553,0.72,-1.048,0.816
36264,1209.129,0.93,1,0.772383,0.367087,-0.518335,0.717495,0.333032,-0.611793,0.922,0.555,0.735,-1.049,0.831
36265,1209.162,0.88,1,0.77059,0.369142,-0.519544,0.71399,0.335232,-0.614685,0.918,0.556,0.731,-1.041,0.827
36266,1209.196,0.88,1,0.767861,0.371874,-0.521631,0.711195,0.337087,-0.616907,0.915,0.557,0.734,-1.037,0.83
36267,1209.229,0.88,1,0.767287,0.375776,-0.519676,0.708033,0.34211,-0.617779,0.914,0.563,0.77,-1.037,0.863
36268,1209.262,0.88,1,0.76449,0.378316,-0.521951,0.704327,0.34234,-0.621873,0.909,0.562,0.787,-1.038,0.892
36269,1209.296,0.88,1,0.766936,0.381151,-0.516268,0.706131,0.345178,-0.618248,0.915,0.569,0.795,-1.051,0.914
36270,1209.329,0.88,1,0.76777,0.371338,-0.522147,0.708542,0.330478,-0.623501,0.911,0.55,0.729,-1.046,0.864
36271,1209.362,0.88,1,0.76937,0.364498,-0.524605,0.710775,0.323801,-0.624461,0.911,0.54,0.704,-1.05,0.848
36272,1209.396,0.88,1,0.770933,0.359396,-0.525829,0.714419,0.318582,-0.622986,0.912,0.533,0.701,-1.051,0.852
36273,1209.429,0.88,1,0.767192,0.365187,-0.52731,0.710845,0.325165,-0.623672,0.909,0.54,0.72,-1.037,0.868
36274,1209.462,0.88,1,0.758308,0.378434,-0.530807,0.701251,0.339979,-0.626627,0.9,0.555,0.741,-1.023,0.894
36275,1209.496,0.88,1,0.754014,0.383911,-0.532987,0.695659,0.345815,-0.629659,0.895,0.56,0.763,-1.013,0.914
36276,1209.529,0.88,1,0.750221,0.388536,-0.534985,0.692183,0.347922,-0.632323,0.89,0.563,0.75,-1.01,0.923
36277,1209.562,0.88,1,0.749929,0.391761,-0.533039,0.693635,0.349643,-0.629778,0.893,0.568,0.752,-1.01,0.937
36278,1209.596,0.88,1,0.745573,0.3986,-0.534078,0.691439,0.356652,-0.62826,0.891,0.576,0.77,-1.003,0.956
36279,1209.629,0.88,1,0.742689,0.399348,-0.537526,0.688609,0.358222,-0.630471,0.886,0.575,0.782,-0.999,0.97
36280,1209.662,0.88,1,0.740359,0.404317,-0.537025,0.687276,0.362245,-0.629627,0.886,0.581,0.799,-1.005,0.988
36281,1209.696,0.88,1,0.740589,0.40456,-0.536525,0.687769,0.362866,-0.62873,0.886,0.582,0.817,-1.003,0.999
36282,1209.729,0.88,1,0.74131,0.399499,-0.539315,0.69041,0.356471,-0.629493,0.886,0.574,0.814,-1.005,0.995
36283,1209.762,0.88,1,0.73758,0.400539,-0.54364,0.689929,0.356799,-0.629836,0.883,0.573,0.787,-1.005,0.985
36284,1209.796,0.88,1,0.732168,0.400089,-0.551234,0.681536,0.354675,-0.640089,0.871,0.565,0.736,-1.002,0.954
36285,1209.829,0.88,1,0.73305,0.389679,-0.557483,0.682207,0.341319,-0.646602,0.866,0.546,0.701,-1.003,0.943
36286,1209.862,0.88,1,0.734205,0.383858,-0.559997,0.682166,0.33213,-0.651414,0.863,0.534,0.682,-1.002,0.94
36287,1209.896,0.88,1,0.735133,0.379446,-0.561783,0.685347,0.325771,-0.651286,0.864,0.527,0.675,-1.004,0.944
36288,1209.929,0.93,1,0.733976,0.378572,-0.563881,0.68499,0.3268,-0.651145,0.863,0.526,0.668,-1.005,0.942
36289,1209.962,0.93,1,0.736495,0.373212,-0.56417,0.68435,0.321567,-0.654415,0.862,0.518,0.659,-1.006,0.942
36290,1209.996,0.93,1,0.735092,0.363427,-0.572329,0.681335,0.311945,-0.662173,0.854,0.501,0.635,-0.999,0.921
36291,1210.029,0.93,1,0.735611,0.357391,-0.575455,0.683358,0.304534,-0.663537,0.853,0.491,0.621,-0.999,0.909
36292,1210.062,0.93,1,0.743505,0.353972,-0.567366,0.694853,0.302437,-0.652466,0.867,0.494,0.628,-1.019,0.904
36293,1210.096,0.88,1,0.747284,0.352391,-0.563372,0.699207,0.304998,-0.646596,0.874,0.498,0.629,-1.026,0.883
36294,1210.129,0.88,1,0.748007,0.347311,-0.565562,0.698741,0.301465,-0.648752,0.873,0.491,0.605,-1.027,0.843
36295,1210.162,0.93,1,0.753239,0.339343,-0.563451,0.703724,0.295915,-0.645916,0.878,0.484,0.584,-1.036,0.813
36296,1210.196,0.93,1,0.765176,0.312346,-0.562979,0.718308,0.267796,-0.642121,0.889,0.449,0.519,-1.062,0.754
36297,1210.229,0.88,1,0.778184,0.287534,-0.558349,0.727166,0.242632,-0.642152,0.898,0.416,0.476,-1.082,0.703
36310,1210.663,0.93,1,0.813862,0.258989,-0.520148,0.762213,0.227388,-0.606074,0.95,0.408,0.463,-1.137,0.582
36311,1210.696,0.88,1,0.807607,0.258379,-0.530106,0.756707,0.22682,-0.613145,0.94,0.401,0.45,-1.118,0.558
36327,1211.229,0.88,1,0.837044,0.264536,-0.478934,0.786226,0.251424,-0.564477,1.0,0.459,0.793,-1.2,0.774
36328,1211.263,0.77,1,0.844049,0.276144,-0.459701,0.799848,0.264107,-0.538972,1.025,0.496,1.024,-1.22,0.981
36329,1211.296,0.77,1,0.851528,0.289008,-0.437463,0.81333,0.280133,-0.509922,1.053,0.541,1.368,-1.236,1.279
36332,1211.396,0.88,1,0.837902,0.248474,-0.485984,0.802687,0.226465,-0.551731,1.007,0.429,0.873,-1.207,0.792
36333,1211.43,0.77,1,0.845161,0.266216,-0.463499,0.819274,0.251434,-0.515336,1.039,0.486,1.192,-1.236,1.073
36334,1211.463,0.98,1,0.848852,0.276339,-0.450652,0.822227,0.273463,-0.49916,1.054,0.525,1.541,-1.232,1.389
36335,1211.496,0.88,1,0.859754,0.230279,-0.455845,0.820006,0.228159,-0.524913,1.042,0.437,1.55,-1.305,1.446
36336,1211.53,0.98,1,0.846444,0.280434,-0.452647,0.807533,0.27572,-0.52141,1.039,0.519,1.408,-1.217,1.254
36337,1211.563,0.98,1,0.833019,0.30386,-0.46233,0.799604,0.300579,-0.51989,1.029,0.552,1.491,-1.177,1.319
36338,1211.596,0.98,1,0.831857,0.304299,-0.464129,0.801249,0.302802,-0.516053,1.03,0.555,1.592,-1.162,1.416
36339,1211.63,0.98,1,0.8208,0.312736,-0.478,0.789143,0.317995,-0.525483,1.013,0.561,1.705,-1.128,1.495
36342,1211.73,0.88,1,0.770158,0.291482,-0.567358,0.712923,0.280508,-0.642694,0.886,0.442,0.767,-1.062,0.69
36343,1211.763,0.88,1,0.765174,0.321042,-0.558068,0.711274,0.3155,-0.628132,0.894,0.493,0.875,-1.051,0.779
36344,1211.796,0.88,1,0.755545,0.34309,-0.558069,0.702321,0.338611,-0.62617,0.889,0.522,0.935,-1.035,0.834
36345,1211.83,0.88,1,0.747243,0.35781,-0.56,0.695157,0.353641,-0.625855,0.883,0.54,0.983,-1.017,0.874
36346,1211.863,0.88,1,0.741189,0.367729,-0.561617,0.68854,0.362341,-0.628188,0.877,0.55,0.988,-1.01,0.888
36347,1211.896,0.88,1,0.73835,0.367118,-0.565741,0.691136,0.360304,-0.626508,0.876,0.548,0.989,-1.009,0.903
36348,1211.93,0.88,1,0.735086,0.367911,-0.569465,0.693369,0.3593,-0.624613,0.875,0.547,0.989,-1.01,0.927
36349,1211.963,0.88,1,0.732499,0.365737,-0.57418,0.693914,0.354903,-0.626519,0.871,0.541,0.981,-1.013,0.941
36350,1211.996,0.88,1,0.730363,0.363643,-0.578216,0.694655,0.3512,-0.627784,0.868,0.535,0.963,-1.015,0.946
36351,1212.03,0.88,1,0.72836,0.361886,-0.581833,0.695011,0.347966,-0.62919,0.866,0.53,0.949,-1.016,0.953
36352,1212.063,0.88,1,0.726955,0.361665,-0.583725,0.694836,0.345129,-0.630943,0.864,0.527,0.939,-1.016,0.96
36353,1212.096,0.93,1,0.726869,0.361222,-0.584107,0.695722,0.341866,-0.631742,0.864,0.524,0.936,-1.017,0.972
36354,1212.13,0.88,1,0.723471,0.365178,-0.585863,0.693387,0.346791,-0.631625,0.861,0.529,0.936,-1.016,0.986
36355,1212.163,0.88,1,0.722952,0.365229,-0.586471,0.694431,0.343859,-0.632082,0.861,0.527,0.939,-1.015,1.004
36356,1212.196,0.88,1,0.723376,0.365366,-0.585863,0.696007,0.340569,-0.632129,0.862,0.525,0.941,-1.012,1.019
36357,1212.23,0.88,1,0.720954,0.373073,-0.583989,0.691524,0.346531,-0.633807,0.859,0.534,0.946,-1.009,1.032
36358,1212.263,0.88,1,0.721173,0.374611,-0.582731,0.691787,0.347057,-0.633231,0.86,0.536,0.946,-1.008,1.041
36359,1212.296,0.88,1,0.722515,0.376557,-0.579807,0.691864,0.347662,-0.632815,0.862,0.538,0.929,-1.012,1.033
36360,1212.33,0.88,1,0.724986,0.376901,-0.57649,0.693768,0.347443,-0.630849,0.866,0.54,0.924,-1.015,1.03
36361,1212.363,0.88,1,0.727458,0.377713,-0.572833,0.692524,0.347748,-0.632046,0.867,0.542,0.94,-1.016,1.043
36362,1212.396,0.88,1,0.725533,0.380469,-0.57345,0.690824,0.350758,-0.632243,0.866,0.545,0.955,-1.013,1.055
36363,1212.43,0.88,1,0.720254,0.384694,-0.577274,0.691255,0.357227,-0.628136,0.864,0.552,0.996,-1.006,1.096
36364,1212.463,0.88,1,0.715425,0.389204,-0.580248,0.688188,0.364026,-0.6276,0.86,0.558,1.055,-1.002,1.147
36365,1212.496,0.88,1,0.717928,0.391297,-0.575731,0.690413,0.367772,-0.622956,0.866,0.565,1.11,-1.002,1.191
36366,1212.53,0.88,1,0.717977,0.398124,-0.57097,0.690966,0.377983,-0.616194,0.871,0.579,1.155,-1.0,1.227
36367,1212.563,0.88,1,0.720924,0.40196,-0.564532,0.695163,0.383487,-0.608018,0.879,0.59,1.199,-1.005,1.267
36368,1212.597,0.93,1,0.722487,0.404057,-0.561026,0.697799,0.386997,-0.602751,0.884,0.597,1.222,-1.007,1.285
36369,1212.63,0.88,1,0.726099,0.404211,-0.556232,0.701681,0.385783,-0.599012,0.891,0.6,1.224,-1.012,1.287
36370,1212.663,0.88,1,0.72858,0.401912,-0.554651,0.701861,0.381452,-0.601569,0.891,0.595,1.196,-1.02,1.265
36371,1212.697,0.88,1,0.729123,0.398368,-0.556492,0.698633,0.374673,-0.609534,0.886,0.585,1.143,-1.024,1.219
36372,1212.73,0.88,1,0.72342,0.399978,-0.562744,0.690983,0.37272,-0.619372,0.875,0.579,1.071,-1.015,1.162
36373,1212.763,0.88,1,0.716988,0.40143,-0.569896,0.685061,0.372132,-0.626266,0.864,0.574,1.01,-1.002,1.122
36374,1212.797,0.88,1,0.701642,0.401245,-0.588814,0.666772,0.370139,-0.646848,0.836,0.558,0.924,-0.978,1.059
36375,1212.83,0.88,1,0.682348,0.390252,-0.618146,0.636544,0.35133,-0.686571,0.791,0.517,0.783,-0.94,0.96
36376,1212.863,0.88,1,0.662268,0.375016,-0.648664,0.609817,0.331533,-0.719868,0.749,0.477,0.655,-0.887,0.861
36377,1212.897,0.88,1,0.643379,0.372274,-0.668936,0.588241,0.329694,-0.738427,0.719,0.463,0.61,-0.857,0.833
36378,1212.93,0.88,1,0.637506,0.378185,-0.67124,0.579557,0.339189,-0.740989,0.711,0.47,0.614,-0.849,0.835
36379,1212.963,0.98,1,0.635043,0.380906,-0.672035,0.57253,0.343776,-0.74433,0.706,0.473,0.611,-0.845,0.83
36380,1212.997,0.98,1,0.63838,0.383721,-0.667255,0.571491,0.347971,-0.743179,0.709,0.479,0.615,-0.846,0.826
36381,1213.03,0.98,1,0.643249,0.389225,-0.659344,0.575212,0.354455,-0.73722,0.717,0.489,0.636,-0.851,0.829
36382,1213.063,0.98,1,0.651748,0.393584,-0.648318,0.579893,0.36275,-0.729477,0.729,0.502,0.659,-0.855,0.827
36383,1213.097,0.98,1,0.661752,0.377522,-0.647736,0.582985,0.343274,-0.736404,0.732,0.48,0.647,-0.852,0.794
36384,1213.13,0.88,1,0.662186,0.374231,-0.6492,0.589468,0.33809,-0.733636,0.736,0.476,0.672,-0.869,0.803
36385,1213.163,0.98,1,0.667148,0.382609,-0.639159,0.596776,0.343965,-0.724946,0.747,0.489,0.712,-0.882,0.833
36386,1213.197,0.93,1,0.678737,0.398799,-0.616665,0.607064,0.358484,-0.709198,0.77,0.519,0.775,-0.9,0.905
36387,1213.23,0.88,1,0.673784,0.416218,-0.610555,0.609207,0.38039,-0.695824,0.776,0.548,0.84,-0.901,0.984
36388,1213.263,0.93,1,0.664665,0.432148,-0.609483,0.609971,0.39896,-0.684666,0.778,0.571,0.889,-0.887,1.038
36389,1213.297,0.93,1,0.661926,0.435053,-0.610395,0.611501,0.403422,-0.680674,0.779,0.576,0.915,-0.89,1.067
36390,1213.33,0.93,1,0.663931,0.435028,-0.608232,0.615119,0.403021,-0.677644,0.783,0.578,0.937,-0.898,1.091
36391,1213.363,0.93,1,0.661785,0.435477,-0.610247,0.616248,0.405745,-0.674988,0.783,0.58,0.959,-0.897,1.116
36392,1213.397,0.93,1,0.658415,0.442509,-0.608832,0.615567,0.414623,-0.670198,0.783,0.59,0.993,-0.898,1.15
36393,1213.43,0.88,1,0.654411,0.455927,-0.603221,0.613593,0.433229,-0.660164,0.787,0.613,1.056,-0.898,1.203
36394,1213.463,0.88,1,0.650636,0.466008,-0.599591,0.613147,0.448231,-0.650492,0.791,0.631,1.119,-0.895,1.251
36395,1213.497,0.98,1,0.647621,0.471833,-0.598298,0.611975,0.45758,-0.645063,0.792,0.642,1.168,-0.893,1.289
36396,1213.53,0.93,1,0.648958,0.470213,-0.598125,0.61605,0.457262,-0.6414,0.796,0.642,1.204,-0.896,1.318
36397,1213.563,0.93,1,0.657336,0.464343,-0.593544,0.62694,0.45082,-0.63538,0.807,0.64,1.236,-0.907,1.346
36398,1213.597,0.93,1,0.668209,0.455486,-0.588243,0.64147,0.44105,-0.627687,0.823,0.635,1.267,-0.925,1.376
36399,1213.63,0.93,1,0.677875,0.445357,-0.58493,0.655922,0.429289,-0.620868,0.836,0.628,1.299,-0.944,1.416
36400,1213.664,0.93,1,0.687914,0.443461,-0.574558,0.668372,0.428345,-0.608112,0.854,0.635,1.334,-0.967,1.461
36401,1213.697,0.93,1,0.699833,0.439768,-0.562883,0.684697,0.424906,-0.592153,0.876,0.643,1.363,-0.99,1.507
36402,1213.73,0.93,1,0.71103,0.441131,-0.547577,0.692615,0.426268,-0.581877,0.893,0.655,1.392,-1.011,1.539
36403,1213.764,0.88,1,0.723675,0.43768,-0.533602,0.70165,0.421448,-0.574517,0.91,0.659,1.413,-1.027,1.557
36404,1213.797,0.98,1,0.737619,0.430307,-0.520341,0.711258,0.411463,-0.569921,0.926,0.657,1.425,-1.047,1.565
36405,1213.83,0.98,1,0.746046,0.427141,-0.510848,0.715239,0.408513,-0.567054,0.935,0.659,1.441,-1.056,1.575
36406,1213.864,0.98,1,0.752086,0.423103,-0.505323,0.719154,0.404369,-0.565069,0.942,0.658,1.445,-1.061,1.572
36407,1213.897,0.98,1,0.755787,0.418976,-0.503234,0.722427,0.401197,-0.563152,0.946,0.656,1.447,-1.063,1.567
36408,1213.93,0.98,1,0.758053,0.41656,-0.50183,0.72386,0.400298,-0.56195,0.948,0.655,1.45,-1.067,1.564
36409,1213.964,0.98,1,0.759326,0.415093,-0.501121,0.723613,0.39967,-0.562715,0.948,0.654,1.446,-1.067,1.551
36410,1213.997,0.98,1,0.760063,0.413821,-0.501055,0.723936,0.39839,-0.563207,0.949,0.652,1.445,-1.066,1.545
36411,1214.03,0.98,1,0.759844,0.414623,-0.500725,0.722944,0.399618,-0.56361,0.948,0.653,1.448,-1.064,1.544
36412,1214.064,0.98,1,0.758536,0.41496,-0.502425,0.723148,0.401054,-0.562328,0.948,0.654,1.46,-1.063,1.553
36413,1214.097,0.98,1,0.757694,0.412998,-0.505304,0.724141,0.400507,-0.561439,0.947,0.652,1.472,-1.061,1.56
36414,1214.13,0.98,1,0.754903,0.413607,-0.50897,0.722089,0.402749,-0.562477,0.943,0.651,1.47,-1.059,1.558
36415,1214.164,0.98,1,0.752944,0.416846,-0.509229,0.718752,0.404992,-0.565135,0.94,0.653,1.466,-1.054,1.554
36416,1214.197,0.98,1,0.750795,0.416988,-0.512277,0.716173,0.404275,-0.568909,0.936,0.65,1.46,-1.051,1.547
36417,1214.23,0.98,1,0.748136,0.419132,-0.514413,0.713976,0.406351,-0.57019,0.933,0.651,1.46,-1.047,1.545
36418,1214.264,0.98,1,0.746549,0.420863,-0.515305,0.711909,0.408214,-0.571443,0.93,0.652,1.459,-1.043,1.539
36419,1214.297,0.98,1,0.746788,0.421429,-0.514495,0.710527,0.407547,-0.573635,0.929,0.651,1.453,-1.04,1.527
36420,1214.33,0.98,1,0.746731,0.422096,-0.514031,0.70918,0.407841,-0.57509,0.929,0.651,1.451,-1.036,1.519
36421,1214.364,0.98,1,0.747071,0.420693,-0.514687,0.708509,0.406397,-0.576937,0.927,0.648,1.449,-1.033,1.509
36422,1214.397,0.98,1,0.747393,0.419389,-0.515283,0.70962,0.405897,-0.575923,0.928,0.648,1.455,-1.029,1.506
36423,1214.43,0.98,1,0.7458,0.420652,-0.51656,0.707979,0.407465,-0.576835,0.926,0.648,1.456,-1.025,1.502
36424,1214.464,0.98,1,0.74428,0.423497,-0.516428,0.707691,0.412327,-0.573724,0.927,0.654,1.461,-1.021,1.507
36425,1214.497,0.98,1,0.741234,0.422994,-0.521198,0.704551,0.410549,-0.578841,0.92,0.648,1.461,-1.013,1.503
36426,1214.53,0.98,1,0.734386,0.430155,-0.525017,0.695741,0.417172,-0.584733,0.911,0.652,1.46,-0.998,1.496
36427,1214.564,0.98,1,0.720631,0.440462,-0.535429,0.680747,0.429122,-0.593665,0.893,0.656,1.458,-0.973,1.483
36428,1214.597,0.98,1,0.70645,0.453954,-0.543004,0.662911,0.446145,-0.601251,0.875,0.667,1.464,-0.945,1.474
36429,1214.63,0.98,1,0.689975,0.467736,-0.552411,0.64148,0.466363,-0.609106,0.853,0.677,1.469,-0.918,1.456
36430,1214.664,0.98,1,0.675259,0.483849,-0.556701,0.623147,0.484645,-0.613846,0.837,0.691,1.48,-0.886,1.449
36431,1214.697,0.98,1,0.66064,0.496765,-0.562831,0.609397,0.499136,-0.616034,0.823,0.701,1.482,-0.86,1.438
36432,1214.73,0.98,1,0.650631,0.504288,-0.567778,0.600624,0.507029,-0.618201,0.812,0.706,1.478,-0.841,1.426
36433,1214.764,0.98,1,0.642667,0.508748,-0.572848,0.594639,0.513278,-0.618829,0.804,0.709,1.472,-0.828,1.42
36434,1214.797,0.98,1,0.633695,0.514165,-0.577984,0.586686,0.518733,-0.621864,0.794,0.711,1.463,-0.815,1.418
36435,1214.831,0.98,1,0.628186,0.514848,-0.583364,0.580459,0.517788,-0.628461,0.784,0.706,1.442,-0.808,1.406
36436,1214.864,0.98,1,0.627524,0.513628,-0.58515,0.580186,0.512288,-0.633202,0.781,0.7,1.427,-0.807,1.402
36437,1214.897,0.98,1,0.629125,0.508948,-0.587515,0.583497,0.50839,-0.633302,0.782,0.695,1.418,-0.807,1.399
36438,1214.931,0.98,1,0.629438,0.506978,-0.588881,0.58347,0.504773,-0.636212,0.78,0.69,1.408,-0.806,1.393
36439,1214.964,0.98,1,0.628087,0.507034,-0.590274,0.581473,0.503846,-0.638771,0.777,0.688,1.397,-0.805,1.387
36440,1214.997,0.98,1,0.627514,0.506717,-0.591154,0.580562,0.50294,-0.640312,0.776,0.687,1.39,-0.803,1.381
36441,1215.031,0.98,1,0.627861,0.505734,-0.591627,0.581065,0.5007,-0.64161,0.775,0.684,1.382,-0.802,1.376
36442,1215.064,0.98,1,0.629219,0.504842,-0.590947,0.582199,0.498867,-0.642009,0.777,0.683,1.378,-0.803,1.371
36443,1215.097,0.98,1,0.630658,0.504301,-0.589874,0.583253,0.495003,-0.64404,0.777,0.681,1.361,-0.806,1.357
36444,1215.131,0.98,1,0.635203,0.500746,-0.588022,0.588592,0.48603,-0.646014,0.781,0.675,1.336,-0.812,1.337
36445,1215.164,0.98,1,0.645128,0.491241,-0.585229,0.602153,0.471063,-0.644602,0.792,0.664,1.294,-0.824,1.309
36446,1215.197,0.93,1,0.655678,0.477509,-0.584868,0.609193,0.448929,-0.653718,0.796,0.642,1.24,-0.846,1.277
36447,1215.231,0.88,1,0.663166,0.465875,-0.585808,0.607833,0.430547,-0.667209,0.793,0.621,1.16,-0.863,1.222
36448,1215.264,0.88,1,0.657905,0.454852,-0.600226,0.5967,0.417263,-0.685449,0.773,0.596,1.086,-0.877,1.168
36449,1215.297,0.88,1,0.667353,0.43976,-0.601042,0.596223,0.402161,-0.694827,0.773,0.576,1.028,-0.891,1.126
36450,1215.331,0.88,1,0.667928,0.433417,-0.604997,0.588205,0.409395,-0.697431,0.767,0.574,0.978,-0.909,1.093
36451,1215.364,0.88,1,0.667717,0.427603,-0.609352,0.588722,0.399417,-0.70276,0.764,0.562,0.955,-0.908,1.069
36452,1215.397,0.88,1,0.664601,0.418862,-0.618757,0.582322,0.392779,-0.711776,0.753,0.548,0.93,-0.9,1.049
36453,1215.431,0.93,1,0.661007,0.418181,-0.623053,0.581108,0.392096,-0.713144,0.749,0.545,0.925,-0.867,1.041
36454,1215.464,0.88,1,0.661279,0.427947,-0.616094,0.585969,0.40081,-0.704267,0.757,0.561,0.938,-0.834,1.052
36455,1215.497,0.98,1,0.656542,0.439169,-0.613256,0.584732,0.412824,-0.69833,0.758,0.576,0.948,-0.81,1.043
36456,1215.531,0.88,1,0.65197,0.446499,-0.612841,0.586762,0.428492,-0.687099,0.761,0.592,0.971,-0.805,1.045
36457,1215.564,0.88,1,0.654407,0.452591,-0.605733,0.595656,0.437223,-0.673818,0.774,0.608,1.011,-0.807,1.061
36458,1215.597,0.93,1,0.666765,0.455651,-0.589751,0.615511,0.443745,-0.651334,0.802,0.627,1.077,-0.825,1.103
36459,1215.631,0.93,1,0.674523,0.462585,-0.575356,0.630311,0.457301,-0.627363,0.826,0.653,1.163,-0.835,1.154
36460,1215.664,0.98,1,0.679687,0.467849,-0.564927,0.639654,0.467782,-0.609937,0.843,0.673,1.237,-0.84,1.204
36461,1215.697,0.93,1,0.679182,0.47416,-0.560254,0.637834,0.47592,-0.605531,0.846,0.684,1.291,-0.84,1.239
36462,1215.731,0.88,1,0.6815,0.476061,-0.555809,0.641562,0.480319,-0.598074,0.854,0.692,1.348,-0.839,1.282
36463,1215.764,0.88,1,0.679209,0.477795,-0.557125,0.639778,0.487177,-0.594426,0.853,0.697,1.41,-0.835,1.329
36464,1215.797,0.88,1,0.678524,0.476526,-0.559042,0.639454,0.486649,-0.595207,0.852,0.695,1.464,-0.831,1.363
36465,1215.831,0.88,1,0.680466,0.47206,-0.560468,0.644326,0.484193,-0.591947,0.855,0.693,1.511,-0.829,1.397
36466,1215.864,0.88,1,0.685484,0.473657,-0.552957,0.648148,0.485249,-0.586888,0.864,0.699,1.564,-0.828,1.439
36467,1215.898,0.88,1,0.686472,0.473798,-0.551608,0.649943,0.486956,-0.58348,0.867,0.702,1.614,-0.824,1.481
36468,1215.931,0.88,1,0.68856,0.470084,-0.552184,0.654954,0.482605,-0.581488,0.87,0.699,1.656,-0.821,1.517
36469,1215.964,0.88,1,0.689176,0.468038,-0.553152,0.657258,0.480411,-0.580704,0.871,0.697,1.682,-0.816,1.541
36470,1215.998,0.88,1,0.688585,0.46644,-0.555233,0.657036,0.479152,-0.581994,0.869,0.694,1.697,-0.81,1.556
36471,1216.031,0.88,1,0.688276,0.465886,-0.556082,0.657588,0.479542,-0.581049,0.869,0.694,1.707,-0.804,1.566
36472,1216.064,0.88,1,0.685691,0.467029,-0.558312,0.65401,0.477995,-0.586337,0.864,0.69,1.713,-0.8,1.567
36473,1216.098,0.88,1,0.686887,0.465315,-0.558273,0.653607,0.476063,-0.588356,0.863,0.687,1.721,-0.794,1.566
36474,1216.131,0.88,1,0.684047,0.466064,-0.561128,0.649883,0.476861,-0.591824,0.858,0.686,1.722,-0.789,1.56
36475,1216.164,0.88,1,0.681368,0.468108,-0.562684,0.645743,0.479391,-0.594307,0.854,0.686,1.72,-0.782,1.553
36476,1216.198,0.88,1,0.676965,0.469332,-0.566962,0.64073,0.481061,-0.598369,0.847,0.684,1.716,-0.775,1.543
36477,1216.231,0.88,1,0.669507,0.472988,-0.57275,0.632175,0.48457,-0.604605,0.836,0.683,1.712,-0.768,1.534
36478,1216.264,0.88,1,0.665751,0.477574,-0.573322,0.627394,0.489953,-0.605246,0.832,0.687,1.705,-0.764,1.531
36479,1216.298,0.88,1,0.663264,0.477356,-0.576378,0.62465,0.492379,-0.606115,0.828,0.687,1.7,-0.762,1.526
36480,1216.331,0.88,1,0.659812,0.479647,-0.578435,0.619978,0.494363,-0.609288,0.823,0.687,1.694,-0.759,1.517
36481,1216.364,0.88,1,0.659199,0.479122,-0.579568,0.619997,0.49469,-0.609004,0.822,0.686,1.687,-0.757,1.51
36482,1216.398,0.88,1,0.655093,0.481947,-0.581877,0.61497,0.498443,-0.611037,0.817,0.688,1.682,-0.753,1.507
36483,1216.431,0.88,1,0.65385,0.483457,-0.582022,0.614264,0.500283,-0.610243,0.816,0.69,1.677,-0.75,1.506
36484,1216.464,0.88,1,0.650136,0.486182,-0.583909,0.61131,0.504341,-0.609869,0.813,0.693,1.67,-0.747,1.505
36485,1216.498,0.88,1,0.649379,0.488963,-0.582428,0.611768,0.508263,-0.606143,0.815,0.698,1.659,-0.748,1.505
36486,1216.531,0.88,1,0.649216,0.489694,-0.581995,0.613219,0.511299,-0.602109,0.817,0.702,1.647,-0.756,1.514
36487,1216.564,0.88,1,0.651834,0.491659,-0.577394,0.616361,0.51489,-0.595808,0.824,0.709,1.628,-0.765,1.517
36488,1216.598,0.88,1,0.654418,0.492814,-0.573473,0.617458,0.513454,-0.595912,0.827,0.711,1.606,-0.777,1.51
36489,1216.631,0.88,1,0.654047,0.491546,-0.574982,0.616641,0.512843,-0.597282,0.826,0.708,1.578,-0.785,1.499
36490,1216.664,0.88,1,0.657784,0.489261,-0.572664,0.619182,0.509337,-0.597654,0.829,0.706,1.542,-0.795,1.486
36491,1216.698,0.88,1,0.661905,0.48766,-0.569271,0.620936,0.502194,-0.601863,0.831,0.702,1.483,-0.81,1.456
36492,1216.731,0.88,1,0.672192,0.479689,-0.563965,0.630851,0.486601,-0.604357,0.84,0.691,1.414,-0.837,1.428
36493,1216.764,0.88,1,0.68506,0.467992,-0.55828,0.637632,0.463811,-0.615065,0.845,0.671,1.334,-0.871,1.383
36494,1216.798,0.88,1,0.695577,0.453451,-0.557274,0.646266,0.438059,-0.624856,0.849,0.646,1.245,-0.896,1.334
36495,1216.831,0.88,1,0.701206,0.438652,-0.562045,0.648637,0.414502,-0.638325,0.844,0.618,1.161,-0.919,1.291
36496,1216.864,0.88,1,0.704799,0.421459,-0.570641,0.651928,0.388912,-0.650951,0.838,0.586,1.065,-0.94,1.245
36497,1216.898,0.88,1,0.711428,0.403578,-0.575321,0.657621,0.361529,-0.660932,0.836,0.554,0.989,-0.964,1.205
36498,1216.931,0.88,1,0.722703,0.386146,-0.573229,0.675067,0.338699,-0.655414,0.85,0.533,0.962,-0.995,1.204
36499,1216.965,0.93,1,0.730979,0.385172,-0.563305,0.686215,0.340569,-0.642745,0.866,0.542,0.974,-1.01,1.225
36500,1216.998,0.88,1,0.740431,0.37803,-0.555748,0.697686,0.332653,-0.634489,0.879,0.538,0.97,-1.02,1.223
36501,1217.031,0.93,1,0.746812,0.375855,-0.548639,0.709591,0.334475,-0.620167,0.895,0.546,1.018,-1.043,1.262
36502,1217.065,0.93,1,0.747887,0.376896,-0.546456,0.716308,0.337302,-0.610844,0.902,0.553,1.063,-1.056,1.289
36503,1217.098,0.93,1,0.759643,0.383818,-0.525001,0.731672,0.352799,-0.583257,0.932,0.587,1.224,-1.066,1.389
36504,1217.131,0.88,1,0.759324,0.394557,-0.517448,0.738014,0.375191,-0.560863,0.947,0.62,1.346,-1.054,1.468
36505,1217.165,0.88,1,0.75208,0.40476,-0.520139,0.736655,0.392887,-0.550435,0.947,0.64,1.404,-1.032,1.512
36506,1217.198,0.88,1,0.745365,0.411045,-0.524856,0.731741,0.401561,-0.550731,0.941,0.647,1.429,-1.016,1.534
36507,1217.231,0.88,1,0.738768,0.418658,-0.528155,0.724194,0.408929,-0.555266,0.933,0.652,1.431,-1.003,1.538
36508,1217.265,0.88,1,0.732333,0.422993,-0.533635,0.719747,0.41446,-0.556945,0.927,0.655,1.44,-0.993,1.552
36509,1217.298,0.88,1,0.727255,0.424889,-0.539045,0.714687,0.415322,-0.562788,0.918,0.651,1.442,-0.982,1.561
36510,1217.331,0.88,1,0.723283,0.423043,-0.545798,0.712328,0.41174,-0.568382,0.911,0.643,1.444,-0.975,1.568
36511,1217.365,0.88,1,0.721533,0.419838,-0.550568,0.71097,0.410371,-0.571066,0.907,0.637,1.453,-0.971,1.584
36512,1217.398,0.88,1,0.717984,0.42588,-0.550568,0.706672,0.414079,-0.573719,0.903,0.642,1.451,-0.966,1.599
36513,1217.431,0.88,1,0.716888,0.435559,-0.54439,0.706,0.418548,-0.571298,0.906,0.653,1.456,-0.959,1.618
36514,1217.465,0.98,1,0.705995,0.444647,-0.551235,0.692813,0.42237,-0.584478,0.889,0.652,1.451,-0.952,1.623
36515,1217.498,0.98,1,0.698127,0.446428,-0.559751,0.683887,0.417922,-0.59803,0.873,0.641,1.44,-0.945,1.623
36516,1217.531,0.98,1,0.6918,0.446221,-0.567715,0.676348,0.414591,-0.608825,0.861,0.632,1.423,-0.937,1.613
36517,1217.565,0.98,1,0.688103,0.443471,-0.574324,0.672863,0.409895,-0.615826,0.852,0.622,1.398,-0.935,1.596
36518,1217.598,0.98,1,0.687196,0.443257,-0.575573,0.670167,0.410506,-0.618353,0.849,0.621,1.381,-0.939,1.587
36519,1217.631,0.98,1,0.685391,0.443337,-0.577661,0.669917,0.412816,-0.617086,0.848,0.622,1.38,-0.937,1.585
36520,1217.665,0.93,1,0.688097,0.444629,-0.573435,0.672503,0.414818,-0.612916,0.854,0.627,1.389,-0.94,1.59
36521,1217.698,0.98,1,0.688251,0.448707,-0.570064,0.671412,0.420517,-0.610222,0.856,0.635,1.404,-0.941,1.601
36522,1217.731,0.93,1,0.693641,0.449285,-0.563032,0.677898,0.422731,-0.601458,0.867,0.643,1.424,-0.942,1.613
36523,1217.765,0.98,1,0.700006,0.445147,-0.558422,0.682942,0.417953,-0.599087,0.874,0.641,1.434,-0.952,1.618
36524,1217.798,0.98,1,0.703518,0.44131,-0.557053,0.68498,0.414832,-0.59893,0.877,0.637,1.44,-0.96,1.618
36525,1217.831,0.98,1,0.708907,0.438659,-0.552295,0.687309,0.411019,-0.598891,0.881,0.636,1.44,-0.968,1.615
36526,1217.865,0.98,1,0.711909,0.435418,-0.550996,0.689334,0.406828,-0.599424,0.883,0.632,1.435,-0.972,1.609
36527,1217.898,0.98,1,0.713531,0.434319,-0.549764,0.690494,0.405754,-0.598817,0.885,0.631,1.43,-0.976,1.604
36528,1217.931,0.98,1,0.713708,0.432025,-0.55134,0.690274,0.403046,-0.600895,0.884,0.627,1.43,-0.974,1.599
36529,1217.965,0.98,1,0.711481,0.433295,-0.553219,0.688522,0.404961,-0.601618,0.881,0.628,1.428,-0.969,1.595
36530,1217.998,0.98,1,0.707805,0.43508,-0.556523,0.684749,0.407713,-0.604061,0.876,0.628,1.424,-0.964,1.588
36531,1218.031,0.98,1,0.706487,0.435194,-0.558106,0.683133,0.408588,-0.605298,0.874,0.627,1.422,-0.963,1.58
36532,1218.065,0.98,1,0.704814,0.435516,-0.559967,0.681708,0.408993,-0.606628,0.871,0.627,1.414,-0.961,1.57
36533,1218.098,0.98,1,0.704315,0.435315,-0.56075,0.682984,0.409243,-0.605023,0.872,0.627,1.401,-0.963,1.56
36534,1218.132,0.93,1,0.702913,0.438426,-0.560086,0.682229,0.412745,-0.603494,0.872,0.632,1.391,-0.965,1.549
36535,1218.165,0.93,1,0.705928,0.439219,-0.555655,0.687558,0.416158,-0.595043,0.881,0.639,1.383,-0.971,1.539
36536,1218.198,0.93,1,0.708294,0.439827,-0.552152,0.690609,0.417458,-0.590583,0.886,0.644,1.374,-0.977,1.523
36537,1218.232,0.93,1,0.708212,0.437588,-0.554033,0.69115,0.416218,-0.590825,0.885,0.641,1.373,-0.981,1.517
36538,1218.265,0.98,1,0.709448,0.433147,-0.555938,0.692124,0.411956,-0.592669,0.884,0.634,1.368,-0.982,1.504
36539,1218.298,0.98,1,0.709185,0.434354,-0.555332,0.690855,0.412046,-0.594086,0.883,0.635,1.362,-0.982,1.495
36540,1218.332,0.98,1,0.709918,0.432118,-0.556138,0.692045,0.410254,-0.593941,0.884,0.632,1.359,-0.979,1.493
36541,1218.365,0.98,1,0.706574,0.433819,-0.559065,0.686118,0.411945,-0.59962,0.877,0.631,1.353,-0.975,1.491
36542,1218.398,0.98,1,0.704912,0.433135,-0.561687,0.679995,0.407919,-0.60927,0.869,0.623,1.352,-0.968,1.485
36543,1218.432,0.98,1,0.70241,0.433302,-0.564685,0.675646,0.406866,-0.614787,0.863,0.619,1.339,-0.962,1.468
36544,1218.465,0.98,1,0.700713,0.434717,-0.565705,0.670268,0.405346,-0.621639,0.857,0.616,1.326,-0.956,1.446
36545,1218.498,0.98,1,0.700271,0.434893,-0.566118,0.668955,0.404808,-0.623402,0.856,0.615,1.323,-0.95,1.436
36546,1218.532,0.98,1,0.69909,0.434594,-0.567804,0.667676,0.403912,-0.625351,0.853,0.613,1.321,-0.947,1.429
36547,1218.565,0.98,1,0.69667,0.434542,-0.57081,0.664979,0.404539,-0.627815,0.849,0.611,1.322,-0.941,1.418
36548,1218.598,0.98,1,0.694295,0.437538,-0.571415,0.661985,0.409461,-0.627788,0.847,0.615,1.324,-0.938,1.415
36549,1218.632,0.98,1,0.692579,0.439902,-0.571683,0.664678,0.415527,-0.620919,0.85,0.622,1.333,-0.937,1.425
36550,1218.665,0.93,1,0.69105,0.445712,-0.569026,0.669749,0.426549,-0.607858,0.858,0.638,1.336,-0.939,1.427
36551,1218.698,0.93,1,0.688649,0.448706,-0.569583,0.664544,0.430273,-0.610939,0.853,0.64,1.344,-0.936,1.422
36552,1218.732,0.93,1,0.687919,0.448799,-0.570392,0.663198,0.43217,-0.611063,0.852,0.641,1.348,-0.935,1.415
36553,1218.765,0.93,1,0.68957,0.449623,-0.567744,0.662467,0.433504,-0.61091,0.854,0.643,1.348,-0.934,1.405
36554,1218.798,0.98,1,0.687404,0.452003,-0.568479,0.659308,0.437123,-0.611749,0.851,0.646,1.349,-0.929,1.397
36555,1218.832,0.98,1,0.684498,0.455467,-0.569221,0.655319,0.441422,-0.612947,0.848,0.649,1.351,-0.924,1.394
36556,1218.865,0.98,1,0.683599,0.45741,-0.568744,0.653331,0.442989,-0.613937,0.847,0.651,1.349,-0.922,1.388
36557,1218.898,0.98,1,0.681877,0.458276,-0.570112,0.651313,0.444252,-0.615167,0.844,0.651,1.349,-0.918,1.383
36558,1218.932,0.98,1,0.681484,0.458283,-0.570576,0.650823,0.444176,-0.615741,0.843,0.65,1.349,-0.915,1.381
36559,1218.965,0.98,1,0.680327,0.459633,-0.57087,0.650441,0.446176,-0.614698,0.843,0.652,1.354,-0.912,1.384
36560,1218.998,0.98,1,0.681554,0.460786,-0.568473,0.650799,0.447393,-0.613432,0.845,0.655,1.36,-0.912,1.386
36561,1219.032,0.98,1,0.681615,0.46082,-0.568371,0.651186,0.447109,-0.613229,0.845,0.655,1.363,-0.914,1.388
36562,1219.065,0.98,1,0.681418,0.461094,-0.568386,0.649843,0.447051,-0.614695,0.844,0.655,1.364,-0.912,1.386
36563,1219.098,0.98,1,0.679305,0.462004,-0.570172,0.648071,0.448793,-0.615296,0.842,0.655,1.36,-0.912,1.382
36564,1219.132,0.98,1,0.678147,0.464681,-0.569375,0.646811,0.452372,-0.613999,0.842,0.659,1.364,-0.907,1.379
36565,1219.165,0.93,1,0.67681,0.466363,-0.569592,0.645018,0.453176,-0.615291,0.84,0.66,1.366,-0.904,1.378
36566,1219.199,0.98,1,0.673662,0.468667,-0.571429,0.640581,0.457082,-0.617035,0.836,0.662,1.366,-0.899,1.378
36567,1219.232,0.98,1,0.672833,0.468426,-0.572602,0.640844,0.456858,-0.616928,0.835,0.661,1.364,-0.897,1.376
36568,1219.265,0.98,1,0.672366,0.469739,-0.572075,0.639973,0.456564,-0.618048,0.834,0.661,1.364,-0.895,1.376
36569,1219.299,0.98,1,0.671916,0.46917,-0.57307,0.639733,0.456529,-0.618323,0.833,0.661,1.363,-0.894,1.375
36570,1219.332,0.98,1,0.671401,0.469745,-0.573201,0.639792,0.45695,-0.617951,0.833,0.661,1.368,-0.893,1.379
36571,1219.365,0.98,1,0.667671,0.471718,-0.575933,0.637338,0.459826,-0.618354,0.83,0.662,1.366,-0.893,1.378
36572,1219.399,0.93,1,0.667554,0.473052,-0.574972,0.637933,0.461516,-0.616477,0.831,0.665,1.37,-0.891,1.383
36573,1219.432,0.93,1,0.66661,0.473351,-0.575821,0.637839,0.461839,-0.616333,0.83,0.665,1.372,-0.889,1.387
36574,1219.465,0.93,1,0.666657,0.473268,-0.575835,0.638923,0.461662,-0.615342,0.831,0.665,1.377,-0.89,1.393
36575,1219.499,0.93,1,0.669731,0.472169,-0.573164,0.641742,0.460033,-0.613627,0.835,0.666,1.38,-0.894,1.398
36576,1219.532,0.93,1,0.672721,0.469801,-0.571607,0.64392,0.456424,-0.614039,0.838,0.663,1.38,-0.899,1.401
36577,1219.565,0.93,1,0.67581,0.466601,-0.570583,0.647927,0.452489,-0.612735,0.841,0.66,1.38,-0.905,1.404
36578,1219.599,0.93,1,0.679382,0.463511,-0.568857,0.650262,0.44769,-0.613786,0.844,0.656,1.375,-0.911,1.402
36579,1219.632,0.93,1,0.680711,0.462946,-0.567727,0.65016,0.446233,-0.614954,0.844,0.655,1.371,-0.91,1.396
36580,1219.665,0.98,1,0.670638,0.468034,-0.57549,0.63822,0.449456,-0.625032,0.829,0.653,1.349,-0.887,1.366
36581,1219.699,0.98,1,0.652806,0.484062,-0.582691,0.617555,0.466163,-0.633497,0.807,0.663,1.335,-0.851,1.335
36582,1219.732,0.98,1,0.630419,0.50908,-0.586012,0.589105,0.492786,-0.640404,0.783,0.685,1.342,-0.805,1.317
36583,1219.765,0.98,1,0.620213,0.522421,-0.58516,0.572382,0.511828,-0.640633,0.772,0.701,1.365,-0.778,1.314
36584,1219.799,0.98,1,0.611199,0.528342,-0.589314,0.562519,0.521163,-0.641843,0.762,0.706,1.38,-0.757,1.312
36585,1219.832,0.98,1,0.605257,0.529163,-0.594685,0.556463,0.527936,-0.641586,0.754,0.707,1.381,-0.745,1.307
36586,1219.865,0.98,1,0.597375,0.529886,-0.601966,0.550663,0.533676,-0.641842,0.745,0.707,1.376,-0.735,1.309
36587,1219.899,0.98,1,0.593763,0.529277,-0.606062,0.549296,0.536311,-0.640815,0.742,0.707,1.372,-0.726,1.31
36588,1219.932,0.88,1,0.590673,0.530231,-0.608244,0.551566,0.538882,-0.636696,0.742,0.71,1.366,-0.719,1.318
36589,1219.965,0.88,1,0.584823,0.532512,-0.611893,0.55278,0.544786,-0.630589,0.741,0.714,1.355,-0.713,1.332
36590,1219.999,0.88,1,0.587988,0.531504,-0.609732,0.559162,0.542188,-0.627192,0.748,0.715,1.341,-0.713,1.338
36591,1220.032,0.88,1,0.589152,0.528785,-0.610972,0.561703,0.53997,-0.626835,0.749,0.712,1.331,-0.716,1.34
36592,1220.065,0.88,1,0.593136,0.52468,-0.610655,0.56642,0.534337,-0.627417,0.753,0.708,1.324,-0.716,1.34
36593,1220.099,0.88,1,0.596032,0.522183,-0.609976,0.568531,0.529029,-0.63,0.754,0.703,1.318,-0.72,1.339
36594,1220.132,0.88,1,0.600925,0.520372,-0.606714,0.574247,0.524116,-0.628922,0.76,0.702,1.313,-0.727,1.339
36595,1220.165,0.88,1,0.603713,0.518475,-0.605569,0.577454,0.521169,-0.628434,0.764,0.7,1.307,-0.732,1.339
36596,1220.199,0.88,1,0.605193,0.515292,-0.606808,0.57917,0.516831,-0.630435,0.764,0.695,1.296,-0.738,1.334
36597,1220.232,0.88,1,0.608027,0.513126,-0.605809,0.581421,0.511761,-0.632495,0.765,0.691,1.29,-0.744,1.333
36598,1220.265,0.88,1,0.611125,0.509982,-0.605346,0.585417,0.506789,-0.632813,0.768,0.688,1.277,-0.756,1.329
36599,1220.299,0.88,1,0.619527,0.506415,-0.599775,0.592739,0.498038,-0.632944,0.777,0.684,1.256,-0.775,1.325
36600,1220.332,0.88,1,0.634105,0.494741,-0.594258,0.607151,0.479259,-0.633781,0.791,0.671,1.217,-0.8,1.314
36601,1220.366,0.88,1,0.646285,0.485629,-0.588626,0.613058,0.460916,-0.641651,0.797,0.656,1.175,-0.836,1.295
36602,1220.399,0.88,1,0.655844,0.468304,-0.59208,0.606997,0.430533,-0.667979,0.787,0.62,1.078,-0.855,1.232
36603,1220.432,0.82,1,0.67442,0.443877,-0.590027,0.613209,0.391561,-0.686043,0.79,0.58,0.964,-0.887,1.17
36604,1220.466,0.77,1,0.692512,0.411316,-0.59266,0.629538,0.343732,-0.6968,0.798,0.53,0.887,-0.918,1.129
36617,1220.899,0.98,1,0.73402,0.305084,-0.606744,0.672255,0.251083,-0.696441,0.823,0.403,0.594,-0.966,0.825
36618,1220.932,0.98,1,0.735895,0.340825,-0.585062,0.67074,0.297382,-0.679464,0.839,0.467,0.695,-0.968,0.878
36619,1220.966,0.98,1,0.739215,0.358934,-0.569849,0.680745,0.325318,-0.656319,0.859,0.509,0.782,-0.977,0.93
36620,1220.999,0.88,1,0.740063,0.395288,-0.544108,0.692832,0.375805,-0.61543,0.89,0.587,0.962,-0.988,1.045
36621,1221.032,0.88,1,0.749335,0.402239,-0.526023,0.711061,0.393476,-0.582726,0.921,0.622,1.09,-1.001,1.124
36622,1221.066,0.88,1,0.755745,0.404277,-0.51518,0.725396,0.399724,-0.560376,0.943,0.642,1.187,-1.012,1.197
36623,1221.099,0.88,1,0.759937,0.401797,-0.510935,0.736994,0.402002,-0.543355,0.957,0.651,1.279,-1.025,1.268
36624,1221.132,0.88,1,0.758737,0.408025,-0.507774,0.737832,0.409937,-0.536242,0.962,0.665,1.343,-1.023,1.323
36625,1221.166,0.98,1,0.757098,0.411869,-0.507116,0.738093,0.415994,-0.531195,0.964,0.673,1.411,-1.017,1.378
36626,1221.199,0.88,1,0.759965,0.412342,-0.502421,0.743119,0.418811,-0.521892,0.973,0.682,1.5,-1.011,1.45
36627,1221.232,0.88,1,0.7595,0.416211,-0.499929,0.74372,0.425356,-0.515706,0.977,0.692,1.589,-0.997,1.526
36628,1221.266,0.88,1,0.760148,0.418677,-0.496875,0.745182,0.42602,-0.51304,0.98,0.697,1.657,-0.979,1.589
36629,1221.299,0.88,1,0.750743,0.425406,-0.505386,0.737334,0.434144,-0.517549,0.969,0.699,1.701,-0.95,1.633
36630,1221.332,0.88,1,0.737908,0.438317,-0.513195,0.726634,0.448608,-0.520341,0.956,0.709,1.73,-0.914,1.673
36631,1221.366,0.88,1,0.729281,0.447704,-0.517407,0.71894,0.459895,-0.521174,0.949,0.718,1.748,-0.881,1.696
36632,1221.399,0.88,1,0.723165,0.458084,-0.516905,0.712011,0.469731,-0.521913,0.944,0.729,1.752,-0.862,1.704
36633,1221.433,0.88,1,0.721821,0.463175,-0.51424,0.706081,0.473285,-0.526736,0.941,0.733,1.753,-0.862,1.701
36634,1221.466,0.93,1,0.717708,0.46643,-0.517048,0.699911,0.476822,-0.531757,0.934,0.732,1.751,-0.855,1.689
36635,1221.499,0.98,1,0.715565,0.46601,-0.520385,0.694446,0.474591,-0.54084,0.926,0.725,1.743,-0.859,1.668
36636,1221.533,0.98,1,0.710866,0.463659,-0.528857,0.69012,0.476024,-0.545102,0.917,0.719,1.743,-0.854,1.661
36637,1221.566,0.93,1,0.708501,0.463939,-0.531777,0.687271,0.476118,-0.548607,0.912,0.716,1.731,-0.852,1.648
36638,1221.599,0.88,1,0.704076,0.462945,-0.538479,0.684912,0.475836,-0.551794,0.905,0.711,1.716,-0.845,1.64
36639,1221.633,0.88,1,0.697942,0.46669,-0.543211,0.681204,0.478755,-0.553854,0.899,0.711,1.699,-0.831,1.634
36640,1221.666,0.88,1,0.690988,0.474574,-0.545267,0.674372,0.484344,-0.557344,0.891,0.716,1.673,-0.82,1.626
36641,1221.699,0.88,1,0.682886,0.483093,-0.547985,0.667614,0.491118,-0.559549,0.884,0.721,1.64,-0.808,1.616
36642,1221.733,0.88,1,0.678192,0.492735,-0.545224,0.662025,0.497639,-0.560427,0.881,0.73,1.602,-0.802,1.605
36644,1221.799,0.88,1,0.692253,0.466924,-0.550243,0.678094,0.463817,-0.570142,0.885,0.693,1.51,-0.848,1.598
36645,1221.833,0.88,1,0.68602,0.471234,-0.554361,0.671584,0.468252,-0.574208,0.877,0.694,1.494,-0.85,1.594
36646,1221.866,0.88,1,0.689331,0.467899,-0.553076,0.674867,0.464693,-0.573249,0.881,0.692,1.48,-0.856,1.587
36647,1221.899,0.88,1,0.686337,0.468276,-0.55647,0.671605,0.465247,-0.576621,0.875,0.689,1.478,-0.857,1.591
36648,1221.933,0.88,1,0.685022,0.469906,-0.556717,0.670865,0.467459,-0.575693,0.875,0.691,1.476,-0.859,1.591
36649,1221.966,0.88,1,0.684362,0.468078,-0.559063,0.671126,0.467245,-0.575563,0.874,0.689,1.476,-0.862,1.593
36650,1221.999,0.88,1,0.682442,0.467769,-0.561663,0.670626,0.46895,-0.574758,0.872,0.689,1.478,-0.861,1.597
36651,1222.033,0.88,1,0.681969,0.466549,-0.56325,0.670249,0.467177,-0.576639,0.87,0.686,1.475,-0.861,1.597
36652,1222.066,0.88,1,0.681804,0.46809,-0.56217,0.670894,0.46832,-0.574958,0.872,0.689,1.472,-0.862,1.6
36653,1222.099,0.88,1,0.680186,0.467726,-0.564428,0.669777,0.466425,-0.577794,0.869,0.686,1.459,-0.867,1.591
36654,1222.133,0.88,1,0.685587,0.460049,-0.564203,0.676057,0.456396,-0.57849,0.873,0.676,1.435,-0.875,1.571
36655,1222.166,0.98,1,0.687614,0.458572,-0.562937,0.676368,0.451588,-0.581889,0.873,0.672,1.418,-0.881,1.556
36656,1222.199,0.88,1,0.686412,0.455666,-0.566752,0.673451,0.444292,-0.59082,0.866,0.661,1.385,-0.888,1.53
36657,1222.233,0.88,1,0.687859,0.451671,-0.568193,0.675589,0.435776,-0.594709,0.865,0.652,1.349,-0.894,1.501
36661,1222.366,0.98,1,0.707783,0.442312,-0.55082,0.691846,0.428044,-0.581487,0.891,0.655,1.321,-0.924,1.438
36662,1222.399,0.98,1,0.710202,0.443528,-0.546713,0.69444,0.429398,-0.577381,0.896,0.66,1.343,-0.925,1.46
36663,1222.433,0.98,1,0.725867,0.430253,-0.536656,0.712874,0.415441,-0.564996,0.917,0.655,1.379,-0.94,1.489
36664,1222.466,0.98,1,0.73204,0.423297,-0.533796,0.720563,0.411268,-0.558254,0.926,0.653,1.425,-0.951,1.529
36665,1222.499,0.98,1,0.733854,0.423247,-0.531339,0.723247,0.413851,-0.552848,0.931,0.657,1.479,-0.956,1.572
36666,1222.533,0.98,1,0.731032,0.42856,-0.530969,0.719992,0.424067,-0.549344,0.931,0.668,1.539,-0.948,1.613
36668,1222.6,0.88,1,0.73858,0.434944,-0.515096,0.724116,0.43566,-0.534655,0.948,0.692,1.617,-0.95,1.669
36669,1222.633,0.88,1,0.736202,0.436243,-0.517396,0.726081,0.440237,-0.528203,0.95,0.698,1.64,-0.945,1.693
36670,1222.666,0.88,1,0.734291,0.439311,-0.517516,0.726058,0.440831,-0.527738,0.95,0.7,1.657,-0.95,1.715
36671,1222.7,0.88,1,0.730266,0.441264,-0.521535,0.721821,0.43916,-0.534896,0.942,0.695,1.661,-0.948,1.725
36672,1222.733,0.88,1,0.72692,0.444564,-0.523402,0.718359,0.439915,-0.538921,0.937,0.694,1.66,-0.947,1.736
36673,1222.766,0.88,1,0.724211,0.445108,-0.526686,0.714725,0.437912,-0.545344,0.93,0.689,1.654,-0.948,1.748
36674,1222.8,0.93,1,0.720751,0.445671,-0.530938,0.711279,0.434869,-0.552241,0.923,0.683,1.643,-0.95,1.755
36675,1222.833,0.93,1,0.722117,0.446445,-0.528425,0.712813,0.433713,-0.551172,0.926,0.684,1.636,-0.954,1.762
36676,1222.866,0.93,1,0.72193,0.447524,-0.527768,0.712177,0.43217,-0.553202,0.925,0.683,1.629,-0.959,1.768
36677,1222.9,0.93,1,0.722997,0.444408,-0.52894,0.713092,0.426206,-0.556639,0.924,0.676,1.613,-0.964,1.76
36678,1222.933,0.93,1,0.72495,0.444742,-0.525978,0.714443,0.427413,-0.553976,0.927,0.679,1.607,-0.965,1.757
36679,1222.966,0.93,1,0.722376,0.447304,-0.527344,0.711578,0.429718,-0.555876,0.924,0.681,1.593,-0.961,1.744
36680,1223.0,0.93,1,0.719844,0.448528,-0.529762,0.70734,0.432483,-0.559131,0.919,0.68,1.58,-0.959,1.727
36681,1223.033,0.88,1,0.717695,0.447882,-0.533213,0.703313,0.43115,-0.565209,0.913,0.675,1.562,-0.957,1.704
36682,1223.066,0.88,1,0.714705,0.450921,-0.534665,0.698306,0.433195,-0.569834,0.907,0.675,1.545,-0.956,1.684
36683,1223.1,0.98,1,0.714329,0.450377,-0.535626,0.697519,0.432096,-0.57163,0.906,0.673,1.529,-0.956,1.67
36684,1223.133,0.88,1,0.714863,0.453267,-0.532466,0.697679,0.43474,-0.569425,0.908,0.678,1.524,-0.955,1.665
36685,1223.166,0.88,1,0.714683,0.454187,-0.531923,0.697982,0.435354,-0.568584,0.909,0.68,1.518,-0.957,1.661
36686,1223.2,0.88,1,0.715299,0.454577,-0.530762,0.699031,0.437385,-0.565729,0.911,0.683,1.512,-0.961,1.656
36687,1223.233,0.88,1,0.711622,0.455851,-0.534596,0.696009,0.438868,-0.568301,0.906,0.682,1.507,-0.959,1.65
36688,1223.266,0.88,1,0.712152,0.454288,-0.535221,0.696254,0.437156,-0.56932,0.906,0.679,1.5,-0.961,1.643
36689,1223.3,0.88,1,0.713319,0.451493,-0.536032,0.697105,0.434349,-0.570425,0.906,0.675,1.494,-0.962,1.635
36690,1223.333,0.88,1,0.713291,0.450186,-0.537167,0.69733,0.432375,-0.571649,0.905,0.672,1.489,-0.961,1.634
36691,1223.366,0.88,1,0.712857,0.451633,-0.536528,0.696776,0.433569,-0.571419,0.905,0.674,1.489,-0.961,1.632
36692,1223.4,0.88,1,0.711185,0.451891,-0.538525,0.693276,0.432772,-0.576261,0.9,0.671,1.485,-0.959,1.628
36693,1223.433,0.88,1,0.709707,0.450902,-0.541298,0.692645,0.431921,-0.577656,0.897,0.668,1.476,-0.956,1.623
36694,1223.466,0.88,1,0.707587,0.45203,-0.543129,0.689505,0.431845,-0.581458,0.893,0.666,1.471,-0.952,1.616
36695,1223.5,0.88,1,0.704335,0.45304,-0.546504,0.686803,0.434225,-0.582881,0.889,0.666,1.467,-0.948,1.61
36696,1223.533,0.88,1,0.702258,0.453219,-0.549024,0.684489,0.434339,-0.585512,0.885,0.664,1.463,-0.943,1.604
36697,1223.566,0.88,1,0.700715,0.452371,-0.551687,0.682311,0.432803,-0.589181,0.881,0.66,1.457,-0.94,1.595
36698,1223.6,0.88,1,0.697594,0.454006,-0.554294,0.678289,0.433791,-0.593085,0.876,0.659,1.452,-0.936,1.59
36699,1223.633,0.98,1,0.697688,0.453803,-0.554341,0.679302,0.43444,-0.591448,0.877,0.659,1.455,-0.935,1.591
36700,1223.667,0.88,1,0.697966,0.455303,-0.552759,0.679546,0.436011,-0.59001,0.878,0.662,1.458,-0.934,1.595
36701,1223.7,0.98,1,0.696884,0.455633,-0.553852,0.678686,0.43533,-0.591502,0.876,0.661,1.461,-0.932,1.597
36702,1223.733,0.98,1,0.696252,0.456849,-0.553645,0.678553,0.437424,-0.590107,0.877,0.664,1.467,-0.93,1.605
36703,1223.767,0.98,1,0.694694,0.458458,-0.554271,0.676699,0.438679,-0.591304,0.875,0.664,1.469,-0.928,1.609
36704,1223.8,0.98,1,0.69548,0.457296,-0.554245,0.67757,0.43671,-0.591763,0.875,0.662,1.464,-0.929,1.608
36705,1223.833,0.98,1,0.693451,0.455364,-0.558363,0.67559,0.434579,-0.595583,0.87,0.657,1.46,-0.93,1.606
36706,1223.867,0.98,1,0.693575,0.455785,-0.557865,0.674618,0.434491,-0.596748,0.87,0.657,1.457,-0.931,1.605
36707,1223.9,0.98,1,0.693351,0.456611,-0.557469,0.6739,0.434408,-0.59762,0.869,0.657,1.454,-0.931,1.602
36708,1223.933,0.98,1,0.692418,0.455179,-0.559794,0.673053,0.432989,-0.5996,0.867,0.654,1.451,-0.931,1.6
36709,1223.967,0.98,1,0.691649,0.454764,-0.561081,0.672942,0.432094,-0.600369,0.866,0.652,1.448,-0.929,1.597
36710,1224.0,0.98,1,0.690594,0.455169,-0.56205,0.672311,0.432468,-0.600807,0.864,0.652,1.446,-0.928,1.597
36711,1224.033,0.98,1,0.688823,0.454984,-0.564369,0.671335,0.431803,-0.602375,0.862,0.65,1.442,-0.923,1.593
36712,1224.067,0.98,1,0.683936,0.454298,-0.570828,0.666546,0.431062,-0.608195,0.853,0.644,1.434,-0.92,1.586
36713,1224.1,0.93,1,0.681554,0.45624,-0.572127,0.66318,0.430714,-0.61211,0.849,0.643,1.428,-0.916,1.581
36714,1224.133,0.93,1,0.681218,0.455177,-0.573373,0.663273,0.428932,-0.613259,0.848,0.64,1.425,-0.914,1.579
36715,1224.167,0.93,1,0.68206,0.455361,-0.572224,0.664177,0.428533,-0.612559,0.849,0.641,1.421,-0.915,1.579
36716,1224.2,0.93,1,0.681727,0.455913,-0.572182,0.663773,0.429173,-0.612549,0.849,0.642,1.418,-0.912,1.578
36717,1224.233,0.93,1,0.681574,0.456859,-0.571609,0.663414,0.428904,-0.613126,0.849,0.642,1.412,-0.912,1.575
36718,1224.267,0.93,1,0.682785,0.456393,-0.570535,0.663718,0.428049,-0.613395,0.85,0.642,1.415,-0.913,1.578
36719,1224.3,0.93,1,0.68388,0.455686,-0.569788,0.664431,0.427356,-0.613106,0.851,0.641,1.414,-0.915,1.577
36720,1224.333,0.93,1,0.684586,0.45603,-0.568664,0.664598,0.427192,-0.613039,0.851,0.642,1.413,-0.916,1.577
36721,1224.367,0.93,1,0.684292,0.458904,-0.566702,0.664093,0.429977,-0.611637,0.853,0.646,1.417,-0.914,1.582
36722,1224.4,0.93,1,0.683881,0.459751,-0.566512,0.664167,0.431146,-0.610733,0.853,0.648,1.419,-0.913,1.583
36723,1224.433,0.93,1,0.683462,0.462259,-0.564974,0.664012,0.434397,-0.608595,0.854,0.652,1.425,-0.912,1.588
36724,1224.467,0.88,1,0.684766,0.464003,-0.561958,0.664671,0.43547,-0.607107,0.857,0.656,1.423,-0.912,1.585
36725,1224.5,0.88,1,0.684119,0.466193,-0.560933,0.663338,0.438119,-0.606658,0.857,0.659,1.424,-0.91,1.582
36726,1224.533,0.88,1,0.684758,0.46652,-0.55988,0.664208,0.439349,-0.604815,0.859,0.661,1.422,-0.911,1.582
36727,1224.567,0.88,1,0.684451,0.466696,-0.560108,0.665697,0.440855,-0.602075,0.86,0.663,1.423,-0.91,1.583
36728,1224.6,0.88,1,0.68483,0.466464,-0.559838,0.666756,0.441713,-0.600271,0.861,0.664,1.423,-0.91,1.583
36729,1224.633,0.88,1,0.686131,0.467061,-0.557743,0.667119,0.441873,-0.59975,0.863,0.666,1.422,-0.913,1.581
36730,1224.667,0.88,1,0.686248,0.466506,-0.558064,0.667693,0.442135,-0.598918,0.864,0.666,1.421,-0.914,1.58
36731,1224.7,0.88,1,0.686478,0.468192,-0.556366,0.667222,0.443468,-0.598458,0.865,0.668,1.418,-0.916,1.577
36732,1224.733,0.88,1,0.688322,0.466876,-0.555194,0.668535,0.441129,-0.598721,0.866,0.667,1.419,-0.918,1.576
36733,1224.767,0.88,1,0.688403,0.466273,-0.5556,0.669591,0.441392,-0.597345,0.867,0.667,1.421,-0.919,1.578
36734,1224.8,0.88,1,0.687973,0.467407,-0.55518,0.669194,0.442641,-0.596865,0.867,0.669,1.424,-0.917,1.581
36735,1224.834,0.88,1,0.688688,0.467807,-0.553954,0.670086,0.442774,-0.595765,0.869,0.67,1.424,-0.917,1.58
36736,1224.867,0.88,1,0.688234,0.468767,-0.553707,0.668976,0.443191,-0.596702,0.868,0.67,1.421,-0.916,1.576
36737,1224.9,0.88,1,0.687791,0.468244,-0.554698,0.668086,0.443125,-0.597747,0.866,0.669,1.418,-0.916,1.575
36738,1224.934,0.88,1,0.686321,0.470522,-0.554592,0.666684,0.44581,-0.597316,0.866,0.672,1.421,-0.914,1.576
36739,1224.967,0.88,1,0.684819,0.470477,-0.556484,0.666057,0.446239,-0.597694,0.864,0.671,1.419,-0.913,1.573
36740,1225.0,0.88,1,0.683816,0.472154,-0.556298,0.664749,0.446797,-0.598733,0.863,0.672,1.416,-0.91,1.569
36741,1225.034,0.88,1,0.679933,0.472681,-0.560591,0.661692,0.450577,-0.599286,0.858,0.672,1.414,-0.906,1.566
36742,1225.067,0.88,1,0.675345,0.475423,-0.563811,0.656264,0.45308,-0.603354,0.851,0.672,1.406,-0.898,1.553
36743,1225.1,0.88,1,0.666791,0.478298,-0.571508,0.648189,0.457152,-0.608985,0.839,0.67,1.391,-0.885,1.532
36744,1225.134,0.88,1,0.663422,0.470538,-0.581778,0.646879,0.445628,-0.61884,0.829,0.652,1.365,-0.853,1.477
36745,1225.167,0.88,1,0.651695,0.47662,-0.590023,0.634811,0.449355,-0.628566,0.813,0.65,1.337,-0.813,1.425
36746,1225.2,0.88,1,0.62788,0.493508,-0.601844,0.60544,0.465418,-0.645622,0.78,0.655,1.311,-0.776,1.382
36747,1225.234,0.82,1,0.611854,0.511628,-0.603218,0.580148,0.48176,-0.656761,0.758,0.668,1.286,-0.753,1.336
36748,1225.267,0.88,1,0.5996,0.528148,-0.601282,0.555477,0.493371,-0.66935,0.738,0.677,1.248,-0.744,1.285
36749,1225.3,0.82,1,0.600406,0.527096,-0.6014,0.550652,0.485884,-0.678748,0.732,0.669,1.196,-0.746,1.239
36750,1225.334,0.98,1,0.61287,0.505719,-0.607156,0.564089,0.458004,-0.687049,0.738,0.64,1.125,-0.766,1.187
36755,1225.5,0.88,1,0.513683,0.495627,-0.700345,0.482946,0.410157,-0.77365,0.595,0.551,0.669,-0.747,0.872
36756,1225.534,0.77,1,0.495615,0.505752,-0.706102,0.513307,0.268861,-0.815003,0.586,0.471,0.627,-0.74,0.846
36757,1225.567,0.77,1,0.486031,0.452065,-0.747938,0.537623,0.3572,-0.763786,0.595,0.492,0.598,-0.735,0.822
36759,1225.634,0.77,1,0.559905,0.473136,-0.680183,0.432701,0.365923,-0.823936,0.583,0.509,0.559,-0.774,0.763
36760,1225.667,0.77,1,0.538747,0.483548,-0.689879,0.44209,0.380478,-0.812276,0.578,0.522,0.549,-0.78,0.735
36761,1225.7,0.77,1,0.559831,0.486672,-0.670626,0.47891,0.244501,-0.843128,0.601,0.45,0.554,-0.78,0.719
36762,1225.734,0.77,1,0.548054,0.466181,-0.694487,0.441949,0.335914,-0.831771,0.575,0.484,0.566,-0.786,0.712
36765,1225.834,0.77,1,0.59463,0.491929,-0.635941,0.520052,0.377326,-0.766271,0.672,0.555,0.712,-0.779,0.714
36766,1225.867,0.88,1,0.631121,0.402996,-0.662782,0.51674,0.387106,-0.763629,0.678,0.506,0.748,-0.796,0.728
36767,1225.901,0.98,1,0.640096,0.418364,-0.644398,0.534599,0.413348,-0.737121,0.705,0.542,0.832,-0.807,0.772
36768,1225.934,0.98,1,0.657457,0.444006,-0.608776,0.549988,0.457637,-0.698629,0.746,0.604,0.964,-0.812,0.855
36769,1225.967,0.88,1,0.657779,0.463678,-0.593573,0.566627,0.494326,-0.659224,0.774,0.653,1.121,-0.791,0.932
36770,1226.001,0.88,1,0.664067,0.457837,-0.591101,0.593906,0.504324,-0.626844,0.802,0.669,1.264,-0.784,0.997
36771,1226.034,0.88,1,0.673942,0.448099,-0.587375,0.616012,0.49746,-0.610789,0.822,0.668,1.363,-0.793,1.052
36772,1226.067,0.88,1,0.667417,0.443141,-0.598483,0.617459,0.500958,-0.606453,0.817,0.665,1.457,-0.787,1.105
36773,1226.101,0.88,1,0.66958,0.441426,-0.597332,0.622926,0.496246,-0.604734,0.822,0.662,1.518,-0.782,1.145
36774,1226.134,0.88,1,0.671652,0.439777,-0.596222,0.62772,0.492274,-0.60302,0.825,0.661,1.57,-0.778,1.186
36775,1226.167,0.88,1,0.674115,0.439891,-0.593351,0.630758,0.487312,-0.60388,0.828,0.659,1.61,-0.772,1.216
36776,1226.201,0.88,1,0.673893,0.442015,-0.592023,0.630755,0.484642,-0.606029,0.828,0.658,1.64,-0.769,1.245
36777,1226.234,0.88,1,0.671791,0.44287,-0.593769,0.629218,0.484518,-0.607723,0.825,0.657,1.662,-0.764,1.264
36778,1226.267,0.88,1,0.666949,0.447786,-0.595539,0.622344,0.489853,-0.610518,0.819,0.661,1.676,-0.753,1.282
36779,1226.301,0.88,1,0.664133,0.452259,-0.595306,0.618871,0.492708,-0.61175,0.816,0.664,1.684,-0.746,1.295
36780,1226.334,0.88,1,0.660759,0.457878,-0.594765,0.61467,0.496576,-0.612857,0.813,0.669,1.681,-0.739,1.3
36781,1226.367,0.88,1,0.650314,0.461497,-0.603417,0.604384,0.504053,-0.616969,0.799,0.669,1.675,-0.729,1.307
36782,1226.401,0.88,1,0.641523,0.467323,-0.608323,0.595024,0.511164,-0.620208,0.789,0.673,1.665,-0.72,1.311
36783,1226.434,0.88,1,0.634456,0.471709,-0.612337,0.588782,0.516732,-0.62155,0.781,0.675,1.657,-0.713,1.314
36784,1226.467,0.88,1,0.628016,0.474944,-0.616461,0.582038,0.519773,-0.625354,0.772,0.675,1.645,-0.708,1.314
36785,1226.501,0.88,1,0.62295,0.476038,-0.620743,0.576752,0.522,-0.628389,0.765,0.674,1.629,-0.703,1.307
36786,1226.534,0.88,1,0.615943,0.483418,-0.62203,0.565847,0.53058,-0.631112,0.756,0.68,1.621,-0.703,1.316
36787,1226.567,0.88,1,0.611415,0.488027,-0.622897,0.560249,0.533962,-0.63325,0.751,0.683,1.608,-0.705,1.32
36788,1226.601,0.88,1,0.612668,0.488911,-0.62097,0.561998,0.534379,-0.631346,0.753,0.685,1.595,-0.71,1.32
36789,1226.634,0.88,1,0.6168,0.48838,-0.617286,0.566481,0.532362,-0.629039,0.759,0.686,1.578,-0.716,1.317
36790,1226.667,0.88,1,0.617227,0.491258,-0.61457,0.566076,0.532576,-0.629222,0.76,0.689,1.559,-0.725,1.318
36791,1226.701,0.88,1,0.620922,0.493133,-0.609325,0.568168,0.532943,-0.627023,0.766,0.693,1.538,-0.738,1.312
36792,1226.734,0.88,1,0.626443,0.492867,-0.603864,0.573558,0.531077,-0.62369,0.774,0.695,1.515,-0.752,1.309
36793,1226.767,0.88,1,0.628326,0.494312,-0.600718,0.574451,0.52997,-0.623809,0.776,0.697,1.485,-0.765,1.298
36794,1226.801,0.88,1,0.624345,0.498704,-0.601239,0.570564,0.533763,-0.624142,0.773,0.7,1.449,-0.773,1.288
36795,1226.834,0.88,1,0.625771,0.503621,-0.595631,0.569345,0.530267,-0.628222,0.774,0.701,1.397,-0.783,1.265
36796,1226.867,0.88,1,0.625939,0.504479,-0.594728,0.569803,0.523184,-0.633722,0.772,0.697,1.338,-0.788,1.239
36797,1226.901,0.88,1,0.629083,0.501115,-0.594254,0.573051,0.512904,-0.639174,0.773,0.688,1.266,-0.798,1.216
36798,1226.934,0.77,1,0.638524,0.492239,-0.591597,0.581871,0.496368,-0.64424,0.779,0.675,1.189,-0.811,1.188
36799,1226.967,0.77,1,0.646711,0.47739,-0.594864,0.586773,0.472264,-0.657773,0.778,0.649,1.096,-0.82,1.134
36800,1227.001,0.77,1,0.646782,0.464516,-0.604895,0.584635,0.452518,-0.673372,0.767,0.622,1.018,-0.823,1.081
36803,1227.101,0.77,1,0.695704,0.41084,-0.589242,0.633438,0.382066,-0.67289,0.811,0.561,0.971,-0.915,1.02
36804,1227.134,0.77,1,0.676996,0.422568,-0.602589,0.61688,0.398793,-0.678544,0.79,0.57,0.98,-0.902,1.028
36805,1227.168,0.88,1,0.692828,0.411205,-0.592368,0.624623,0.393753,-0.674392,0.805,0.566,0.979,-0.93,1.034
36806,1227.201,0.88,1,0.713576,0.402986,-0.573071,0.642452,0.393114,-0.657812,0.834,0.574,0.97,-0.979,1.036
36807,1227.234,0.88,1,0.726987,0.39758,-0.559839,0.654773,0.392439,-0.64596,0.853,0.58,0.996,-1.004,1.048
36808,1227.268,0.88,1,0.733137,0.398654,-0.550986,0.663949,0.399521,-0.632104,0.868,0.594,1.051,-1.021,1.081
36809,1227.301,0.88,1,0.738749,0.391648,-0.548509,0.678944,0.394352,-0.619291,0.882,0.592,1.128,-1.024,1.117
36810,1227.334,0.88,1,0.74206,0.38672,-0.547535,0.690055,0.389189,-0.610209,0.891,0.59,1.208,-1.025,1.166
36811,1227.368,0.88,1,0.732119,0.399959,-0.551394,0.68736,0.40555,-0.602548,0.888,0.609,1.301,-1.009,1.233
36812,1227.401,0.88,1,0.719101,0.414676,-0.557618,0.67967,0.424633,-0.59811,0.88,0.628,1.373,-0.986,1.288
36813,1227.434,0.88,1,0.708122,0.42704,-0.562317,0.671925,0.437693,-0.597446,0.872,0.641,1.43,-0.959,1.335
36814,1227.468,0.88,1,0.691957,0.442719,-0.57026,0.658387,0.45524,-0.599402,0.857,0.655,1.461,-0.931,1.369
36815,1227.501,0.93,1,0.680442,0.446632,-0.580963,0.652815,0.459446,-0.602281,0.845,0.654,1.49,-0.91,1.411
36816,1227.534,0.88,1,0.671236,0.450476,-0.588654,0.647477,0.461587,-0.606391,0.835,0.652,1.506,-0.898,1.442
36817,1227.568,0.93,1,0.668445,0.456774,-0.586974,0.644694,0.464145,-0.607404,0.833,0.657,1.502,-0.893,1.463
36818,1227.601,0.93,1,0.666706,0.460139,-0.586323,0.643053,0.466717,-0.607173,0.832,0.66,1.504,-0.889,1.485
36819,1227.634,0.93,1,0.664857,0.459703,-0.58876,0.641678,0.465033,-0.609913,0.828,0.657,1.496,-0.885,1.491
36820,1227.668,0.93,1,0.663935,0.4608,-0.588943,0.639352,0.465689,-0.611852,0.826,0.657,1.485,-0.886,1.493
36821,1227.701,0.93,1,0.665783,0.461894,-0.585992,0.639952,0.463685,-0.612746,0.828,0.658,1.473,-0.887,1.488
36822,1227.734,0.93,1,0.668906,0.467758,-0.577726,0.639083,0.466146,-0.611785,0.833,0.666,1.459,-0.891,1.485
36823,1227.768,0.93,1,0.673722,0.464289,-0.574921,0.644478,0.462638,-0.608781,0.839,0.664,1.457,-0.893,1.487
36824,1227.801,0.93,1,0.673291,0.464578,-0.575193,0.644456,0.463427,-0.608204,0.839,0.665,1.454,-0.893,1.488
36825,1227.834,0.93,1,0.675131,0.465838,-0.572008,0.645793,0.462991,-0.607117,0.842,0.667,1.448,-0.897,1.488
36826,1227.868,0.93,1,0.67752,0.464486,-0.57028,0.648687,0.460184,-0.606164,0.845,0.666,1.446,-0.9,1.489
36827,1227.901,0.93,1,0.679157,0.4627,-0.569785,0.651707,0.457612,-0.604872,0.848,0.665,1.443,-0.904,1.488
36828,1227.934,0.98,1,0.684908,0.462411,-0.563097,0.65782,0.457373,-0.5984,0.858,0.67,1.446,-0.912,1.494
36829,1227.968,0.98,1,0.687489,0.46307,-0.559397,0.659966,0.457576,-0.595876,0.862,0.673,1.449,-0.919,1.503
36830,1228.001,0.93,1,0.688711,0.462777,-0.558134,0.663426,0.458512,-0.591297,0.866,0.676,1.458,-0.924,1.513
36831,1228.034,0.93,1,0.689565,0.464143,-0.555942,0.66838,0.460112,-0.584435,0.872,0.681,1.465,-0.93,1.529
36832,1228.068,0.88,1,0.694517,0.463608,-0.550194,0.674513,0.458164,-0.578894,0.881,0.685,1.469,-0.939,1.542
36833,1228.101,0.88,1,0.696267,0.465913,-0.54602,0.678796,0.459384,-0.572889,0.888,0.691,1.476,-0.942,1.556
36834,1228.135,0.88,1,0.70019,0.462555,-0.543854,0.682416,0.454861,-0.572197,0.892,0.688,1.48,-0.949,1.562
36835,1228.168,0.88,1,0.703156,0.464005,-0.538769,0.684727,0.456029,-0.568495,0.897,0.693,1.483,-0.951,1.57
36836,1228.201,0.88,1,0.706365,0.46164,-0.536597,0.685764,0.452423,-0.570124,0.899,0.69,1.483,-0.955,1.575
36837,1228.235,0.88,1,0.705929,0.462186,-0.536702,0.685681,0.4534,-0.569447,0.899,0.691,1.484,-0.953,1.581
36838,1228.268,0.88,1,0.699997,0.465155,-0.54188,0.681915,0.456089,-0.571817,0.892,0.691,1.477,-0.948,1.583
36839,1228.301,0.88,1,0.696541,0.467883,-0.543983,0.679037,0.456973,-0.57453,0.888,0.691,1.467,-0.945,1.583
36840,1228.335,0.88,1,0.695946,0.466988,-0.54551,0.678654,0.45407,-0.577277,0.886,0.687,1.456,-0.946,1.584
36841,1228.368,0.88,1,0.68956,0.469302,-0.5516,0.674626,0.456098,-0.580392,0.878,0.685,1.437,-0.939,1.576
36842,1228.401,0.93,1,0.681373,0.474649,-0.55717,0.667526,0.458973,-0.586304,0.868,0.685,1.421,-0.936,1.575
36843,1228.435,0.93,1,0.680488,0.47441,-0.558454,0.667422,0.458217,-0.587013,0.866,0.683,1.412,-0.936,1.58
36844,1228.468,0.93,1,0.682419,0.471423,-0.558628,0.668804,0.454054,-0.588673,0.867,0.679,1.401,-0.942,1.578
36845,1228.501,0.93,1,0.683678,0.468059,-0.559915,0.669443,0.448526,-0.592175,0.865,0.672,1.386,-0.947,1.572
36846,1228.535,0.93,1,0.684083,0.464134,-0.562682,0.668676,0.442358,-0.597656,0.862,0.663,1.371,-0.952,1.566
36847,1228.568,0.98,1,0.682511,0.459717,-0.568189,0.665004,0.435783,-0.606517,0.854,0.651,1.357,-0.953,1.555
36848,1228.601,0.98,1,0.68592,0.45639,-0.566765,0.667422,0.430716,-0.60748,0.856,0.647,1.348,-0.958,1.553
36849,1228.635,0.98,1,0.688321,0.453217,-0.566399,0.667757,0.426453,-0.610113,0.856,0.642,1.342,-0.961,1.547
36850,1228.668,0.98,1,0.690932,0.451089,-0.564917,0.668799,0.422701,-0.611581,0.858,0.639,1.337,-0.968,1.545
36851,1228.701,0.98,1,0.695043,0.449389,-0.561217,0.674214,0.420591,-0.607074,0.864,0.64,1.346,-0.973,1.555
36852,1228.735,0.98,1,0.695971,0.449069,-0.560323,0.676581,0.420969,-0.604172,0.867,0.642,1.349,-0.976,1.56
36853,1228.768,0.98,1,0.697557,0.450699,-0.557032,0.681122,0.42302,-0.5976,0.874,0.648,1.36,-0.981,1.577
36854,1228.801,0.98,1,0.696955,0.453969,-0.555127,0.681784,0.42639,-0.594442,0.876,0.654,1.37,-0.982,1.589
36855,1228.835,0.98,1,0.698616,0.455167,-0.55205,0.682931,0.426246,-0.593229,0.879,0.656,1.384,-0.983,1.604
36856,1228.868,0.98,1,0.695716,0.458417,-0.553022,0.680086,0.431356,-0.592802,0.876,0.66,1.394,-0.977,1.608
36857,1228.901,0.98,1,0.693651,0.460281,-0.554067,0.679201,0.433847,-0.591998,0.875,0.663,1.397,-0.97,1.604
36858,1228.935,0.93,1,0.695133,0.460698,-0.551858,0.681227,0.435408,-0.588514,0.879,0.666,1.403,-0.968,1.605
36859,1228.968,0.93,1,0.697969,0.465764,-0.543969,0.684954,0.441903,-0.579275,0.889,0.68,1.411,-0.97,1.61
36860,1229.001,0.93,1,0.701372,0.466919,-0.538576,0.685299,0.445586,-0.576037,0.894,0.686,1.405,-0.972,1.594
36861,1229.035,0.93,1,0.707525,0.461014,-0.535606,0.689982,0.441212,-0.573809,0.9,0.683,1.395,-0.976,1.579
36862,1229.068,0.93,1,0.713241,0.45312,-0.534761,0.695734,0.431829,-0.574002,0.904,0.674,1.386,-0.982,1.568
36863,1229.101,0.93,1,0.717504,0.448107,-0.53328,0.697993,0.424083,-0.577027,0.906,0.666,1.368,-0.985,1.55
36864,1229.135,0.93,1,0.720302,0.439566,-0.536606,0.701592,0.414342,-0.579732,0.905,0.653,1.35,-0.987,1.531
36865,1229.168,0.93,1,0.719148,0.438462,-0.539052,0.701364,0.412962,-0.580991,0.903,0.65,1.333,-0.984,1.515
36866,1229.202,0.93,1,0.715932,0.437424,-0.544152,0.700949,0.412867,-0.581559,0.899,0.647,1.324,-0.975,1.503
36867,1229.235,0.98,1,0.705654,0.443063,-0.552944,0.692491,0.419171,-0.587156,0.887,0.648,1.336,-0.957,1.504
36868,1229.268,0.98,1,0.69696,0.443491,-0.563527,0.684115,0.421804,-0.595036,0.873,0.641,1.335,-0.939,1.497
36869,1229.302,0.98,1,0.688775,0.448727,-0.569415,0.674239,0.426504,-0.602906,0.86,0.641,1.335,-0.924,1.494
36870,1229.335,0.98,1,0.68206,0.455195,-0.572357,0.666719,0.433502,-0.606269,0.853,0.646,1.336,-0.909,1.494
36871,1229.368,0.98,1,0.673114,0.465673,-0.574514,0.658859,0.445883,-0.605882,0.846,0.658,1.335,-0.9,1.501
36872,1229.402,0.98,1,0.668089,0.46965,-0.577136,0.656306,0.452007,-0.604113,0.842,0.663,1.339,-0.89,1.506
36873,1229.435,0.93,1,0.665015,0.473409,-0.577615,0.655528,0.458097,-0.600358,0.842,0.669,1.347,-0.885,1.517
36874,1229.468,0.88,1,0.662997,0.475382,-0.578314,0.65515,0.461178,-0.598409,0.842,0.672,1.346,-0.886,1.525
36875,1229.502,0.88,1,0.660286,0.476233,-0.58071,0.653286,0.462851,-0.599155,0.839,0.672,1.345,-0.885,1.526
36876,1229.535,0.88,1,0.659347,0.47756,-0.580687,0.654658,0.465889,-0.59529,0.841,0.676,1.352,-0.886,1.54
36877,1229.568,0.88,1,0.663311,0.479417,-0.57461,0.658608,0.465758,-0.59102,0.848,0.681,1.352,-0.893,1.546
36878,1229.602,0.88,1,0.665592,0.477305,-0.573731,0.662003,0.464596,-0.588135,0.852,0.681,1.353,-0.897,1.551
36879,1229.635,0.88,1,0.667903,0.478259,-0.57024,0.663941,0.465354,-0.585345,0.856,0.685,1.363,-0.901,1.56
36880,1229.668,0.88,1,0.671678,0.476683,-0.567117,0.66799,0.463685,-0.582053,0.862,0.686,1.374,-0.904,1.57
36881,1229.702,0.88,1,0.675436,0.477345,-0.562074,0.669135,0.46303,-0.581258,0.866,0.688,1.39,-0.907,1.583
36882,1229.735,0.88,1,0.679674,0.475727,-0.558325,0.672868,0.461428,-0.578214,0.872,0.69,1.405,-0.912,1.596
36883,1229.768,0.88,1,0.679078,0.476706,-0.558216,0.671809,0.462267,-0.578776,0.871,0.69,1.409,-0.912,1.6
36884,1229.802,0.88,1,0.680561,0.474489,-0.558299,0.674233,0.461129,-0.576862,0.873,0.689,1.418,-0.913,1.608
36885,1229.835,0.88,1,0.68206,0.475024,-0.556009,0.674935,0.460435,-0.576595,0.875,0.69,1.43,-0.914,1.62
36886,1229.868,0.88,1,0.683156,0.474463,-0.555142,0.676514,0.460453,-0.574728,0.877,0.691,1.439,-0.914,1.63
36887,1229.902,0.88,1,0.683844,0.473699,-0.554947,0.677532,0.459692,-0.574138,0.878,0.691,1.443,-0.915,1.637
36888,1229.935,0.88,1,0.68477,0.472104,-0.555165,0.679771,0.459146,-0.571923,0.88,0.691,1.45,-0.915,1.644
36889,1229.968,0.88,1,0.683676,0.472536,-0.556144,0.677269,0.458155,-0.575674,0.877,0.688,1.449,-0.914,1.642
36890,1230.002,0.88,1,0.684031,0.473158,-0.555178,0.67729,0.457973,-0.575794,0.878,0.689,1.449,-0.914,1.644
36891,1230.035,0.88,1,0.685261,0.471331,-0.555216,0.680592,0.45757,-0.57221,0.881,0.689,1.455,-0.914,1.652
36892,1230.068,0.88,1,0.687353,0.469148,-0.554478,0.683587,0.454863,-0.570796,0.883,0.688,1.457,-0.913,1.654
36893,1230.102,0.88,1,0.685359,0.470213,-0.556043,0.681748,0.456369,-0.571793,0.881,0.688,1.457,-0.912,1.656
36894,1230.135,0.88,1,0.684044,0.471905,-0.556228,0.679954,0.456932,-0.573476,0.879,0.688,1.456,-0.911,1.656
36895,1230.168,0.88,1,0.683019,0.472316,-0.557138,0.680321,0.458716,-0.571614,0.879,0.69,1.459,-0.91,1.66
36896,1230.202,0.88,1,0.682801,0.472398,-0.557336,0.679931,0.458226,-0.572471,0.879,0.689,1.457,-0.911,1.659
36897,1230.235,0.88,1,0.681874,0.474056,-0.557062,0.679142,0.460015,-0.571972,0.878,0.691,1.456,-0.909,1.662
36898,1230.268,0.88,1,0.679463,0.478078,-0.55657,0.676451,0.464511,-0.571527,0.877,0.696,1.457,-0.906,1.663
36899,1230.302,0.88,1,0.675246,0.481048,-0.559139,0.670781,0.466068,-0.576918,0.87,0.695,1.449,-0.903,1.653
36900,1230.335,0.88,1,0.669497,0.492015,-0.556502,0.659942,0.474582,-0.58245,0.862,0.704,1.448,-0.898,1.643
36901,1230.369,0.88,1,0.669444,0.49508,-0.553842,0.658604,0.476736,-0.582205,0.863,0.708,1.44,-0.896,1.636
36902,1230.402,0.88,1,0.666786,0.497825,-0.554587,0.656558,0.480359,-0.581538,0.861,0.711,1.435,-0.894,1.635
36903,1230.435,0.88,1,0.664872,0.498512,-0.556265,0.653956,0.479436,-0.58522,0.857,0.708,1.429,-0.894,1.63
36904,1230.469,0.88,1,0.664453,0.498522,-0.556757,0.65416,0.479625,-0.584837,0.857,0.708,1.425,-0.893,1.628
36905,1230.502,0.88,1,0.663972,0.499155,-0.556763,0.653412,0.479551,-0.585734,0.856,0.708,1.42,-0.894,1.625
36906,1230.535,0.88,1,0.663609,0.499172,-0.557181,0.651774,0.479159,-0.587875,0.855,0.707,1.416,-0.894,1.622
36907,1230.569,0.88,1,0.663197,0.49928,-0.557574,0.651921,0.48073,-0.586428,0.855,0.708,1.418,-0.893,1.624
36908,1230.602,0.88,1,0.664075,0.497772,-0.557878,0.652683,0.478071,-0.587753,0.855,0.706,1.413,-0.895,1.62
36909,1230.635,0.88,1,0.663455,0.49859,-0.557885,0.652234,0.478514,-0.587891,0.854,0.706,1.409,-0.895,1.616
36910,1230.669,0.88,1,0.662346,0.499372,-0.558502,0.651275,0.479356,-0.588268,0.853,0.707,1.405,-0.894,1.615
36911,1230.702,0.88,1,0.661922,0.499682,-0.558728,0.650647,0.479143,-0.589135,0.852,0.706,1.403,-0.894,1.613
36912,1230.735,0.88,1,0.661395,0.501229,-0.557966,0.649547,0.480544,-0.589208,0.852,0.708,1.4,-0.893,1.611
36913,1230.769,0.88,1,0.66029,0.501064,-0.559421,0.649034,0.480959,-0.589435,0.851,0.707,1.4,-0.892,1.612
36914,1230.802,0.88,1,0.660529,0.501769,-0.558507,0.648899,0.481549,-0.589102,0.851,0.708,1.398,-0.892,1.611
36915,1230.835,0.88,1,0.660053,0.501826,-0.559018,0.647971,0.481014,-0.590558,0.85,0.707,1.398,-0.892,1.61
36916,1230.869,0.88,1,0.659544,0.501759,-0.559678,0.648152,0.481058,-0.590323,0.849,0.707,1.397,-0.892,1.61
36917,1230.902,0.88,1,0.66096,0.5008,-0.558866,0.650413,0.480175,-0.588553,0.852,0.707,1.399,-0.893,1.613
36918,1230.935,0.88,1,0.66057,0.500698,-0.559419,0.649373,0.479924,-0.589904,0.851,0.706,1.397,-0.893,1.611
36919,1230.969,0.88,1,0.660087,0.502607,-0.558275,0.648156,0.480803,-0.590527,0.85,0.708,1.399,-0.893,1.613
36920,1231.002,0.88,1,0.660746,0.501546,-0.558451,0.650145,0.481045,-0.588139,0.852,0.709,1.401,-0.892,1.615
36921,1231.035,0.88,1,0.66115,0.500671,-0.558757,0.650846,0.47998,-0.588234,0.852,0.707,1.4,-0.894,1.616
36922,1231.069,0.88,1,0.661282,0.500119,-0.559095,0.650632,0.479178,-0.589123,0.852,0.706,1.399,-0.895,1.616
36923,1231.102,0.88,1,0.66093,0.500427,-0.559236,0.649989,0.479551,-0.58953,0.851,0.706,1.398,-0.895,1.616
36924,1231.135,0.88,1,0.660151,0.501156,-0.559502,0.649236,0.48053,-0.589562,0.851,0.707,1.396,-0.894,1.615
36925,1231.169,0.88,1,0.66043,0.500533,-0.559731,0.651843,0.480875,-0.586396,0.853,0.708,1.4,-0.892,1.62
36926,1231.202,0.88,1,0.660096,0.499955,-0.560641,0.651117,0.481087,-0.587028,0.852,0.707,1.4,-0.892,1.62
36927,1231.235,0.88,1,0.660429,0.500594,-0.559678,0.650808,0.481011,-0.587433,0.852,0.708,1.401,-0.893,1.62
36928,1231.269,0.88,1,0.660657,0.500508,-0.559485,0.65091,0.480788,-0.587502,0.852,0.708,1.404,-0.893,1.624
36929,1231.302,0.88,1,0.659832,0.500714,-0.560274,0.650001,0.481477,-0.587944,0.851,0.708,1.403,-0.893,1.623
36930,1231.335,0.88,1,0.661037,0.500771,-0.5588,0.650342,0.480416,-0.588435,0.852,0.708,1.404,-0.894,1.623
36931,1231.369,0.88,1,0.662307,0.500099,-0.557899,0.652429,0.479919,-0.586527,0.855,0.708,1.407,-0.893,1.625
36932,1231.402,0.88,1,0.662989,0.499186,-0.557906,0.653792,0.480568,-0.584474,0.856,0.709,1.411,-0.893,1.628
36933,1231.436,0.88,1,0.662688,0.500121,-0.557425,0.65386,0.481862,-0.583333,0.857,0.711,1.411,-0.892,1.628
36934,1231.469,0.88,1,0.662615,0.499872,-0.557736,0.653394,0.480772,-0.584752,0.856,0.709,1.41,-0.892,1.626
36935,1231.502,0.88,1,0.662656,0.500318,-0.557287,0.653426,0.480933,-0.584583,0.856,0.71,1.41,-0.893,1.626
36936,1231.536,0.88,1,0.663487,0.49962,-0.556924,0.654344,0.479985,-0.584337,0.857,0.709,1.411,-0.894,1.627
36937,1231.569,0.88,1,0.662387,0.499366,-0.55846,0.653581,0.480677,-0.584621,0.856,0.709,1.409,-0.893,1.625
36938,1231.602,0.88,1,0.662722,0.499661,-0.557798,0.653653,0.481095,-0.584196,0.856,0.71,1.409,-0.894,1.626
36939,1231.636,0.88,1,0.662205,0.499209,-0.558816,0.652935,0.481174,-0.584933,0.855,0.709,1.41,-0.895,1.627
36940,1231.669,0.88,1,0.662809,0.498732,-0.558526,0.654318,0.481452,-0.583156,0.857,0.709,1.411,-0.897,1.629
36941,1231.702,0.88,1,0.663418,0.499138,-0.557438,0.654809,0.481594,-0.582489,0.858,0.71,1.413,-0.897,1.631
36942,1231.736,0.88,1,0.663737,0.498865,-0.557303,0.655442,0.481765,-0.581634,0.859,0.711,1.414,-0.897,1.63
36943,1231.769,0.88,1,0.663102,0.499513,-0.557479,0.655062,0.483064,-0.580985,0.858,0.712,1.413,-0.896,1.629
36944,1231.802,0.88,1,0.662599,0.501912,-0.55592,0.653959,0.483922,-0.581513,0.858,0.714,1.42,-0.894,1.633
36945,1231.836,0.88,1,0.66186,0.501694,-0.556997,0.653464,0.484832,-0.581311,0.857,0.714,1.42,-0.893,1.632
36946,1231.869,0.88,1,0.663152,0.499472,-0.557455,0.655275,0.481728,-0.581853,0.858,0.711,1.419,-0.893,1.629
36947,1231.902,0.88,1,0.662178,0.500477,-0.557713,0.653815,0.482782,-0.582621,0.857,0.712,1.417,-0.892,1.626
36948,1231.936,0.93,1,0.660095,0.501515,-0.559247,0.651179,0.483042,-0.585351,0.853,0.71,1.412,-0.891,1.623
36949,1231.969,0.93,1,0.660191,0.50212,-0.55859,0.651561,0.48454,-0.583686,0.854,0.712,1.414,-0.89,1.627
36950,1232.002,0.93,1,0.659593,0.502297,-0.559138,0.650993,0.484275,-0.584538,0.853,0.712,1.412,-0.89,1.626
36951,1232.036,0.93,1,0.660121,0.50137,-0.559346,0.651537,0.483538,-0.584543,0.854,0.711,1.415,-0.89,1.63
36952,1232.069,0.93,1,0.660164,0.500696,-0.559899,0.651911,0.483699,-0.583992,0.854,0.711,1.411,-0.89,1.626
36953,1232.102,0.88,1,0.661145,0.500638,-0.558792,0.652611,0.482986,-0.583801,0.855,0.711,1.411,-0.893,1.627
36954,1232.136,0.88,1,0.662183,0.500329,-0.557838,0.653741,0.482699,-0.582773,0.857,0.711,1.413,-0.894,1.629
36955,1232.169,0.93,1,0.662822,0.500548,-0.556883,0.654482,0.482204,-0.58235,0.858,0.712,1.417,-0.894,1.631
36956,1232.202,0.93,1,0.664138,0.498207,-0.557414,0.6562,0.481044,-0.581376,0.859,0.71,1.423,-0.897,1.636
36957,1232.236,0.93,1,0.664729,0.497823,-0.557052,0.656415,0.480809,-0.581328,0.86,0.71,1.425,-0.899,1.637
36958,1232.269,0.88,1,0.667886,0.497401,-0.553643,0.659431,0.48022,-0.578394,0.865,0.712,1.431,-0.904,1.645
36959,1232.302,0.88,1,0.669461,0.497176,-0.551941,0.660513,0.479359,-0.577874,0.867,0.713,1.431,-0.907,1.648
36960,1232.336,0.88,1,0.664797,0.499042,-0.555879,0.655862,0.480375,-0.58231,0.859,0.711,1.425,-0.899,1.641
36961,1232.369,0.88,1,0.656683,0.502596,-0.562286,0.648958,0.484138,-0.586911,0.849,0.709,1.411,-0.881,1.627
36962,1232.402,0.88,1,0.649338,0.508229,-0.565742,0.642637,0.490637,-0.588466,0.842,0.713,1.407,-0.863,1.618
36963,1232.436,0.88,1,0.652056,0.51471,-0.556684,0.644243,0.499374,-0.57929,0.851,0.729,1.441,-0.859,1.639
36964,1232.469,0.88,1,0.667392,0.511298,-0.541444,0.657107,0.496143,-0.567496,0.874,0.737,1.49,-0.875,1.665
36965,1232.502,0.88,1,0.680424,0.504626,-0.53139,0.669171,0.491926,-0.556973,0.892,0.741,1.53,-0.896,1.689
36966,1232.536,0.88,1,0.689765,0.494734,-0.528641,0.679705,0.484904,-0.550336,0.903,0.737,1.539,-0.906,1.689
36967,1232.569,0.88,1,0.688111,0.494037,-0.531442,0.676947,0.486387,-0.552423,0.9,0.735,1.531,-0.905,1.676
36968,1232.603,0.88,1,0.687875,0.492319,-0.533339,0.67702,0.485175,-0.553398,0.898,0.733,1.524,-0.906,1.666
36969,1232.636,0.88,1,0.688865,0.492279,-0.532096,0.678295,0.485471,-0.551573,0.901,0.734,1.524,-0.909,1.663
36970,1232.669,0.88,1,0.687614,0.491096,-0.534801,0.676738,0.48445,-0.554378,0.897,0.73,1.514,-0.909,1.655
36971,1232.703,0.88,1,0.688835,0.49122,-0.533113,0.678336,0.484208,-0.552632,0.9,0.732,1.509,-0.911,1.651
36972,1232.736,0.88,1,0.687681,0.493037,-0.532926,0.676025,0.484926,-0.55483,0.897,0.732,1.501,-0.91,1.643
36973,1232.769,0.88,1,0.687238,0.492257,-0.534216,0.674767,0.483726,-0.557402,0.895,0.73,1.5,-0.909,1.64
36974,1232.803,0.88,1,0.687731,0.492657,-0.533213,0.676401,0.485155,-0.554172,0.898,0.732,1.505,-0.908,1.644
36975,1232.836,0.88,1,0.688484,0.492861,-0.532051,0.677109,0.485132,-0.553326,0.899,0.733,1.513,-0.906,1.649
36976,1232.869,0.88,1,0.688153,0.494583,-0.53088,0.677028,0.487078,-0.551714,0.9,0.737,1.526,-0.904,1.66
36977,1232.903,0.88,1,0.686915,0.496327,-0.530855,0.675163,0.488865,-0.552419,0.899,0.738,1.534,-0.901,1.665
36978,1232.936,0.88,1,0.684785,0.498467,-0.531601,0.673184,0.490606,-0.55329,0.897,0.739,1.54,-0.896,1.671
36979,1232.969,0.88,1,0.685375,0.498018,-0.531262,0.674681,0.491901,-0.550309,0.899,0.741,1.545,-0.894,1.677
36980,1233.003,0.88,1,0.684386,0.497644,-0.532885,0.673476,0.491413,-0.552216,0.897,0.739,1.551,-0.892,1.683
36981,1233.036,0.88,1,0.685196,0.497282,-0.532182,0.674467,0.491407,-0.551011,0.898,0.74,1.558,-0.893,1.687
36982,1233.069,0.88,1,0.686088,0.496797,-0.531486,0.675804,0.491554,-0.54924,0.9,0.741,1.56,-0.892,1.69
36983,1233.103,0.88,1,0.685154,0.496971,-0.532526,0.675577,0.49305,-0.548177,0.9,0.742,1.562,-0.892,1.692
36984,1233.136,0.88,1,0.685915,0.49779,-0.530778,0.675577,0.493282,-0.547967,0.901,0.743,1.565,-0.892,1.693
36985,1233.169,0.88,1,0.684584,0.496826,-0.533393,0.673847,0.492274,-0.550996,0.897,0.739,1.565,-0.891,1.691
36986,1233.203,0.93,1,0.683652,0.49743,-0.534025,0.673256,0.493306,-0.550795,0.896,0.74,1.568,-0.89,1.692
36987,1233.236,0.88,1,0.684643,0.499254,-0.531046,0.67384,0.495351,-0.548241,0.899,0.745,1.57,-0.889,1.693
36988,1233.269,0.88,1,0.68594,0.496046,-0.532376,0.676039,0.491911,-0.54863,0.9,0.74,1.571,-0.89,1.693
36989,1233.303,0.88,1,0.686875,0.495177,-0.53198,0.677521,0.492007,-0.546713,0.902,0.741,1.573,-0.892,1.696
36990,1233.336,0.88,1,0.688523,0.492689,-0.532159,0.679716,0.489181,-0.546524,0.903,0.738,1.567,-0.895,1.692
36991,1233.369,0.88,1,0.689099,0.491816,-0.532221,0.680234,0.487472,-0.547406,0.903,0.737,1.56,-0.897,1.687
36992,1233.403,0.88,1,0.688945,0.49105,-0.533126,0.680741,0.487444,-0.546801,0.903,0.736,1.558,-0.898,1.687
36993,1233.436,0.88,1,0.689397,0.490129,-0.53339,0.681457,0.485986,-0.547206,0.903,0.735,1.556,-0.9,1.685
36994,1233.469,0.88,1,0.689098,0.490688,-0.533263,0.680152,0.487273,-0.547685,0.903,0.735,1.548,-0.904,1.678
36995,1233.503,0.88,1,0.690262,0.489978,-0.532409,0.68033,0.48477,-0.549681,0.902,0.733,1.544,-0.907,1.675
36996,1233.536,0.88,1,0.691878,0.491142,-0.529229,0.681205,0.484487,-0.548846,0.905,0.736,1.539,-0.91,1.671
36997,1233.569,0.88,1,0.693448,0.489439,-0.528752,0.683092,0.484054,-0.546879,0.907,0.736,1.538,-0.911,1.668
36998,1233.603,0.88,1,0.694216,0.489128,-0.528032,0.684083,0.483974,-0.545711,0.909,0.736,1.536,-0.913,1.665
36999,1233.636,0.88,1,0.69383,0.489283,-0.528396,0.683395,0.484035,-0.546517,0.908,0.736,1.533,-0.914,1.664
37000,1233.67,0.88,1,0.694469,0.488675,-0.528118,0.684305,0.484266,-0.545173,0.909,0.736,1.538,-0.917,1.668
37001,1233.703,0.88,1,0.695312,0.487743,-0.527872,0.685557,0.483348,-0.544414,0.911,0.736,1.54,-0.917,1.668
37002,1233.736,0.88,1,0.696124,0.486431,-0.528012,0.686018,0.48081,-0.546079,0.91,0.733,1.541,-0.919,1.669
37003,1233.77,0.88,1,0.696039,0.484305,-0.530074,0.686526,0.480298,-0.54589,0.909,0.731,1.545,-0.92,1.67
37004,1233.803,0.88,1,0.697802,0.483531,-0.528461,0.688695,0.479224,-0.5441,0.912,0.732,1.549,-0.922,1.673
37005,1233.836,0.88,1,0.699798,0.480646,-0.528452,0.690142,0.475689,-0.545366,0.913,0.728,1.543,-0.928,1.669
37006,1233.87,0.88,1,0.70129,0.480409,-0.526687,0.6924,0.476268,-0.541988,0.917,0.73,1.55,-0.93,1.676
37007,1233.903,0.88,1,0.704825,0.478464,-0.52373,0.695962,0.473773,-0.539608,0.921,0.73,1.551,-0.938,1.679
37008,1233.936,0.88,1,0.708004,0.475739,-0.521922,0.699309,0.470515,-0.538129,0.925,0.729,1.548,-0.943,1.676
37009,1233.97,0.88,1,0.710188,0.47411,-0.520435,0.700653,0.468393,-0.538231,0.927,0.727,1.541,-0.951,1.672
37010,1234.003,0.88,1,0.711328,0.469488,-0.523061,0.703028,0.463882,-0.53904,0.927,0.721,1.537,-0.955,1.667
37011,1234.036,0.88,1,0.712273,0.470465,-0.520894,0.703205,0.463925,-0.538773,0.928,0.723,1.526,-0.96,1.657
37012,1234.07,0.88,1,0.713205,0.467391,-0.522384,0.705148,0.46131,-0.538479,0.929,0.719,1.52,-0.963,1.651
37013,1234.103,0.88,1,0.713356,0.463953,-0.525234,0.706377,0.459327,-0.538564,0.928,0.715,1.512,-0.963,1.641
37014,1234.136,0.88,1,0.71327,0.464485,-0.524881,0.705642,0.459233,-0.539605,0.927,0.715,1.506,-0.963,1.634
37015,1234.17,0.88,1,0.713806,0.463507,-0.525016,0.706292,0.458043,-0.539766,0.927,0.713,1.501,-0.963,1.629
37016,1234.203,0.88,1,0.713569,0.465333,-0.523722,0.705424,0.458557,-0.540465,0.927,0.715,1.502,-0.964,1.63
37017,1234.236,0.88,1,0.713653,0.463983,-0.524804,0.705583,0.457574,-0.541091,0.927,0.713,1.498,-0.963,1.626
37018,1234.27,0.88,1,0.71237,0.467102,-0.52378,0.703876,0.461091,-0.540327,0.926,0.717,1.5,-0.961,1.627
37019,1234.303,0.93,1,0.711176,0.467518,-0.525029,0.703204,0.461687,-0.540693,0.925,0.717,1.497,-0.961,1.625
37020,1234.336,0.93,1,0.710109,0.46856,-0.525545,0.701304,0.462152,-0.542759,0.923,0.717,1.498,-0.962,1.626
37021,1234.37,0.93,1,0.711677,0.465062,-0.52653,0.704185,0.46025,-0.540642,0.925,0.714,1.503,-0.96,1.63
37022,1234.403,0.93,1,0.711795,0.465221,-0.52623,0.703509,0.459451,-0.542199,0.924,0.713,1.506,-0.96,1.631
37023,1234.436,0.93,1,0.713621,0.4658,-0.523235,0.705893,0.460366,-0.538311,0.929,0.717,1.513,-0.962,1.636
37024,1234.47,0.93,1,0.713312,0.466605,-0.522939,0.705423,0.460541,-0.538777,0.928,0.718,1.519,-0.96,1.642
37025,1234.503,0.88,1,0.713124,0.466294,-0.523473,0.706065,0.46178,-0.536871,0.929,0.719,1.523,-0.959,1.644
37026,1234.536,0.88,1,0.713939,0.466001,-0.522622,0.707267,0.460724,-0.536196,0.93,0.719,1.531,-0.959,1.651
37027,1234.57,0.88,1,0.715603,0.464215,-0.521936,0.709396,0.45892,-0.53493,0.933,0.718,1.537,-0.961,1.657
37028,1234.603,0.88,1,0.718463,0.461495,-0.520417,0.712543,0.455726,-0.533476,0.936,0.716,1.541,-0.964,1.661
37029,1234.636,0.88,1,0.719256,0.461303,-0.51949,0.71355,0.455352,-0.532448,0.937,0.717,1.542,-0.963,1.662
37030,1234.67,0.88,1,0.719943,0.461,-0.518808,0.714061,0.454565,-0.532436,0.938,0.717,1.541,-0.966,1.662
37031,1234.703,0.88,1,0.719,0.461343,-0.519809,0.712725,0.454981,-0.533868,0.936,0.716,1.541,-0.966,1.661
37032,1234.736,0.88,1,0.719868,0.459395,-0.520333,0.713508,0.45179,-0.53553,0.936,0.712,1.537,-0.97,1.66
37033,1234.77,0.88,1,0.720234,0.458333,-0.520763,0.713426,0.450256,-0.536929,0.935,0.71,1.535,-0.974,1.656
37034,1234.803,0.88,1,0.720963,0.456521,-0.521346,0.713969,0.448299,-0.537844,0.935,0.707,1.529,-0.977,1.651
37035,1234.837,0.88,1,0.721453,0.456021,-0.521106,0.713893,0.447838,-0.538329,0.935,0.706,1.522,-0.981,1.647
37036,1234.87,0.88,1,0.72231,0.456515,-0.519483,0.713868,0.447509,-0.538636,0.936,0.707,1.514,-0.983,1.64
37037,1234.903,0.93,1,0.72308,0.45588,-0.518969,0.713296,0.44719,-0.539658,0.936,0.706,1.502,-0.987,1.628
37038,1234.937,0.93,1,0.721935,0.457455,-0.519178,0.71088,0.448315,-0.541907,0.933,0.707,1.486,-0.988,1.611
37039,1234.97,0.93,1,0.72349,0.45531,-0.518899,0.712665,0.446011,-0.541463,0.935,0.705,1.476,-0.991,1.601
37040,1235.003,0.93,1,0.727124,0.453299,-0.515568,0.71344,0.443617,-0.542408,0.937,0.703,1.467,-1.005,1.591
37041,1235.037,0.88,1,0.738342,0.441595,-0.50975,0.722566,0.429695,-0.541535,0.947,0.692,1.457,-1.033,1.58
37042,1235.07,0.88,1,0.760128,0.422972,-0.493255,0.737527,0.409101,-0.5373,0.968,0.679,1.462,-1.078,1.588
37043,1235.103,0.88,1,0.780724,0.404399,-0.476373,0.747154,0.387272,-0.540167,0.984,0.662,1.424,-1.117,1.549
37044,1235.137,0.88,1,0.793421,0.387221,-0.469621,0.755464,0.368753,-0.541568,0.992,0.642,1.374,-1.136,1.489
37045,1235.17,0.88,1,0.793174,0.378673,-0.476951,0.755186,0.359243,-0.548304,0.986,0.624,1.34,-1.126,1.43
37046,1235.203,0.88,1,0.787324,0.376999,-0.487846,0.740718,0.355637,-0.569964,0.965,0.606,1.294,-1.104,1.34
37047,1235.237,0.93,1,0.776575,0.37042,-0.509627,0.723965,0.346478,-0.596513,0.936,0.575,1.247,-1.083,1.237
37048,1235.27,0.93,1,0.76471,0.373464,-0.525113,0.71181,0.343892,-0.612426,0.914,0.563,1.209,-1.065,1.175
37049,1235.303,0.88,1,0.75186,0.377125,-0.540817,0.702725,0.346163,-0.621569,0.897,0.557,1.177,-1.056,1.143
37050,1235.337,0.88,1,0.753669,0.380342,-0.536025,0.703178,0.352186,-0.617662,0.901,0.566,1.157,-1.063,1.141
37051,1235.37,0.88,1,0.750491,0.388142,-0.534892,0.694681,0.366279,-0.619078,0.897,0.579,1.149,-1.053,1.136
37052,1235.403,0.88,1,0.758043,0.388164,-0.524117,0.702945,0.372917,-0.605641,0.913,0.593,1.164,-1.061,1.149
37053,1235.437,0.88,1,0.763461,0.386225,-0.517646,0.705932,0.374819,-0.600975,0.92,0.597,1.184,-1.059,1.149
37054,1235.47,0.98,1,0.767462,0.3896,-0.50913,0.708572,0.386277,-0.590521,0.931,0.614,1.236,-1.049,1.177
37055,1235.503,0.98,1,0.760227,0.402718,-0.509778,0.702938,0.403534,-0.585695,0.928,0.634,1.277,-1.025,1.196
37056,1235.537,0.88,1,0.752787,0.414521,-0.511354,0.696244,0.419552,-0.582426,0.924,0.651,1.307,-1.0,1.209
37057,1235.57,0.88,1,0.744244,0.421988,-0.517714,0.691567,0.430917,-0.579695,0.918,0.661,1.329,-0.98,1.219
37058,1235.603,0.88,1,0.738608,0.429833,-0.519329,0.688624,0.442796,-0.57422,0.917,0.674,1.36,-0.967,1.242
37059,1235.637,0.88,1,0.729814,0.441586,-0.521894,0.686184,0.460258,-0.563307,0.917,0.693,1.398,-0.952,1.269
37060,1235.67,0.88,1,0.722652,0.450698,-0.524065,0.685299,0.472308,-0.554337,0.917,0.708,1.439,-0.94,1.3
37061,1235.703,0.88,1,0.723574,0.452648,-0.521105,0.689187,0.476115,-0.546202,0.924,0.716,1.485,-0.939,1.337
37062,1235.737,0.88,1,0.723327,0.451792,-0.52219,0.691263,0.477455,-0.542395,0.926,0.718,1.518,-0.937,1.354
37063,1235.77,0.88,1,0.7253,0.451867,-0.51938,0.693795,0.479839,-0.537032,0.931,0.723,1.552,-0.935,1.377
37064,1235.803,0.88,1,0.725065,0.453045,-0.518682,0.695597,0.485335,-0.529712,0.935,0.73,1.586,-0.931,1.399
37065,1235.837,0.88,1,0.728156,0.452566,-0.514755,0.698741,0.48687,-0.524136,0.941,0.735,1.61,-0.935,1.416
37066,1235.87,0.88,1,0.731909,0.449976,-0.511694,0.70268,0.484463,-0.521091,0.947,0.735,1.631,-0.94,1.431
37067,1235.904,0.88,1,0.732841,0.45257,-0.508059,0.702848,0.487114,-0.518386,0.95,0.741,1.66,-0.941,1.459
37068,1235.937,0.88,1,0.735348,0.449999,-0.506719,0.704774,0.483742,-0.518929,0.952,0.739,1.68,-0.942,1.472
37069,1235.97,0.88,1,0.738582,0.44707,-0.504604,0.707855,0.481258,-0.517041,0.956,0.738,1.713,-0.94,1.492
37070,1236.004,0.88,1,0.743959,0.437287,-0.505277,0.715201,0.470962,-0.516413,0.96,0.727,1.749,-0.939,1.505
37071,1236.037,0.88,1,0.75175,0.421417,-0.507228,0.726057,0.453541,-0.516857,0.965,0.707,1.793,-0.941,1.516
37072,1236.07,0.88,1,0.763203,0.400766,-0.506861,0.740754,0.430856,-0.515409,0.974,0.683,1.842,-0.946,1.531
37073,1236.104,0.88,1,0.770098,0.38826,-0.506165,0.749758,0.414204,-0.516041,0.979,0.666,1.896,-0.946,1.558
37074,1236.137,0.88,1,0.772537,0.374078,-0.513082,0.755853,0.399622,-0.518641,0.977,0.643,1.948,-0.942,1.591
37075,1236.17,0.98,1,0.765609,0.38515,-0.515269,0.741417,0.425922,-0.518548,0.97,0.665,1.895,-0.932,1.527
37077,1236.237,0.98,1,0.76178,0.373343,-0.52944,0.737373,0.405734,-0.540057,0.951,0.63,1.967,-0.905,1.56
37078,1236.27,0.98,1,0.756828,0.376594,-0.534217,0.737837,0.411969,-0.534677,0.95,0.636,1.983,-0.892,1.578
37080,1236.337,0.77,1,0.752013,0.37643,-0.541089,0.728915,0.417166,-0.542821,0.939,0.632,2.013,-0.858,1.601
37081,1236.37,0.77,1,0.745988,0.386597,-0.542259,0.725762,0.427215,-0.539219,0.937,0.645,2.013,-0.85,1.612
37082,1236.404,0.77,1,0.742895,0.392016,-0.542615,0.723111,0.435954,-0.535775,0.937,0.655,2.017,-0.835,1.62
37083,1236.437,0.77,1,0.738936,0.395769,-0.54529,0.718666,0.438905,-0.539335,0.931,0.656,2.021,-0.825,1.624
37084,1236.47,0.88,1,0.736526,0.404299,-0.542284,0.71412,0.446234,-0.539358,0.93,0.666,2.015,-0.819,1.625
37085,1236.504,0.88,1,0.732076,0.410809,-0.543416,0.708282,0.45077,-0.543271,0.924,0.67,2.005,-0.813,1.617
37086,1236.537,0.88,1,0.727257,0.412841,-0.548324,0.703126,0.453897,-0.547349,0.917,0.669,1.997,-0.808,1.613
37087,1236.57,0.88,1,0.7252,0.41427,-0.549969,0.701075,0.453969,-0.549915,0.914,0.668,1.985,-0.806,1.604
37088,1236.604,0.88,1,0.722055,0.418302,-0.551053,0.696527,0.456498,-0.553589,0.909,0.67,1.973,-0.804,1.593
37089,1236.637,0.88,1,0.720949,0.419362,-0.551696,0.694078,0.456057,-0.557017,0.906,0.668,1.959,-0.806,1.582
37090,1236.67,0.88,1,0.718995,0.421741,-0.552432,0.691495,0.457736,-0.558849,0.903,0.669,1.946,-0.808,1.578
37091,1236.704,0.88,1,0.718195,0.422891,-0.552593,0.689813,0.457699,-0.560953,0.902,0.669,1.931,-0.815,1.569
37092,1236.737,0.88,1,0.717441,0.42525,-0.551761,0.687696,0.459267,-0.56227,0.9,0.671,1.919,-0.821,1.559
37093,1236.77,0.88,1,0.715964,0.423277,-0.555187,0.686883,0.455563,-0.566263,0.896,0.665,1.906,-0.83,1.547
37094,1236.804,0.88,1,0.71675,0.421983,-0.555158,0.686795,0.451773,-0.569398,0.895,0.661,1.894,-0.836,1.534
37095,1236.837,0.88,1,0.717566,0.422596,-0.553635,0.687772,0.450701,-0.569069,0.897,0.661,1.881,-0.838,1.521
37096,1236.87,0.88,1,0.715259,0.421826,-0.557196,0.686536,0.449451,-0.571543,0.893,0.657,1.872,-0.837,1.512
37097,1236.904,0.88,1,0.714415,0.422409,-0.557837,0.685697,0.449817,-0.572262,0.892,0.657,1.864,-0.836,1.506
37098,1236.937,0.88,1,0.713083,0.422622,-0.559378,0.684286,0.450085,-0.573739,0.889,0.656,1.856,-0.837,1.503
37099,1236.97,0.88,1,0.711959,0.423296,-0.5603,0.68371,0.450103,-0.574411,0.888,0.656,1.853,-0.837,1.5
37100,1237.004,0.88,1,0.711142,0.425153,-0.55993,0.683003,0.4535,-0.572577,0.889,0.66,1.842,-0.836,1.495
37101,1237.037,0.88,1,0.70855,0.42845,-0.560702,0.67915,0.458362,-0.573288,0.886,0.664,1.838,-0.835,1.496
37102,1237.071,0.88,1,0.707014,0.428916,-0.562283,0.677721,0.458238,-0.575076,0.883,0.662,1.838,-0.835,1.498
37103,1237.104,0.88,1,0.706321,0.431287,-0.56134,0.675297,0.461377,-0.575417,0.882,0.666,1.834,-0.838,1.503
37104,1237.137,0.88,1,0.704436,0.434777,-0.561015,0.671969,0.46632,-0.575329,0.881,0.67,1.83,-0.84,1.511
37105,1237.171,0.88,1,0.704408,0.432777,-0.562595,0.67284,0.463235,-0.576801,0.88,0.666,1.824,-0.845,1.512
37106,1237.204,0.88,1,0.703049,0.434,-0.563352,0.671535,0.46366,-0.577979,0.878,0.666,1.818,-0.848,1.515
37107,1237.237,0.88,1,0.702538,0.439071,-0.560051,0.669517,0.46643,-0.578092,0.878,0.672,1.806,-0.85,1.513
37108,1237.271,0.88,1,0.703553,0.440341,-0.557775,0.670484,0.467006,-0.576503,0.881,0.675,1.786,-0.856,1.508
37109,1237.304,0.88,1,0.702979,0.443278,-0.55617,0.669422,0.471647,-0.573954,0.882,0.681,1.747,-0.865,1.492
37110,1237.337,0.88,1,0.698404,0.449888,-0.556626,0.663718,0.474122,-0.578521,0.876,0.683,1.678,-0.869,1.458
37111,1237.371,0.88,1,0.695546,0.457409,-0.554069,0.659316,0.480833,-0.578016,0.875,0.692,1.614,-0.871,1.431
37112,1237.404,0.98,1,0.689649,0.464432,-0.555596,0.649015,0.484156,-0.586833,0.864,0.693,1.531,-0.876,1.392
37113,1237.437,0.98,1,0.688239,0.468061,-0.554297,0.640148,0.483711,-0.596854,0.857,0.691,1.458,-0.884,1.342
37114,1237.471,0.98,1,0.700002,0.461751,-0.544778,0.645255,0.472524,-0.600306,0.866,0.684,1.406,-0.906,1.302
37115,1237.504,0.98,1,0.716975,0.448704,-0.533491,0.661314,0.457317,-0.594579,0.885,0.677,1.372,-0.928,1.263
37116,1237.537,0.88,1,0.719151,0.439108,-0.538522,0.675884,0.45501,-0.579782,0.895,0.674,1.35,-0.93,1.256
37117,1237.571,0.88,1,0.726609,0.436608,-0.530483,0.681801,0.453427,-0.574066,0.906,0.678,1.353,-0.947,1.258
37118,1237.604,0.88,1,0.728222,0.429654,-0.533939,0.682384,0.445693,-0.579404,0.903,0.666,1.367,-0.951,1.254
37119,1237.637,0.88,1,0.725123,0.427658,-0.539727,0.684256,0.447706,-0.575633,0.901,0.665,1.385,-0.954,1.268
37120,1237.671,0.88,1,0.725502,0.430746,-0.536754,0.688396,0.453061,-0.566434,0.908,0.675,1.424,-0.96,1.303
37121,1237.704,0.93,1,0.724041,0.438968,-0.532045,0.693571,0.465666,-0.549649,0.919,0.696,1.472,-0.965,1.347
37122,1237.737,0.88,1,0.722205,0.443173,-0.531053,0.691784,0.472197,-0.54632,0.92,0.704,1.522,-0.964,1.379
37123,1237.771,0.88,1,0.722845,0.444029,-0.529465,0.692423,0.472793,-0.544993,0.921,0.706,1.561,-0.954,1.4
37124,1237.804,0.88,1,0.719059,0.444794,-0.53396,0.687795,0.474413,-0.549427,0.915,0.704,1.598,-0.939,1.419
37125,1237.837,0.88,1,0.715136,0.446549,-0.537749,0.686044,0.478774,-0.547831,0.912,0.706,1.636,-0.925,1.445
37126,1237.871,0.88,1,0.709996,0.454369,-0.538011,0.68128,0.48584,-0.547555,0.908,0.714,1.669,-0.91,1.477
37127,1237.904,0.88,1,0.706739,0.453527,-0.542985,0.678686,0.484526,-0.551924,0.902,0.708,1.689,-0.903,1.494
37128,1237.937,0.88,1,0.702694,0.453446,-0.548277,0.676764,0.484858,-0.553988,0.897,0.705,1.707,-0.893,1.514
37129,1237.971,0.93,1,0.700612,0.456806,-0.548153,0.675501,0.487063,-0.553595,0.896,0.708,1.712,-0.887,1.529
37130,1238.004,0.88,1,0.697808,0.462064,-0.547321,0.672222,0.490456,-0.55459,0.893,0.713,1.711,-0.889,1.545
37131,1238.037,0.88,1,0.697758,0.463883,-0.545844,0.673336,0.490832,-0.552904,0.895,0.715,1.709,-0.893,1.561
37132,1238.071,0.98,1,0.697827,0.462274,-0.547119,0.674212,0.489271,-0.55322,0.895,0.713,1.708,-0.9,1.577
37133,1238.104,0.98,1,0.698591,0.459031,-0.548872,0.676963,0.48378,-0.554687,0.895,0.707,1.702,-0.907,1.593
37134,1238.138,0.93,1,0.702296,0.449954,-0.551654,0.683605,0.467984,-0.560068,0.895,0.69,1.686,-0.917,1.604
37135,1238.171,0.98,1,0.706782,0.435039,-0.557854,0.694403,0.448815,-0.562468,0.896,0.668,1.658,-0.931,1.607
37136,1238.204,0.93,1,0.711539,0.420394,-0.56301,0.705797,0.431082,-0.562156,0.9,0.648,1.629,-0.949,1.609
37137,1238.238,0.98,1,0.714693,0.419915,-0.559361,0.708429,0.426387,-0.562425,0.903,0.646,1.599,-0.979,1.624
37138,1238.271,0.98,1,0.726195,0.417518,-0.546186,0.716567,0.41915,-0.557535,0.918,0.649,1.569,-1.009,1.629
37139,1238.304,0.98,1,0.744812,0.414294,-0.523082,0.72816,0.407675,-0.550984,0.941,0.653,1.538,-1.041,1.626
37140,1238.338,0.98,1,0.757237,0.411259,-0.507403,0.735082,0.398441,-0.548543,0.955,0.654,1.519,-1.061,1.623
37141,1238.371,0.98,1,0.765662,0.404489,-0.500151,0.740768,0.388446,-0.548062,0.963,0.648,1.5,-1.074,1.61
37142,1238.404,0.98,1,0.767644,0.403535,-0.497877,0.740737,0.386304,-0.549616,0.964,0.646,1.485,-1.077,1.596
37143,1238.438,0.98,1,0.768036,0.401007,-0.499314,0.740305,0.382962,-0.55253,0.962,0.641,1.472,-1.075,1.579
37144,1238.471,0.98,1,0.766073,0.401331,-0.502061,0.737767,0.384053,-0.55516,0.958,0.639,1.466,-1.072,1.571
37145,1238.504,0.98,1,0.761556,0.405761,-0.505361,0.731693,0.389585,-0.559329,0.951,0.642,1.463,-1.066,1.564
37146,1238.538,0.98,1,0.759384,0.407173,-0.50749,0.72846,0.390585,-0.56284,0.947,0.641,1.454,-1.065,1.555
37147,1238.571,0.98,1,0.761251,0.404735,-0.506642,0.73033,0.388508,-0.561854,0.949,0.639,1.452,-1.068,1.55
37148,1238.604,0.98,1,0.762268,0.403004,-0.506493,0.731899,0.386744,-0.561029,0.95,0.637,1.448,-1.07,1.547
37149,1238.638,0.98,1,0.761892,0.404317,-0.506012,0.730799,0.387745,-0.561771,0.95,0.638,1.442,-1.07,1.54
37150,1238.671,0.98,1,0.761424,0.403125,-0.507665,0.730807,0.386731,-0.562459,0.949,0.636,1.441,-1.07,1.541
37151,1238.704,0.98,1,0.760946,0.403506,-0.508079,0.731268,0.387627,-0.561242,0.949,0.637,1.449,-1.069,1.55
37152,1238.738,0.98,1,0.762297,0.4023,-0.507008,0.734054,0.387354,-0.557783,0.952,0.638,1.454,-1.072,1.557
37153,1238.771,0.98,1,0.764431,0.401098,-0.504743,0.736784,0.386853,-0.554522,0.956,0.64,1.461,-1.077,1.563
37154,1238.804,0.98,1,0.76773,0.399887,-0.500681,0.738582,0.386578,-0.552317,0.961,0.642,1.46,-1.085,1.56
37155,1238.838,0.98,1,0.773598,0.395045,-0.495465,0.744102,0.384404,-0.546393,0.969,0.642,1.459,-1.098,1.551
37156,1238.871,0.88,1,0.781414,0.394197,-0.483737,0.747669,0.388938,-0.538255,0.982,0.654,1.461,-1.117,1.534
37157,1238.904,0.88,1,0.795033,0.38002,-0.472766,0.757529,0.378019,-0.532213,0.996,0.646,1.436,-1.144,1.487
37158,1238.938,0.88,1,0.780745,0.386063,-0.491317,0.733816,0.399225,-0.549667,0.969,0.646,1.443,-1.123,1.367
37159,1238.971,0.88,1,0.804233,0.354634,-0.476911,0.761255,0.366983,-0.534616,0.997,0.62,1.392,-1.148,1.314
37160,1239.004,0.88,1,0.808907,0.337185,-0.481638,0.760365,0.351216,-0.546345,0.991,0.59,1.332,-1.157,1.244
37161,1239.038,0.93,1,0.808769,0.322806,-0.491618,0.760944,0.340043,-0.552571,0.984,0.566,1.264,-1.166,1.164
37162,1239.071,0.88,1,0.811827,0.307926,-0.496103,0.761851,0.313547,-0.566808,0.977,0.529,1.185,-1.182,1.081
37163,1239.104,0.88,1,0.81527,0.292959,-0.49951,0.764801,0.293703,-0.573426,0.974,0.5,1.106,-1.2,1.009
37164,1239.138,0.88,1,0.821892,0.27919,-0.496534,0.769956,0.278529,-0.574098,0.979,0.48,1.061,-1.21,0.97
37165,1239.171,0.98,1,0.833387,0.268777,-0.482933,0.782316,0.274258,-0.559254,0.998,0.48,1.079,-1.233,1.0
37166,1239.204,0.93,1,0.832005,0.275403,-0.481581,0.787765,0.283725,-0.546742,1.005,0.498,1.141,-1.229,1.061
37167,1239.238,0.93,1,0.824196,0.288565,-0.487269,0.786756,0.298981,-0.540024,1.003,0.52,1.23,-1.214,1.137
37168,1239.271,0.93,1,0.820429,0.2982,-0.487825,0.787554,0.306252,-0.53476,1.004,0.534,1.27,-1.199,1.177
37169,1239.305,0.93,1,0.818862,0.311707,-0.481979,0.787069,0.319443,-0.527711,1.01,0.559,1.31,-1.192,1.227
37170,1239.338,0.98,1,0.805595,0.340808,-0.484631,0.765398,0.356683,-0.535671,0.995,0.6,1.41,-1.173,1.313
37171,1239.371,0.98,1,0.804757,0.348045,-0.480864,0.767849,0.362533,-0.528183,1.0,0.614,1.515,-1.159,1.425
37172,1239.405,0.98,1,0.804726,0.356244,-0.474875,0.770069,0.371179,-0.518865,1.008,0.632,1.583,-1.145,1.5
37173,1239.438,0.98,1,0.802498,0.356768,-0.478239,0.769691,0.370382,-0.519993,1.005,0.63,1.603,-1.144,1.529
37174,1239.471,0.98,1,0.800408,0.358307,-0.480586,0.768604,0.37085,-0.521267,1.003,0.629,1.61,-1.143,1.544
37175,1239.505,0.98,1,0.80112,0.358458,-0.479286,0.770699,0.368577,-0.519782,1.005,0.629,1.625,-1.142,1.562
37176,1239.538,0.98,1,0.802698,0.358525,-0.476588,0.773028,0.367745,-0.516905,1.008,0.631,1.625,-1.144,1.573
37177,1239.571,0.98,1,0.803941,0.357495,-0.475264,0.773617,0.365346,-0.517725,1.009,0.629,1.603,-1.147,1.557
37178,1239.605,0.98,1,0.80436,0.354925,-0.47648,0.771611,0.361172,-0.523614,1.005,0.621,1.56,-1.151,1.524
37179,1239.638,0.98,1,0.803727,0.353785,-0.478393,0.770066,0.359607,-0.526955,1.002,0.617,1.535,-1.151,1.498
37180,1239.671,0.98,1,0.803256,0.354361,-0.478756,0.767933,0.359301,-0.530265,1.0,0.616,1.51,-1.15,1.472
37181,1239.705,0.98,1,0.80281,0.354338,-0.479521,0.765746,0.358528,-0.533939,0.997,0.613,1.473,-1.151,1.437
37182,1239.738,0.98,1,0.801865,0.352215,-0.482656,0.765513,0.356334,-0.535738,0.995,0.608,1.44,-1.155,1.406
37183,1239.771,0.98,1,0.802563,0.353923,-0.480241,0.767916,0.357163,-0.531733,0.998,0.613,1.458,-1.152,1.429
37184,1239.805,0.98,1,0.804386,0.353788,-0.477281,0.772679,0.357739,-0.524395,1.005,0.618,1.514,-1.151,1.49
37185,1239.838,0.98,1,0.802894,0.355289,-0.478675,0.772648,0.360455,-0.522577,1.005,0.621,1.544,-1.152,1.527
37186,1239.871,0.98,1,0.804151,0.354842,-0.476895,0.775883,0.359747,-0.518254,1.009,0.623,1.599,-1.149,1.579
37187,1239.905,0.98,1,0.805872,0.354665,-0.474112,0.780514,0.361082,-0.510312,1.015,0.629,1.653,-1.15,1.628
37188,1239.938,0.98,1,0.809696,0.351095,-0.470238,0.784536,0.357298,-0.506795,1.021,0.627,1.675,-1.153,1.645
37189,1239.971,0.98,1,0.811344,0.347576,-0.470013,0.786064,0.353374,-0.507179,1.022,0.622,1.639,-1.161,1.613
37190,1240.005,0.98,1,0.81046,0.34754,-0.471562,0.785005,0.353676,-0.508606,1.02,0.621,1.624,-1.161,1.594
37191,1240.038,0.98,1,0.811315,0.346312,-0.470994,0.785393,0.352001,-0.50917,1.02,0.619,1.612,-1.163,1.582
37192,1240.071,0.98,1,0.811177,0.346298,-0.471243,0.785207,0.35336,-0.508515,1.02,0.62,1.631,-1.162,1.597
37193,1240.105,0.98,1,0.812159,0.349084,-0.46748,0.785241,0.357521,-0.505545,1.024,0.628,1.654,-1.159,1.615
37194,1240.138,0.98,1,0.813934,0.348421,-0.464882,0.788494,0.357238,-0.500657,1.029,0.631,1.672,-1.159,1.634
37195,1240.171,0.98,1,0.814852,0.349034,-0.462809,0.790001,0.357501,-0.498087,1.031,0.634,1.674,-1.16,1.641
37196,1240.205,0.98,1,0.808957,0.351274,-0.471376,0.784691,0.359475,-0.505013,1.021,0.629,1.632,-1.156,1.603
37197,1240.238,0.98,1,0.806021,0.350356,-0.477055,0.780049,0.357093,-0.513817,1.012,0.62,1.577,-1.152,1.552
37198,1240.271,0.98,1,0.802419,0.352879,-0.481249,0.7727,0.358709,-0.5237,1.003,0.616,1.52,-1.146,1.504
37199,1240.305,0.98,1,0.799259,0.356286,-0.483989,0.769084,0.361881,-0.526831,0.998,0.618,1.504,-1.14,1.488
37200,1240.338,0.93,1,0.794861,0.359023,-0.489181,0.763883,0.36503,-0.532199,0.991,0.617,1.485,-1.134,1.47
37201,1240.372,0.98,1,0.79718,0.353663,-0.489311,0.767173,0.359598,-0.531163,0.993,0.61,1.487,-1.147,1.474
37202,1240.405,0.98,1,0.794646,0.358511,-0.489906,0.764421,0.364722,-0.531637,0.991,0.616,1.506,-1.136,1.492
37203,1240.438,0.98,1,0.793222,0.361494,-0.490022,0.763642,0.368489,-0.530157,0.991,0.621,1.523,-1.131,1.507
37204,1240.472,0.98,1,0.794641,0.362593,-0.4869,0.764009,0.368957,-0.529302,0.993,0.624,1.523,-1.131,1.504
37205,1240.505,0.98,1,0.795386,0.363277,-0.48517,0.764763,0.369767,-0.527646,0.995,0.627,1.532,-1.132,1.513
37206,1240.538,0.98,1,0.794938,0.362862,-0.486215,0.763261,0.368535,-0.530673,0.993,0.624,1.531,-1.133,1.513
37207,1240.572,0.98,1,0.797584,0.361825,-0.482642,0.767995,0.367447,-0.524563,0.999,0.627,1.564,-1.135,1.549
37208,1240.605,0.98,1,0.797618,0.361489,-0.482836,0.768041,0.366195,-0.52537,0.999,0.625,1.557,-1.133,1.544
37209,1240.638,0.98,1,0.796369,0.36073,-0.485459,0.766163,0.364828,-0.529051,0.995,0.621,1.536,-1.134,1.532
37210,1240.672,0.98,1,0.795583,0.361656,-0.486059,0.76497,0.365621,-0.530228,0.994,0.621,1.534,-1.134,1.533
37211,1240.705,0.98,1,0.797221,0.362782,-0.482522,0.766644,0.36677,-0.527007,0.998,0.626,1.553,-1.133,1.552
37212,1240.738,0.98,1,0.797074,0.363819,-0.481984,0.766915,0.368276,-0.52556,0.998,0.628,1.576,-1.13,1.572
37213,1240.772,0.98,1,0.796153,0.365297,-0.482388,0.765891,0.370862,-0.525236,0.998,0.631,1.583,-1.128,1.578
37214,1240.805,0.98,1,0.794492,0.367395,-0.483532,0.765229,0.373889,-0.524054,0.997,0.634,1.603,-1.124,1.59
37215,1240.838,0.98,1,0.793566,0.368403,-0.484286,0.766457,0.375971,-0.520758,0.998,0.637,1.637,-1.12,1.618
37216,1240.872,0.98,1,0.793284,0.369893,-0.483611,0.765177,0.377026,-0.521877,0.998,0.639,1.631,-1.118,1.613
37217,1240.905,0.98,1,0.789878,0.375235,-0.485068,0.75987,0.381996,-0.526,0.993,0.643,1.611,-1.114,1.589
37218,1240.938,0.98,1,0.786915,0.380854,-0.485504,0.753415,0.38753,-0.531213,0.987,0.647,1.574,-1.11,1.548
37219,1240.972,0.93,1,0.78262,0.38829,-0.486557,0.745806,0.395681,-0.53592,0.981,0.654,1.545,-1.101,1.509
37220,1241.005,0.93,1,0.791714,0.372809,-0.483943,0.758992,0.379449,-0.529103,0.992,0.639,1.535,-1.114,1.504
37221,1241.038,0.93,1,0.79362,0.369593,-0.48329,0.761384,0.375394,-0.528559,0.994,0.635,1.522,-1.122,1.501
37222,1241.072,0.93,1,0.794938,0.368893,-0.481655,0.762845,0.373931,-0.527488,0.996,0.635,1.509,-1.126,1.498
37223,1241.105,0.93,1,0.794824,0.369138,-0.481655,0.762417,0.373149,-0.528659,0.995,0.634,1.498,-1.13,1.497
37224,1241.138,0.93,1,0.794666,0.367976,-0.482804,0.762702,0.369889,-0.530535,0.994,0.629,1.492,-1.131,1.498
37225,1241.172,0.93,1,0.796294,0.36527,-0.482176,0.765555,0.365185,-0.529684,0.996,0.625,1.487,-1.132,1.498
37226,1241.205,0.93,1,0.795845,0.366884,-0.481692,0.765005,0.366382,-0.529652,0.996,0.627,1.485,-1.129,1.497
37227,1241.238,0.93,1,0.795756,0.367767,-0.481165,0.764898,0.367313,-0.529162,0.996,0.629,1.487,-1.129,1.501
37228,1241.272,0.93,1,0.79493,0.369714,-0.481038,0.763604,0.368507,-0.530199,0.995,0.631,1.48,-1.128,1.496
37229,1241.305,0.93,1,0.79534,0.368269,-0.481469,0.765644,0.367368,-0.528044,0.997,0.63,1.474,-1.129,1.494
37230,1241.338,0.93,1,0.795565,0.368416,-0.480984,0.765557,0.366691,-0.52864,0.997,0.629,1.47,-1.128,1.495
37231,1241.372,0.93,1,0.79457,0.370713,-0.480865,0.763923,0.367268,-0.530599,0.995,0.63,1.464,-1.13,1.492
37232,1241.405,0.93,1,0.794838,0.369713,-0.481191,0.76343,0.366275,-0.531994,0.994,0.628,1.46,-1.131,1.489
37233,1241.438,0.93,1,0.795272,0.368126,-0.481691,0.762626,0.36433,-0.534477,0.993,0.625,1.446,-1.134,1.478
37234,1241.472,0.93,1,0.795843,0.367676,-0.481091,0.764806,0.362812,-0.532391,0.995,0.625,1.45,-1.133,1.484
37235,1241.505,0.93,1,0.796099,0.36658,-0.481503,0.765128,0.36163,-0.532732,0.995,0.623,1.451,-1.133,1.487
37236,1241.539,0.93,1,0.795495,0.366232,-0.482765,0.764347,0.361007,-0.534273,0.993,0.621,1.448,-1.133,1.484
37237,1241.572,0.93,1,0.794918,0.366551,-0.483472,0.762734,0.36149,-0.536248,0.991,0.62,1.445,-1.132,1.48
37238,1241.605,0.93,1,0.793638,0.368375,-0.484189,0.761396,0.36358,-0.536736,0.99,0.622,1.44,-1.129,1.475
37239,1241.639,0.93,1,0.79266,0.368437,-0.485741,0.760287,0.364749,-0.537515,0.988,0.622,1.437,-1.128,1.473
37240,1241.672,0.93,1,0.792252,0.369342,-0.48572,0.759987,0.365293,-0.537569,0.988,0.623,1.439,-1.124,1.476
37241,1241.705,0.93,1,0.790913,0.367819,-0.489046,0.761188,0.364999,-0.536068,0.987,0.621,1.441,-1.121,1.482
37242,1241.739,0.93,1,0.78781,0.368243,-0.493713,0.760187,0.364162,-0.538054,0.983,0.617,1.43,-1.117,1.478
37243,1241.772,0.93,1,0.78615,0.368569,-0.496111,0.75949,0.363815,-0.539272,0.981,0.616,1.428,-1.118,1.483
37244,1241.805,0.93,1,0.790317,0.365023,-0.492095,0.760869,0.359119,-0.540474,0.983,0.612,1.411,-1.126,1.476
37245,1241.839,0.93,1,0.795408,0.356232,-0.490331,0.765295,0.344076,-0.544,0.986,0.595,1.372,-1.137,1.452
37246,1241.872,0.93,1,0.802319,0.33913,-0.491197,0.770259,0.318072,-0.552748,0.985,0.562,1.304,-1.158,1.41
37247,1241.905,0.88,1,0.802159,0.308718,-0.511111,0.76924,0.275562,-0.576485,0.965,0.493,1.13,-1.181,1.284
37248,1241.939,0.88,1,0.809791,0.277245,-0.517082,0.767084,0.23241,-0.59797,0.955,0.429,0.939,-1.2,1.137
37261,1242.372,0.98,1,0.71579,0.383519,-0.583573,0.648944,0.387845,-0.654559,0.834,0.557,1.105,-0.878,0.785
37262,1242.405,0.98,1,0.714717,0.390445,-0.580286,0.650354,0.396956,-0.647662,0.838,0.57,1.156,-0.868,0.824
37263,1242.439,0.98,1,0.704958,0.406053,-0.581511,0.641354,0.413434,-0.646325,0.831,0.589,1.17,-0.854,0.853
37269,1242.639,0.98,1,0.651826,0.488057,-0.580451,0.590723,0.501859,-0.63181,0.798,0.685,1.37,-0.733,1.039
37271,1242.706,0.77,1,0.644379,0.482618,-0.593174,0.586727,0.504817,-0.633175,0.787,0.678,1.36,-0.729,1.022
37272,1242.739,0.77,1,0.644382,0.489831,-0.587228,0.584592,0.514621,-0.62723,0.791,0.691,1.408,-0.721,1.046
37273,1242.772,0.77,1,0.643122,0.483705,-0.593653,0.585426,0.509155,-0.630902,0.787,0.681,1.451,-0.711,1.056
37275,1242.839,0.77,1,0.655789,0.45108,-0.605365,0.597753,0.486873,-0.636903,0.79,0.647,1.592,-0.719,1.093
37277,1242.906,0.77,1,0.665778,0.445395,-0.598634,0.654257,0.517934,-0.551083,0.854,0.697,1.651,-0.74,1.132
37278,1242.939,0.82,1,0.680196,0.405748,-0.610493,0.649071,0.538068,-0.537764,0.858,0.688,1.653,-0.744,1.138
37279,1242.972,0.82,1,0.705619,0.355581,-0.612914,0.649526,0.56645,-0.507199,0.88,0.689,1.662,-0.748,1.144
37280,1243.006,0.77,1,0.713157,0.28188,-0.641833,0.693683,0.49101,-0.526986,0.878,0.584,1.678,-0.751,1.15
37281,1243.039,0.77,1,0.717622,0.261492,-0.645477,0.669145,0.429415,-0.606505,0.836,0.504,1.707,-0.754,1.167
37282,1243.072,0.77,1,0.731041,0.276376,-0.623855,0.67967,0.465708,-0.566714,0.87,0.557,1.736,-0.758,1.187
37285,1243.172,0.77,1,0.687289,0.310663,-0.656598,0.655541,0.419329,-0.628036,0.808,0.517,1.846,-0.758,1.228
37286,1243.206,0.77,1,0.674504,0.314288,-0.668033,0.656961,0.389536,-0.645496,0.792,0.492,1.862,-0.753,1.239
37287,1243.239,0.77,1,0.670686,0.307609,-0.67495,0.645319,0.349425,-0.679312,0.771,0.452,1.87,-0.743,1.237
37722,1257.743,0.98,1,0.814727,0.251992,-0.522226,0.807175,0.239611,-0.539495,0.991,0.434,2.045,-1.145,2.156
37723,1257.777,0.98,1,0.806285,0.272566,-0.524987,0.797296,0.255761,-0.546722,0.982,0.458,1.944,-1.144,2.087
37724,1257.81,0.98,1,0.797346,0.291908,-0.528232,0.782316,0.268845,-0.561875,0.967,0.475,1.793,-1.154,1.965
37725,1257.843,0.98,1,0.789732,0.30402,-0.532818,0.769726,0.275816,-0.575714,0.953,0.482,1.651,-1.158,1.84
37726,1257.877,0.98,1,0.78584,0.308659,-0.535896,0.764063,0.27683,-0.582729,0.946,0.482,1.567,-1.156,1.772
37727,1257.91,0.98,1,0.782049,0.31228,-0.539333,0.760826,0.27854,-0.586139,0.941,0.483,1.524,-1.153,1.746
37728,1257.943,0.98,1,0.782266,0.314191,-0.537907,0.760662,0.278795,-0.586232,0.941,0.485,1.51,-1.151,1.738
37729,1257.977,0.98,1,0.780894,0.316861,-0.538334,0.759856,0.280213,-0.586601,0.94,0.488,1.501,-1.149,1.733
37730,1258.01,0.98,1,0.778565,0.318358,-0.540819,0.757734,0.281546,-0.588703,0.937,0.488,1.476,-1.148,1.708
37731,1258.043,0.98,1,0.775081,0.322898,-0.543127,0.754443,0.285971,-0.590793,0.933,0.493,1.448,-1.143,1.679
37732,1258.077,0.98,1,0.772765,0.326608,-0.544207,0.752846,0.287767,-0.591956,0.931,0.496,1.415,-1.14,1.656
37733,1258.11,0.88,1,0.770803,0.335017,-0.541873,0.752766,0.297692,-0.587131,0.933,0.511,1.398,-1.13,1.622
37734,1258.144,0.88,1,0.760769,0.351781,-0.545419,0.741937,0.31354,-0.59264,0.923,0.529,1.348,-1.118,1.569
37735,1258.177,0.88,1,0.753797,0.377251,-0.538026,0.730308,0.34041,-0.59226,0.92,0.566,1.32,-1.105,1.535
37736,1258.21,0.88,1,0.750602,0.383138,-0.538333,0.727533,0.34632,-0.592249,0.918,0.573,1.31,-1.098,1.524
37737,1258.244,0.88,1,0.748698,0.386614,-0.5385,0.724779,0.350384,-0.593233,0.916,0.577,1.305,-1.095,1.516
37738,1258.277,0.88,1,0.750121,0.388807,-0.534929,0.725329,0.352386,-0.591373,0.919,0.582,1.291,-1.094,1.503
37739,1258.31,0.88,1,0.751191,0.390126,-0.532461,0.7235,0.351527,-0.594118,0.918,0.582,1.272,-1.092,1.481
37740,1258.344,0.88,1,0.753304,0.392406,-0.527779,0.725559,0.355003,-0.589523,0.924,0.59,1.277,-1.094,1.481
37741,1258.377,0.88,1,0.758148,0.387298,-0.524607,0.730609,0.348606,-0.587098,0.929,0.585,1.296,-1.102,1.495
37742,1258.41,0.88,1,0.764093,0.378486,-0.522408,0.736685,0.340355,-0.58434,0.935,0.576,1.296,-1.118,1.496
37743,1258.444,0.88,1,0.768055,0.367736,-0.524274,0.740308,0.328736,-0.58641,0.936,0.56,1.286,-1.132,1.486
37744,1258.477,0.88,1,0.774369,0.358699,-0.521237,0.743378,0.318104,-0.588387,0.94,0.548,1.269,-1.148,1.464
37745,1258.51,0.88,1,0.77871,0.350387,-0.520423,0.743184,0.311008,-0.592411,0.939,0.536,1.262,-1.16,1.442
37746,1258.544,0.88,1,0.782577,0.34451,-0.518543,0.746392,0.306813,-0.590563,0.943,0.531,1.262,-1.165,1.426
37747,1258.577,0.88,1,0.781853,0.339511,-0.522912,0.747265,0.304223,-0.590799,0.941,0.524,1.257,-1.163,1.41
37748,1258.61,0.88,1,0.779991,0.339501,-0.525693,0.747187,0.307087,-0.589414,0.94,0.525,1.271,-1.159,1.413
37749,1258.644,0.88,1,0.779364,0.339911,-0.526358,0.747871,0.309356,-0.587356,0.941,0.528,1.285,-1.155,1.416
37750,1258.677,0.88,1,0.778776,0.341982,-0.525887,0.747866,0.313134,-0.585357,0.942,0.533,1.298,-1.149,1.42
37751,1258.71,0.88,1,0.77867,0.3421,-0.525966,0.74736,0.314588,-0.585224,0.941,0.534,1.305,-1.148,1.418
37752,1258.744,0.88,1,0.778273,0.342765,-0.526121,0.746702,0.315936,-0.585339,0.941,0.535,1.306,-1.146,1.414
37753,1258.777,0.88,1,0.779513,0.340488,-0.525764,0.747878,0.31353,-0.58513,0.942,0.532,1.309,-1.146,1.411
37754,1258.81,0.88,1,0.779399,0.340034,-0.526227,0.74941,0.313615,-0.583121,0.943,0.532,1.305,-1.145,1.406
37755,1258.844,0.88,1,0.77812,0.341652,-0.52707,0.748877,0.31593,-0.582556,0.942,0.535,1.301,-1.143,1.401
37756,1258.877,0.88,1,0.776132,0.342076,-0.52972,0.747423,0.317268,-0.583696,0.94,0.535,1.301,-1.14,1.398
37757,1258.91,0.88,1,0.775283,0.344535,-0.52937,0.74706,0.320193,-0.582562,0.94,0.539,1.307,-1.135,1.402
37758,1258.944,0.88,1,0.773565,0.345256,-0.531408,0.74529,0.321309,-0.584212,0.937,0.539,1.307,-1.133,1.399
37759,1258.977,0.88,1,0.772841,0.346138,-0.531889,0.745265,0.322922,-0.583354,0.937,0.54,1.312,-1.13,1.403
37760,1259.01,0.88,1,0.77046,0.347186,-0.534653,0.743509,0.324907,-0.584491,0.934,0.541,1.311,-1.126,1.401
37761,1259.044,0.88,1,0.770158,0.349773,-0.533399,0.742905,0.327458,-0.583835,0.935,0.545,1.312,-1.122,1.402
37762,1259.077,0.93,1,0.767696,0.351422,-0.535859,0.740751,0.330574,-0.584816,0.932,0.547,1.308,-1.119,1.399
37763,1259.11,0.93,1,0.76683,0.353587,-0.535675,0.739894,0.333961,-0.583975,0.932,0.551,1.309,-1.118,1.4
37764,1259.144,0.93,1,0.768459,0.352177,-0.534268,0.741013,0.332399,-0.583447,0.933,0.55,1.307,-1.12,1.399
37765,1259.177,0.93,1,0.768501,0.353541,-0.533305,0.741041,0.334539,-0.582187,0.934,0.553,1.312,-1.121,1.404
37766,1259.21,0.93,1,0.77026,0.351643,-0.532021,0.741082,0.330984,-0.584163,0.935,0.549,1.303,-1.125,1.396
37767,1259.244,0.93,1,0.770452,0.348718,-0.533666,0.740476,0.327467,-0.586908,0.933,0.543,1.292,-1.129,1.384
37768,1259.277,0.93,1,0.772577,0.34347,-0.533997,0.741815,0.320399,-0.589114,0.933,0.534,1.272,-1.139,1.369
37769,1259.311,0.93,1,0.77196,0.340395,-0.536851,0.743265,0.315312,-0.59003,0.931,0.527,1.263,-1.145,1.366
37770,1259.344,0.93,1,0.776301,0.336881,-0.532792,0.748518,0.308008,-0.587241,0.937,0.522,1.254,-1.157,1.366
37771,1259.377,0.93,1,0.778032,0.332809,-0.532826,0.751678,0.301265,-0.586702,0.939,0.515,1.223,-1.165,1.346
37772,1259.411,0.93,1,0.781679,0.325559,-0.531967,0.754191,0.291957,-0.58818,0.941,0.504,1.163,-1.174,1.303
37773,1259.444,0.98,1,0.784158,0.323406,-0.529627,0.753724,0.28964,-0.589922,0.942,0.501,1.088,-1.177,1.249
37774,1259.477,0.98,1,0.783863,0.315464,-0.534828,0.752876,0.278292,-0.596432,0.936,0.483,1.015,-1.173,1.197
37775,1259.511,0.98,1,0.783808,0.30558,-0.540617,0.752036,0.266446,-0.602867,0.931,0.464,0.941,-1.17,1.145
37776,1259.544,0.98,1,0.783152,0.301748,-0.54371,0.748783,0.260357,-0.609539,0.926,0.454,0.886,-1.165,1.106
37777,1259.577,0.98,1,0.781838,0.298038,-0.547633,0.745133,0.254203,-0.616569,0.919,0.443,0.837,-1.162,1.073
37778,1259.611,0.98,1,0.779515,0.292811,-0.553732,0.741389,0.248081,-0.623537,0.912,0.431,0.776,-1.158,1.03
37779,1259.644,0.98,1,0.77541,0.290586,-0.560624,0.733929,0.243626,-0.634031,0.901,0.42,0.714,-1.146,0.987
37810,1260.678,0.88,1,0.855985,0.244238,-0.455672,0.837995,0.242465,-0.488851,1.062,0.476,2.029,-1.209,2.0
37811,1260.711,0.98,1,0.845655,0.271501,-0.459517,0.817466,0.266249,-0.510745,1.043,0.506,1.742,-1.218,1.734
37812,1260.744,0.98,1,0.839464,0.287716,-0.460999,0.811737,0.275255,-0.51509,1.037,0.523,1.625,-1.216,1.645
37813,1260.778,0.98,1,0.820491,0.32033,-0.47348,0.787962,0.307271,-0.533573,1.011,0.557,1.429,-1.185,1.452
37814,1260.811,0.98,1,0.817601,0.33398,-0.469026,0.778582,0.321455,-0.53896,1.008,0.577,1.334,-1.175,1.359
37815,1260.844,0.98,1,0.802944,0.34887,-0.483292,0.761017,0.335285,-0.55537,0.985,0.582,1.24,-1.147,1.277
37816,1260.878,0.98,1,0.789709,0.351959,-0.502478,0.746642,0.33324,-0.57574,0.959,0.566,1.153,-1.122,1.211
37817,1260.911,0.98,1,0.782017,0.355123,-0.512188,0.739543,0.334534,-0.584091,0.946,0.562,1.1,-1.111,1.181
37818,1260.944,0.98,1,0.776409,0.35941,-0.517701,0.734565,0.336789,-0.589057,0.939,0.562,1.064,-1.102,1.169
37819,1260.978,0.98,1,0.774379,0.360471,-0.519997,0.73385,0.333957,-0.591555,0.936,0.558,1.032,-1.101,1.158
37820,1261.011,0.98,1,0.776097,0.36096,-0.517089,0.737277,0.333894,-0.587313,0.94,0.562,1.034,-1.108,1.17
37821,1261.044,0.93,1,0.779554,0.358741,-0.51342,0.739834,0.331979,-0.58518,0.945,0.561,1.034,-1.116,1.174
37822,1261.078,0.98,1,0.783864,0.356364,-0.508491,0.742918,0.329894,-0.582446,0.95,0.562,1.044,-1.124,1.183
37823,1261.111,0.98,1,0.791409,0.354952,-0.497676,0.7498,0.331223,-0.572793,0.964,0.57,1.093,-1.138,1.225
37824,1261.144,0.98,1,0.800197,0.353404,-0.484552,0.757707,0.333133,-0.561162,0.98,0.581,1.175,-1.153,1.291
37825,1261.178,0.98,1,0.81253,0.339564,-0.473805,0.774903,0.321714,-0.544082,1.001,0.576,1.27,-1.172,1.374
37826,1261.211,0.98,1,0.816541,0.335169,-0.470023,0.787803,0.32001,-0.526269,1.015,0.582,1.407,-1.175,1.501
37827,1261.244,0.98,1,0.805842,0.34716,-0.479686,0.784974,0.339028,-0.518532,1.01,0.602,1.527,-1.146,1.592
37828,1261.278,0.98,1,0.805377,0.348731,-0.479327,0.791557,0.345722,-0.503898,1.019,0.615,1.675,-1.129,1.728
37829,1261.311,0.98,1,0.791622,0.360669,-0.493206,0.787491,0.36521,-0.496467,1.011,0.633,1.871,-1.064,1.899
37830,1261.344,0.98,1,0.787769,0.362231,-0.498205,0.786453,0.368805,-0.495454,1.008,0.634,1.966,-1.031,1.983
37831,1261.378,0.98,1,0.787214,0.361829,-0.499375,0.786649,0.368543,-0.495338,1.007,0.633,1.961,-1.032,1.985
37832,1261.411,0.98,1,0.787402,0.360172,-0.500274,0.787565,0.367196,-0.494881,1.007,0.631,1.974,-1.031,1.996
37833,1261.444,0.98,1,0.791393,0.35948,-0.49444,0.789137,0.364838,-0.494122,1.012,0.632,1.947,-1.045,1.979
37834,1261.478,0.98,1,0.793825,0.361703,-0.488889,0.788459,0.364376,-0.495543,1.014,0.635,1.885,-1.064,1.925
37835,1261.511,0.98,1,0.791819,0.364384,-0.49015,0.785684,0.366113,-0.498659,1.011,0.636,1.839,-1.071,1.883
37836,1261.545,0.98,1,0.79321,0.362203,-0.489516,0.78634,0.361275,-0.501149,1.011,0.631,1.815,-1.078,1.869
37837,1261.578,0.98,1,0.796252,0.361046,-0.485416,0.788813,0.358047,-0.499577,1.015,0.631,1.814,-1.08,1.877
37838,1261.611,0.98,1,0.799288,0.356453,-0.483818,0.7936,0.351976,-0.496298,1.019,0.626,1.827,-1.081,1.898
37839,1261.645,0.98,1,0.798521,0.358141,-0.483837,0.794631,0.353983,-0.493211,1.021,0.63,1.849,-1.078,1.924
37840,1261.678,0.98,1,0.797058,0.358099,-0.486275,0.793284,0.353433,-0.495768,1.018,0.627,1.842,-1.08,1.919
37841,1261.711,0.98,1,0.80095,0.353294,-0.483386,0.795264,0.344288,-0.499019,1.019,0.617,1.793,-1.097,1.887
37842,1261.745,0.98,1,0.800172,0.353429,-0.484574,0.79688,0.343743,-0.496813,1.02,0.618,1.771,-1.104,1.876
37843,1261.778,0.98,1,0.795371,0.357717,-0.48931,0.791925,0.345991,-0.503135,1.012,0.617,1.733,-1.102,1.848
37844,1261.811,0.98,1,0.794739,0.361745,-0.48737,0.792768,0.348835,-0.499833,1.014,0.624,1.732,-1.101,1.86
37845,1261.845,0.98,1,0.795233,0.364001,-0.484878,0.794208,0.34915,-0.497321,1.017,0.628,1.725,-1.104,1.864
37846,1261.878,0.98,1,0.794241,0.366325,-0.484755,0.791487,0.351108,-0.500272,1.015,0.629,1.694,-1.103,1.828
37847,1261.911,0.98,1,0.797297,0.363878,-0.481571,0.794331,0.347373,-0.498368,1.019,0.628,1.685,-1.113,1.817
37848,1261.945,0.98,1,0.805186,0.365229,-0.467208,0.807443,0.351912,-0.47349,1.043,0.651,1.847,-1.1,1.981
37849,1261.978,0.98,1,0.810477,0.359466,-0.462505,0.815571,0.344086,-0.46524,1.052,0.649,1.9,-1.1,2.052
37850,1262.011,0.98,1,0.812769,0.351633,-0.4645,0.816653,0.331055,-0.472738,1.049,0.63,1.882,-1.109,2.058
37851,1262.045,0.98,1,0.81503,0.346599,-0.464323,0.819632,0.325043,-0.471753,1.051,0.622,1.856,-1.119,2.036
37852,1262.078,0.98,1,0.814185,0.345546,-0.466584,0.818753,0.326035,-0.472593,1.049,0.621,1.854,-1.126,2.028
37853,1262.111,0.98,1,0.816758,0.339393,-0.466604,0.822831,0.320563,-0.469241,1.052,0.614,1.887,-1.127,2.062
37854,1262.145,0.98,1,0.818173,0.336674,-0.466095,0.825819,0.318406,-0.465446,1.055,0.613,1.877,-1.131,2.054
37855,1262.178,0.98,1,0.818262,0.335568,-0.466734,0.827517,0.319299,-0.461804,1.057,0.614,1.897,-1.129,2.067
37856,1262.211,0.98,1,0.820149,0.343561,-0.457518,0.828658,0.329344,-0.452613,1.066,0.637,1.916,-1.116,2.073
37857,1262.245,0.98,1,0.820569,0.349876,-0.451944,0.826626,0.335056,-0.452137,1.069,0.648,1.883,-1.121,2.039
37858,1262.278,0.98,1,0.811998,0.370046,-0.451359,0.812988,0.356723,-0.460217,1.06,0.673,1.841,-1.117,1.982
37859,1262.311,0.98,1,0.806072,0.382469,-0.451626,0.801664,0.369156,-0.470168,1.05,0.684,1.746,-1.108,1.868
37860,1262.345,0.98,1,0.802437,0.389093,-0.45244,0.795698,0.373862,-0.476542,1.044,0.688,1.714,-1.096,1.831
37861,1262.378,0.98,1,0.803285,0.387463,-0.452334,0.795154,0.373697,-0.477579,1.044,0.686,1.717,-1.096,1.82
37862,1262.411,0.98,1,0.798819,0.385967,-0.461431,0.790431,0.371733,-0.486861,1.033,0.674,1.683,-1.09,1.78
37863,1262.445,0.98,1,0.802603,0.378439,-0.461099,0.796398,0.366768,-0.480865,1.038,0.669,1.709,-1.096,1.809
37864,1262.478,0.98,1,0.793084,0.38172,-0.474666,0.783072,0.368473,-0.501026,1.016,0.655,1.651,-1.092,1.748
37865,1262.511,0.98,1,0.791372,0.378255,-0.480264,0.786004,0.366994,-0.497506,1.016,0.651,1.689,-1.093,1.787
37866,1262.545,0.98,1,0.78758,0.377212,-0.487267,0.784991,0.367463,-0.498759,1.011,0.647,1.708,-1.088,1.808
37867,1262.578,0.98,1,0.782784,0.379647,-0.49307,0.783207,0.371608,-0.498492,1.006,0.648,1.727,-1.08,1.827
37868,1262.612,0.98,1,0.779928,0.383005,-0.494994,0.780999,0.374436,-0.499838,1.003,0.651,1.728,-1.071,1.825
37869,1262.645,0.98,1,0.776757,0.389977,-0.494537,0.775343,0.37982,-0.504559,0.999,0.656,1.697,-1.071,1.796
37870,1262.678,0.98,1,0.778767,0.401597,-0.481915,0.770814,0.38708,-0.505979,1.003,0.674,1.663,-1.07,1.769
37871,1262.712,0.98,1,0.77415,0.409063,-0.483074,0.764672,0.392725,-0.510925,0.997,0.679,1.612,-1.058,1.716
37872,1262.745,0.98,1,0.770954,0.416764,-0.481599,0.756956,0.398121,-0.518186,0.991,0.684,1.568,-1.047,1.667
37873,1262.778,0.98,1,0.766764,0.424111,-0.481874,0.748463,0.402984,-0.526694,0.984,0.687,1.527,-1.038,1.618
37874,1262.812,0.98,1,0.765936,0.431752,-0.476374,0.74163,0.40868,-0.531945,0.981,0.695,1.488,-1.034,1.58
37875,1262.845,0.98,1,0.758515,0.441552,-0.479257,0.730848,0.420592,-0.537553,0.972,0.703,1.457,-1.023,1.545
37876,1262.878,0.98,1,0.75348,0.449276,-0.48002,0.721873,0.429415,-0.54268,0.965,0.71,1.427,-1.013,1.514
37877,1262.912,0.98,1,0.747925,0.454833,-0.483462,0.715799,0.43737,-0.54437,0.959,0.715,1.401,-1.01,1.494
37878,1262.945,0.98,1,0.744818,0.450265,-0.49245,0.718178,0.435993,-0.542338,0.955,0.708,1.357,-1.02,1.472
37879,1262.978,0.93,1,0.740599,0.458051,-0.491632,0.717916,0.44365,-0.536443,0.957,0.72,1.303,-1.021,1.444
37880,1263.012,0.98,1,0.745644,0.452869,-0.488799,0.716364,0.435752,-0.544924,0.955,0.71,1.269,-1.031,1.409
37881,1263.045,0.98,1,0.753665,0.443479,-0.485093,0.724369,0.424984,-0.542842,0.963,0.702,1.246,-1.045,1.395
37882,1263.078,0.98,1,0.757299,0.439652,-0.482912,0.72692,0.420334,-0.543053,0.966,0.698,1.236,-1.055,1.388
37883,1263.112,0.93,1,0.760092,0.433907,-0.483719,0.73586,0.413075,-0.536544,0.972,0.693,1.246,-1.063,1.404
37884,1263.145,0.93,1,0.764732,0.42833,-0.481372,0.739634,0.407615,-0.535529,0.976,0.688,1.266,-1.076,1.428
37885,1263.178,0.98,1,0.773539,0.416588,-0.47759,0.750801,0.395865,-0.528762,0.987,0.679,1.295,-1.095,1.46
37886,1263.212,0.98,1,0.785229,0.400562,-0.472193,0.767781,0.378992,-0.516602,1.004,0.668,1.335,-1.121,1.51
37887,1263.245,0.98,1,0.800872,0.377155,-0.465143,0.78892,0.354178,-0.502159,1.024,0.647,1.397,-1.152,1.577
37888,1263.278,0.98,1,0.813397,0.354098,-0.461518,0.805256,0.330171,-0.492493,1.038,0.622,1.477,-1.179,1.656
37889,1263.312,0.98,1,0.818516,0.347031,-0.457822,0.808798,0.331032,-0.48607,1.045,0.623,1.625,-1.164,1.749
37890,1263.345,0.98,1,0.812351,0.360991,-0.458008,0.804678,0.349795,-0.479726,1.045,0.649,1.711,-1.121,1.795
37891,1263.378,0.98,1,0.809087,0.365358,-0.460317,0.804416,0.356331,-0.475334,1.045,0.657,1.749,-1.104,1.833
37892,1263.412,0.98,1,0.806265,0.371912,-0.460021,0.804632,0.364016,-0.469105,1.048,0.67,1.828,-1.079,1.915
37893,1263.445,0.98,1,0.8024,0.376578,-0.462972,0.803169,0.370993,-0.466138,1.046,0.678,1.879,-1.055,1.963
37894,1263.478,0.98,1,0.799938,0.377792,-0.466232,0.801199,0.372502,-0.468319,1.042,0.676,1.908,-1.04,1.993
37895,1263.512,0.98,1,0.803781,0.369796,-0.466034,0.805654,0.36318,-0.467998,1.045,0.665,1.925,-1.043,2.014
37896,1263.545,0.98,1,0.812476,0.35948,-0.458974,0.81457,0.349251,-0.463141,1.055,0.655,1.927,-1.064,2.026
37897,1263.578,0.98,1,0.818325,0.352728,-0.453792,0.819753,0.341266,-0.459938,1.062,0.65,1.916,-1.086,2.024
37898,1263.612,0.98,1,0.821853,0.346355,-0.452322,0.825192,0.332958,-0.456287,1.067,0.642,1.924,-1.099,2.048
37899,1263.645,0.98,1,0.823089,0.343869,-0.451972,0.8266,0.327843,-0.45744,1.067,0.636,1.902,-1.108,2.036
37900,1263.678,0.98,1,0.822035,0.344588,-0.45334,0.825682,0.328861,-0.458367,1.065,0.636,1.89,-1.111,2.027
37901,1263.712,0.98,1,0.823164,0.340932,-0.454056,0.827461,0.323186,-0.459195,1.065,0.629,1.877,-1.118,2.024
37902,1263.745,0.98,1,0.824293,0.341835,-0.45132,0.82868,0.323712,-0.456619,1.069,0.633,1.875,-1.119,2.025
37903,1263.779,0.98,1,0.823035,0.34065,-0.454501,0.829022,0.32339,-0.456225,1.067,0.63,1.871,-1.117,2.018
37904,1263.812,0.98,1,0.821203,0.340416,-0.457976,0.829737,0.323809,-0.454626,1.066,0.629,1.886,-1.11,2.04
37905,1263.845,0.98,1,0.813,0.347198,-0.467423,0.818552,0.330087,-0.470123,1.049,0.626,1.863,-1.097,2.014
37906,1263.879,0.98,1,0.805775,0.357719,-0.471978,0.812784,0.344334,-0.469911,1.044,0.641,1.857,-1.072,2.005
37907,1263.912,0.98,1,0.801688,0.3656,-0.472898,0.810359,0.355732,-0.46559,1.044,0.655,1.894,-1.047,2.034
37908,1263.945,0.98,1,0.797247,0.373409,-0.474302,0.805688,0.364733,-0.46673,1.04,0.665,1.913,-1.03,2.049
37909,1263.979,0.98,1,0.798248,0.374068,-0.472095,0.807291,0.366707,-0.462394,1.044,0.67,1.945,-1.023,2.078
37910,1264.012,0.98,1,0.797988,0.376863,-0.470307,0.805506,0.368095,-0.464398,1.043,0.673,1.942,-1.02,2.068
37911,1264.045,0.98,1,0.803178,0.372899,-0.464598,0.811832,0.359969,-0.459729,1.051,0.67,1.922,-1.037,2.069
37912,1264.079,0.98,1,0.806097,0.370456,-0.461487,0.815963,0.354915,-0.456333,1.056,0.669,1.895,-1.055,2.062
37913,1264.112,0.98,1,0.807426,0.368559,-0.46068,0.817989,0.352114,-0.454873,1.058,0.667,1.901,-1.062,2.075
37914,1264.145,0.98,1,0.810972,0.365085,-0.457207,0.821629,0.345598,-0.453308,1.062,0.663,1.903,-1.068,2.091
37915,1264.179,0.98,1,0.812091,0.362431,-0.457331,0.823891,0.342943,-0.451213,1.064,0.66,1.919,-1.068,2.113
37916,1264.212,0.98,1,0.813914,0.360123,-0.455912,0.825703,0.341548,-0.448954,1.067,0.66,1.96,-1.065,2.149
37917,1264.245,0.98,1,0.808444,0.358536,-0.466766,0.818073,0.341052,-0.463077,1.051,0.645,1.994,-1.057,2.172
37918,1264.279,0.98,1,0.81079,0.357012,-0.463855,0.818414,0.341093,-0.462444,1.054,0.646,2.052,-1.048,2.215
37919,1264.312,0.98,1,0.815784,0.347539,-0.462292,0.825135,0.330706,-0.458023,1.06,0.635,2.095,-1.054,2.271
37920,1264.345,0.98,1,0.820126,0.336338,-0.462894,0.832236,0.319233,-0.453292,1.065,0.621,2.127,-1.061,2.313
37921,1264.379,0.98,1,0.82664,0.323719,-0.460296,0.836666,0.303135,-0.45618,1.067,0.6,2.109,-1.09,2.3
37922,1264.412,0.98,1,0.830949,0.313344,-0.459716,0.840871,0.290924,-0.456398,1.07,0.583,2.121,-1.111,2.321
37923,1264.445,0.98,1,0.833672,0.309047,-0.45769,0.84417,0.286265,-0.453244,1.073,0.579,2.147,-1.114,2.349
37924,1264.479,0.98,1,0.834366,0.307615,-0.457391,0.846429,0.284648,-0.450038,1.076,0.578,2.154,-1.116,2.361
37925,1264.512,0.98,1,0.834442,0.307641,-0.457234,0.846934,0.28476,-0.449015,1.076,0.579,2.158,-1.109,2.36
37926,1264.545,0.98,1,0.831536,0.316262,-0.456646,0.841442,0.292382,-0.45441,1.072,0.589,2.123,-1.11,2.331
37927,1264.579,0.98,1,0.830192,0.324487,-0.453309,0.841423,0.301208,-0.448644,1.076,0.606,2.133,-1.102,2.354
37928,1264.612,0.98,1,0.827517,0.334792,-0.4507,0.840444,0.310877,-0.443857,1.079,0.625,2.111,-1.095,2.344
37929,1264.645,0.98,1,0.825277,0.343914,-0.447929,0.840992,0.320429,-0.435955,1.083,0.645,2.088,-1.085,2.332
37930,1264.679,0.98,1,0.822969,0.353612,-0.444613,0.840051,0.330732,-0.430037,1.087,0.664,2.072,-1.066,2.321
37931,1264.712,0.98,1,0.81594,0.363361,-0.449679,0.834422,0.341334,-0.432703,1.08,0.674,2.056,-1.048,2.313
37932,1264.745,0.98,1,0.811669,0.369537,-0.452367,0.830107,0.347643,-0.435967,1.075,0.679,2.036,-1.035,2.299
37933,1264.779,0.98,1,0.80801,0.373934,-0.455295,0.827334,0.352289,-0.437506,1.071,0.683,2.026,-1.021,2.295
37934,1264.812,0.98,1,0.80298,0.38097,-0.458349,0.823133,0.358789,-0.440138,1.066,0.689,2.015,-1.005,2.296
37935,1264.846,0.98,1,0.794173,0.387091,-0.468454,0.817427,0.367744,-0.44337,1.056,0.691,2.001,-0.983,2.289
37936,1264.879,0.98,1,0.788895,0.393259,-0.47222,0.813971,0.374646,-0.44395,1.052,0.698,2.005,-0.961,2.306
37937,1264.912,0.98,1,0.785285,0.40496,-0.468331,0.810527,0.387634,-0.439074,1.054,0.718,1.999,-0.959,2.315
37938,1264.946,0.98,1,0.783855,0.405538,-0.470224,0.80874,0.386369,-0.443461,1.05,0.714,1.976,-0.964,2.304
37939,1264.979,0.98,1,0.778566,0.398844,-0.484519,0.802157,0.386641,-0.45503,1.035,0.696,1.997,-0.948,2.264
37940,1265.012,0.98,1,0.774591,0.404076,-0.48655,0.794911,0.393051,-0.462198,1.027,0.699,1.982,-0.943,2.226
37941,1265.046,0.98,1,0.784071,0.389567,-0.483187,0.800723,0.373861,-0.46805,1.03,0.676,2.014,-0.938,2.235
37942,1265.079,0.98,1,0.782144,0.391091,-0.485076,0.797035,0.375422,-0.473068,1.025,0.675,2.024,-0.932,2.239
37943,1265.112,0.98,1,0.776592,0.396706,-0.489417,0.789642,0.381187,-0.480793,1.016,0.676,2.024,-0.927,2.236
37944,1265.146,0.98,1,0.77207,0.396232,-0.496898,0.786725,0.38318,-0.48398,1.009,0.671,2.026,-0.922,2.24
37945,1265.179,0.98,1,0.767852,0.397711,-0.502225,0.784238,0.38656,-0.485327,1.004,0.671,2.023,-0.918,2.24
37946,1265.212,0.98,1,0.766485,0.398258,-0.503877,0.783672,0.388798,-0.484453,1.003,0.673,2.029,-0.915,2.249
37947,1265.246,0.98,1,0.767451,0.396669,-0.50366,0.785467,0.387357,-0.482696,1.005,0.672,2.027,-0.916,2.248
37948,1265.279,0.98,1,0.767339,0.397674,-0.503037,0.784528,0.388077,-0.483644,1.004,0.673,2.029,-0.918,2.251
37949,1265.312,0.98,1,0.766104,0.400003,-0.503073,0.783158,0.390572,-0.483856,1.004,0.675,2.035,-0.92,2.259
37950,1265.346,0.98,1,0.76374,0.405754,-0.50206,0.779485,0.396884,-0.484652,1.002,0.683,2.047,-0.918,2.264
37951,1265.379,0.98,1,0.754368,0.424931,-0.500363,0.76593,0.414576,-0.491404,0.993,0.702,2.047,-0.912,2.268
37952,1265.412,0.98,1,0.757479,0.428939,-0.492175,0.766948,0.417776,-0.487088,1.0,0.713,2.055,-0.91,2.272
37953,1265.446,0.98,1,0.76261,0.42637,-0.48645,0.769922,0.413309,-0.486205,1.005,0.712,2.063,-0.91,2.267
37954,1265.479,0.88,1,0.762575,0.419729,-0.492246,0.770953,0.409191,-0.488051,1.002,0.702,2.08,-0.907,2.271
37955,1265.512,0.88,1,0.765028,0.406852,-0.499203,0.774118,0.397472,-0.492705,0.998,0.681,2.102,-0.896,2.276
37956,1265.546,0.98,1,0.762968,0.396366,-0.510661,0.770969,0.385531,-0.506925,0.985,0.655,2.121,-0.883,2.287
37957,1265.579,0.98,1,0.75745,0.386742,-0.526022,0.768044,0.377145,-0.517562,0.971,0.632,2.143,-0.872,2.299
37958,1265.612,0.98,1,0.750982,0.389299,-0.533359,0.762437,0.38295,-0.521574,0.962,0.632,2.167,-0.852,2.312
37959,1265.646,0.98,1,0.746145,0.390575,-0.539183,0.7587,0.386581,-0.524336,0.956,0.631,2.187,-0.842,2.32
37960,1265.679,0.98,1,0.746757,0.388099,-0.540123,0.758917,0.384272,-0.525719,0.955,0.627,2.191,-0.836,2.321
37961,1265.712,0.98,1,0.749127,0.386626,-0.537894,0.761199,0.383473,-0.522996,0.958,0.628,2.198,-0.834,2.322
37962,1265.746,0.98,1,0.749101,0.386715,-0.537865,0.761,0.384906,-0.522232,0.959,0.629,2.205,-0.832,2.318
37963,1265.779,0.98,1,0.748174,0.387217,-0.538793,0.759624,0.385133,-0.524065,0.957,0.628,2.203,-0.835,2.312
37964,1265.812,0.98,1,0.748135,0.386502,-0.539361,0.759228,0.384352,-0.525211,0.956,0.627,2.208,-0.834,2.316
37965,1265.846,0.98,1,0.748921,0.386873,-0.538002,0.758013,0.384446,-0.526895,0.956,0.627,2.217,-0.832,2.316
37966,1265.879,0.98,1,0.750218,0.384074,-0.5382,0.758784,0.382616,-0.527118,0.956,0.624,2.221,-0.83,2.319
37967,1265.912,0.98,1,0.751849,0.381188,-0.537977,0.759919,0.380029,-0.527354,0.957,0.62,2.227,-0.831,2.324
37968,1265.946,0.98,1,0.756346,0.377313,-0.534393,0.76235,0.374899,-0.527515,0.961,0.616,2.232,-0.834,2.326
37969,1265.979,0.98,1,0.745445,0.401018,-0.532443,0.753475,0.400794,-0.521191,0.958,0.651,2.002,-0.914,2.121
37970,1266.013,0.98,1,0.744513,0.399116,-0.53517,0.749882,0.394888,-0.530792,0.951,0.64,2.006,-0.918,2.137
37971,1266.046,0.98,1,0.749853,0.395562,-0.530331,0.755433,0.38891,-0.527323,0.958,0.638,1.998,-0.929,2.141
37972,1266.079,0.98,1,0.755479,0.392083,-0.524902,0.761185,0.380738,-0.52501,0.965,0.635,1.832,-0.992,2.002
37973,1266.113,0.98,1,0.76163,0.389401,-0.517964,0.76365,0.376042,-0.524815,0.971,0.633,1.832,-1.009,2.013
37974,1266.146,0.98,1,0.768592,0.386711,-0.509628,0.76926,0.375225,-0.517152,0.982,0.638,1.82,-1.025,2.008
37975,1266.179,0.98,1,0.775054,0.364712,-0.51602,0.781354,0.348798,-0.51752,0.985,0.604,1.834,-1.041,2.018
37976,1266.213,0.98,1,0.795869,0.361278,-0.485871,0.806836,0.34449,-0.47994,1.028,0.631,1.97,-1.051,2.171
37977,1266.246,0.98,1,0.803512,0.35596,-0.477139,0.819161,0.341925,-0.460504,1.047,0.64,2.005,-1.07,2.206
37978,1266.279,0.98,1,0.809274,0.34738,-0.473712,0.824326,0.329782,-0.460141,1.051,0.627,1.971,-1.098,2.186
37979,1266.313,0.98,1,0.81218,0.343732,-0.471393,0.826256,0.32475,-0.46026,1.054,0.622,1.962,-1.105,2.179
37980,1266.346,0.98,1,0.808168,0.345051,-0.477289,0.821243,0.324691,-0.469186,1.045,0.616,1.898,-1.109,2.125
37981,1266.379,0.98,1,0.800953,0.347706,-0.487417,0.815312,0.327558,-0.477464,1.033,0.611,1.886,-1.082,2.106
37982,1266.413,0.98,1,0.785542,0.370681,-0.495499,0.801906,0.358654,-0.477823,1.021,0.643,1.955,-1.017,2.161
37983,1266.446,0.98,1,0.780149,0.378004,-0.498478,0.796861,0.366775,-0.480093,1.015,0.651,1.967,-0.996,2.177
37984,1266.479,0.98,1,0.775818,0.381469,-0.502581,0.794371,0.370387,-0.481443,1.011,0.652,1.957,-0.984,2.175
37985,1266.513,0.98,1,0.772153,0.386357,-0.504487,0.790494,0.373816,-0.485161,1.006,0.655,1.966,-0.972,2.193
37986,1266.546,0.98,1,0.775518,0.389629,-0.496751,0.794167,0.373732,-0.47919,1.015,0.664,1.996,-0.963,2.241
37987,1266.579,0.98,1,0.786808,0.380155,-0.486225,0.810199,0.367036,-0.457013,1.037,0.67,2.037,-0.971,2.292
37988,1266.613,0.98,1,0.798518,0.36564,-0.478202,0.822013,0.352816,-0.447007,1.052,0.66,2.131,-0.973,2.373
37989,1266.646,0.98,1,0.817548,0.340681,-0.464276,0.840045,0.32467,-0.434643,1.074,0.637,2.204,-1.011,2.445
37990,1266.679,0.98,1,0.836666,0.314403,-0.448486,0.857531,0.297165,-0.419922,1.097,0.614,2.313,-1.041,2.534
37991,1266.713,0.98,1,0.856647,0.27641,-0.435607,0.876428,0.256964,-0.407239,1.118,0.564,2.405,-1.082,2.61
37992,1266.746,0.98,1,0.868946,0.247898,-0.428345,0.888476,0.226453,-0.39916,1.131,0.521,2.495,-1.109,2.691
37993,1266.779,0.98,1,0.877359,0.225295,-0.423656,0.895484,0.2042,-0.395487,1.138,0.483,2.586,-1.133,2.758
37994,1266.813,0.98,1,0.89012,0.196838,-0.411024,0.905855,0.174312,-0.38606,1.153,0.436,2.695,-1.156,2.851
38000,1267.013,0.98,1,0.886614,0.1975,-0.418221,0.890922,0.16772,-0.422051,1.129,0.41,2.421,-1.277,2.576
38001,1267.046,0.98,1,0.881878,0.212638,-0.420805,0.88502,0.179373,-0.429611,1.122,0.432,2.292,-1.272,2.475
38002,1267.08,0.98,1,0.876763,0.226243,-0.424383,0.880764,0.18974,-0.433882,1.117,0.451,2.204,-1.258,2.419
38003,1267.113,0.98,1,0.874128,0.236985,-0.423956,0.878533,0.195579,-0.435809,1.115,0.466,2.17,-1.242,2.436
38004,1267.146,0.98,1,0.870434,0.249685,-0.424266,0.875616,0.203324,-0.438128,1.112,0.484,2.147,-1.228,2.469
38005,1267.18,0.98,1,0.867748,0.257053,-0.425367,0.875731,0.204742,-0.437237,1.111,0.492,2.128,-1.218,2.512
38006,1267.213,0.98,1,0.864316,0.263903,-0.42815,0.873594,0.207679,-0.440117,1.107,0.498,2.119,-1.2,2.545
38007,1267.246,0.98,1,0.86057,0.271797,-0.43075,0.870858,0.215219,-0.441913,1.104,0.509,2.092,-1.189,2.538
38008,1267.28,0.98,1,0.856629,0.273766,-0.437309,0.866895,0.214556,-0.449954,1.095,0.503,1.992,-1.203,2.46
38009,1267.313,0.98,1,0.850195,0.285984,-0.442019,0.859754,0.227578,-0.4572,1.087,0.519,1.908,-1.198,2.356
38010,1267.346,0.98,1,0.833677,0.309089,-0.457653,0.840697,0.254031,-0.478223,1.061,0.542,1.705,-1.197,2.112
38011,1267.38,0.98,1,0.816948,0.34271,-0.463839,0.829869,0.300242,-0.47029,1.055,0.603,1.716,-1.138,2.051
38012,1267.413,0.98,1,0.809898,0.359329,-0.463625,0.823632,0.324775,-0.464922,1.054,0.635,1.816,-1.1,2.111
38013,1267.446,0.98,1,0.805898,0.366866,-0.46469,0.819711,0.336361,-0.463612,1.052,0.648,1.869,-1.076,2.144
38014,1267.48,0.98,1,0.806463,0.370387,-0.460902,0.820201,0.341425,-0.45902,1.056,0.659,1.902,-1.061,2.166
38015,1267.513,0.98,1,0.805727,0.373517,-0.459662,0.820721,0.345654,-0.454907,1.059,0.666,1.909,-1.055,2.176
38016,1267.546,0.98,1,0.805682,0.373435,-0.459807,0.820153,0.345676,-0.455914,1.058,0.666,1.91,-1.054,2.174
38017,1267.58,0.98,1,0.805067,0.374982,-0.459626,0.819786,0.347729,-0.455011,1.058,0.669,1.907,-1.049,2.168
38018,1267.613,0.98,1,0.80399,0.374326,-0.462039,0.817696,0.346067,-0.460012,1.054,0.663,1.89,-1.053,2.154
38019,1267.646,0.98,1,0.802546,0.377338,-0.462099,0.816485,0.350801,-0.458575,1.054,0.669,1.906,-1.043,2.161
38020,1267.68,0.98,1,0.803075,0.376095,-0.462194,0.817073,0.34965,-0.458407,1.054,0.668,1.915,-1.039,2.169
38021,1267.713,0.98,1,0.804373,0.37788,-0.458465,0.817949,0.350547,-0.456153,1.057,0.673,1.925,-1.037,2.18
38022,1267.746,0.98,1,0.802683,0.381897,-0.4581,0.816437,0.355308,-0.455178,1.057,0.679,1.923,-1.033,2.178
38023,1267.78,0.98,1,0.803052,0.380995,-0.458203,0.817482,0.354836,-0.453669,1.058,0.679,1.925,-1.032,2.183
38024,1267.813,0.98,1,0.802066,0.382338,-0.458811,0.816298,0.356667,-0.454364,1.057,0.68,1.935,-1.026,2.184
38025,1267.846,0.98,1,0.800488,0.382385,-0.461519,0.81481,0.357485,-0.456388,1.054,0.678,1.932,-1.027,2.178
38026,1267.88,0.98,1,0.800828,0.382511,-0.460825,0.816319,0.358743,-0.452689,1.057,0.682,1.948,-1.022,2.193
38027,1267.913,0.98,1,0.800259,0.382636,-0.461708,0.815677,0.35925,-0.453444,1.056,0.681,1.946,-1.022,2.19
38028,1267.946,0.98,1,0.800703,0.380678,-0.462557,0.815695,0.356771,-0.455363,1.054,0.677,1.935,-1.029,2.179
38029,1267.98,0.98,1,0.802136,0.379785,-0.460805,0.816725,0.355615,-0.45442,1.056,0.677,1.926,-1.035,2.171
38030,1268.013,0.98,1,0.801571,0.381304,-0.460533,0.815743,0.357404,-0.454781,1.056,0.679,1.926,-1.032,2.164
38031,1268.046,0.98,1,0.80137,0.379604,-0.462285,0.814897,0.355755,-0.457583,1.053,0.674,1.921,-1.038,2.16
38032,1268.08,0.98,1,0.800505,0.378284,-0.464858,0.814084,0.354083,-0.460318,1.05,0.67,1.904,-1.043,2.143
38033,1268.113,0.98,1,0.797103,0.390035,-0.460976,0.807728,0.365989,-0.462199,1.049,0.686,1.893,-1.042,2.127
38034,1268.146,0.98,1,0.793498,0.399683,-0.458928,0.801745,0.375893,-0.464661,1.046,0.699,1.889,-1.04,2.114
38035,1268.18,0.98,1,0.791204,0.401646,-0.461168,0.798151,0.378205,-0.468952,1.041,0.698,1.868,-1.041,2.087
38036,1268.213,0.98,1,0.790129,0.40367,-0.461244,0.79551,0.380574,-0.471516,1.039,0.699,1.858,-1.032,2.061
38037,1268.247,0.98,1,0.790497,0.404536,-0.459853,0.794697,0.38323,-0.470735,1.04,0.702,1.869,-1.029,2.056
38038,1268.28,0.98,1,0.793292,0.404297,-0.455228,0.797124,0.382333,-0.467349,1.045,0.706,1.875,-1.031,2.059
38039,1268.313,0.98,1,0.790046,0.409309,-0.456393,0.795328,0.390356,-0.463762,1.045,0.715,1.858,-1.031,2.03
38040,1268.347,0.98,1,0.788335,0.412035,-0.456897,0.792981,0.395081,-0.46378,1.044,0.72,1.837,-1.029,1.996
38041,1268.38,0.98,1,0.788891,0.400631,-0.465988,0.793902,0.387263,-0.468771,1.037,0.7,1.844,-1.032,1.975
38042,1268.413,0.98,1,0.786516,0.394525,-0.475124,0.79339,0.387229,-0.469666,1.032,0.691,1.889,-1.024,1.984
38043,1268.447,0.98,1,0.786895,0.397809,-0.471745,0.789529,0.385554,-0.477485,1.029,0.69,1.84,-1.03,1.945
38044,1268.48,0.98,1,0.790889,0.387261,-0.473839,0.795359,0.380947,-0.47147,1.033,0.682,1.893,-1.038,1.966
38045,1268.513,0.98,1,0.790703,0.387236,-0.47417,0.790949,0.378491,-0.480775,1.028,0.676,1.839,-1.051,1.91
38046,1268.547,0.98,1,0.799544,0.380536,-0.464674,0.796832,0.370463,-0.477301,1.038,0.673,1.853,-1.067,1.922
38047,1268.58,0.98,1,0.807369,0.36891,-0.4605,0.802907,0.360288,-0.474903,1.045,0.662,1.863,-1.09,1.908
38048,1268.613,0.98,1,0.812607,0.359928,-0.458389,0.807137,0.353558,-0.472785,1.049,0.654,1.867,-1.111,1.889
38049,1268.647,0.98,1,0.817771,0.353094,-0.454505,0.812492,0.348967,-0.46699,1.056,0.651,1.886,-1.12,1.886
38050,1268.68,0.98,1,0.819166,0.34766,-0.456178,0.814867,0.342625,-0.467547,1.056,0.642,1.889,-1.129,1.886
38051,1268.713,0.98,1,0.815581,0.353578,-0.45805,0.811661,0.351172,-0.466781,1.054,0.651,1.936,-1.105,1.918
38052,1268.747,0.98,1,0.808027,0.364702,-0.462693,0.806448,0.363292,-0.466541,1.049,0.665,1.936,-1.086,1.926
38053,1268.78,0.98,1,0.801899,0.373007,-0.466715,0.802204,0.373916,-0.465462,1.044,0.676,1.958,-1.063,1.942
38054,1268.813,0.98,1,0.801501,0.382756,-0.459449,0.799221,0.383378,-0.462889,1.048,0.693,1.951,-1.056,1.943
38055,1268.847,0.98,1,0.805616,0.387357,-0.448261,0.800013,0.388658,-0.457082,1.057,0.709,1.933,-1.059,1.92
38056,1268.88,0.98,1,0.8077,0.391875,-0.440517,0.800492,0.393452,-0.452116,1.064,0.722,1.912,-1.066,1.909
38057,1268.913,0.98,1,0.803818,0.39608,-0.443844,0.796373,0.399273,-0.45428,1.059,0.725,1.896,-1.055,1.887
38058,1268.947,0.98,1,0.798736,0.399844,-0.449607,0.789659,0.402954,-0.462673,1.049,0.722,1.864,-1.054,1.861
38059,1268.98,0.98,1,0.791712,0.405612,-0.456805,0.782792,0.410067,-0.468061,1.04,0.723,1.827,-1.036,1.817
38060,1269.013,0.93,1,0.78896,0.404187,-0.46279,0.780908,0.410004,-0.471252,1.034,0.717,1.854,-1.019,1.824
38061,1269.047,0.98,1,0.784298,0.39834,-0.475607,0.777566,0.40799,-0.478471,1.022,0.702,1.914,-0.998,1.845
38062,1269.08,0.88,1,0.789752,0.390445,-0.473123,0.780652,0.400997,-0.479357,1.026,0.693,1.893,-0.991,1.812
38063,1269.113,0.88,1,0.78237,0.384253,-0.49015,0.771539,0.401824,-0.49322,1.007,0.674,1.926,-0.978,1.797
38064,1269.147,0.88,1,0.77098,0.390247,-0.503286,0.757321,0.416556,-0.502938,0.989,0.676,1.947,-0.951,1.786
38065,1269.18,0.98,1,0.762807,0.39173,-0.514464,0.746098,0.422681,-0.51447,0.972,0.67,1.966,-0.922,1.775
38066,1269.213,0.98,1,0.761524,0.3887,-0.518646,0.741729,0.420964,-0.522138,0.965,0.661,1.99,-0.903,1.767
38067,1269.247,0.98,1,0.758187,0.392318,-0.520806,0.733566,0.422797,-0.532093,0.956,0.659,1.998,-0.887,1.746
38068,1269.28,0.98,1,0.758508,0.397134,-0.516672,0.731599,0.427718,-0.530868,0.958,0.667,2.006,-0.879,1.738
38069,1269.314,0.98,1,0.761284,0.395719,-0.513667,0.733458,0.426118,-0.529587,0.961,0.667,2.005,-0.874,1.728
38070,1269.347,0.98,1,0.764212,0.393663,-0.510891,0.736157,0.424812,-0.526886,0.966,0.668,2.001,-0.876,1.718
38071,1269.38,0.98,1,0.770088,0.394097,-0.50165,0.742135,0.425529,-0.517842,0.978,0.677,1.992,-0.888,1.714
38072,1269.414,0.82,1,0.772739,0.401625,-0.4915,0.744513,0.432701,-0.5084,0.988,0.695,1.963,-0.902,1.707
38073,1269.447,0.88,1,0.774166,0.407804,-0.48411,0.749096,0.436825,-0.498035,0.998,0.71,1.934,-0.913,1.713
38074,1269.48,0.88,1,0.77584,0.413736,-0.476335,0.755557,0.440014,-0.485305,1.01,0.726,1.906,-0.93,1.718
38075,1269.514,0.88,1,0.77637,0.415685,-0.473769,0.760383,0.439149,-0.478503,1.016,0.732,1.865,-0.946,1.716
38076,1269.547,0.88,1,0.779066,0.407718,-0.476258,0.766628,0.427199,-0.479357,1.017,0.718,1.817,-0.964,1.707
38077,1269.58,0.98,1,0.774274,0.398742,-0.491431,0.769778,0.413177,-0.486547,1.006,0.693,1.77,-0.974,1.711
38078,1269.614,0.98,1,0.771707,0.387391,-0.504377,0.770246,0.399985,-0.496723,0.995,0.666,1.746,-0.997,1.725
38079,1269.647,0.98,1,0.772147,0.384597,-0.50584,0.770468,0.392518,-0.502304,0.992,0.657,1.722,-1.026,1.738
38080,1269.68,0.98,1,0.772708,0.383415,-0.50588,0.770255,0.383659,-0.509424,0.989,0.647,1.704,-1.052,1.762
38081,1269.714,0.98,1,0.775392,0.379637,-0.504622,0.771494,0.373032,-0.515407,0.988,0.636,1.68,-1.073,1.766
38082,1269.747,0.98,1,0.777967,0.378729,-0.50133,0.772236,0.365753,-0.519497,0.988,0.63,1.665,-1.088,1.772
38083,1269.78,0.98,1,0.779629,0.37467,-0.501798,0.774166,0.358212,-0.521872,0.988,0.621,1.644,-1.097,1.765
38084,1269.814,0.98,1,0.783527,0.379267,-0.492181,0.775922,0.360844,-0.517432,0.996,0.633,1.627,-1.103,1.763
38085,1269.847,0.98,1,0.791608,0.380328,-0.478233,0.782417,0.35734,-0.510031,1.01,0.641,1.616,-1.11,1.766
38086,1269.88,0.98,1,0.79286,0.388721,-0.469328,0.78172,0.364311,-0.506153,1.016,0.657,1.619,-1.105,1.773
38087,1269.914,0.98,1,0.7921,0.397661,-0.463081,0.783657,0.373903,-0.496062,1.024,0.677,1.639,-1.093,1.794
38088,1269.947,0.93,1,0.788559,0.410281,-0.458087,0.78309,0.391491,-0.483223,1.031,0.706,1.691,-1.072,1.832
38089,1269.98,0.93,1,0.787997,0.417593,-0.452412,0.784467,0.402862,-0.471502,1.04,0.726,1.752,-1.051,1.877
38090,1270.014,0.93,1,0.789844,0.420756,-0.446218,0.787779,0.408123,-0.461347,1.049,0.74,1.807,-1.031,1.913
38091,1270.047,0.98,1,0.792059,0.420596,-0.442427,0.789507,0.410565,-0.456196,1.054,0.746,1.866,-1.018,1.955
38092,1270.08,0.88,1,0.757887,0.443553,-0.478401,0.745877,0.441483,-0.498758,0.995,0.736,1.74,-0.972,1.729
38093,1270.114,0.93,1,0.766469,0.434312,-0.473178,0.759623,0.433803,-0.484548,1.01,0.736,1.76,-0.997,1.748
38094,1270.147,0.98,1,0.775565,0.416777,-0.474127,0.768981,0.416447,-0.485015,1.015,0.715,1.763,-1.016,1.759
38095,1270.18,0.98,1,0.782189,0.406614,-0.472066,0.77599,0.406098,-0.482621,1.021,0.705,1.753,-1.034,1.769
38096,1270.214,0.98,1,0.781992,0.402758,-0.475684,0.778695,0.401851,-0.481819,1.02,0.699,1.74,-1.039,1.775
38097,1270.247,0.98,1,0.783348,0.398773,-0.476808,0.779318,0.395095,-0.486378,1.018,0.689,1.731,-1.041,1.776
38098,1270.28,0.98,1,0.77892,0.399545,-0.48337,0.772929,0.394806,-0.496698,1.008,0.681,1.709,-1.04,1.761
38099,1270.314,0.98,1,0.779385,0.403726,-0.47913,0.769393,0.397362,-0.500137,1.007,0.686,1.681,-1.044,1.75
38100,1270.347,0.98,1,0.778553,0.40752,-0.477265,0.767065,0.398704,-0.50264,1.006,0.688,1.664,-1.045,1.738
38101,1270.381,0.98,1,0.77813,0.414189,-0.472188,0.76487,0.403798,-0.501918,1.008,0.699,1.657,-1.042,1.735
38102,1270.414,0.98,1,0.776139,0.418779,-0.471415,0.766723,0.409933,-0.494056,1.012,0.709,1.668,-1.035,1.748
38103,1270.447,0.93,1,0.775275,0.426109,-0.46624,0.767373,0.415781,-0.488123,1.017,0.723,1.693,-1.027,1.775
38104,1270.481,0.93,1,0.769616,0.430925,-0.471164,0.765601,0.422705,-0.484949,1.014,0.729,1.729,-1.013,1.805
38105,1270.514,0.93,1,0.764732,0.429471,-0.480354,0.763923,0.423546,-0.486858,1.007,0.723,1.776,-0.998,1.835
38106,1270.547,0.93,1,0.763885,0.426472,-0.484356,0.764475,0.422165,-0.487191,1.005,0.718,1.827,-0.982,1.866
38107,1270.581,0.88,1,0.76515,0.418549,-0.489246,0.767443,0.415441,-0.488303,1.003,0.706,1.88,-0.965,1.901
38108,1270.614,0.88,1,0.76756,0.413668,-0.489622,0.76855,0.411234,-0.49012,1.003,0.7,1.95,-0.949,1.952
38109,1270.647,0.98,1,0.768979,0.406036,-0.493767,0.769012,0.404791,-0.494738,1.0,0.687,2.027,-0.929,2.015
38110,1270.681,0.88,1,0.746886,0.435916,-0.502134,0.738049,0.432344,-0.518037,0.969,0.705,1.806,-0.944,1.823
38111,1270.714,0.88,1,0.738497,0.429152,-0.520049,0.734889,0.430296,-0.524199,0.954,0.689,1.871,-0.92,1.867
38112,1270.747,0.88,1,0.735293,0.425182,-0.527792,0.73526,0.430533,-0.523483,0.95,0.683,1.946,-0.897,1.929
38113,1270.781,0.88,1,0.733337,0.418427,-0.53585,0.737124,0.428418,-0.522595,0.947,0.675,2.01,-0.876,1.987
38114,1270.814,0.88,1,0.73605,0.415426,-0.534464,0.738536,0.423969,-0.524228,0.948,0.67,2.067,-0.856,2.041
38115,1270.847,0.88,1,0.734445,0.411831,-0.53943,0.737384,0.420202,-0.528863,0.943,0.662,2.114,-0.833,2.088
38116,1270.881,0.88,1,0.733231,0.402039,-0.548394,0.738178,0.412936,-0.533458,0.937,0.646,2.159,-0.812,2.135
38117,1270.914,0.88,1,0.730814,0.3989,-0.553886,0.737012,0.411067,-0.536505,0.932,0.639,2.182,-0.792,2.169
38118,1270.947,0.88,1,0.729622,0.396937,-0.55686,0.73484,0.408917,-0.541107,0.927,0.633,2.192,-0.778,2.187
38119,1270.981,0.88,1,0.727558,0.397151,-0.559402,0.733712,0.41041,-0.541508,0.925,0.633,2.196,-0.769,2.203
38120,1271.014,0.88,1,0.727681,0.395742,-0.56024,0.73393,0.409739,-0.54172,0.925,0.631,2.2,-0.766,2.217
38121,1271.047,0.88,1,0.72779,0.392877,-0.562111,0.7334,0.406487,-0.544878,0.922,0.625,2.201,-0.766,2.225
38122,1271.081,0.93,1,0.724442,0.393409,-0.56605,0.730784,0.407982,-0.547272,0.918,0.624,2.192,-0.769,2.222
38123,1271.114,0.93,1,0.722686,0.394461,-0.567561,0.728899,0.409955,-0.548309,0.915,0.625,2.182,-0.771,2.218
38124,1271.147,0.93,1,0.721829,0.397058,-0.56684,0.72617,0.410961,-0.551169,0.913,0.626,2.171,-0.776,2.213
38125,1271.181,0.93,1,0.721542,0.395887,-0.568024,0.726215,0.409861,-0.551929,0.912,0.624,2.16,-0.784,2.208
38126,1271.214,0.93,1,0.722429,0.394071,-0.568159,0.725925,0.405762,-0.555329,0.911,0.619,2.151,-0.788,2.206
38127,1271.247,0.93,1,0.723064,0.396083,-0.565948,0.726227,0.406785,-0.554185,0.913,0.622,2.137,-0.796,2.201
38128,1271.281,0.93,1,0.724216,0.40411,-0.558754,0.724672,0.411659,-0.552619,0.916,0.633,2.119,-0.805,2.195
38129,1271.314,0.93,1,0.728622,0.411568,-0.547468,0.727893,0.417487,-0.543945,0.928,0.65,2.101,-0.811,2.192
38130,1271.347,0.93,1,0.732546,0.413297,-0.54089,0.730915,0.417339,-0.539991,0.935,0.655,2.092,-0.82,2.19
38131,1271.381,0.93,1,0.733345,0.416034,-0.5377,0.732289,0.418986,-0.536846,0.938,0.661,2.078,-0.828,2.184
38132,1271.414,0.93,1,0.733178,0.418038,-0.536371,0.732266,0.419866,-0.536189,0.939,0.663,2.061,-0.837,2.171
38133,1271.447,0.93,1,0.734997,0.417729,-0.534117,0.734058,0.419101,-0.534334,0.942,0.664,2.053,-0.846,2.165
38134,1271.481,0.93,1,0.737539,0.418815,-0.529746,0.735269,0.417705,-0.533762,0.945,0.666,2.042,-0.853,2.158
38135,1271.514,0.93,1,0.740183,0.419436,-0.52555,0.738036,0.417418,-0.530156,0.951,0.67,2.033,-0.86,2.151
38136,1271.548,0.93,1,0.739976,0.424313,-0.521914,0.736981,0.420599,-0.529109,0.952,0.677,2.026,-0.866,2.149
38137,1271.581,0.93,1,0.742036,0.424718,-0.518649,0.739959,0.420843,-0.52474,0.957,0.681,2.023,-0.871,2.151
38138,1271.614,0.93,1,0.742354,0.425775,-0.517325,0.740221,0.420602,-0.524564,0.958,0.682,2.021,-0.874,2.151
38139,1271.648,0.93,1,0.740547,0.427459,-0.518525,0.738638,0.422017,-0.525658,0.956,0.683,2.015,-0.879,2.15
38140,1271.681,0.93,1,0.741077,0.425953,-0.519008,0.739992,0.419863,-0.525478,0.957,0.681,2.011,-0.885,2.151
38141,1271.714,0.93,1,0.73921,0.428959,-0.519193,0.737605,0.421243,-0.527725,0.954,0.682,2.004,-0.888,2.151
38142,1271.748,0.93,1,0.738908,0.428374,-0.520107,0.738541,0.420502,-0.527006,0.954,0.681,1.993,-0.897,2.15
38143,1271.781,0.93,1,0.738304,0.428122,-0.52117,0.738044,0.418281,-0.529464,0.952,0.678,1.979,-0.903,2.145
38144,1271.814,0.93,1,0.739227,0.427353,-0.520493,0.738265,0.416523,-0.530541,0.952,0.677,1.966,-0.911,2.136
38145,1271.848,0.93,1,0.740141,0.428538,-0.518215,0.738187,0.417181,-0.530131,0.954,0.679,1.967,-0.917,2.138
38146,1271.881,0.98,1,0.737789,0.443601,-0.508808,0.731552,0.431649,-0.527741,0.956,0.701,1.957,-0.924,2.137
38147,1271.914,0.98,1,0.740882,0.439609,-0.507777,0.734805,0.426094,-0.527736,0.959,0.696,1.959,-0.922,2.139
38148,1271.948,0.93,1,0.741664,0.435313,-0.51033,0.737452,0.421575,-0.527673,0.959,0.69,1.96,-0.922,2.139
38149,1271.981,0.93,1,0.742807,0.428492,-0.514424,0.740621,0.416458,-0.527298,0.959,0.681,1.968,-0.921,2.142
38150,1272.014,0.93,1,0.744277,0.425827,-0.514512,0.742477,0.413915,-0.52669,0.96,0.679,1.979,-0.92,2.151
38151,1272.048,0.93,1,0.747414,0.421174,-0.513794,0.746662,0.409327,-0.524354,0.964,0.675,1.988,-0.921,2.161
38152,1272.081,0.93,1,0.749285,0.417581,-0.514001,0.750612,0.406658,-0.52078,0.967,0.673,2.0,-0.918,2.172
38153,1272.114,0.93,1,0.751987,0.414824,-0.512286,0.752773,0.402712,-0.520726,0.969,0.669,2.014,-0.919,2.185
38154,1272.148,0.88,1,0.728247,0.442682,-0.523153,0.725194,0.441869,-0.528058,0.945,0.7,1.869,-0.927,1.982
38155,1272.181,0.93,1,0.740044,0.435112,-0.512847,0.738253,0.431779,-0.518218,0.962,0.699,1.904,-0.949,2.032
38156,1272.214,0.88,1,0.731593,0.439576,-0.5211,0.721794,0.439738,-0.534456,0.943,0.695,1.747,-0.975,1.811
38157,1272.248,0.98,1,0.753582,0.424038,-0.502301,0.743339,0.42249,-0.518604,0.972,0.692,1.772,-1.007,1.849
38158,1272.281,0.98,1,0.747913,0.430583,-0.505197,0.724913,0.432489,-0.536148,0.955,0.692,1.667,-1.017,1.685
38159,1272.314,0.98,1,0.766538,0.406102,-0.497495,0.750432,0.402705,-0.524099,0.978,0.67,1.662,-1.033,1.69
38160,1272.348,0.88,1,0.773944,0.399871,-0.491034,0.756329,0.39624,-0.520539,0.987,0.667,1.665,-1.047,1.694
38161,1272.381,0.88,1,0.771372,0.398432,-0.496223,0.756552,0.397847,-0.518987,0.984,0.665,1.67,-1.042,1.689
38162,1272.414,0.88,1,0.765872,0.395563,-0.506922,0.750748,0.395799,-0.528886,0.972,0.652,1.657,-1.032,1.659
38163,1272.448,0.88,1,0.758486,0.39268,-0.520097,0.744326,0.392191,-0.540524,0.956,0.637,1.642,-1.016,1.621
38164,1272.481,0.88,1,0.751603,0.396208,-0.527363,0.738392,0.39759,-0.544701,0.947,0.637,1.629,-1.007,1.596
38165,1272.514,0.88,1,0.75469,0.391033,-0.526817,0.74172,0.390761,-0.545121,0.949,0.63,1.615,-1.015,1.578
38166,1272.548,0.93,1,0.7635,0.386638,-0.517281,0.746653,0.383565,-0.543496,0.958,0.628,1.587,-1.032,1.554
38167,1272.581,0.93,1,0.766277,0.382667,-0.516125,0.747994,0.379678,-0.544381,0.96,0.623,1.558,-1.045,1.536
38168,1272.615,0.93,1,0.775901,0.381616,-0.502341,0.75377,0.377755,-0.537709,0.974,0.631,1.528,-1.06,1.518
38169,1272.648,0.93,1,0.775851,0.380772,-0.503058,0.7521,0.374402,-0.542373,0.971,0.626,1.487,-1.062,1.488
38170,1272.681,0.88,1,0.767914,0.386861,-0.510536,0.745347,0.38013,-0.547685,0.961,0.627,1.46,-1.048,1.46
38171,1272.715,0.88,1,0.759254,0.388898,-0.521816,0.732316,0.382622,-0.563307,0.942,0.618,1.44,-1.034,1.438
38172,1272.748,0.93,1,0.755124,0.387827,-0.528562,0.722025,0.376965,-0.580153,0.927,0.604,1.405,-1.025,1.403
38173,1272.781,0.88,1,0.749477,0.389758,-0.535138,0.712774,0.374107,-0.593293,0.914,0.595,1.363,-1.016,1.37
38174,1272.815,0.88,1,0.747158,0.388015,-0.539628,0.712623,0.372029,-0.594779,0.91,0.59,1.335,-1.011,1.358
38175,1272.848,0.88,1,0.743218,0.386173,-0.54635,0.711027,0.36744,-0.599523,0.903,0.582,1.3,-1.011,1.344
38176,1272.881,0.88,1,0.736874,0.392365,-0.550515,0.70701,0.371674,-0.60166,0.897,0.586,1.287,-1.011,1.352
38177,1272.915,0.88,1,0.731081,0.393472,-0.557404,0.705589,0.37426,-0.601726,0.892,0.585,1.279,-1.017,1.367
38178,1272.948,0.88,1,0.726455,0.396213,-0.561496,0.706157,0.376217,-0.599836,0.89,0.587,1.283,-1.02,1.39
38179,1272.981,0.88,1,0.734299,0.394406,-0.552493,0.721096,0.372138,-0.584408,0.908,0.593,1.289,-1.033,1.426
38180,1273.015,0.88,1,0.733417,0.404175,-0.546573,0.727337,0.383476,-0.569146,0.919,0.615,1.305,-1.039,1.474
38181,1273.048,0.88,1,0.736703,0.399976,-0.545241,0.728469,0.37896,-0.570721,0.92,0.609,1.352,-1.061,1.528
38182,1273.081,0.98,1,0.745834,0.386763,-0.542353,0.727854,0.360358,-0.583413,0.918,0.586,1.377,-1.06,1.532
38183,1273.115,0.98,1,0.741736,0.392218,-0.544052,0.720836,0.365727,-0.588761,0.912,0.59,1.396,-1.055,1.549
38184,1273.148,0.88,1,0.728344,0.401826,-0.555023,0.715284,0.379704,-0.58668,0.902,0.6,1.409,-1.036,1.57
38185,1273.181,0.88,1,0.727513,0.403679,-0.554769,0.718253,0.3834,-0.580618,0.905,0.606,1.426,-1.029,1.595
38186,1273.215,0.88,1,0.73124,0.406354,-0.547873,0.726147,0.387127,-0.568192,0.917,0.618,1.465,-1.03,1.645
38187,1273.248,0.88,1,0.73711,0.408442,-0.538372,0.731097,0.387026,-0.561879,0.928,0.626,1.503,-1.029,1.688
38188,1273.281,0.88,1,0.735462,0.411042,-0.538646,0.733114,0.393887,-0.554434,0.931,0.635,1.557,-1.021,1.74
38189,1273.315,0.88,1,0.732076,0.417335,-0.53842,0.730129,0.401911,-0.552611,0.93,0.644,1.607,-1.011,1.786
38190,1273.348,0.88,1,0.731659,0.418949,-0.537733,0.731031,0.405501,-0.548783,0.932,0.649,1.658,-1.002,1.835
38191,1273.381,0.88,1,0.73416,0.419564,-0.53383,0.732011,0.40456,-0.548171,0.935,0.651,1.692,-0.998,1.869
38192,1273.415,0.88,1,0.736109,0.419205,-0.531424,0.734152,0.402899,-0.546528,0.938,0.652,1.715,-0.998,1.898
38193,1273.448,0.88,1,0.735022,0.422572,-0.53026,0.733134,0.40596,-0.545629,0.938,0.656,1.717,-1.0,1.908
38194,1273.481,0.88,1,0.739505,0.420985,-0.525265,0.738913,0.404355,-0.538984,0.947,0.66,1.713,-1.01,1.912
38195,1273.515,0.88,1,0.7397,0.423722,-0.522784,0.739109,0.407881,-0.536051,0.949,0.666,1.699,-1.022,1.908
38196,1273.548,0.88,1,0.735882,0.425519,-0.526699,0.734151,0.411492,-0.540089,0.943,0.665,1.683,-1.031,1.89
38197,1273.581,0.93,1,0.739086,0.419663,-0.526911,0.736219,0.40385,-0.543034,0.943,0.656,1.654,-1.042,1.861
38198,1273.615,0.88,1,0.739433,0.415011,-0.530099,0.735222,0.397832,-0.548797,0.939,0.646,1.619,-1.043,1.823
38199,1273.648,0.93,1,0.740605,0.408244,-0.533704,0.734187,0.388303,-0.556948,0.934,0.631,1.593,-1.045,1.789
38200,1273.681,0.88,1,0.74111,0.408255,-0.532995,0.73236,0.38806,-0.559517,0.933,0.63,1.581,-1.045,1.77
38201,1273.715,0.98,1,0.738693,0.408808,-0.535919,0.727421,0.388643,-0.565523,0.926,0.627,1.577,-1.041,1.756
38202,1273.748,0.98,1,0.737542,0.410241,-0.536409,0.725692,0.391592,-0.565709,0.925,0.629,1.577,-1.034,1.746
38203,1273.782,0.98,1,0.73902,0.407818,-0.536222,0.726837,0.388103,-0.566643,0.926,0.625,1.583,-1.031,1.747
38204,1273.815,0.98,1,0.743395,0.40436,-0.532783,0.731067,0.384182,-0.563867,0.931,0.623,1.592,-1.032,1.747
38205,1273.848,0.98,1,0.748066,0.399232,-0.530104,0.735353,0.37768,-0.562684,0.936,0.618,1.585,-1.037,1.742
38206,1273.882,0.98,1,0.75014,0.39856,-0.527674,0.736544,0.37569,-0.562458,0.938,0.618,1.567,-1.039,1.728
38207,1273.915,0.98,1,0.750156,0.397106,-0.528747,0.735368,0.374261,-0.564946,0.936,0.614,1.545,-1.043,1.71
38208,1273.948,0.98,1,0.751572,0.390637,-0.531547,0.735569,0.366153,-0.569973,0.933,0.602,1.506,-1.051,1.675
38209,1273.982,0.98,1,0.753316,0.384811,-0.533324,0.732956,0.356949,-0.579105,0.928,0.588,1.458,-1.064,1.631
38210,1274.015,0.93,1,0.755458,0.378551,-0.534774,0.732636,0.3489,-0.584391,0.926,0.576,1.41,-1.074,1.592
38211,1274.048,0.88,1,0.755236,0.377185,-0.536051,0.725572,0.344479,-0.595717,0.918,0.568,1.347,-1.079,1.529
38212,1274.082,0.93,1,0.755445,0.371389,-0.53979,0.725154,0.338444,-0.599673,0.915,0.557,1.314,-1.083,1.491
38213,1274.115,0.93,1,0.755502,0.369337,-0.541116,0.725017,0.335686,-0.601386,0.914,0.553,1.298,-1.085,1.469
38214,1274.148,0.93,1,0.755052,0.369549,-0.5416,0.724545,0.338033,-0.60064,0.913,0.555,1.307,-1.083,1.468
38215,1274.182,0.93,1,0.752714,0.370598,-0.544131,0.725634,0.342873,-0.596567,0.914,0.559,1.333,-1.081,1.481
38216,1274.215,0.88,1,0.745994,0.372979,-0.551706,0.724916,0.348906,-0.593937,0.909,0.562,1.374,-1.072,1.512
38217,1274.248,0.93,1,0.742052,0.376241,-0.554798,0.726662,0.354083,-0.588717,0.909,0.568,1.413,-1.066,1.549
38218,1274.282,0.93,1,0.74421,0.378024,-0.55068,0.733129,0.358595,-0.577869,0.918,0.578,1.457,-1.069,1.592
38219,1274.315,0.93,1,0.747969,0.380268,-0.544003,0.739166,0.362483,-0.567661,0.929,0.589,1.514,-1.074,1.65
38220,1274.348,0.93,1,0.7535,0.384605,-0.533214,0.74451,0.368007,-0.557024,0.942,0.604,1.569,-1.079,1.704
38221,1274.382,0.88,1,0.7395,0.411596,-0.532662,0.719628,0.408837,-0.561238,0.927,0.644,1.607,-1.032,1.632
38222,1274.415,0.88,1,0.748025,0.401454,-0.528483,0.738128,0.398543,-0.544362,0.946,0.641,1.641,-1.043,1.682
38223,1274.448,0.88,1,0.75647,0.395952,-0.520553,0.745661,0.393762,-0.537533,0.957,0.641,1.654,-1.059,1.696
38224,1274.482,0.88,1,0.753074,0.407796,-0.516316,0.728787,0.410366,-0.548151,0.948,0.655,1.651,-1.045,1.611
38225,1274.515,0.88,1,0.76594,0.378769,-0.51949,0.750356,0.379027,-0.541575,0.96,0.62,1.636,-1.058,1.601
38226,1274.548,0.88,1,0.762583,0.394468,-0.512701,0.738318,0.399493,-0.543407,0.958,0.645,1.641,-1.055,1.557
38227,1274.582,0.88,1,0.773255,0.37527,-0.511126,0.751877,0.376994,-0.540884,0.967,0.621,1.606,-1.068,1.536
38228,1274.615,0.88,1,0.774563,0.375125,-0.509248,0.752073,0.376754,-0.54078,0.968,0.621,1.561,-1.08,1.508
38229,1274.648,0.88,1,0.774222,0.374198,-0.510447,0.748558,0.373703,-0.547729,0.964,0.615,1.504,-1.09,1.465
38230,1274.682,0.88,1,0.772551,0.373963,-0.513145,0.74445,0.372621,-0.554029,0.958,0.61,1.448,-1.097,1.421
38231,1274.715,0.88,1,0.771522,0.374159,-0.514547,0.74014,0.370552,-0.561145,0.952,0.606,1.402,-1.093,1.376
38232,1274.748,0.88,1,0.768984,0.373954,-0.518481,0.737259,0.36913,-0.565855,0.947,0.601,1.38,-1.089,1.349
38233,1274.782,0.88,1,0.76669,0.374452,-0.521509,0.736839,0.372245,-0.56436,0.945,0.602,1.381,-1.084,1.336
38234,1274.815,0.88,1,0.767437,0.373821,-0.520864,0.741436,0.372919,-0.557857,0.95,0.606,1.409,-1.081,1.351
38235,1274.849,0.88,1,0.766877,0.372799,-0.522417,0.743027,0.374243,-0.554845,0.951,0.606,1.444,-1.077,1.369
38236,1274.882,0.88,1,0.768797,0.369301,-0.522079,0.748653,0.372499,-0.548419,0.956,0.606,1.485,-1.073,1.395
38237,1274.915,0.88,1,0.763542,0.378195,-0.523423,0.743952,0.386701,-0.544975,0.954,0.621,1.532,-1.063,1.423
38238,1274.949,0.88,1,0.757492,0.384678,-0.527474,0.741125,0.397807,-0.540818,0.951,0.632,1.593,-1.05,1.471
38239,1274.982,0.88,1,0.75625,0.391332,-0.524352,0.740766,0.408105,-0.533588,0.956,0.647,1.646,-1.036,1.502
38240,1275.015,0.88,1,0.753788,0.396828,-0.523766,0.74109,0.419226,-0.524437,0.959,0.662,1.725,-1.021,1.557
38241,1275.049,0.88,1,0.750338,0.398881,-0.527149,0.739625,0.424118,-0.522569,0.957,0.665,1.794,-1.006,1.606
38242,1275.082,0.88,1,0.744838,0.395714,-0.53724,0.7327,0.426549,-0.530289,0.945,0.656,1.828,-0.983,1.62
38243,1275.115,0.98,1,0.746782,0.3931,-0.53646,0.735099,0.422471,-0.530233,0.947,0.653,1.883,-0.981,1.662
38244,1275.149,0.88,1,0.743159,0.402733,-0.534342,0.727416,0.429653,-0.535037,0.942,0.661,1.841,-0.975,1.641
38245,1275.182,0.98,1,0.744125,0.392086,-0.540877,0.73215,0.42138,-0.535158,0.941,0.647,1.894,-0.975,1.679
38246,1275.215,0.88,1,0.734617,0.405732,-0.543801,0.717431,0.43339,-0.545405,0.927,0.656,1.824,-0.967,1.622
38247,1275.249,0.88,1,0.734127,0.399611,-0.548971,0.720983,0.430028,-0.543377,0.927,0.65,1.862,-0.967,1.654
38248,1275.282,0.98,1,0.735193,0.389981,-0.554442,0.723524,0.420367,-0.547544,0.924,0.634,1.907,-0.966,1.698
38249,1275.315,0.88,1,0.723159,0.40493,-0.559529,0.708826,0.432694,-0.557083,0.909,0.644,1.814,-0.963,1.636
38250,1275.349,0.88,1,0.718886,0.399295,-0.569005,0.707157,0.428497,-0.562424,0.9,0.632,1.841,-0.96,1.661
38251,1275.382,0.88,1,0.71819,0.389746,-0.576455,0.708394,0.419164,-0.567873,0.895,0.615,1.848,-0.96,1.673
38252,1275.415,0.88,1,0.71589,0.389051,-0.579776,0.706979,0.417972,-0.570509,0.891,0.612,1.839,-0.959,1.676
38253,1275.449,0.88,1,0.712363,0.391931,-0.582175,0.702024,0.418744,-0.576035,0.885,0.611,1.819,-0.956,1.666
38254,1275.482,0.88,1,0.71252,0.394136,-0.580494,0.701974,0.418703,-0.576125,0.885,0.613,1.801,-0.953,1.661
38255,1275.515,0.88,1,0.708804,0.396955,-0.583115,0.699302,0.419428,-0.578841,0.881,0.612,1.788,-0.946,1.659
38256,1275.549,0.88,1,0.702926,0.397744,-0.589657,0.696489,0.416624,-0.584232,0.873,0.607,1.785,-0.941,1.673
38257,1275.582,0.98,1,0.697844,0.398777,-0.594971,0.695332,0.413941,-0.587509,0.867,0.602,1.782,-0.936,1.688
38258,1275.615,0.98,1,0.694476,0.399195,-0.59862,0.693842,0.411432,-0.591022,0.862,0.598,1.784,-0.939,1.715
38259,1275.649,0.98,1,0.689715,0.401527,-0.602552,0.689181,0.409956,-0.597466,0.855,0.595,1.769,-0.941,1.734
38260,1275.682,0.98,1,0.686163,0.404716,-0.604471,0.689291,0.412954,-0.595271,0.854,0.598,1.763,-0.946,1.769
38261,1275.715,0.98,1,0.688463,0.39961,-0.605252,0.695469,0.405408,-0.593268,0.857,0.591,1.739,-0.954,1.8
38262,1275.749,0.98,1,0.69184,0.400591,-0.600737,0.699022,0.39895,-0.59347,0.861,0.59,1.736,-0.96,1.845
38263,1275.782,0.98,1,0.693416,0.408875,-0.593292,0.700885,0.401937,-0.589243,0.867,0.601,1.751,-0.962,1.905
38264,1275.815,0.98,1,0.689832,0.416176,-0.592393,0.697003,0.405591,-0.591341,0.864,0.607,1.758,-0.961,1.945
38265,1275.849,0.98,1,0.690731,0.415209,-0.592024,0.700572,0.403376,-0.588631,0.867,0.606,1.766,-0.954,1.966
38266,1275.882,0.98,1,0.691773,0.419055,-0.588084,0.700177,0.406228,-0.587137,0.87,0.612,1.773,-0.946,1.977
38267,1275.915,0.98,1,0.692213,0.420397,-0.586607,0.70025,0.406317,-0.586989,0.87,0.614,1.78,-0.937,1.986
38268,1275.949,0.98,1,0.691444,0.420684,-0.587308,0.700334,0.406368,-0.586853,0.87,0.614,1.787,-0.928,1.992
38269,1275.982,0.98,1,0.694844,0.423648,-0.581132,0.702177,0.407492,-0.583864,0.876,0.62,1.792,-0.928,1.996
38270,1276.016,0.98,1,0.694882,0.419941,-0.583771,0.703173,0.404703,-0.584605,0.875,0.615,1.794,-0.929,1.992
38271,1276.049,0.98,1,0.696486,0.421153,-0.580979,0.703679,0.403838,-0.584595,0.877,0.616,1.783,-0.934,1.987
38272,1276.082,0.98,1,0.698551,0.423498,-0.57678,0.704908,0.406116,-0.581528,0.881,0.622,1.784,-0.934,1.988
38273,1276.116,0.98,1,0.701219,0.432457,-0.566809,0.704896,0.41401,-0.57595,0.888,0.638,1.788,-0.929,1.993
38274,1276.149,0.98,1,0.70106,0.437628,-0.563024,0.705256,0.419744,-0.571341,0.892,0.647,1.8,-0.922,2.008
38275,1276.182,0.98,1,0.696214,0.438267,-0.568513,0.702537,0.422828,-0.572415,0.887,0.647,1.806,-0.915,2.01
38276,1276.216,0.98,1,0.691872,0.442584,-0.570466,0.697803,0.428574,-0.57393,0.882,0.651,1.828,-0.903,2.024
38277,1276.249,0.98,1,0.691216,0.440291,-0.573031,0.69783,0.428039,-0.574296,0.88,0.648,1.846,-0.895,2.035
38278,1276.282,0.98,1,0.69211,0.440745,-0.5716,0.699484,0.430666,-0.570306,0.884,0.652,1.86,-0.884,2.041
38279,1276.316,0.98,1,0.686487,0.441419,-0.577828,0.696465,0.434986,-0.570722,0.878,0.652,1.88,-0.868,2.054
38280,1276.349,0.93,1,0.678401,0.44363,-0.585632,0.689576,0.440833,-0.574588,0.867,0.651,1.9,-0.839,2.061
38281,1276.382,0.88,1,0.668241,0.44113,-0.599048,0.683039,0.444305,-0.579698,0.853,0.644,1.921,-0.809,2.063
38282,1276.416,0.93,1,0.657316,0.436452,-0.614366,0.674148,0.443737,-0.590442,0.835,0.631,1.939,-0.783,2.06
38283,1276.449,0.93,1,0.649955,0.437505,-0.621408,0.666245,0.445841,-0.597782,0.824,0.627,1.939,-0.76,2.052
38284,1276.482,0.93,1,0.639309,0.43823,-0.631854,0.655639,0.447481,-0.608193,0.807,0.62,1.938,-0.744,2.051
38285,1276.516,0.93,1,0.632869,0.444865,-0.633698,0.650382,0.45465,-0.60852,0.802,0.627,1.931,-0.742,2.059
38286,1276.549,0.98,1,0.632334,0.447523,-0.632359,0.648977,0.454698,-0.609983,0.801,0.628,1.923,-0.759,2.07
38287,1276.582,0.98,1,0.64449,0.432863,-0.630288,0.66384,0.438339,-0.60595,0.814,0.614,1.927,-0.795,2.09
38288,1276.616,0.98,1,0.656316,0.420854,-0.626204,0.676308,0.422694,-0.603272,0.826,0.601,1.915,-0.837,2.102
38289,1276.649,0.98,1,0.671191,0.41042,-0.617299,0.690458,0.407702,-0.597534,0.842,0.593,1.875,-0.881,2.084
38290,1276.682,0.98,1,0.683289,0.408045,-0.605488,0.701719,0.401269,-0.588706,0.859,0.596,1.834,-0.906,2.064
38291,1276.716,0.98,1,0.689528,0.407912,-0.598464,0.703989,0.394943,-0.59027,0.865,0.594,1.801,-0.925,2.046
38292,1276.749,0.98,1,0.698164,0.409923,-0.586967,0.71138,0.392537,-0.58297,0.878,0.601,1.778,-0.934,2.037
38293,1276.782,0.98,1,0.699642,0.413534,-0.582658,0.712295,0.395571,-0.579793,0.882,0.608,1.755,-0.939,2.021
38294,1276.816,0.98,1,0.700853,0.411232,-0.582832,0.712188,0.391614,-0.582604,0.881,0.603,1.741,-0.944,2.009
38295,1276.849,0.98,1,0.703872,0.40841,-0.581176,0.714129,0.38607,-0.583927,0.883,0.598,1.732,-0.957,2.004
38296,1276.882,0.98,1,0.706914,0.400602,-0.582916,0.718588,0.37824,-0.58358,0.885,0.589,1.738,-0.967,2.014
38297,1276.916,0.98,1,0.709166,0.391591,-0.586294,0.722155,0.367156,-0.58625,0.884,0.574,1.745,-0.974,2.024
38298,1276.949,0.88,1,0.710317,0.388327,-0.58707,0.725388,0.364308,-0.584031,0.887,0.571,1.753,-0.976,2.03
38299,1276.982,0.88,1,0.71126,0.385219,-0.587976,0.724998,0.361036,-0.586542,0.885,0.566,1.768,-0.98,2.036
38300,1277.016,0.88,1,0.71245,0.38368,-0.587541,0.724578,0.359642,-0.587916,0.885,0.564,1.785,-0.981,2.046
38301,1277.049,0.88,1,0.71009,0.388456,-0.58726,0.724361,0.368001,-0.582989,0.886,0.574,1.794,-0.971,2.049
38302,1277.083,0.98,1,0.712201,0.395115,-0.58022,0.728053,0.377848,-0.571987,0.896,0.591,1.807,-0.972,2.067
38303,1277.116,0.98,1,0.716725,0.394981,-0.574713,0.731992,0.379207,-0.56603,0.904,0.596,1.821,-0.974,2.077
38304,1277.149,0.98,1,0.718319,0.39569,-0.57223,0.733176,0.380167,-0.56385,0.907,0.599,1.836,-0.975,2.088
38305,1277.183,0.98,1,0.716015,0.399149,-0.572715,0.729529,0.384134,-0.565887,0.904,0.603,1.84,-0.973,2.084
38306,1277.216,0.98,1,0.71507,0.401868,-0.571995,0.727581,0.387934,-0.565803,0.903,0.607,1.84,-0.972,2.077
38307,1277.249,0.98,1,0.714579,0.406407,-0.569395,0.725722,0.391276,-0.565888,0.903,0.612,1.843,-0.97,2.082
38308,1277.283,0.98,1,0.71305,0.411628,-0.567558,0.721067,0.395352,-0.568998,0.901,0.617,1.833,-0.969,2.072
38309,1277.316,0.98,1,0.713636,0.413111,-0.565741,0.723957,0.397533,-0.563785,0.905,0.622,1.822,-0.964,2.064
38310,1277.349,0.98,1,0.708179,0.420635,-0.567053,0.7161,0.405057,-0.568445,0.898,0.629,1.807,-0.958,2.045
38311,1277.383,0.98,1,0.710135,0.423326,-0.562587,0.717115,0.405684,-0.566715,0.901,0.633,1.804,-0.953,2.04
38312,1277.416,0.98,1,0.710895,0.420856,-0.563479,0.718445,0.401001,-0.568362,0.901,0.628,1.802,-0.95,2.044
38313,1277.449,0.98,1,0.70343,0.425071,-0.56965,0.712788,0.406633,-0.571475,0.893,0.63,1.795,-0.943,2.038
38314,1277.483,0.98,1,0.702194,0.429312,-0.567992,0.712498,0.411863,-0.56808,0.894,0.637,1.794,-0.939,2.041
38315,1277.516,0.98,1,0.707126,0.428838,-0.562202,0.716863,0.410605,-0.563482,0.902,0.641,1.792,-0.94,2.041
38316,1277.549,0.98,1,0.706619,0.427419,-0.563918,0.714365,0.405989,-0.569961,0.897,0.634,1.79,-0.939,2.041
38317,1277.583,0.98,1,0.706305,0.423442,-0.567301,0.715059,0.403542,-0.570828,0.896,0.628,1.794,-0.94,2.043
38318,1277.616,0.98,1,0.70396,0.423534,-0.570139,0.711061,0.403312,-0.575962,0.89,0.625,1.785,-0.943,2.036
38319,1277.649,0.98,1,0.705669,0.421201,-0.569755,0.712388,0.399571,-0.576929,0.891,0.621,1.787,-0.946,2.041
38320,1277.683,0.98,1,0.705448,0.421978,-0.569454,0.712364,0.402157,-0.575158,0.892,0.624,1.799,-0.949,2.049
38321,1277.716,0.98,1,0.707091,0.42067,-0.568384,0.714171,0.401964,-0.573049,0.894,0.624,1.803,-0.952,2.049
38322,1277.749,0.98,1,0.709978,0.419644,-0.565535,0.716505,0.400848,-0.570913,0.898,0.625,1.813,-0.955,2.057
38323,1277.783,0.98,1,0.710542,0.420136,-0.56446,0.717602,0.402964,-0.568038,0.9,0.628,1.82,-0.955,2.059
38324,1277.816,0.98,1,0.713108,0.419461,-0.561719,0.721564,0.403298,-0.562758,0.906,0.632,1.824,-0.957,2.065
38325,1277.849,0.98,1,0.714272,0.419549,-0.560173,0.722046,0.402723,-0.56255,0.907,0.632,1.838,-0.957,2.079
38326,1277.883,0.98,1,0.714192,0.414869,-0.563749,0.723893,0.39952,-0.562461,0.906,0.626,1.848,-0.955,2.087
38327,1277.916,0.98,1,0.715341,0.413037,-0.563638,0.724465,0.397418,-0.563213,0.907,0.624,1.854,-0.954,2.091
38328,1277.949,0.98,1,0.713622,0.412216,-0.566411,0.725153,0.399031,-0.561184,0.906,0.624,1.864,-0.946,2.095
38329,1277.983,0.98,1,0.710896,0.412312,-0.56976,0.723126,0.399324,-0.563585,0.902,0.621,1.867,-0.94,2.1
38330,1278.016,0.98,1,0.706846,0.410049,-0.576393,0.72062,0.397919,-0.567773,0.895,0.615,1.87,-0.935,2.101
38331,1278.049,0.98,1,0.7052,0.409085,-0.579087,0.719398,0.396154,-0.570552,0.892,0.611,1.866,-0.934,2.101
38332,1278.083,0.98,1,0.708725,0.407891,-0.575615,0.722883,0.393085,-0.568264,0.897,0.611,1.865,-0.937,2.104
38333,1278.116,0.98,1,0.71133,0.402464,-0.576223,0.724651,0.386528,-0.570506,0.897,0.603,1.864,-0.946,2.104
38334,1278.149,0.98,1,0.720075,0.398745,-0.567885,0.733991,0.382723,-0.561052,0.911,0.605,1.872,-0.959,2.118
38335,1278.183,0.98,1,0.728418,0.392603,-0.561489,0.74184,0.375582,-0.555528,0.921,0.602,1.88,-0.974,2.125
38336,1278.216,0.98,1,0.732703,0.39177,-0.556474,0.756522,0.364013,-0.543295,0.935,0.602,1.733,-1.025,2.124
38337,1278.25,0.98,1,0.733151,0.39576,-0.55305,0.756824,0.363176,-0.543435,0.936,0.605,1.705,-1.025,2.131
38338,1278.283,0.98,1,0.739963,0.37296,-0.559781,0.763198,0.341951,-0.548268,0.936,0.573,1.737,-1.019,2.141
38339,1278.316,0.98,1,0.738039,0.369658,-0.564492,0.760298,0.34256,-0.551906,0.93,0.568,1.786,-0.992,2.136
38340,1278.35,0.88,1,0.727044,0.384956,-0.568522,0.744835,0.360996,-0.561162,0.916,0.584,1.821,-0.962,2.119
38341,1278.383,0.93,1,0.711694,0.405719,-0.573484,0.725785,0.387565,-0.568356,0.9,0.607,1.839,-0.937,2.1
38342,1278.416,0.93,1,0.701354,0.412764,-0.581143,0.714983,0.397477,-0.575161,0.886,0.611,1.847,-0.923,2.093
38343,1278.45,0.93,1,0.699398,0.414925,-0.581962,0.713991,0.40132,-0.573725,0.885,0.615,1.844,-0.921,2.088
38344,1278.483,0.93,1,0.697298,0.413977,-0.585149,0.711049,0.40075,-0.577762,0.881,0.611,1.833,-0.925,2.071
38345,1278.516,0.98,1,0.700202,0.405624,-0.587525,0.714034,0.392383,-0.57982,0.881,0.6,1.835,-0.931,2.071
38346,1278.55,0.98,1,0.703388,0.402036,-0.586185,0.715845,0.3862,-0.581736,0.882,0.594,1.832,-0.937,2.068
38347,1278.583,0.98,1,0.705159,0.396901,-0.587554,0.717617,0.38142,-0.582705,0.882,0.587,1.843,-0.94,2.078
38348,1278.616,0.93,1,0.710218,0.394103,-0.583329,0.721906,0.37765,-0.579855,0.889,0.586,1.85,-0.947,2.087
38349,1278.65,0.93,1,0.710242,0.388552,-0.587013,0.72465,0.373749,-0.578959,0.888,0.579,1.863,-0.949,2.102
38350,1278.683,0.98,1,0.719081,0.375143,-0.58497,0.735433,0.360654,-0.573644,0.898,0.566,1.872,-0.964,2.118
38351,1278.716,0.98,1,0.723973,0.35911,-0.588985,0.741813,0.342997,-0.576252,0.899,0.542,1.866,-0.986,2.121
38352,1278.75,0.98,1,0.732628,0.347779,-0.585069,0.772997,0.325834,-0.544342,0.927,0.538,1.99,-0.984,2.387
38353,1278.783,0.98,1,0.737745,0.34129,-0.582454,0.781328,0.314487,-0.539097,0.935,0.529,2.002,-0.992,2.442
38354,1278.816,0.98,1,0.742381,0.340657,-0.576908,0.7907,0.3113,-0.527149,0.947,0.533,2.016,-0.986,2.491
38355,1278.85,0.98,1,0.738873,0.347009,-0.577626,0.789836,0.313524,-0.527125,0.945,0.539,2.005,-0.97,2.521
38356,1278.883,0.98,1,0.732947,0.355166,-0.580212,0.784485,0.317292,-0.532831,0.938,0.543,1.973,-0.955,2.539
38357,1278.916,0.88,1,0.725191,0.368197,-0.581832,0.774438,0.331547,-0.538816,0.929,0.558,1.929,-0.944,2.516
38358,1278.95,0.88,1,0.729899,0.367725,-0.576217,0.774281,0.330902,-0.539437,0.933,0.559,1.948,-0.924,2.486
38359,1278.983,0.88,1,0.726035,0.373578,-0.577332,0.767039,0.340247,-0.543951,0.927,0.567,1.951,-0.91,2.455
38360,1279.016,0.88,1,0.722335,0.373235,-0.582175,0.761561,0.342682,-0.550086,0.919,0.564,1.96,-0.904,2.448
38361,1279.05,0.88,1,0.722897,0.367615,-0.585046,0.760652,0.336647,-0.555047,0.916,0.553,1.973,-0.908,2.455
38362,1279.083,0.88,1,0.724202,0.360206,-0.588034,0.762853,0.330493,-0.555724,0.915,0.543,1.972,-0.919,2.454
38565,1285.852,0.98,1,0.596111,0.379616,-0.70749,0.519105,0.277512,-0.808404,0.634,0.409,0.436,-0.748,1.007
38566,1285.885,0.98,1,0.584444,0.42527,-0.691065,0.507151,0.333752,-0.794611,0.634,0.472,0.538,-0.738,1.058
38567,1285.918,0.98,1,0.576819,0.470596,-0.667697,0.501762,0.393983,-0.770073,0.644,0.541,0.657,-0.739,1.108
38568,1285.952,0.98,1,0.596368,0.489543,-0.636155,0.53306,0.425288,-0.731421,0.69,0.59,0.757,-0.771,1.159
38569,1285.985,0.98,1,0.628439,0.501463,-0.594642,0.574943,0.439862,-0.689901,0.753,0.632,0.837,-0.822,1.204
38570,1286.019,0.98,1,0.642843,0.498037,-0.58199,0.591973,0.437876,-0.676633,0.776,0.639,0.857,-0.841,1.217
38571,1286.052,0.98,1,0.645011,0.497482,-0.580062,0.594995,0.439461,-0.672944,0.78,0.642,0.865,-0.844,1.214
38572,1286.085,0.98,1,0.64721,0.495503,-0.579306,0.595907,0.436692,-0.67394,0.781,0.64,0.864,-0.846,1.206
38573,1286.119,0.98,1,0.650122,0.496468,-0.575206,0.598794,0.438091,-0.670465,0.787,0.644,0.869,-0.849,1.205
38574,1286.152,0.98,1,0.65396,0.496028,-0.571221,0.601765,0.438259,-0.667688,0.792,0.646,0.876,-0.853,1.203
38575,1286.185,0.93,1,0.660605,0.494751,-0.564644,0.609147,0.437682,-0.661343,0.803,0.65,0.885,-0.861,1.204
38576,1286.219,0.98,1,0.665017,0.498363,-0.556226,0.613862,0.443407,-0.653118,0.813,0.662,0.907,-0.867,1.214
38577,1286.252,0.93,1,0.668541,0.49866,-0.551716,0.615259,0.44489,-0.650791,0.818,0.665,0.911,-0.872,1.21
38578,1286.285,0.93,1,0.669299,0.494205,-0.554798,0.615052,0.440292,-0.654106,0.816,0.658,0.896,-0.872,1.193
38579,1286.319,0.98,1,0.671076,0.49368,-0.553116,0.617052,0.440338,-0.652188,0.819,0.659,0.901,-0.873,1.191
38580,1286.352,0.93,1,0.672213,0.494032,-0.551418,0.618559,0.442651,-0.649188,0.822,0.663,0.904,-0.879,1.191
38581,1286.385,0.98,1,0.671404,0.493774,-0.552634,0.616577,0.442015,-0.651503,0.819,0.661,0.899,-0.876,1.178
38582,1286.419,0.93,1,0.677341,0.491668,-0.547239,0.622164,0.442214,-0.646033,0.828,0.664,0.905,-0.884,1.18
38583,1286.452,0.98,1,0.67936,0.490546,-0.545743,0.624272,0.440796,-0.644967,0.831,0.664,0.909,-0.887,1.182
38584,1286.485,0.98,1,0.681396,0.489841,-0.543834,0.624825,0.439012,-0.645649,0.832,0.663,0.908,-0.889,1.179
38585,1286.519,0.93,1,0.681354,0.489263,-0.544407,0.624015,0.437955,-0.647148,0.831,0.661,0.908,-0.892,1.18
38586,1286.552,0.93,1,0.682895,0.487743,-0.543839,0.625552,0.437462,-0.645996,0.833,0.661,0.912,-0.896,1.183
38587,1286.585,0.93,1,0.684793,0.485944,-0.543063,0.628217,0.435935,-0.644441,0.836,0.66,0.911,-0.9,1.182
38588,1286.619,0.93,1,0.685024,0.483316,-0.545112,0.627443,0.433897,-0.646567,0.834,0.656,0.908,-0.901,1.177
38589,1286.652,0.88,1,0.687865,0.483187,-0.541638,0.631293,0.43453,-0.64238,0.839,0.659,0.916,-0.906,1.184
38590,1286.685,0.88,1,0.688614,0.483939,-0.540013,0.632417,0.436702,-0.639798,0.842,0.663,0.926,-0.908,1.192
38591,1286.719,0.88,1,0.688567,0.484107,-0.539922,0.632703,0.437695,-0.638835,0.842,0.664,0.93,-0.91,1.197
38592,1286.752,0.88,1,0.688984,0.485317,-0.538301,0.633307,0.439697,-0.636858,0.844,0.667,0.934,-0.915,1.202
38593,1286.785,0.88,1,0.690493,0.483264,-0.538215,0.635749,0.438639,-0.635153,0.846,0.666,0.931,-0.919,1.199
38594,1286.819,0.88,1,0.692808,0.480938,-0.537322,0.638095,0.436738,-0.63411,0.849,0.665,0.925,-0.926,1.196
38595,1286.852,0.88,1,0.692655,0.479422,-0.538872,0.636833,0.433747,-0.637423,0.846,0.66,0.913,-0.927,1.185
38596,1286.885,0.88,1,0.692416,0.476152,-0.54207,0.635556,0.430345,-0.640993,0.843,0.654,0.892,-0.927,1.166
38597,1286.919,0.88,1,0.694126,0.471946,-0.543559,0.636346,0.425764,-0.643264,0.842,0.648,0.876,-0.932,1.152
38598,1286.952,0.98,1,0.696295,0.466911,-0.545131,0.639233,0.420537,-0.64384,0.843,0.641,0.862,-0.936,1.138
38599,1286.985,0.98,1,0.697313,0.461287,-0.548606,0.641206,0.414979,-0.645482,0.842,0.633,0.843,-0.939,1.123
38600,1287.019,0.98,1,0.697338,0.455724,-0.553205,0.640946,0.409133,-0.64946,0.839,0.623,0.822,-0.94,1.101
38601,1287.052,0.98,1,0.702286,0.446604,-0.554382,0.646756,0.399157,-0.649908,0.842,0.612,0.801,-0.951,1.083
38602,1287.086,0.98,1,0.70725,0.437191,-0.555574,0.65029,0.387883,-0.6532,0.843,0.599,0.774,-0.959,1.057
38603,1287.119,0.98,1,0.71176,0.43137,-0.554362,0.654471,0.380838,-0.653169,0.847,0.592,0.755,-0.966,1.037
38604,1287.152,0.98,1,0.718321,0.422399,-0.552805,0.659618,0.371901,-0.653141,0.852,0.582,0.74,-0.975,1.02
38605,1287.186,0.98,1,0.722491,0.416152,-0.552109,0.664848,0.366062,-0.651134,0.856,0.576,0.726,-0.982,1.002
38606,1287.219,0.98,1,0.72926,0.40846,-0.548945,0.671459,0.35791,-0.648879,0.863,0.569,0.707,-0.995,0.981
38607,1287.252,0.88,1,0.740169,0.398095,-0.541914,0.681302,0.348145,-0.643912,0.876,0.562,0.694,-1.013,0.964
38608,1287.286,0.93,1,0.759357,0.408744,-0.506265,0.698451,0.357598,-0.619912,0.913,0.598,0.74,-1.053,0.974
38609,1287.319,0.93,1,0.768745,0.396773,-0.501601,0.708427,0.347364,-0.614385,0.924,0.588,0.721,-1.069,0.938
38610,1287.352,0.88,1,0.776083,0.381445,-0.502189,0.715315,0.33314,-0.614282,0.928,0.569,0.682,-1.079,0.884
38611,1287.386,0.93,1,0.78194,0.365375,-0.505046,0.724001,0.318323,-0.611958,0.933,0.549,0.656,-1.087,0.842
38612,1287.419,0.88,1,0.788559,0.347067,-0.507661,0.729731,0.300386,-0.614215,0.934,0.523,0.607,-1.095,0.785
38613,1287.452,0.88,1,0.791375,0.338275,-0.509211,0.731675,0.292541,-0.615689,0.935,0.511,0.579,-1.096,0.742
38614,1287.486,0.88,1,0.794826,0.329499,-0.509591,0.73395,0.286295,-0.615916,0.936,0.501,0.557,-1.1,0.705
38615,1287.519,0.88,1,0.79686,0.322141,-0.511116,0.735381,0.281351,-0.616488,0.936,0.491,0.536,-1.102,0.671
38616,1287.552,0.88,1,0.804842,0.310724,-0.505647,0.741852,0.270324,-0.613662,0.944,0.479,0.525,-1.112,0.649
38617,1287.586,0.88,1,0.808925,0.305526,-0.502289,0.744741,0.2674,-0.611439,0.949,0.475,0.519,-1.12,0.63
38618,1287.619,0.88,1,0.807114,0.303347,-0.506505,0.742605,0.266303,-0.614508,0.945,0.47,0.512,-1.116,0.615
38619,1287.652,0.88,1,0.812473,0.300628,-0.499511,0.747268,0.265297,-0.609269,0.953,0.472,0.521,-1.128,0.616
38620,1287.686,0.88,1,0.818101,0.295395,-0.493409,0.750253,0.262323,-0.606884,0.959,0.469,0.528,-1.14,0.615
38621,1287.719,0.88,1,0.820558,0.293675,-0.490346,0.749732,0.262605,-0.607405,0.961,0.469,0.528,-1.145,0.61
38622,1287.752,0.88,1,0.819477,0.295215,-0.491228,0.747802,0.264705,-0.60887,0.959,0.471,0.523,-1.141,0.599
38623,1287.786,0.88,1,0.818502,0.297172,-0.491673,0.746317,0.267319,-0.609551,0.958,0.474,0.525,-1.142,0.597
38624,1287.819,0.88,1,0.818737,0.298926,-0.490217,0.747076,0.268861,-0.60794,0.959,0.477,0.534,-1.142,0.604
38625,1287.852,0.88,1,0.818175,0.298347,-0.491507,0.747168,0.267517,-0.60842,0.958,0.475,0.534,-1.14,0.605
38626,1287.886,0.88,1,0.815352,0.29933,-0.495584,0.743535,0.267729,-0.612762,0.953,0.473,0.522,-1.131,0.596
38627,1287.919,0.88,1,0.816185,0.30034,-0.493597,0.745601,0.268165,-0.610055,0.956,0.476,0.53,-1.135,0.606
38628,1287.952,0.88,1,0.813699,0.306085,-0.494172,0.742273,0.2752,-0.61098,0.953,0.484,0.535,-1.13,0.607
38629,1287.986,0.88,1,0.813076,0.308784,-0.493517,0.744231,0.277613,-0.607496,0.955,0.489,0.545,-1.134,0.62
38630,1288.019,0.88,1,0.812601,0.313482,-0.491333,0.745659,0.282147,-0.603644,0.958,0.498,0.567,-1.135,0.647
38631,1288.052,0.88,1,0.807847,0.325737,-0.491202,0.742291,0.294544,-0.601871,0.957,0.516,0.595,-1.129,0.679
38632,1288.086,0.88,1,0.802606,0.334045,-0.494204,0.738697,0.302146,-0.602524,0.952,0.526,0.611,-1.121,0.698
38633,1288.119,0.88,1,0.802803,0.333421,-0.494305,0.738768,0.300632,-0.603193,0.952,0.524,0.618,-1.119,0.708
38634,1288.152,0.88,1,0.805409,0.330268,-0.492178,0.740854,0.296867,-0.6025,0.955,0.52,0.6,-1.125,0.695
38635,1288.186,0.88,1,0.813346,0.318906,-0.486587,0.749559,0.285977,-0.596974,0.965,0.509,0.575,-1.144,0.676
38636,1288.219,0.88,1,0.818765,0.307904,-0.484581,0.756962,0.274538,-0.59299,0.971,0.496,0.531,-1.158,0.644
38637,1288.253,0.88,1,0.823525,0.302542,-0.479869,0.765388,0.270737,-0.583852,0.981,0.494,0.521,-1.174,0.636
38638,1288.286,0.88,1,0.819802,0.306571,-0.483673,0.766288,0.274807,-0.580761,0.98,0.5,0.531,-1.172,0.65
38639,1288.319,0.88,1,0.812401,0.311422,-0.492971,0.760626,0.278791,-0.586279,0.969,0.5,0.562,-1.158,0.682
38640,1288.353,0.88,1,0.807532,0.321419,-0.494553,0.75246,0.287089,-0.592776,0.962,0.51,0.633,-1.143,0.759
38641,1288.386,0.88,1,0.796155,0.346065,-0.496363,0.74511,0.308993,-0.591046,0.956,0.542,0.726,-1.109,0.854
38642,1288.419,0.88,1,0.789804,0.356373,-0.499207,0.752868,0.311274,-0.579912,0.96,0.554,0.857,-1.081,0.988
38678,1289.62,0.98,1,0.805339,0.305677,-0.507928,0.765602,0.245603,-0.594586,0.959,0.464,0.816,-1.198,1.139
38679,1289.653,0.93,1,0.805455,0.31684,-0.500854,0.766072,0.256799,-0.589226,0.964,0.484,0.751,-1.204,1.071
38680,1289.686,0.88,1,0.814148,0.289238,-0.503492,0.776562,0.228396,-0.587186,0.97,0.443,0.644,-1.213,0.968
38691,1290.053,0.88,1,0.814727,0.260408,-0.51808,0.752879,0.228673,-0.617156,0.944,0.407,0.534,-1.162,0.62
38692,1290.086,0.88,1,0.813148,0.268813,-0.516265,0.749799,0.238174,-0.617312,0.943,0.421,0.57,-1.14,0.628
38693,1290.12,0.88,1,0.814237,0.267873,-0.515037,0.748979,0.240416,-0.617438,0.944,0.422,0.592,-1.137,0.626
38694,1290.153,0.88,1,0.814007,0.26701,-0.515848,0.751802,0.242484,-0.613185,0.946,0.424,0.579,-1.132,0.595
38695,1290.186,0.88,1,0.814507,0.262216,-0.517515,0.752793,0.23957,-0.613114,0.946,0.418,0.564,-1.138,0.567
38696,1290.22,0.88,1,0.818579,0.252754,-0.515794,0.758392,0.232898,-0.60877,0.951,0.408,0.565,-1.147,0.549
38697,1290.253,0.88,1,0.822677,0.247066,-0.512016,0.762518,0.230448,-0.604533,0.957,0.404,0.549,-1.147,0.517
38698,1290.286,0.88,1,0.82465,0.249564,-0.507612,0.759917,0.237757,-0.604977,0.959,0.413,0.563,-1.149,0.511
38701,1290.386,0.98,1,0.844826,0.281889,-0.454761,0.802742,0.277517,-0.527815,1.033,0.518,1.037,-1.229,0.934
38702,1290.42,0.88,1,0.848697,0.307769,-0.430107,0.80989,0.301584,-0.503116,1.058,0.578,1.321,-1.201,1.167
39055,1302.19,0.98,1,0.875165,0.282564,-0.39274,0.835181,0.282705,-0.471752,1.103,0.579,1.694,-1.244,1.615
39056,1302.223,0.98,1,0.858732,0.3297,-0.392272,0.820508,0.338327,-0.460762,1.101,0.664,1.747,-1.164,1.596
39057,1302.257,0.88,1,0.844793,0.347961,-0.406507,0.813213,0.337959,-0.473781,1.083,0.662,1.614,-1.154,1.519
39058,1302.29,0.93,1,0.840636,0.364789,-0.400325,0.815225,0.354938,-0.457631,1.093,0.698,1.666,-1.143,1.593
39059,1302.323,0.93,1,0.827987,0.388877,-0.403996,0.794421,0.392071,-0.46387,1.08,0.733,1.635,-1.113,1.555
39060,1302.357,0.93,1,0.820433,0.401816,-0.406735,0.795443,0.398567,-0.456525,1.08,0.748,1.697,-1.093,1.634
39061,1302.39,0.93,1,0.824399,0.403079,-0.397359,0.800447,0.402275,-0.444364,1.093,0.763,1.772,-1.085,1.716
39062,1302.423,0.98,1,0.81464,0.414397,-0.405754,0.782303,0.423931,-0.456383,1.076,0.771,1.743,-1.077,1.677
39063,1302.457,0.98,1,0.812607,0.415486,-0.408706,0.775475,0.426433,-0.465611,1.068,0.767,1.704,-1.079,1.637
39064,1302.49,0.93,1,0.813313,0.412142,-0.410684,0.785938,0.413753,-0.459467,1.072,0.759,1.753,-1.069,1.69
39065,1302.523,0.98,1,0.81115,0.416311,-0.410757,0.774305,0.428709,-0.465469,1.066,0.767,1.716,-1.072,1.64
39066,1302.557,0.98,1,0.812133,0.410331,-0.414812,0.786281,0.413557,-0.459055,1.07,0.756,1.778,-1.062,1.708
39067,1302.59,0.98,1,0.812399,0.408148,-0.416441,0.779157,0.420384,-0.464964,1.065,0.754,1.725,-1.075,1.651
39068,1302.623,0.98,1,0.81527,0.400218,-0.418522,0.790823,0.403014,-0.460628,1.07,0.74,1.758,-1.067,1.686
39069,1302.657,0.98,1,0.813091,0.403036,-0.420052,0.780209,0.412631,-0.470116,1.061,0.742,1.674,-1.081,1.595
39070,1302.69,0.93,1,0.812846,0.397056,-0.42618,0.791107,0.399507,-0.463188,1.065,0.73,1.703,-1.078,1.639
39071,1302.724,0.93,1,0.817589,0.387232,-0.426144,0.796857,0.388594,-0.462617,1.068,0.718,1.724,-1.09,1.67
39072,1302.757,0.98,1,0.816211,0.387698,-0.428358,0.783759,0.391903,-0.481803,1.054,0.708,1.613,-1.111,1.566
39073,1302.79,0.93,1,0.820841,0.374615,-0.431143,0.795554,0.36939,-0.480255,1.057,0.685,1.651,-1.114,1.61
39074,1302.824,0.93,1,0.818153,0.37851,-0.432847,0.781816,0.380003,-0.494329,1.046,0.686,1.545,-1.121,1.501
39075,1302.857,0.93,1,0.819854,0.369329,-0.437533,0.791747,0.362543,-0.491629,1.048,0.667,1.545,-1.116,1.51
39076,1302.89,0.93,1,0.817066,0.371524,-0.440878,0.788588,0.363114,-0.496263,1.042,0.665,1.544,-1.109,1.512
39077,1302.924,0.93,1,0.811851,0.379191,-0.443972,0.782128,0.371208,-0.50048,1.036,0.671,1.541,-1.097,1.512
39078,1302.957,0.93,1,0.805837,0.386662,-0.448464,0.774924,0.379199,-0.505669,1.028,0.676,1.544,-1.086,1.512
39079,1302.99,0.93,1,0.802535,0.389975,-0.451506,0.771061,0.382764,-0.508878,1.023,0.678,1.539,-1.074,1.504
39080,1303.024,0.93,1,0.799154,0.395608,-0.452601,0.765476,0.387979,-0.51334,1.018,0.682,1.528,-1.064,1.486
39081,1303.057,0.93,1,0.792518,0.400711,-0.459724,0.758825,0.395972,-0.517099,1.009,0.684,1.515,-1.054,1.468
39082,1303.09,0.93,1,0.791004,0.402537,-0.460734,0.757271,0.400826,-0.515635,1.008,0.688,1.513,-1.049,1.466
39083,1303.124,0.93,1,0.789312,0.403263,-0.462996,0.754465,0.403068,-0.517995,1.005,0.688,1.507,-1.046,1.465
39084,1303.157,0.93,1,0.785356,0.40617,-0.467164,0.749867,0.407622,-0.521099,0.999,0.689,1.495,-1.043,1.462
39085,1303.19,0.93,1,0.785101,0.406399,-0.467393,0.748285,0.408383,-0.522775,0.997,0.689,1.477,-1.045,1.45
39086,1303.224,0.93,1,0.784702,0.401466,-0.4723,0.750863,0.405128,-0.521609,0.996,0.682,1.448,-1.048,1.435
39087,1303.257,0.93,1,0.784504,0.396854,-0.476509,0.750391,0.400143,-0.526117,0.992,0.672,1.414,-1.054,1.412
39088,1303.29,0.93,1,0.784979,0.392402,-0.479404,0.750386,0.39469,-0.530227,0.989,0.662,1.383,-1.061,1.385
39089,1303.324,0.93,1,0.786094,0.386363,-0.482473,0.750661,0.385582,-0.536502,0.985,0.648,1.339,-1.07,1.351
39090,1303.357,0.93,1,0.789594,0.375035,-0.485685,0.752996,0.371075,-0.543415,0.982,0.627,1.294,-1.082,1.312
39091,1303.39,0.93,1,0.791546,0.3638,-0.491024,0.75637,0.357639,-0.547721,0.98,0.607,1.227,-1.097,1.261
39092,1303.424,0.93,1,0.797008,0.350543,-0.491831,0.758827,0.338088,-0.556667,0.978,0.581,1.158,-1.111,1.202
39093,1303.457,0.93,1,0.793773,0.347808,-0.498953,0.755168,0.331541,-0.56551,0.969,0.568,1.109,-1.109,1.162
39094,1303.49,0.93,1,0.793826,0.343656,-0.501738,0.754293,0.323345,-0.571393,0.965,0.556,1.065,-1.114,1.132
39095,1303.524,0.93,1,0.794529,0.340036,-0.50309,0.752572,0.317894,-0.576696,0.961,0.547,1.032,-1.12,1.104
39096,1303.557,0.88,1,0.794142,0.337793,-0.505207,0.753946,0.313176,-0.577483,0.96,0.541,1.019,-1.125,1.104
39097,1303.59,0.88,1,0.793494,0.336785,-0.506896,0.75307,0.310624,-0.579999,0.958,0.537,1.007,-1.127,1.101
39098,1303.624,0.88,1,0.790178,0.340997,-0.509254,0.752251,0.314159,-0.579157,0.956,0.542,1.014,-1.122,1.112
39099,1303.657,0.88,1,0.791497,0.342279,-0.506338,0.753107,0.314359,-0.577934,0.959,0.545,1.025,-1.118,1.128
39100,1303.69,0.88,1,0.790816,0.348498,-0.503149,0.754346,0.319136,-0.573685,0.962,0.555,1.057,-1.115,1.163
39101,1303.724,0.98,1,0.789089,0.351983,-0.503435,0.755926,0.321558,-0.570242,0.963,0.56,1.08,-1.112,1.192
39102,1303.757,0.98,1,0.786686,0.357652,-0.5032,0.755327,0.326892,-0.567998,0.964,0.569,1.114,-1.109,1.23
39103,1303.791,0.98,1,0.784677,0.366824,-0.499721,0.753499,0.337164,-0.564412,0.966,0.584,1.159,-1.105,1.279
39104,1303.824,0.98,1,0.784543,0.374445,-0.494251,0.752441,0.344122,-0.561616,0.969,0.598,1.2,-1.101,1.323
39105,1303.857,0.98,1,0.78024,0.384254,-0.493533,0.751097,0.354852,-0.556717,0.97,0.613,1.239,-1.093,1.363
39106,1303.891,0.98,1,0.774729,0.390386,-0.497388,0.746871,0.361607,-0.558054,0.964,0.619,1.258,-1.081,1.381
39107,1303.924,0.98,1,0.773619,0.39634,-0.494398,0.743768,0.3663,-0.559136,0.964,0.627,1.268,-1.073,1.391
39108,1303.957,0.98,1,0.768459,0.400336,-0.499201,0.739717,0.372529,-0.560393,0.958,0.63,1.275,-1.069,1.398
39109,1303.991,0.98,1,0.770306,0.399901,-0.496697,0.740224,0.37176,-0.560235,0.96,0.631,1.268,-1.071,1.395
39110,1304.024,0.98,1,0.770248,0.398203,-0.498149,0.739545,0.370717,-0.561821,0.959,0.628,1.26,-1.076,1.389
39111,1304.057,0.98,1,0.771855,0.393649,-0.499279,0.740128,0.365099,-0.564724,0.958,0.619,1.226,-1.084,1.356
39112,1304.091,0.88,1,0.77235,0.390663,-0.500857,0.743933,0.361287,-0.56217,0.959,0.616,1.193,-1.088,1.334
39113,1304.124,0.93,1,0.767139,0.392205,-0.507614,0.744081,0.363625,-0.560464,0.956,0.616,1.151,-1.085,1.299
39114,1304.157,0.88,1,0.769866,0.386053,-0.508203,0.745471,0.35657,-0.563144,0.955,0.606,1.122,-1.089,1.266
39115,1304.191,0.88,1,0.77177,0.381149,-0.509015,0.746585,0.352854,-0.564007,0.956,0.6,1.109,-1.096,1.25
39116,1304.224,0.88,1,0.773763,0.379461,-0.507248,0.74898,0.351229,-0.561843,0.959,0.6,1.103,-1.102,1.245
39117,1304.257,0.93,1,0.774427,0.373927,-0.510334,0.748921,0.346654,-0.564756,0.956,0.59,1.085,-1.106,1.228
39118,1304.291,0.93,1,0.774863,0.371515,-0.511433,0.74896,0.344447,-0.566052,0.955,0.586,1.084,-1.11,1.227
39119,1304.324,0.88,1,0.774283,0.372252,-0.511776,0.748842,0.345801,-0.565382,0.955,0.588,1.083,-1.109,1.22
39120,1304.357,0.93,1,0.772197,0.379501,-0.509598,0.744252,0.354432,-0.566097,0.954,0.599,1.095,-1.106,1.225
39121,1304.391,0.93,1,0.771941,0.386102,-0.505008,0.742106,0.360272,-0.565228,0.955,0.609,1.103,-1.106,1.225
39122,1304.424,0.93,1,0.773148,0.384245,-0.504577,0.743335,0.358304,-0.564864,0.957,0.607,1.095,-1.106,1.216
39123,1304.457,0.93,1,0.777418,0.377975,-0.502748,0.747786,0.350153,-0.564099,0.96,0.599,1.082,-1.111,1.207
39124,1304.491,0.93,1,0.782668,0.367029,-0.502714,0.75428,0.339216,-0.562133,0.965,0.586,1.069,-1.12,1.196
39125,1304.524,0.93,1,0.785003,0.360882,-0.503521,0.756961,0.333388,-0.562016,0.966,0.577,1.056,-1.126,1.18
39126,1304.557,0.93,1,0.789087,0.353339,-0.502487,0.761549,0.325897,-0.56021,0.97,0.569,1.039,-1.136,1.163
39127,1304.591,0.93,1,0.792661,0.346658,-0.501515,0.765029,0.318444,-0.559754,0.973,0.56,1.029,-1.145,1.151
39128,1304.624,0.93,1,0.794855,0.339371,-0.503023,0.766778,0.309708,-0.562256,0.972,0.547,1.002,-1.148,1.125
39129,1304.657,0.93,1,0.79572,0.334538,-0.504891,0.768148,0.304539,-0.563209,0.972,0.539,0.979,-1.152,1.102
39130,1304.691,0.93,1,0.797881,0.328074,-0.50572,0.768368,0.295789,-0.567556,0.97,0.527,0.952,-1.156,1.077
39131,1304.724,0.88,1,0.793852,0.325051,-0.513946,0.762602,0.289933,-0.578254,0.959,0.513,0.897,-1.151,1.027
39132,1304.757,0.88,1,0.786054,0.32108,-0.52823,0.750049,0.280868,-0.598782,0.938,0.491,0.801,-1.127,0.937
39133,1304.791,0.88,1,0.769901,0.322821,-0.550489,0.731283,0.278639,-0.622564,0.907,0.474,0.71,-1.091,0.866
39134,1304.824,0.88,1,0.763819,0.333463,-0.552615,0.727473,0.28818,-0.622684,0.903,0.487,0.732,-1.074,0.896
39135,1304.857,0.98,1,0.754721,0.357863,-0.549846,0.712792,0.311542,-0.628386,0.894,0.517,0.794,-1.058,0.963
39136,1304.891,0.98,1,0.740129,0.386025,-0.55063,0.700659,0.340311,-0.627109,0.886,0.553,0.862,-1.01,1.032
39137,1304.924,0.98,1,0.716399,0.418082,-0.558551,0.678629,0.373496,-0.632427,0.864,0.587,0.932,-0.947,1.084
39138,1304.958,0.98,1,0.69347,0.442585,-0.568523,0.654922,0.396262,-0.64347,0.839,0.605,0.975,-0.892,1.114
39139,1304.991,0.98,1,0.677181,0.460013,-0.574294,0.638604,0.414795,-0.648175,0.822,0.621,1.012,-0.864,1.154
39140,1305.024,0.98,1,0.664684,0.469221,-0.581401,0.62566,0.423671,-0.655021,0.807,0.625,1.017,-0.846,1.177
39141,1305.058,0.88,1,0.645125,0.483232,-0.591862,0.608284,0.442066,-0.659218,0.786,0.637,1.004,-0.83,1.186
39142,1305.091,0.88,1,0.637298,0.494048,-0.591412,0.596754,0.450833,-0.663803,0.777,0.645,0.99,-0.825,1.17
39143,1305.124,0.88,1,0.637149,0.495053,-0.590732,0.590443,0.449453,-0.67035,0.772,0.643,0.97,-0.821,1.151
39144,1305.158,0.88,1,0.641731,0.492327,-0.588043,0.58727,0.445979,-0.675438,0.772,0.639,0.95,-0.844,1.159
39145,1305.191,0.88,1,0.647505,0.481687,-0.590521,0.591009,0.434476,-0.679661,0.773,0.625,0.924,-0.864,1.159
39146,1305.224,0.98,1,0.673219,0.453756,-0.583851,0.616089,0.399166,-0.679044,0.796,0.594,0.849,-0.887,1.134
39147,1305.258,0.98,1,0.672057,0.459826,-0.580431,0.619111,0.405444,-0.672544,0.8,0.604,0.859,-0.887,1.139
39148,1305.291,0.98,1,0.67648,0.449356,-0.583484,0.625059,0.395505,-0.672962,0.803,0.592,0.846,-0.896,1.124
39149,1305.324,0.98,1,0.686907,0.441876,-0.576979,0.63431,0.38772,-0.668823,0.815,0.587,0.844,-0.911,1.119
39150,1305.358,0.98,1,0.692896,0.432581,-0.576861,0.641062,0.382221,-0.665542,0.821,0.58,0.841,-0.927,1.106
39151,1305.391,0.88,1,0.695214,0.433993,-0.573,0.645863,0.388301,-0.657331,0.828,0.589,0.867,-0.937,1.112
39152,1305.424,0.88,1,0.70363,0.429851,-0.565802,0.656186,0.388135,-0.647126,0.842,0.593,0.887,-0.955,1.121
39153,1305.458,0.88,1,0.710642,0.427907,-0.558465,0.663827,0.387064,-0.639934,0.854,0.597,0.912,-0.967,1.136
39154,1305.491,0.98,1,0.717642,0.423244,-0.553041,0.669548,0.383264,-0.63625,0.862,0.596,0.915,-0.977,1.13
39155,1305.524,0.98,1,0.724895,0.425354,-0.54185,0.672938,0.385614,-0.631234,0.873,0.605,0.934,-0.983,1.137
39156,1305.558,0.98,1,0.723493,0.424349,-0.544505,0.673757,0.38729,-0.629331,0.872,0.605,0.94,-0.981,1.129
39157,1305.591,0.98,1,0.729362,0.43315,-0.52954,0.679932,0.39854,-0.615515,0.888,0.628,0.991,-0.986,1.153
39158,1305.624,0.88,1,0.72799,0.438597,-0.526938,0.688463,0.408091,-0.599567,0.899,0.645,1.032,-0.987,1.181
39159,1305.658,0.88,1,0.728607,0.44197,-0.523254,0.692738,0.412366,-0.591666,0.906,0.654,1.074,-0.983,1.204
39160,1305.691,0.98,1,0.741841,0.441099,-0.505078,0.704765,0.413797,-0.576263,0.929,0.669,1.163,-0.985,1.252
39161,1305.724,0.98,1,0.731793,0.449968,-0.511867,0.70021,0.426215,-0.572753,0.923,0.679,1.221,-0.967,1.271
39162,1305.758,0.93,1,0.726207,0.472079,-0.499765,0.693767,0.449051,-0.563063,0.928,0.714,1.28,-0.946,1.29
39163,1305.791,0.88,1,0.715482,0.481044,-0.506638,0.685333,0.463214,-0.561917,0.919,0.724,1.32,-0.914,1.305
39164,1305.824,0.88,1,0.700446,0.48857,-0.520264,0.670049,0.475699,-0.569864,0.899,0.724,1.359,-0.886,1.337
39165,1305.858,0.88,1,0.689283,0.492644,-0.531217,0.662717,0.481325,-0.5737,0.886,0.722,1.385,-0.879,1.369
39166,1305.891,0.88,1,0.686558,0.501373,-0.526558,0.660919,0.488509,-0.569689,0.888,0.734,1.388,-0.88,1.405
39167,1305.924,0.88,1,0.701373,0.489215,-0.518406,0.679577,0.477145,-0.557232,0.909,0.732,1.37,-0.912,1.434
39168,1305.958,0.88,1,0.712375,0.480969,-0.511068,0.69398,0.469318,-0.546015,0.926,0.732,1.343,-0.938,1.445
39169,1305.991,0.93,1,0.719054,0.471041,-0.510962,0.698444,0.456896,-0.550838,0.928,0.718,1.291,-0.967,1.433
39170,1306.025,0.93,1,0.728566,0.462896,-0.504895,0.70041,0.440005,-0.56198,0.929,0.702,1.203,-0.999,1.386
39171,1306.058,0.93,1,0.740848,0.436227,-0.510735,0.70972,0.408176,-0.574186,0.929,0.661,1.116,-1.034,1.317
39172,1306.091,0.93,1,0.759527,0.401198,-0.512015,0.722212,0.366295,-0.586718,0.933,0.61,0.984,-1.067,1.194
39173,1306.125,0.93,1,0.769534,0.360681,-0.526998,0.720493,0.316983,-0.616775,0.916,0.535,0.785,-1.086,0.997
39174,1306.158,0.88,1,0.770493,0.325584,-0.548029,0.714955,0.278562,-0.641282,0.896,0.47,0.62,-1.073,0.828
39175,1306.191,0.88,1,0.769943,0.294647,-0.566014,0.71519,0.246626,-0.653971,0.883,0.418,0.525,-1.059,0.727
39186,1306.558,0.88,1,0.814388,0.258271,-0.519681,0.747579,0.239749,-0.619392,0.941,0.412,0.537,-1.137,0.567
39187,1306.591,0.88,1,0.807644,0.271611,-0.523391,0.744493,0.250014,-0.619051,0.936,0.428,0.576,-1.123,0.614
39188,1306.625,0.93,1,0.793718,0.282703,-0.538601,0.731561,0.256213,-0.631802,0.916,0.432,0.588,-1.087,0.636
39189,1306.658,0.88,1,0.784856,0.288477,-0.548437,0.715741,0.25664,-0.649501,0.897,0.427,0.572,-1.059,0.636
39190,1306.691,0.88,1,0.778078,0.29675,-0.553656,0.7034,0.2646,-0.659709,0.885,0.433,0.56,-1.049,0.641
39191,1306.725,0.93,1,0.772845,0.306489,-0.555676,0.695536,0.276742,-0.663056,0.878,0.446,0.574,-1.051,0.664
39192,1306.758,0.93,1,0.771443,0.306561,-0.557581,0.693807,0.274397,-0.665837,0.875,0.443,0.58,-1.05,0.68
39193,1306.791,0.93,1,0.770034,0.311967,-0.556528,0.694862,0.278312,-0.663106,0.877,0.451,0.623,-1.056,0.731
39194,1306.825,0.88,1,0.769222,0.319028,-0.553641,0.695825,0.282052,-0.66051,0.879,0.46,0.68,-1.05,0.791
39195,1306.858,0.88,1,0.764092,0.329457,-0.554637,0.698955,0.290417,-0.653544,0.881,0.474,0.735,-1.046,0.853
39196,1306.891,0.93,1,0.752386,0.355193,-0.554754,0.692281,0.316561,-0.648487,0.876,0.509,0.785,-1.038,0.907
39197,1306.925,0.88,1,0.748697,0.365803,-0.552849,0.693883,0.326025,-0.642054,0.879,0.525,0.804,-1.035,0.942
39198,1306.958,0.88,1,0.744423,0.370749,-0.555319,0.690578,0.331281,-0.642927,0.875,0.53,0.804,-1.032,0.956
39199,1306.991,0.88,1,0.738389,0.380298,-0.556916,0.688593,0.341549,-0.639675,0.873,0.543,0.824,-1.023,0.985
39200,1307.025,0.88,1,0.735737,0.390239,-0.553538,0.68575,0.351231,-0.637482,0.873,0.557,0.843,-1.017,1.006
39201,1307.058,0.88,1,0.737267,0.393086,-0.549473,0.688409,0.353772,-0.633197,0.878,0.563,0.869,-1.017,1.033
39202,1307.091,0.88,1,0.739495,0.400649,-0.54095,0.694019,0.365228,-0.62044,0.89,0.583,0.919,-1.017,1.07
39203,1307.125,0.88,1,0.74153,0.405582,-0.534449,0.697542,0.371492,-0.612722,0.898,0.595,0.959,-1.011,1.089
39204,1307.158,0.88,1,0.745089,0.410512,-0.525664,0.703752,0.379101,-0.600846,0.91,0.611,1.001,-1.006,1.11
39205,1307.192,0.88,1,0.7453,0.415822,-0.521172,0.706448,0.38981,-0.590745,0.917,0.627,1.041,-1.008,1.129
39206,1307.225,0.88,1,0.748731,0.416014,-0.516076,0.711229,0.392709,-0.583038,0.925,0.634,1.069,-1.013,1.138
39207,1307.258,0.88,1,0.757726,0.407492,-0.509707,0.7199,0.387415,-0.575894,0.937,0.632,1.082,-1.031,1.137
39208,1307.292,0.88,1,0.770098,0.396597,-0.49966,0.731698,0.378942,-0.566588,0.953,0.629,1.1,-1.048,1.14
39209,1307.325,0.88,1,0.778092,0.388467,-0.493625,0.740937,0.373222,-0.558316,0.965,0.627,1.125,-1.065,1.151
39210,1307.358,0.88,1,0.784636,0.383723,-0.486932,0.747579,0.369756,-0.55173,0.975,0.628,1.149,-1.077,1.166
39211,1307.392,0.93,1,0.787674,0.380566,-0.484498,0.750922,0.366561,-0.549317,0.979,0.626,1.163,-1.08,1.178
39212,1307.425,0.93,1,0.788835,0.381689,-0.481719,0.751888,0.367129,-0.547614,0.982,0.629,1.175,-1.083,1.187
39213,1307.458,0.93,1,0.787599,0.382109,-0.483404,0.750616,0.367723,-0.548959,0.98,0.628,1.173,-1.08,1.186
39214,1307.492,0.93,1,0.784082,0.385511,-0.486412,0.747337,0.370356,-0.551655,0.975,0.629,1.179,-1.073,1.193
39215,1307.525,0.93,1,0.782794,0.387923,-0.486568,0.745537,0.37201,-0.552976,0.973,0.631,1.173,-1.07,1.195
39216,1307.558,0.93,1,0.777701,0.393213,-0.490474,0.744055,0.374711,-0.553149,0.97,0.634,1.174,-1.06,1.211
39217,1307.592,0.93,1,0.771065,0.403758,-0.49238,0.740361,0.382896,-0.5525,0.966,0.645,1.193,-1.048,1.245
39218,1307.625,0.93,1,0.758038,0.418474,-0.500257,0.732979,0.394681,-0.554048,0.955,0.657,1.227,-1.023,1.291
39219,1307.658,0.88,1,0.740544,0.429175,-0.51711,0.72639,0.407812,-0.553216,0.94,0.664,1.289,-0.988,1.354
39220,1307.692,0.88,1,0.729868,0.439322,-0.523727,0.718643,0.416056,-0.55718,0.93,0.669,1.342,-0.966,1.418
39221,1307.725,0.88,1,0.720543,0.443966,-0.532646,0.715249,0.423741,-0.555754,0.922,0.673,1.382,-0.958,1.487
39222,1307.758,0.88,1,0.712644,0.450999,-0.537344,0.713062,0.43258,-0.551739,0.918,0.682,1.408,-0.951,1.543
39223,1307.792,0.88,1,0.712619,0.450017,-0.5382,0.716239,0.428199,-0.551042,0.919,0.679,1.417,-0.951,1.584
39224,1307.825,0.88,1,0.713569,0.449448,-0.537416,0.717246,0.424888,-0.552294,0.92,0.676,1.421,-0.954,1.613
39225,1307.858,0.88,1,0.71649,0.446889,-0.53566,0.720957,0.420735,-0.55064,0.924,0.674,1.414,-0.961,1.628
39226,1307.892,0.88,1,0.716391,0.446083,-0.536465,0.720879,0.417137,-0.553471,0.922,0.67,1.414,-0.955,1.64
39227,1307.925,0.98,1,0.707553,0.453861,-0.541644,0.709815,0.423037,-0.563208,0.909,0.671,1.408,-0.943,1.632
39228,1307.958,0.98,1,0.702511,0.462073,-0.541264,0.703064,0.432164,-0.564743,0.904,0.68,1.411,-0.937,1.632
39229,1307.992,0.98,1,0.697945,0.473911,-0.536918,0.695964,0.444188,-0.564208,0.902,0.695,1.423,-0.931,1.643
39230,1308.025,0.98,1,0.700266,0.482059,-0.526542,0.697333,0.455241,-0.553608,0.913,0.715,1.438,-0.929,1.651
39231,1308.058,0.88,1,0.706119,0.485626,-0.515328,0.701387,0.460037,-0.544446,0.925,0.729,1.466,-0.933,1.669
39232,1308.092,0.88,1,0.715922,0.484599,-0.502613,0.709932,0.458385,-0.534677,0.942,0.738,1.501,-0.938,1.697
39233,1308.125,0.88,1,0.719784,0.484701,-0.496967,0.713738,0.459367,-0.528734,0.95,0.744,1.533,-0.936,1.72
39234,1308.158,0.88,1,0.719618,0.487191,-0.494768,0.713658,0.464288,-0.524527,0.953,0.751,1.55,-0.932,1.735
39235,1308.192,0.88,1,0.717282,0.486079,-0.499232,0.712225,0.46421,-0.526541,0.948,0.747,1.56,-0.922,1.737
39236,1308.225,0.88,1,0.710731,0.485928,-0.508661,0.706187,0.465206,-0.533744,0.937,0.74,1.559,-0.914,1.729
39237,1308.259,0.88,1,0.707063,0.487434,-0.512318,0.703742,0.468479,-0.534111,0.933,0.74,1.571,-0.905,1.735
39238,1308.292,0.88,1,0.705241,0.483788,-0.518252,0.704039,0.467105,-0.534922,0.929,0.734,1.579,-0.902,1.737
39239,1308.325,0.88,1,0.705765,0.483107,-0.518173,0.704502,0.469044,-0.532611,0.93,0.736,1.587,-0.905,1.741
39240,1308.359,0.88,1,0.706228,0.484186,-0.516532,0.705655,0.471882,-0.528562,0.934,0.741,1.595,-0.906,1.747
39241,1308.392,0.88,1,0.703408,0.48419,-0.520362,0.703883,0.474199,-0.528851,0.93,0.74,1.606,-0.908,1.759
39242,1308.425,0.88,1,0.703481,0.480182,-0.523966,0.700832,0.47098,-0.535735,0.924,0.731,1.618,-0.913,1.768
39243,1308.459,0.88,1,0.707332,0.47336,-0.524987,0.704327,0.463565,-0.537615,0.926,0.723,1.623,-0.919,1.778
39244,1308.492,0.93,1,0.710779,0.479361,-0.514788,0.707725,0.469762,-0.527683,0.937,0.739,1.615,-0.93,1.785
39245,1308.525,0.93,1,0.709388,0.484197,-0.512173,0.703989,0.47328,-0.529534,0.936,0.743,1.603,-0.93,1.778
39246,1308.559,0.93,1,0.709557,0.482042,-0.513969,0.704837,0.469884,-0.531426,0.934,0.739,1.606,-0.927,1.783
39247,1308.592,0.93,1,0.705271,0.478281,-0.523297,0.700267,0.466464,-0.540406,0.923,0.726,1.612,-0.918,1.789
39248,1308.625,0.93,1,0.700298,0.472862,-0.534775,0.695997,0.460347,-0.551061,0.91,0.71,1.603,-0.914,1.788
39249,1308.659,0.93,1,0.698788,0.473629,-0.53607,0.692099,0.458614,-0.557379,0.905,0.706,1.594,-0.911,1.789
39250,1308.692,0.93,1,0.697252,0.470761,-0.540578,0.688919,0.45393,-0.565101,0.897,0.696,1.58,-0.91,1.781
39251,1308.725,0.93,1,0.693608,0.475759,-0.540889,0.683578,0.456735,-0.569311,0.892,0.699,1.57,-0.905,1.78
39252,1308.759,0.93,1,0.691422,0.477731,-0.541949,0.683472,0.460527,-0.566375,0.892,0.702,1.57,-0.908,1.789
39253,1308.792,0.93,1,0.69308,0.481246,-0.536696,0.685083,0.462849,-0.562523,0.898,0.71,1.569,-0.916,1.798
39254,1308.825,0.93,1,0.6993,0.480527,-0.529219,0.693055,0.460718,-0.55445,0.909,0.715,1.569,-0.928,1.805
39255,1308.859,0.88,1,0.705432,0.484444,-0.517378,0.695786,0.462739,-0.549322,0.92,0.726,1.564,-0.937,1.804
39256,1308.892,0.93,1,0.711622,0.483742,-0.509499,0.703186,0.461634,-0.540762,0.932,0.733,1.57,-0.952,1.807
39257,1308.925,0.98,1,0.718387,0.482663,-0.500955,0.709479,0.459213,-0.534568,0.943,0.738,1.58,-0.964,1.816
39258,1308.959,0.98,1,0.720655,0.482976,-0.497383,0.712188,0.460302,-0.530009,0.949,0.743,1.596,-0.965,1.826
39259,1308.992,0.98,1,0.721321,0.480765,-0.498559,0.712847,0.459147,-0.530125,0.949,0.74,1.608,-0.962,1.832
39260,1309.025,0.98,1,0.724056,0.486963,-0.488477,0.711477,0.464057,-0.527685,0.955,0.752,1.612,-0.963,1.838
39261,1309.059,0.98,1,0.723794,0.48579,-0.490032,0.711445,0.462282,-0.529284,0.953,0.749,1.615,-0.963,1.838
39262,1309.092,0.98,1,0.724895,0.484745,-0.489438,0.713058,0.462936,-0.526535,0.956,0.751,1.619,-0.964,1.84
39263,1309.125,0.98,1,0.727119,0.482894,-0.487967,0.71542,0.460708,-0.525283,0.958,0.75,1.623,-0.965,1.841
39264,1309.159,0.98,1,0.723239,0.481948,-0.494622,0.711644,0.461138,-0.530014,0.951,0.744,1.627,-0.956,1.837
39265,1309.192,0.98,1,0.720933,0.476938,-0.502778,0.709299,0.458088,-0.535771,0.943,0.733,1.62,-0.954,1.828
39266,1309.225,0.93,1,0.71914,0.478329,-0.504023,0.710767,0.463573,-0.529066,0.945,0.739,1.632,-0.954,1.838
39267,1309.259,0.93,1,0.724353,0.475576,-0.49914,0.719934,0.461829,-0.518083,0.957,0.745,1.651,-0.963,1.85
39268,1309.292,0.88,1,0.738933,0.467105,-0.485584,0.734835,0.453855,-0.504017,0.979,0.749,1.684,-0.981,1.874
39269,1309.325,0.88,1,0.757615,0.454181,-0.468763,0.751406,0.438296,-0.493241,1.003,0.748,1.707,-1.005,1.89
39270,1309.359,0.88,1,0.769453,0.444027,-0.45911,0.761897,0.427492,-0.486583,1.018,0.745,1.74,-1.026,1.917
39271,1309.392,0.88,1,0.781703,0.43791,-0.444044,0.774583,0.421534,-0.471519,1.039,0.754,1.782,-1.047,1.959
39272,1309.426,0.98,1,0.788061,0.428407,-0.44207,0.778564,0.41222,-0.473194,1.042,0.743,1.749,-1.062,1.903
39273,1309.459,0.98,1,0.794089,0.409043,-0.449563,0.79135,0.395961,-0.465812,1.047,0.721,1.76,-1.076,1.925
39274,1309.492,0.98,1,0.795285,0.397281,-0.457918,0.793366,0.377107,-0.477871,1.038,0.691,1.752,-1.085,1.927
39275,1309.526,0.98,1,0.799788,0.389122,-0.457081,0.798934,0.366765,-0.476642,1.042,0.681,1.751,-1.096,1.941
39276,1309.559,0.98,1,0.802764,0.377784,-0.461356,0.801837,0.353854,-0.481503,1.04,0.66,1.713,-1.116,1.918
39277,1309.592,0.98,1,0.804384,0.379753,-0.456896,0.800911,0.352902,-0.483737,1.041,0.662,1.685,-1.123,1.903
39278,1309.626,0.98,1,0.803473,0.375443,-0.462032,0.798241,0.344598,-0.494029,1.033,0.646,1.624,-1.133,1.862
39279,1309.659,0.98,1,0.801767,0.380413,-0.460928,0.794506,0.354487,-0.493051,1.032,0.656,1.65,-1.123,1.85
39280,1309.692,0.98,1,0.798199,0.392482,-0.456985,0.786631,0.366838,-0.496631,1.029,0.672,1.643,-1.101,1.826
39281,1309.726,0.98,1,0.790485,0.39482,-0.468242,0.782939,0.370949,-0.499402,1.019,0.669,1.624,-1.086,1.8
39282,1309.759,0.98,1,0.785044,0.398918,-0.473889,0.77863,0.374371,-0.503569,1.012,0.669,1.597,-1.07,1.772
39283,1309.792,0.98,1,0.776677,0.407434,-0.480385,0.770299,0.38262,-0.51014,1.001,0.673,1.579,-1.053,1.752
39284,1309.826,0.98,1,0.772429,0.407745,-0.486926,0.768588,0.383852,-0.511792,0.996,0.67,1.569,-1.047,1.744
39285,1309.859,0.98,1,0.768814,0.408188,-0.492248,0.767116,0.384795,-0.513289,0.991,0.668,1.583,-1.042,1.762
39286,1309.892,0.98,1,0.769764,0.403192,-0.494873,0.768091,0.37933,-0.515891,0.989,0.659,1.577,-1.047,1.756
39287,1309.926,0.93,1,0.771898,0.400585,-0.493665,0.769658,0.375995,-0.515999,0.991,0.656,1.572,-1.048,1.752
39288,1309.959,0.93,1,0.770663,0.399473,-0.496488,0.768241,0.375148,-0.518719,0.988,0.652,1.568,-1.05,1.748
39289,1309.992,0.93,1,0.773497,0.397786,-0.493425,0.769657,0.372434,-0.518576,0.99,0.651,1.559,-1.054,1.741
39290,1310.026,0.93,1,0.775545,0.396123,-0.491545,0.770671,0.370658,-0.518343,0.992,0.649,1.552,-1.061,1.737
39291,1310.059,0.98,1,0.776259,0.395185,-0.491173,0.769434,0.368313,-0.52184,0.991,0.646,1.536,-1.069,1.723
39292,1310.092,0.98,1,0.776815,0.398948,-0.487235,0.767203,0.371217,-0.523066,0.991,0.651,1.531,-1.076,1.714
39293,1310.126,0.98,1,0.777703,0.402458,-0.482914,0.766279,0.374429,-0.522129,0.994,0.658,1.521,-1.083,1.706
39294,1310.159,0.98,1,0.781699,0.39928,-0.479085,0.768962,0.368823,-0.522176,0.997,0.654,1.504,-1.093,1.696
39295,1310.192,0.98,1,0.784255,0.394846,-0.478582,0.770952,0.362366,-0.523759,0.998,0.647,1.485,-1.103,1.682
39296,1310.226,0.98,1,0.785941,0.38769,-0.481657,0.772078,0.35301,-0.528469,0.996,0.633,1.445,-1.112,1.647
39297,1310.259,0.98,1,0.788023,0.382224,-0.482623,0.772095,0.346832,-0.53252,0.994,0.623,1.394,-1.122,1.605
39298,1310.292,0.98,1,0.795331,0.374812,-0.476407,0.7749,0.335487,-0.535703,0.998,0.612,1.331,-1.134,1.552
39299,1310.326,0.98,1,0.798086,0.36807,-0.477058,0.774075,0.326445,-0.542441,0.995,0.598,1.277,-1.137,1.498
39300,1310.359,0.98,1,0.795936,0.371073,-0.478322,0.767271,0.333118,-0.548022,0.99,0.601,1.257,-1.14,1.465
39301,1310.392,0.98,1,0.792214,0.37729,-0.479634,0.754166,0.343567,-0.559639,0.979,0.606,1.234,-1.14,1.419
39302,1310.426,0.98,1,0.795142,0.37579,-0.475953,0.762467,0.343414,-0.548372,0.989,0.612,1.227,-1.132,1.415
39303,1310.459,0.93,1,0.78385,0.381327,-0.49007,0.747455,0.345104,-0.567639,0.966,0.602,1.173,-1.107,1.358
39304,1310.493,0.93,1,0.76742,0.373179,-0.521349,0.735863,0.338255,-0.586592,0.936,0.571,1.135,-1.094,1.294
39422,1314.427,0.98,1,0.861125,0.238015,-0.449236,0.838029,0.239359,-0.490321,1.066,0.47,2.071,-1.225,2.006
39423,1314.46,0.98,1,0.857738,0.270523,-0.437153,0.82644,0.276375,-0.490524,1.067,0.533,1.939,-1.213,1.854
39424,1314.494,0.98,1,0.860545,0.274531,-0.429062,0.827158,0.278426,-0.488147,1.073,0.543,1.858,-1.225,1.79
39425,1314.527,0.98,1,0.862544,0.26668,-0.429999,0.82762,0.261113,-0.496855,1.069,0.518,1.678,-1.262,1.658
39426,1314.56,0.98,1,0.848792,0.284216,-0.44584,0.81327,0.274048,-0.513313,1.047,0.527,1.441,-1.256,1.443
39427,1314.594,0.88,1,0.836501,0.295136,-0.461693,0.805314,0.279874,-0.522628,1.031,0.529,1.269,-1.236,1.288
39428,1314.627,0.98,1,0.843669,0.287396,-0.453459,0.81267,0.276139,-0.513142,1.043,0.528,1.308,-1.255,1.323
39429,1314.66,0.88,1,0.833982,0.290723,-0.468992,0.800035,0.277184,-0.532083,1.021,0.516,1.208,-1.228,1.201
39430,1314.694,0.88,1,0.839105,0.279835,-0.466472,0.808632,0.2648,-0.525352,1.029,0.502,1.21,-1.246,1.209
39431,1314.727,0.98,1,0.840506,0.278343,-0.464838,0.806358,0.26914,-0.526641,1.029,0.505,1.234,-1.251,1.215
39432,1314.76,0.93,1,0.829575,0.289604,-0.477425,0.791794,0.27888,-0.543404,1.009,0.508,1.157,-1.216,1.122
39433,1314.794,0.93,1,0.837999,0.269208,-0.474642,0.801058,0.257848,-0.540205,1.016,0.479,1.146,-1.241,1.112
39434,1314.827,0.93,1,0.841911,0.258907,-0.473448,0.803773,0.246814,-0.541325,1.018,0.462,1.138,-1.253,1.103
39435,1314.86,0.93,1,0.843416,0.253492,-0.473699,0.805101,0.239992,-0.542417,1.018,0.452,1.129,-1.26,1.098
39436,1314.894,0.88,1,0.830825,0.272036,-0.485516,0.789845,0.267804,-0.551748,1.001,0.48,1.088,-1.223,1.031
39437,1314.927,0.93,1,0.834653,0.263209,-0.483814,0.793217,0.24984,-0.555325,1.003,0.459,1.074,-1.23,1.021
39438,1314.961,0.93,1,0.836663,0.25973,-0.482219,0.794437,0.24669,-0.55499,1.004,0.454,1.074,-1.236,1.023
39439,1314.994,0.98,1,0.837136,0.258489,-0.482065,0.794502,0.244932,-0.555675,1.004,0.452,1.066,-1.24,1.017
39440,1315.027,0.98,1,0.838417,0.255919,-0.481209,0.794021,0.241791,-0.557735,1.004,0.447,1.047,-1.238,1.0
39441,1315.061,0.98,1,0.835978,0.258386,-0.484125,0.790906,0.244999,-0.560753,1.0,0.449,1.04,-1.234,0.992
39442,1315.094,0.98,1,0.832493,0.262629,-0.487833,0.78683,0.24997,-0.564282,0.995,0.453,1.02,-1.224,0.973
39443,1315.127,0.93,1,0.82822,0.266245,-0.493117,0.782321,0.253191,-0.569094,0.988,0.455,0.996,-1.211,0.951
39444,1315.161,0.98,1,0.823995,0.274104,-0.495883,0.776741,0.261682,-0.572883,0.982,0.465,0.986,-1.2,0.95
39445,1315.194,0.98,1,0.819652,0.278337,-0.500698,0.769872,0.266698,-0.579801,0.974,0.467,0.943,-1.191,0.922
39446,1315.227,0.98,1,0.806802,0.279826,-0.520354,0.752378,0.268332,-0.601603,0.947,0.454,0.821,-1.163,0.833
39447,1315.261,0.98,1,0.800671,0.262742,-0.538416,0.740386,0.24377,-0.626422,0.924,0.41,0.649,-1.14,0.705
39488,1316.628,0.98,1,0.808889,0.266572,-0.524059,0.74449,0.263422,-0.613469,0.939,0.436,0.71,-1.11,0.607
39489,1316.661,0.98,1,0.782224,0.295823,-0.548283,0.7161,0.297722,-0.631318,0.904,0.466,0.803,-1.041,0.647
39494,1316.828,0.98,1,0.733548,0.387106,-0.55862,0.648911,0.443569,-0.618192,0.866,0.615,1.19,-0.856,0.694
39495,1316.861,0.98,1,0.732266,0.403226,-0.548813,0.648604,0.45451,-0.610519,0.872,0.637,1.235,-0.843,0.71
39496,1316.894,0.98,1,0.734426,0.403292,-0.54587,0.651094,0.462057,-0.602146,0.879,0.646,1.295,-0.834,0.745
39497,1316.928,0.98,1,0.730478,0.408462,-0.547321,0.641088,0.47439,-0.603292,0.873,0.654,1.327,-0.814,0.755
39498,1316.961,0.98,1,0.725736,0.414005,-0.549461,0.632546,0.480039,-0.607823,0.865,0.658,1.33,-0.795,0.769
39508,1317.295,0.77,1,0.853141,0.174011,-0.491804,0.732197,0.348661,-0.585084,0.974,0.452,1.931,-0.798,1.095
39555,1318.862,0.98,1,0.883823,0.305317,-0.354457,0.866686,0.27108,-0.418773,1.155,0.641,2.24,-0.974,2.365
39556,1318.895,0.98,1,0.882756,0.29132,-0.368611,0.868695,0.246609,-0.429596,1.143,0.593,2.201,-1.0,2.308
39557,1318.928,0.98,1,0.856709,0.295911,-0.422476,0.869295,0.213739,-0.445693,1.105,0.531,2.162,-1.021,2.26
39558,1318.962,0.98,1,0.889298,0.270077,-0.369062,0.867303,0.197357,-0.456986,1.131,0.515,2.167,-1.026,2.254
39559,1318.995,0.98,1,0.872056,0.265799,-0.410937,0.868734,0.208334,-0.44933,1.112,0.504,2.193,-1.034,2.279
39560,1319.028,0.98,1,0.881536,0.229312,-0.412686,0.904168,0.183192,-0.385902,1.15,0.477,2.262,-1.017,2.35
39561,1319.062,0.98,1,0.891568,0.200181,-0.406244,0.899484,0.17287,-0.401305,1.147,0.433,2.307,-1.006,2.396
39562,1319.095,0.98,1,0.91481,0.187227,-0.357868,0.905644,0.14833,-0.39725,1.178,0.418,2.343,-1.004,2.431
39563,1319.128,0.98,1,0.916706,0.185407,-0.35394,0.905665,0.151473,-0.396013,1.18,0.422,2.352,-0.998,2.438
39564,1319.162,0.98,1,0.92284,0.175612,-0.342822,0.907293,0.153227,-0.391587,1.189,0.421,2.341,-1.003,2.422
39565,1319.195,0.98,1,0.932438,0.156158,-0.325843,0.914064,0.148957,-0.377224,1.207,0.409,2.356,-1.004,2.444
39569,1319.328,0.98,1,0.887991,0.192118,-0.417806,0.884373,0.19124,-0.425807,1.127,0.427,2.411,-1.005,2.487
39573,1319.462,0.98,1,0.896039,0.279332,-0.34509,0.887507,0.277332,-0.367992,1.19,0.663,2.436,-0.931,2.578
39575,1319.529,0.98,1,0.878794,0.216399,-0.425314,0.877061,0.23572,-0.418569,1.123,0.492,2.444,-0.908,2.572
39577,1319.595,0.98,1,0.875005,0.241303,-0.419689,0.869456,0.245805,-0.428516,1.118,0.521,2.49,-0.841,2.666
39579,1319.662,0.98,1,0.851646,0.296808,-0.431978,0.860253,0.302811,-0.410208,1.114,0.619,2.35,-0.896,2.487
39581,1319.729,0.98,1,0.852969,0.32422,-0.409054,0.852962,0.295438,-0.430316,1.114,0.636,2.314,-0.896,2.437
39584,1319.829,0.98,1,0.842897,0.302259,-0.445156,0.848619,0.259302,-0.461094,1.079,0.555,2.31,-0.919,2.424
39585,1319.862,0.98,1,0.852805,0.317543,-0.414596,0.84802,0.283007,-0.448073,1.101,0.608,2.32,-0.905,2.433
39586,1319.895,0.98,1,0.848289,0.291238,-0.442251,0.859991,0.265032,-0.436089,1.096,0.565,2.312,-0.898,2.413
39587,1319.929,0.98,1,0.840109,0.290106,-0.458319,0.855397,0.275781,-0.438453,1.084,0.563,2.283,-0.91,2.379
39589,1319.995,0.98,1,0.844195,0.282959,-0.455267,0.852699,0.263425,-0.451122,1.08,0.542,2.295,-0.904,2.408
39590,1320.029,0.98,1,0.831596,0.28966,-0.473862,0.847832,0.261018,-0.461575,1.063,0.532,2.295,-0.902,2.393
39591,1320.062,0.98,1,0.838382,0.27518,-0.470523,0.85355,0.261725,-0.450502,1.072,0.528,2.299,-0.903,2.399
39592,1320.095,0.98,1,0.826126,0.295524,-0.479773,0.840509,0.279199,-0.464319,1.055,0.547,2.314,-0.9,2.414
39593,1320.129,0.98,1,0.83205,0.289712,-0.473033,0.862019,0.272392,-0.427465,1.082,0.558,2.337,-0.888,2.443
39594,1320.162,0.98,1,0.833099,0.28659,-0.473088,0.837974,0.264217,-0.477483,1.054,0.525,2.316,-0.9,2.42
39595,1320.195,0.98,1,0.844239,0.281906,-0.45584,0.851765,0.280781,-0.442334,1.084,0.56,2.327,-0.895,2.431
39596,1320.229,0.98,1,0.849603,0.272955,-0.451299,0.854515,0.254619,-0.45274,1.083,0.528,2.311,-0.911,2.421
39597,1320.262,0.98,1,0.846211,0.270128,-0.459301,0.859587,0.246119,-0.447812,1.082,0.517,2.309,-0.913,2.419
39598,1320.295,0.98,1,0.846128,0.252337,-0.469462,0.864416,0.248993,-0.436792,1.084,0.505,2.289,-0.924,2.4
39599,1320.329,0.98,1,0.854356,0.237019,-0.462491,0.870389,0.24368,-0.427835,1.094,0.495,2.313,-0.916,2.425
39600,1320.362,0.98,1,0.850143,0.258395,-0.45879,0.865427,0.248027,-0.435337,1.09,0.515,2.303,-0.921,2.416
39601,1320.395,0.98,1,0.855203,0.258089,-0.449465,0.858489,0.259327,-0.442432,1.091,0.526,2.307,-0.921,2.421
39603,1320.462,0.98,1,0.856407,0.294238,-0.424254,0.864745,0.263839,-0.427323,1.111,0.58,2.317,-0.92,2.438
39604,1320.496,0.98,1,0.859466,0.246394,-0.447894,0.883557,0.225136,-0.410659,1.113,0.502,2.332,-0.934,2.463
39605,1320.529,0.98,1,0.856683,0.243052,-0.454994,0.888814,0.198357,-0.413116,1.109,0.47,2.352,-0.946,2.493
39606,1320.562,0.98,1,0.853469,0.234701,-0.465302,0.877738,0.20499,-0.433076,1.092,0.455,2.339,-0.974,2.473
39607,1320.596,0.98,1,0.848474,0.230758,-0.47628,0.88033,0.212807,-0.423948,1.091,0.458,2.348,-0.984,2.464
39608,1320.629,0.98,1,0.84685,0.231078,-0.479007,0.863109,0.2231,-0.453067,1.072,0.453,2.384,-0.973,2.46
39609,1320.662,0.98,1,0.842406,0.240758,-0.482067,0.87123,0.23433,-0.431333,1.081,0.48,2.351,-0.991,2.414
39610,1320.696,0.98,1,0.851075,0.235411,-0.469312,0.863326,0.23398,-0.447127,1.08,0.473,2.357,-0.996,2.411
39611,1320.729,0.98,1,0.846072,0.240091,-0.47594,0.85636,0.227222,-0.463701,1.066,0.462,2.359,-0.999,2.412
39612,1320.762,0.98,1,0.845818,0.243131,-0.474846,0.862596,0.231111,-0.450018,1.075,0.474,2.352,-1.002,2.403
39613,1320.796,0.98,1,0.851353,0.23237,-0.470322,0.861255,0.233812,-0.451189,1.077,0.468,2.359,-1.001,2.416
39614,1320.829,0.98,1,0.849968,0.228714,-0.4746,0.862903,0.229893,-0.450053,1.076,0.46,2.346,-1.006,2.405
39615,1320.862,0.98,1,0.856823,0.224663,-0.464092,0.867394,0.221228,-0.445742,1.085,0.456,2.375,-0.997,2.441
39616,1320.896,0.98,1,0.843421,0.235566,-0.482856,0.865676,0.240001,-0.439322,1.076,0.476,2.365,-1.0,2.426
39617,1320.929,0.98,1,0.858544,0.21906,-0.46359,0.870022,0.210345,-0.445889,1.086,0.441,2.383,-0.994,2.447
39618,1320.962,0.98,1,0.856975,0.218231,-0.466872,0.86841,0.228511,-0.440053,1.087,0.458,2.371,-0.996,2.432
39619,1320.996,0.98,1,0.852705,0.229605,-0.469229,0.864569,0.231434,-0.446047,1.081,0.467,2.365,-0.994,2.424
39620,1321.029,0.98,1,0.857487,0.210013,-0.469691,0.880406,0.229342,-0.415074,1.1,0.461,2.346,-0.997,2.4
39621,1321.062,0.98,1,0.856764,0.204245,-0.473538,0.870564,0.232922,-0.433435,1.087,0.449,2.34,-0.996,2.386
39622,1321.096,0.98,1,0.860789,0.217382,-0.460204,0.874015,0.236385,-0.424524,1.099,0.474,2.324,-0.997,2.375
39623,1321.129,0.98,1,0.848743,0.217952,-0.4818,0.862208,0.234403,-0.449057,1.073,0.452,2.284,-1.008,2.351
39624,1321.162,0.98,1,0.856027,0.212896,-0.471055,0.863335,0.248683,-0.4391,1.084,0.469,2.284,-1.004,2.374
39625,1321.196,0.98,1,0.864812,0.207315,-0.457297,0.868437,0.242529,-0.432432,1.097,0.468,2.281,-0.999,2.378
39626,1321.229,0.98,1,0.863405,0.206422,-0.460349,0.871606,0.231643,-0.432023,1.096,0.456,2.288,-0.993,2.395
39627,1321.262,0.98,1,0.862446,0.218488,-0.456563,0.888019,0.221685,-0.402838,1.114,0.473,2.306,-0.985,2.424
39628,1321.296,0.98,1,0.878844,0.207142,-0.429798,0.887241,0.208969,-0.411261,1.126,0.459,2.322,-0.972,2.444
39629,1321.329,0.98,1,0.865648,0.219507,-0.449966,0.885021,0.224033,-0.408101,1.115,0.477,2.296,-0.969,2.423
39630,1321.362,0.98,1,0.858269,0.228503,-0.459522,0.876966,0.24594,-0.412849,1.105,0.498,2.284,-0.954,2.413
39631,1321.396,0.98,1,0.851118,0.224742,-0.474436,0.868314,0.231213,-0.43883,1.083,0.463,2.301,-0.936,2.433
39632,1321.429,0.98,1,0.847828,0.225072,-0.480136,0.883355,0.212392,-0.417821,1.092,0.453,2.309,-0.928,2.446
39633,1321.462,0.98,1,0.843618,0.234696,-0.482936,0.882389,0.213094,-0.419499,1.089,0.461,2.306,-0.922,2.442
39634,1321.496,0.98,1,0.843023,0.237935,-0.482388,0.880121,0.214582,-0.423488,1.087,0.463,2.318,-0.915,2.454
39635,1321.529,0.98,1,0.847207,0.2416,-0.473149,0.866084,0.231228,-0.443206,1.08,0.476,2.356,-0.912,2.499
39636,1321.562,0.98,1,0.853589,0.22222,-0.471174,0.880788,0.194517,-0.431712,1.091,0.432,2.338,-0.946,2.465
39637,1321.596,0.98,1,0.855071,0.230791,-0.464316,0.870595,0.225222,-0.437423,1.089,0.468,2.331,-0.972,2.432
39638,1321.629,0.98,1,0.856569,0.231855,-0.461013,0.872009,0.236499,-0.428566,1.096,0.485,2.324,-0.992,2.419
39639,1321.663,0.98,1,0.849062,0.237699,-0.471798,0.865278,0.246449,-0.436529,1.084,0.49,2.3,-1.005,2.395
39640,1321.696,0.98,1,0.844762,0.23407,-0.481236,0.863599,0.231222,-0.448032,1.073,0.464,2.26,-1.01,2.372
39641,1321.729,0.98,1,0.848835,0.238556,-0.471774,0.874282,0.212909,-0.436234,1.086,0.461,2.254,-1.008,2.385
39642,1321.763,0.98,1,0.856775,0.240356,-0.456252,0.876509,0.21891,-0.428731,1.099,0.479,2.29,-0.989,2.426
39643,1321.796,0.98,1,0.860176,0.239782,-0.450113,0.878344,0.220382,-0.424197,1.105,0.484,2.287,-0.991,2.418
39644,1321.829,0.98,1,0.863112,0.23262,-0.448247,0.876797,0.209646,-0.432753,1.102,0.465,2.303,-0.994,2.443
39645,1321.863,0.98,1,0.859113,0.229355,-0.457516,0.872134,0.21185,-0.441023,1.092,0.456,2.301,-1.002,2.44
39646,1321.896,0.98,1,0.867192,0.208457,-0.452243,0.887131,0.197839,-0.416964,1.111,0.437,2.289,-1.009,2.421
39647,1321.929,0.98,1,0.86193,0.212777,-0.460219,0.874124,0.206799,-0.439478,1.093,0.436,2.282,-1.014,2.413
39648,1321.963,0.98,1,0.859779,0.219454,-0.461107,0.876693,0.206299,-0.434569,1.095,0.444,2.286,-1.012,2.412
39649,1321.996,0.98,1,0.860566,0.225468,-0.456717,0.881297,0.220783,-0.417815,1.105,0.472,2.303,-1.003,2.421
39650,1322.029,0.98,1,0.845743,0.225411,-0.483641,0.86656,0.235132,-0.440212,1.076,0.462,2.298,-1.0,2.41
39651,1322.063,0.98,1,0.846377,0.232332,-0.479236,0.859813,0.239982,-0.450699,1.072,0.47,2.283,-1.004,2.396
39652,1322.096,0.98,1,0.842963,0.22454,-0.488871,0.861181,0.213358,-0.461353,1.062,0.432,2.273,-1.0,2.376
39653,1322.129,0.98,1,0.846126,0.238325,-0.476731,0.871156,0.24136,-0.42759,1.086,0.488,2.284,-0.984,2.381
39654,1322.163,0.98,1,0.858247,0.255393,-0.445181,0.852701,0.255102,-0.455878,1.086,0.515,2.29,-0.966,2.362
39655,1322.196,0.98,1,0.850651,0.258665,-0.457695,0.855365,0.265504,-0.444813,1.084,0.526,2.288,-0.955,2.353
39656,1322.229,0.98,1,0.837796,0.268845,-0.475205,0.859326,0.240347,-0.451433,1.071,0.502,2.194,-0.972,2.24
39657,1322.263,0.98,1,0.82804,0.308478,-0.468178,0.861535,0.28614,-0.419382,1.087,0.59,2.182,-0.966,2.213
39658,1322.296,0.98,1,0.820064,0.332786,-0.465562,0.844388,0.334073,-0.418813,1.082,0.646,2.223,-0.941,2.228
39705,1323.863,0.93,1,0.77469,0.283124,-0.565417,0.724613,0.246689,-0.64349,0.892,0.413,0.647,-1.043,0.677
39706,1323.897,0.93,1,0.757783,0.310766,-0.57375,0.711487,0.274791,-0.646743,0.878,0.447,0.731,-0.998,0.74
39707,1323.93,0.93,1,0.74046,0.341491,-0.578881,0.699879,0.309032,-0.643948,0.867,0.489,0.81,-0.955,0.802
39708,1323.963,0.93,1,0.728721,0.365109,-0.579363,0.692212,0.33569,-0.63887,0.862,0.522,0.874,-0.93,0.859
39709,1323.997,0.93,1,0.71855,0.390681,-0.575373,0.680888,0.365974,-0.634393,0.858,0.559,0.931,-0.909,0.917
39710,1324.03,0.93,1,0.71391,0.406608,-0.57009,0.675216,0.385042,-0.629147,0.859,0.583,0.968,-0.903,0.961
39711,1324.063,0.93,1,0.712738,0.414074,-0.566169,0.6738,0.394309,-0.624911,0.861,0.596,0.999,-0.903,0.995
39712,1324.097,0.98,1,0.710174,0.422691,-0.563014,0.669476,0.405263,-0.622546,0.861,0.61,1.027,-0.905,1.024
39713,1324.13,0.98,1,0.71123,0.425887,-0.55926,0.670728,0.41144,-0.617123,0.866,0.619,1.048,-0.909,1.05
39714,1324.163,0.98,1,0.711064,0.426261,-0.559186,0.671145,0.4151,-0.614212,0.867,0.622,1.073,-0.914,1.07
39715,1324.197,0.93,1,0.71196,0.428687,-0.556184,0.6717,0.41981,-0.610393,0.87,0.629,1.1,-0.92,1.09
39716,1324.23,0.93,1,0.712311,0.428652,-0.555761,0.672593,0.421115,-0.608507,0.872,0.63,1.106,-0.926,1.107
39717,1324.263,0.98,1,0.711472,0.429467,-0.556207,0.672742,0.423567,-0.606637,0.872,0.633,1.12,-0.93,1.119
39718,1324.297,0.98,1,0.70727,0.430706,-0.560591,0.66878,0.429029,-0.60718,0.867,0.635,1.123,-0.93,1.117
39719,1324.33,0.98,1,0.706919,0.430346,-0.561309,0.668394,0.431534,-0.605828,0.867,0.636,1.139,-0.933,1.129
39720,1324.363,0.98,1,0.707404,0.431372,-0.559909,0.669754,0.432512,-0.603625,0.869,0.639,1.142,-0.936,1.133
39721,1324.397,0.98,1,0.71352,0.432443,-0.551255,0.675667,0.429896,-0.598886,0.879,0.643,1.138,-0.947,1.139
39722,1324.43,0.98,1,0.715125,0.431348,-0.550032,0.677336,0.428127,-0.598266,0.881,0.643,1.126,-0.956,1.137
39723,1324.463,0.98,1,0.722008,0.427147,-0.544289,0.68369,0.421262,-0.595908,0.889,0.64,1.11,-0.969,1.137
39724,1324.497,0.98,1,0.722954,0.423947,-0.545533,0.683705,0.416555,-0.599191,0.888,0.633,1.098,-0.97,1.132
39725,1324.53,0.98,1,0.723712,0.423803,-0.54464,0.684673,0.416115,-0.598391,0.889,0.634,1.085,-0.972,1.123
39726,1324.563,0.98,1,0.725539,0.433366,-0.53459,0.683494,0.426389,-0.592477,0.896,0.652,1.084,-0.973,1.119
39727,1324.597,0.98,1,0.731785,0.433435,-0.525951,0.689722,0.425557,-0.585819,0.907,0.658,1.072,-0.984,1.107
39728,1324.63,0.98,1,0.739347,0.427019,-0.520597,0.700024,0.420716,-0.577031,0.919,0.658,1.063,-1.007,1.095
39729,1324.663,0.93,1,0.749907,0.408769,-0.520142,0.71394,0.403551,-0.57222,0.93,0.639,1.034,-1.035,1.074
39730,1324.697,0.93,1,0.763275,0.400525,-0.506943,0.7278,0.394736,-0.560795,0.949,0.64,1.056,-1.057,1.083
39731,1324.73,0.88,1,0.768421,0.399387,-0.500019,0.733814,0.390995,-0.555553,0.958,0.643,1.086,-1.055,1.098
39732,1324.763,0.93,1,0.775429,0.396471,-0.491447,0.744241,0.387939,-0.5437,0.973,0.648,1.144,-1.057,1.131
39733,1324.797,0.93,1,0.784184,0.396507,-0.477324,0.757344,0.388841,-0.524626,0.994,0.665,1.243,-1.056,1.203
39734,1324.83,0.93,1,0.784053,0.401434,-0.473405,0.762163,0.395083,-0.512852,1.003,0.679,1.311,-1.047,1.251
39735,1324.863,0.93,1,0.786402,0.40331,-0.467881,0.765555,0.395187,-0.507694,1.01,0.686,1.365,-1.041,1.297
39736,1324.897,0.93,1,0.783216,0.411851,-0.46578,0.764163,0.405807,-0.501374,1.012,0.702,1.445,-1.031,1.379
39737,1324.93,0.88,1,0.778489,0.416611,-0.469458,0.7622,0.414288,-0.49741,1.01,0.71,1.524,-1.022,1.463
39738,1324.964,0.93,1,0.777363,0.405375,-0.481017,0.76392,0.410263,-0.498107,1.005,0.695,1.583,-1.024,1.527
39739,1324.997,0.93,1,0.777963,0.40114,-0.483592,0.76684,0.406989,-0.496303,1.006,0.69,1.614,-1.032,1.577
39740,1325.03,0.93,1,0.783835,0.392516,-0.48118,0.774105,0.396529,-0.493483,1.012,0.681,1.634,-1.043,1.608
39741,1325.064,0.93,1,0.788625,0.387115,-0.477716,0.782985,0.390536,-0.484165,1.022,0.68,1.646,-1.056,1.641
39742,1325.097,0.93,1,0.79962,0.38534,-0.460567,0.798153,0.385527,-0.462948,1.047,0.696,1.662,-1.081,1.679
39743,1325.13,0.93,1,0.814131,0.369806,-0.447699,0.813161,0.366129,-0.452459,1.066,0.685,1.674,-1.111,1.709
39744,1325.164,0.98,1,0.828005,0.360272,-0.429664,0.818694,0.354185,-0.451987,1.079,0.681,1.776,-1.126,1.826
39745,1325.197,0.98,1,0.820406,0.371446,-0.434698,0.810452,0.36525,-0.457996,1.07,0.69,1.813,-1.1,1.878
39746,1325.23,0.98,1,0.813819,0.379808,-0.439824,0.804079,0.37402,-0.462132,1.062,0.696,1.795,-1.083,1.86
39747,1325.264,0.98,1,0.81039,0.381719,-0.444476,0.803968,0.375537,-0.461093,1.06,0.696,1.801,-1.075,1.874
39748,1325.297,0.88,1,0.805942,0.384326,-0.450278,0.797575,0.377224,-0.470719,1.049,0.691,1.774,-1.068,1.848
39749,1325.33,0.98,1,0.806822,0.386177,-0.447108,0.803877,0.383133,-0.454962,1.06,0.706,1.843,-1.06,1.913
39750,1325.364,0.88,1,0.805713,0.382512,-0.452228,0.80002,0.374626,-0.46864,1.05,0.688,1.807,-1.059,1.887
39751,1325.397,0.98,1,0.807824,0.385621,-0.445776,0.804758,0.38098,-0.455213,1.061,0.705,1.866,-1.058,1.938
39752,1325.43,0.98,1,0.807393,0.385961,-0.446263,0.801107,0.379052,-0.463192,1.056,0.699,1.855,-1.052,1.923
39753,1325.464,0.98,1,0.806,0.386327,-0.448459,0.798427,0.380901,-0.466293,1.053,0.698,1.844,-1.053,1.897
39754,1325.497,0.98,1,0.807111,0.387923,-0.44507,0.797978,0.384077,-0.464452,1.055,0.704,1.835,-1.057,1.875
39755,1325.53,0.98,1,0.809035,0.386051,-0.443201,0.799795,0.384088,-0.461308,1.059,0.705,1.825,-1.065,1.856
39756,1325.564,0.98,1,0.811234,0.386896,-0.438418,0.801771,0.386049,-0.456211,1.064,0.713,1.833,-1.065,1.858
39757,1325.597,0.98,1,0.814688,0.386807,-0.432046,0.805541,0.386368,-0.449247,1.073,0.72,1.862,-1.063,1.88
39758,1325.63,0.98,1,0.816252,0.386049,-0.429767,0.805613,0.385084,-0.450221,1.074,0.72,1.839,-1.069,1.853
39759,1325.664,0.98,1,0.815987,0.386005,-0.430308,0.804417,0.385462,-0.452032,1.072,0.718,1.815,-1.073,1.83
39760,1325.697,0.98,1,0.815959,0.385481,-0.43083,0.8039,0.383949,-0.454232,1.071,0.716,1.803,-1.075,1.818
39761,1325.73,0.98,1,0.814802,0.384322,-0.434044,0.802805,0.384185,-0.455967,1.068,0.712,1.804,-1.074,1.809
39762,1325.764,0.93,1,0.814201,0.387187,-0.432623,0.800788,0.388368,-0.455971,1.068,0.718,1.801,-1.072,1.799
39763,1325.797,0.93,1,0.812962,0.388005,-0.434218,0.799344,0.3905,-0.456682,1.066,0.718,1.787,-1.078,1.783
39764,1325.83,0.93,1,0.812796,0.386898,-0.435514,0.796451,0.389042,-0.462939,1.062,0.712,1.752,-1.088,1.744
39765,1325.864,0.98,1,0.817086,0.376147,-0.436903,0.805342,0.374313,-0.45969,1.066,0.697,1.737,-1.096,1.737
39766,1325.897,0.93,1,0.817372,0.381019,-0.432121,0.803821,0.377354,-0.459864,1.068,0.705,1.71,-1.104,1.719
39767,1325.93,0.93,1,0.818617,0.380472,-0.430241,0.804416,0.375661,-0.46021,1.069,0.704,1.691,-1.109,1.707
39768,1325.964,0.93,1,0.818755,0.379829,-0.430546,0.806143,0.372585,-0.459688,1.07,0.702,1.672,-1.114,1.701
39769,1325.997,0.93,1,0.820089,0.377207,-0.430314,0.807345,0.367873,-0.461371,1.07,0.696,1.654,-1.12,1.691
39770,1326.031,0.93,1,0.819792,0.377654,-0.430487,0.807313,0.367215,-0.461951,1.069,0.696,1.645,-1.124,1.69
39771,1326.064,0.93,1,0.819979,0.374991,-0.432454,0.808156,0.363437,-0.463462,1.068,0.689,1.634,-1.129,1.683
39772,1326.097,0.93,1,0.820506,0.370833,-0.435032,0.80952,0.359514,-0.464141,1.067,0.682,1.625,-1.137,1.681
39773,1326.131,0.93,1,0.825493,0.362225,-0.432845,0.818556,0.350626,-0.455002,1.076,0.677,1.652,-1.148,1.724
39774,1326.164,0.98,1,0.825737,0.36166,-0.432852,0.811296,0.353061,-0.465991,1.069,0.672,1.673,-1.144,1.724
39775,1326.197,0.93,1,0.816617,0.376449,-0.437519,0.79986,0.372613,-0.470513,1.059,0.69,1.65,-1.115,1.673
39776,1326.231,0.93,1,0.821956,0.365863,-0.4365,0.813515,0.361079,-0.455868,1.071,0.684,1.671,-1.129,1.704
39777,1326.264,0.98,1,0.821874,0.366762,-0.435901,0.808289,0.364627,-0.462294,1.067,0.683,1.716,-1.128,1.731
39778,1326.297,0.93,1,0.816946,0.378242,-0.435352,0.801032,0.376468,-0.465424,1.063,0.697,1.698,-1.108,1.699
39779,1326.331,0.98,1,0.822062,0.371059,-0.431891,0.807804,0.370036,-0.45883,1.071,0.694,1.738,-1.12,1.738
39780,1326.364,0.98,1,0.823841,0.374016,-0.425909,0.810324,0.373898,-0.451193,1.078,0.706,1.774,-1.106,1.768
39781,1326.397,0.98,1,0.831626,0.364619,-0.418869,0.819614,0.36543,-0.441241,1.091,0.704,1.83,-1.107,1.815
39782,1326.431,0.98,1,0.829925,0.366533,-0.42057,0.817346,0.368181,-0.443158,1.088,0.705,1.839,-1.105,1.822
39783,1326.464,0.93,1,0.817044,0.39036,-0.424332,0.79968,0.39159,-0.455158,1.073,0.727,1.753,-1.092,1.739
39784,1326.497,0.98,1,0.815835,0.384155,-0.432248,0.793296,0.380975,-0.47491,1.057,0.701,1.674,-1.084,1.644
39785,1326.531,0.98,1,0.803931,0.392926,-0.446434,0.778192,0.386386,-0.495099,1.034,0.691,1.591,-1.058,1.537
39786,1326.564,0.93,1,0.785578,0.415107,-0.458861,0.756231,0.412042,-0.508267,1.011,0.708,1.556,-1.008,1.465
39787,1326.597,0.88,1,0.768904,0.44228,-0.461708,0.737215,0.446989,-0.50667,0.999,0.743,1.599,-0.955,1.453
39788,1326.631,0.88,1,0.761181,0.459847,-0.457323,0.72935,0.470654,-0.496522,1.002,0.773,1.66,-0.911,1.466
39789,1326.664,0.98,1,0.760373,0.455426,-0.463054,0.72904,0.469543,-0.498026,0.998,0.766,1.725,-0.877,1.481
39790,1326.697,0.98,1,0.759092,0.444711,-0.475408,0.728424,0.460323,-0.507445,0.987,0.744,1.795,-0.851,1.5
39791,1326.731,0.98,1,0.75848,0.435524,-0.484796,0.726762,0.454176,-0.515307,0.978,0.727,1.864,-0.831,1.518
39792,1326.764,0.98,1,0.762253,0.423508,-0.489501,0.729689,0.44758,-0.516938,0.977,0.713,1.924,-0.812,1.53
39793,1326.797,0.98,1,0.765299,0.407799,-0.498014,0.733233,0.437338,-0.520678,0.974,0.693,1.98,-0.794,1.538
39794,1326.831,0.98,1,0.767995,0.396619,-0.502869,0.734316,0.430387,-0.524926,0.971,0.678,2.019,-0.78,1.535
39795,1326.864,0.98,1,0.771887,0.392961,-0.499771,0.735233,0.430995,-0.52314,0.974,0.678,2.034,-0.772,1.526
39796,1326.897,0.98,1,0.770501,0.397516,-0.498306,0.731143,0.435782,-0.524903,0.973,0.683,2.037,-0.765,1.511
39797,1326.931,0.98,1,0.769873,0.405263,-0.493009,0.726611,0.444033,-0.524281,0.974,0.696,2.029,-0.757,1.494
39798,1326.964,0.98,1,0.766801,0.412068,-0.492154,0.721443,0.449733,-0.526555,0.971,0.702,2.021,-0.747,1.474
39799,1326.997,0.98,1,0.762656,0.414184,-0.496798,0.716054,0.452739,-0.531314,0.963,0.701,2.019,-0.735,1.461
39800,1327.031,0.98,1,0.763005,0.418227,-0.492859,0.713895,0.460048,-0.52793,0.966,0.71,2.022,-0.725,1.462
39802,1327.097,0.98,1,0.756095,0.41011,-0.510029,0.703132,0.458558,-0.543443,0.945,0.69,2.04,-0.704,1.456
39804,1327.164,0.98,1,0.756807,0.404489,-0.513452,0.70183,0.451507,-0.550977,0.94,0.677,2.054,-0.699,1.444
39810,1327.364,0.98,1,0.787792,0.217739,-0.576171,0.673957,0.45692,-0.580522,0.901,0.528,1.973,-0.713,1.176
39811,1327.398,0.98,1,0.801863,0.212912,-0.558286,0.680186,0.428886,-0.594477,0.91,0.508,1.958,-0.72,1.162
39812,1327.431,0.98,1,0.818797,0.20974,-0.534398,0.680216,0.39075,-0.620178,0.914,0.48,1.943,-0.727,1.142
39817,1327.598,0.77,1,0.856938,0.159815,-0.490017,0.718453,0.403097,-0.566866,0.98,0.489,1.893,-0.789,1.079
39818,1327.631,0.77,1,0.84436,0.1884,-0.501558,0.706659,0.410699,-0.576159,0.964,0.507,1.892,-0.794,1.066
39819,1327.664,0.88,1,0.815634,0.291513,-0.499762,0.715761,0.380671,-0.58547,0.954,0.555,1.894,-0.797,1.06
39821,1327.731,0.88,1,0.850179,0.154009,-0.503465,0.716045,0.407203,-0.566979,0.971,0.483,1.887,-0.802,1.074
39822,1327.764,0.88,1,0.828965,0.259809,-0.495294,0.706603,0.402974,-0.581656,0.959,0.552,1.889,-0.806,1.068
39824,1327.831,0.88,1,0.863295,0.158601,-0.479132,0.718685,0.407079,-0.563718,0.988,0.497,1.89,-0.808,1.073
39826,1327.898,0.88,1,0.871609,0.150448,-0.466544,0.715041,0.396016,-0.576097,0.989,0.483,1.894,-0.811,1.084
39828,1327.964,0.88,1,0.860557,0.119326,-0.49518,0.710909,0.406561,-0.573861,0.973,0.457,1.891,-0.817,1.084
39830,1328.031,0.88,1,0.862776,0.159213,-0.479863,0.716021,0.436804,-0.544533,0.995,0.527,1.885,-0.819,1.086
39832,1328.098,0.88,1,0.860032,0.156813,-0.485545,0.729336,0.466533,-0.500416,1.016,0.564,1.876,-0.823,1.072
39834,1328.164,0.88,1,0.859723,0.180108,-0.477951,0.7271,0.440662,-0.526444,1.006,0.554,1.876,-0.824,1.073
39836,1328.231,0.88,1,0.8555,0.17226,-0.48831,0.741551,0.433607,-0.511945,1.011,0.545,1.869,-0.833,1.08
39838,1328.298,0.88,1,0.832817,0.291173,-0.470779,0.736975,0.463454,-0.492014,1.021,0.665,1.866,-0.849,1.1
39839,1328.331,0.98,1,0.761665,0.413476,-0.498903,0.721208,0.450826,-0.525942,0.966,0.701,1.89,-0.85,1.126
39840,1328.365,0.98,1,0.78914,0.335246,-0.514654,0.726611,0.411944,-0.549853,0.959,0.612,1.899,-0.851,1.14
39841,1328.398,0.98,1,0.780828,0.350777,-0.516975,0.723002,0.446105,-0.527501,0.964,0.652,1.897,-0.852,1.138
39842,1328.431,0.98,1,0.751895,0.40708,-0.518593,0.72506,0.469016,-0.504293,0.965,0.708,1.89,-0.846,1.126
39843,1328.465,0.98,1,0.766857,0.433421,-0.473368,0.730667,0.478438,-0.487055,1.001,0.759,1.888,-0.839,1.117
39844,1328.498,0.98,1,0.761504,0.426051,-0.488459,0.730764,0.481904,-0.483479,0.993,0.751,1.898,-0.832,1.112
40089,1336.667,0.98,1,0.869206,0.247333,-0.428144,0.860407,0.244964,-0.446869,1.102,0.512,2.277,-1.158,2.243
40090,1336.7,0.98,1,0.877509,0.239974,-0.4152,0.868382,0.239127,-0.434432,1.118,0.513,2.372,-1.171,2.366
40091,1336.734,0.98,1,0.881639,0.234326,-0.409638,0.87041,0.231193,-0.434667,1.122,0.504,2.319,-1.214,2.325
40092,1336.767,0.98,1,0.885158,0.224079,-0.407778,0.871678,0.214176,-0.440801,1.121,0.477,2.236,-1.268,2.278
40093,1336.8,0.98,1,0.88511,0.222409,-0.408797,0.870599,0.2051,-0.447203,1.117,0.463,2.134,-1.297,2.207
40094,1336.834,0.98,1,0.884223,0.218403,-0.412856,0.870993,0.19046,-0.452876,1.113,0.441,2.005,-1.321,2.12
40095,1336.867,0.98,1,0.872286,0.236687,-0.427897,0.85947,0.204952,-0.468301,1.093,0.458,1.786,-1.325,1.922
40096,1336.9,0.98,1,0.856476,0.258585,-0.446747,0.842701,0.227075,-0.488152,1.068,0.479,1.529,-1.309,1.677
40097,1336.934,0.98,1,0.851595,0.269882,-0.449389,0.838097,0.239575,-0.490099,1.063,0.497,1.488,-1.288,1.629
40098,1336.967,0.98,1,0.848881,0.278199,-0.449452,0.834825,0.251302,-0.48981,1.062,0.513,1.491,-1.278,1.622
40099,1337.0,0.98,1,0.854248,0.279417,-0.43839,0.840797,0.25315,-0.478514,1.075,0.526,1.564,-1.277,1.691
40100,1337.034,0.98,1,0.862128,0.27628,-0.424741,0.852081,0.250189,-0.459742,1.094,0.537,1.663,-1.283,1.79
40101,1337.067,0.98,1,0.869221,0.275359,-0.410649,0.860354,0.250203,-0.444059,1.112,0.551,1.739,-1.285,1.858
40102,1337.1,0.98,1,0.87112,0.279495,-0.403772,0.862983,0.255751,-0.43572,1.12,0.568,1.796,-1.279,1.908
40103,1337.134,0.98,1,0.870165,0.278568,-0.406463,0.862945,0.253756,-0.436961,1.118,0.563,1.789,-1.275,1.903
40104,1337.167,0.98,1,0.868731,0.282587,-0.406757,0.860606,0.258172,-0.438981,1.116,0.569,1.763,-1.268,1.875
40105,1337.201,0.98,1,0.866763,0.283564,-0.41026,0.859176,0.258586,-0.441532,1.112,0.567,1.765,-1.262,1.879
40106,1337.234,0.98,1,0.863615,0.288677,-0.413322,0.855408,0.265001,-0.44503,1.108,0.573,1.753,-1.252,1.861
40107,1337.267,0.98,1,0.857057,0.301151,-0.418046,0.845985,0.279892,-0.453839,1.098,0.588,1.71,-1.238,1.804
40108,1337.301,0.98,1,0.854598,0.310503,-0.416232,0.842531,0.291745,-0.452798,1.098,0.606,1.757,-1.217,1.838
40109,1337.334,0.98,1,0.848706,0.320652,-0.420572,0.834572,0.305352,-0.458529,1.09,0.619,1.784,-1.194,1.854
40110,1337.367,0.98,1,0.842151,0.33455,-0.422916,0.832159,0.324187,-0.449904,1.09,0.647,1.914,-1.156,1.976
40111,1337.401,0.98,1,0.839959,0.335989,-0.426123,0.831395,0.327056,-0.44924,1.088,0.648,1.962,-1.143,2.023
40112,1337.434,0.98,1,0.842015,0.333271,-0.424194,0.832935,0.323348,-0.449072,1.09,0.645,1.93,-1.151,1.989
40113,1337.467,0.98,1,0.842437,0.331168,-0.425003,0.832698,0.321434,-0.450881,1.089,0.64,1.905,-1.158,1.963
40114,1337.501,0.98,1,0.844045,0.32769,-0.424509,0.832194,0.317278,-0.454738,1.088,0.633,1.873,-1.168,1.928
40115,1337.534,0.98,1,0.842466,0.329764,-0.426035,0.829424,0.319685,-0.458102,1.084,0.634,1.844,-1.168,1.898
40116,1337.567,0.98,1,0.840058,0.330925,-0.429874,0.826723,0.320947,-0.462084,1.079,0.631,1.818,-1.17,1.871
40117,1337.601,0.98,1,0.838689,0.331792,-0.431874,0.825472,0.32222,-0.463433,1.077,0.631,1.79,-1.171,1.843
40118,1337.634,0.98,1,0.837582,0.332162,-0.433734,0.82308,0.322051,-0.467784,1.073,0.628,1.772,-1.174,1.824
40119,1337.667,0.98,1,0.837956,0.330926,-0.433957,0.822994,0.319977,-0.469357,1.073,0.624,1.742,-1.177,1.794
40120,1337.701,0.98,1,0.839724,0.328257,-0.432564,0.824736,0.315904,-0.469058,1.074,0.62,1.726,-1.182,1.781
40121,1337.734,0.98,1,0.840787,0.32599,-0.432213,0.825945,0.312543,-0.469182,1.075,0.616,1.711,-1.187,1.77
40122,1337.767,0.98,1,0.840754,0.32554,-0.432616,0.82598,0.311884,-0.469559,1.075,0.615,1.706,-1.192,1.767
40123,1337.801,0.98,1,0.839905,0.326783,-0.433327,0.824831,0.312762,-0.470993,1.073,0.616,1.676,-1.193,1.743
40124,1337.834,0.98,1,0.842843,0.321126,-0.431849,0.82928,0.305179,-0.468146,1.077,0.608,1.696,-1.204,1.776
40125,1337.867,0.98,1,0.845155,0.3206,-0.427702,0.830883,0.303091,-0.466658,1.081,0.609,1.695,-1.207,1.777
40126,1337.901,0.98,1,0.846748,0.315946,-0.428013,0.833638,0.296623,-0.465899,1.082,0.601,1.691,-1.218,1.788
40127,1337.934,0.98,1,0.845903,0.318093,-0.428095,0.832279,0.298489,-0.467136,1.081,0.603,1.665,-1.217,1.762
40128,1337.967,0.98,1,0.846784,0.316018,-0.427889,0.832405,0.295647,-0.468716,1.08,0.599,1.652,-1.225,1.756
40129,1338.001,0.98,1,0.848082,0.313606,-0.427093,0.833706,0.292996,-0.468068,1.082,0.596,1.645,-1.232,1.753
40130,1338.034,0.98,1,0.851078,0.311974,-0.422301,0.836305,0.290169,-0.465184,1.087,0.596,1.65,-1.237,1.761
40131,1338.067,0.98,1,0.852792,0.314137,-0.417211,0.838616,0.292601,-0.459464,1.093,0.605,1.68,-1.231,1.789
40132,1338.101,0.98,1,0.850578,0.315518,-0.420672,0.83718,0.294396,-0.460935,1.089,0.605,1.661,-1.228,1.77
40133,1338.134,0.98,1,0.848157,0.320344,-0.421912,0.834567,0.299726,-0.462235,1.087,0.612,1.653,-1.224,1.76
40134,1338.167,0.98,1,0.847532,0.320445,-0.42309,0.833968,0.300472,-0.462832,1.086,0.611,1.652,-1.225,1.76
40135,1338.201,0.98,1,0.845778,0.32417,-0.423761,0.831387,0.304686,-0.464718,1.084,0.616,1.641,-1.221,1.744
40136,1338.234,0.98,1,0.843178,0.327029,-0.426736,0.828194,0.3082,-0.468088,1.079,0.617,1.629,-1.218,1.733
40137,1338.268,0.98,1,0.842757,0.328885,-0.426141,0.825926,0.310139,-0.470807,1.078,0.619,1.612,-1.218,1.71
40138,1338.301,0.98,1,0.840656,0.332684,-0.427339,0.822264,0.314825,-0.474096,1.074,0.623,1.598,-1.218,1.69
40139,1338.334,0.98,1,0.839672,0.336622,-0.426188,0.820754,0.318952,-0.473954,1.074,0.629,1.592,-1.213,1.68
40140,1338.368,0.98,1,0.838571,0.340604,-0.425191,0.819411,0.323916,-0.472909,1.074,0.637,1.598,-1.207,1.681
40141,1338.401,0.98,1,0.837725,0.33813,-0.428817,0.819162,0.320986,-0.475333,1.071,0.63,1.598,-1.211,1.686
40142,1338.434,0.98,1,0.836909,0.336,-0.432074,0.819167,0.319128,-0.476575,1.069,0.625,1.591,-1.216,1.681
40143,1338.468,0.98,1,0.838546,0.334854,-0.429784,0.820565,0.31746,-0.475282,1.071,0.625,1.595,-1.216,1.684
40144,1338.501,0.98,1,0.837846,0.334512,-0.431411,0.819739,0.316995,-0.477013,1.069,0.622,1.574,-1.219,1.667
40145,1338.534,0.98,1,0.837433,0.338989,-0.428711,0.818819,0.323158,-0.474451,1.072,0.633,1.591,-1.212,1.677
40146,1338.568,0.98,1,0.835866,0.346473,-0.425776,0.814971,0.332465,-0.474647,1.071,0.646,1.601,-1.201,1.676
40147,1338.601,0.98,1,0.835641,0.346261,-0.426389,0.817313,0.332849,-0.470331,1.074,0.648,1.625,-1.2,1.703
40148,1338.634,0.98,1,0.839506,0.337243,-0.426024,0.822055,0.320909,-0.470364,1.076,0.633,1.62,-1.207,1.708
40149,1338.668,0.98,1,0.841707,0.33172,-0.426019,0.824892,0.314593,-0.469664,1.078,0.625,1.635,-1.214,1.726
40150,1338.701,0.98,1,0.845417,0.325115,-0.423758,0.829341,0.306214,-0.46736,1.082,0.616,1.649,-1.217,1.741
40151,1338.734,0.98,1,0.846373,0.32486,-0.42204,0.83123,0.306831,-0.463585,1.085,0.62,1.673,-1.216,1.762
40152,1338.768,0.98,1,0.848979,0.323644,-0.417719,0.834806,0.305232,-0.458183,1.091,0.623,1.711,-1.213,1.793
40153,1338.801,0.98,1,0.847894,0.320447,-0.422363,0.834806,0.301819,-0.46044,1.088,0.614,1.691,-1.22,1.779
40154,1338.834,0.98,1,0.849229,0.321052,-0.419208,0.836673,0.302756,-0.456417,1.092,0.619,1.71,-1.218,1.8
40155,1338.868,0.98,1,0.851009,0.324705,-0.412734,0.838725,0.307402,-0.449493,1.099,0.633,1.781,-1.205,1.862
40156,1338.901,0.98,1,0.850975,0.328073,-0.410134,0.839102,0.311788,-0.445754,1.102,0.642,1.799,-1.197,1.873
40157,1338.934,0.98,1,0.850905,0.330078,-0.408667,0.838501,0.314574,-0.444927,1.103,0.647,1.807,-1.192,1.879
40158,1338.968,0.98,1,0.852425,0.330417,-0.405211,0.839732,0.314458,-0.442681,1.106,0.65,1.827,-1.189,1.9
40159,1339.001,0.98,1,0.851961,0.330222,-0.406344,0.839248,0.314131,-0.443829,1.105,0.649,1.822,-1.191,1.897
40160,1339.034,0.98,1,0.851007,0.328799,-0.409485,0.839087,0.312741,-0.445113,1.103,0.644,1.797,-1.194,1.872
40161,1339.068,0.98,1,0.851893,0.327394,-0.408768,0.840351,0.311322,-0.443722,1.104,0.643,1.814,-1.194,1.885
40162,1339.101,0.98,1,0.850931,0.328717,-0.409709,0.839582,0.313163,-0.443881,1.103,0.645,1.815,-1.193,1.887
40163,1339.134,0.98,1,0.85009,0.328766,-0.411412,0.839184,0.312884,-0.444831,1.102,0.643,1.811,-1.194,1.885
40164,1339.168,0.98,1,0.850008,0.330702,-0.410028,0.838437,0.315446,-0.44443,1.102,0.647,1.817,-1.194,1.89
40165,1339.201,0.98,1,0.847953,0.336479,-0.409583,0.833838,0.322081,-0.448305,1.099,0.655,1.803,-1.188,1.859
40166,1339.234,0.98,1,0.846065,0.338683,-0.411666,0.830798,0.324304,-0.45233,1.095,0.655,1.776,-1.19,1.826
40167,1339.268,0.98,1,0.845529,0.339372,-0.412198,0.829612,0.325196,-0.453863,1.094,0.655,1.756,-1.19,1.804
40168,1339.301,0.98,1,0.84391,0.343487,-0.412107,0.827661,0.328908,-0.454749,1.092,0.66,1.751,-1.183,1.794
40169,1339.334,0.98,1,0.842553,0.341884,-0.416197,0.827323,0.328248,-0.45584,1.09,0.655,1.741,-1.187,1.789
40170,1339.368,0.98,1,0.842777,0.342061,-0.415597,0.827216,0.328112,-0.456131,1.09,0.655,1.744,-1.185,1.79
40171,1339.401,0.98,1,0.841692,0.345989,-0.414543,0.822782,0.331303,-0.46181,1.086,0.658,1.698,-1.185,1.744
40172,1339.435,0.98,1,0.840978,0.347504,-0.414725,0.822129,0.334005,-0.461026,1.086,0.661,1.705,-1.183,1.748
40173,1339.468,0.98,1,0.840586,0.348853,-0.414388,0.821847,0.336239,-0.459903,1.087,0.665,1.717,-1.18,1.755
40174,1339.501,0.98,1,0.840342,0.348313,-0.415335,0.82274,0.336322,-0.458242,1.087,0.665,1.724,-1.182,1.763
40175,1339.535,0.98,1,0.842948,0.343303,-0.414224,0.826688,0.329965,-0.455752,1.09,0.659,1.736,-1.188,1.787
40176,1339.568,0.98,1,0.845738,0.337613,-0.413214,0.831876,0.32352,-0.450908,1.095,0.653,1.777,-1.191,1.838
40177,1339.601,0.98,1,0.849889,0.331423,-0.409691,0.837818,0.316669,-0.444726,1.102,0.649,1.8,-1.195,1.868
40178,1339.635,0.98,1,0.852757,0.328363,-0.406183,0.840598,0.313252,-0.441893,1.106,0.648,1.812,-1.193,1.88
40179,1339.668,0.98,1,0.854878,0.324293,-0.40499,0.843778,0.30847,-0.439186,1.11,0.643,1.837,-1.191,1.906
40180,1339.701,0.98,1,0.8529,0.325931,-0.407837,0.842026,0.31151,-0.440403,1.107,0.644,1.827,-1.19,1.891
40181,1339.735,0.98,1,0.852014,0.327776,-0.408209,0.839258,0.316016,-0.442469,1.105,0.648,1.802,-1.183,1.84
40182,1339.768,0.98,1,0.845013,0.3323,-0.418963,0.832958,0.32516,-0.447718,1.094,0.649,1.791,-1.174,1.8
40183,1339.801,0.98,1,0.845772,0.335367,-0.414967,0.829005,0.333382,-0.449008,1.095,0.659,1.783,-1.17,1.749
40184,1339.835,0.98,1,0.849605,0.33132,-0.410363,0.826109,0.335942,-0.452422,1.095,0.658,1.778,-1.177,1.71
40185,1339.868,0.98,1,0.84615,0.341929,-0.408796,0.81698,0.351488,-0.457166,1.091,0.675,1.728,-1.163,1.616
40186,1339.901,0.93,1,0.837253,0.362304,-0.409566,0.799087,0.381213,-0.464906,1.08,0.705,1.648,-1.147,1.491
40187,1339.935,0.98,1,0.846238,0.339321,-0.410783,0.810493,0.353944,-0.466717,1.084,0.669,1.63,-1.152,1.454
40188,1339.968,0.98,1,0.834827,0.346768,-0.427569,0.800292,0.359329,-0.480017,1.064,0.661,1.608,-1.132,1.412
40189,1340.001,0.88,1,0.821929,0.371346,-0.431897,0.782904,0.383707,-0.489724,1.05,0.686,1.598,-1.092,1.381
40190,1340.035,0.93,1,0.808474,0.385906,-0.44435,0.770203,0.397338,-0.498909,1.032,0.693,1.609,-1.043,1.366
40191,1340.068,0.88,1,0.793972,0.405048,-0.45337,0.756248,0.422415,-0.499654,1.02,0.715,1.632,-0.999,1.373
40192,1340.101,0.88,1,0.777929,0.421597,-0.465922,0.741926,0.440436,-0.505531,1.002,0.726,1.653,-0.957,1.375
40193,1340.135,0.98,1,0.766329,0.435003,-0.47277,0.729355,0.454663,-0.511197,0.989,0.735,1.674,-0.932,1.384
40194,1340.168,0.77,1,0.761793,0.442838,-0.472827,0.723817,0.462561,-0.511982,0.985,0.743,1.689,-0.917,1.395
40195,1340.201,0.88,1,0.756629,0.450813,-0.473583,0.722329,0.466269,-0.510719,0.984,0.75,1.693,-0.907,1.402
40196,1340.235,0.88,1,0.750046,0.463533,-0.471771,0.716665,0.477349,-0.508457,0.982,0.765,1.689,-0.905,1.418
40197,1340.268,0.88,1,0.751503,0.461018,-0.471917,0.72076,0.474661,-0.505175,0.985,0.764,1.689,-0.903,1.431
40198,1340.301,0.88,1,0.74842,0.462226,-0.475621,0.72004,0.478289,-0.502774,0.983,0.766,1.692,-0.897,1.433
40199,1340.335,0.88,1,0.746316,0.464925,-0.476295,0.721723,0.481332,-0.497429,0.985,0.771,1.707,-0.884,1.438
40200,1340.368,0.88,1,0.753337,0.458558,-0.47139,0.729554,0.478722,-0.488442,0.996,0.774,1.753,-0.877,1.469
40201,1340.401,0.88,1,0.763526,0.448566,-0.464561,0.738762,0.473381,-0.479731,1.01,0.773,1.805,-0.876,1.497
40202,1340.435,0.88,1,0.769805,0.442138,-0.460341,0.744175,0.471872,-0.472801,1.018,0.775,1.859,-0.877,1.532
40203,1340.468,0.88,1,0.783517,0.416761,-0.460881,0.745143,0.449027,-0.493089,1.013,0.737,1.897,-0.87,1.55
40204,1340.502,0.77,1,0.753863,0.442484,-0.485695,0.737281,0.46094,-0.493914,0.99,0.745,1.926,-0.855,1.56
40205,1340.535,0.77,1,0.75368,0.464526,-0.464955,0.74548,0.422195,-0.515762,0.991,0.735,1.947,-0.847,1.546
40206,1340.568,0.77,1,0.731676,0.482725,-0.481276,0.719357,0.474154,-0.507645,0.973,0.769,1.965,-0.84,1.532
40207,1340.602,0.77,1,0.808923,0.321834,-0.492003,0.759727,0.422053,-0.494657,1.009,0.646,1.975,-0.836,1.526
40208,1340.635,0.77,1,0.81658,0.293378,-0.497118,0.740413,0.461235,-0.488929,1.006,0.653,1.971,-0.827,1.516
40210,1340.702,0.77,1,0.759541,0.413057,-0.502475,0.694189,0.458468,-0.554896,0.942,0.689,1.928,-0.773,1.428
40211,1340.735,0.77,1,0.754753,0.408707,-0.513134,0.686747,0.473671,-0.551374,0.935,0.692,1.917,-0.761,1.421
40212,1340.768,0.77,1,0.750465,0.405983,-0.521517,0.686723,0.471533,-0.553234,0.929,0.685,1.905,-0.751,1.412
40213,1340.802,0.77,1,0.759112,0.39444,-0.517848,0.683796,0.456819,-0.568981,0.925,0.664,1.894,-0.746,1.388
40214,1340.835,0.77,1,0.759102,0.359739,-0.542542,0.691009,0.430326,-0.580798,0.912,0.613,1.886,-0.743,1.368
40215,1340.868,0.77,1,0.764144,0.334742,-0.55139,0.701184,0.410893,-0.582673,0.912,0.582,1.885,-0.744,1.35
40217,1340.935,0.98,1,0.739857,0.264507,-0.618585,0.644744,0.39605,-0.653796,0.828,0.479,1.843,-0.754,1.229
40257,1342.269,0.98,1,0.864965,0.261967,-0.428029,0.852753,0.268856,-0.447804,1.099,0.545,2.318,-1.107,2.225
40258,1342.302,0.98,1,0.87508,0.253632,-0.412197,0.862161,0.259841,-0.434926,1.117,0.545,2.361,-1.123,2.314
40259,1342.335,0.98,1,0.878011,0.249088,-0.40872,0.867521,0.251706,-0.429011,1.123,0.539,2.363,-1.137,2.342
40260,1342.369,0.98,1,0.882558,0.23958,-0.404591,0.873674,0.236929,-0.424921,1.13,0.521,2.396,-1.156,2.407
40261,1342.402,0.98,1,0.886654,0.230904,-0.400659,0.880063,0.224762,-0.418296,1.137,0.508,2.422,-1.175,2.457
40262,1342.435,0.98,1,0.893683,0.218451,-0.39193,0.889137,0.20527,-0.409023,1.149,0.487,2.471,-1.19,2.543
40263,1342.469,0.98,1,0.896082,0.216406,-0.387564,0.892336,0.199457,-0.404911,1.154,0.483,2.498,-1.199,2.593
40264,1342.502,0.98,1,0.89957,0.201499,-0.387519,0.900526,0.176284,-0.397463,1.16,0.449,2.565,-1.212,2.715
40265,1342.535,0.98,1,0.902069,0.187099,-0.38893,0.903207,0.154003,-0.400626,1.159,0.408,2.614,-1.234,2.818
40291,1343.402,0.98,1,0.880184,0.210174,-0.425562,0.860251,0.178755,-0.477509,1.092,0.407,1.859,-1.34,2.039
40292,1343.436,0.98,1,0.878281,0.227883,-0.420346,0.859946,0.200585,-0.469318,1.098,0.449,1.943,-1.308,2.093
40293,1343.469,0.98,1,0.874552,0.240221,-0.421252,0.856886,0.214586,-0.468721,1.096,0.472,1.952,-1.285,2.081
40294,1343.502,0.98,1,0.871413,0.254189,-0.419557,0.855314,0.233227,-0.462647,1.098,0.505,1.993,-1.256,2.087
40295,1343.536,0.98,1,0.871561,0.260272,-0.415499,0.854766,0.242236,-0.459017,1.102,0.522,2.022,-1.24,2.089
40296,1343.569,0.98,1,0.872236,0.265487,-0.410757,0.855146,0.249873,-0.454191,1.107,0.537,2.032,-1.232,2.081
40297,1343.602,0.98,1,0.871156,0.276222,-0.405942,0.852693,0.264204,-0.450679,1.11,0.563,2.043,-1.217,2.067
40298,1343.636,0.98,1,0.871169,0.283308,-0.401,0.852688,0.275154,-0.444087,1.115,0.584,2.06,-1.206,2.067
40299,1343.669,0.98,1,0.867703,0.292329,-0.402039,0.851988,0.28907,-0.436525,1.117,0.606,2.11,-1.185,2.097
40300,1343.702,0.98,1,0.871282,0.289576,-0.396248,0.859142,0.286698,-0.423885,1.128,0.613,2.138,-1.182,2.119
40301,1343.736,0.98,1,0.864126,0.302504,-0.402217,0.852776,0.299694,-0.427734,1.121,0.628,2.035,-1.194,2.019
40302,1343.769,0.98,1,0.864211,0.301432,-0.402837,0.854457,0.29709,-0.426194,1.121,0.625,1.989,-1.205,1.981
40303,1343.802,0.98,1,0.862533,0.305599,-0.403293,0.85299,0.301982,-0.425693,1.121,0.632,1.986,-1.2,1.973
40304,1343.836,0.98,1,0.865152,0.305995,-0.39734,0.854991,0.30185,-0.421755,1.126,0.638,1.977,-1.205,1.969
40305,1343.869,0.98,1,0.866897,0.308261,-0.391747,0.85517,0.30413,-0.419749,1.13,0.646,1.969,-1.212,1.964
40306,1343.903,0.98,1,0.868751,0.305609,-0.389711,0.856414,0.300737,-0.419657,1.132,0.643,1.949,-1.217,1.946
40307,1343.936,0.98,1,0.869689,0.306332,-0.387043,0.857247,0.30161,-0.417324,1.135,0.647,1.962,-1.217,1.959
40308,1343.969,0.98,1,0.868192,0.305379,-0.391135,0.857362,0.300609,-0.417809,1.132,0.643,1.973,-1.213,1.964
40309,1344.003,0.98,1,0.867996,0.305201,-0.391708,0.857978,0.301068,-0.41621,1.133,0.644,1.981,-1.213,1.969
40310,1344.036,0.98,1,0.868098,0.306339,-0.390591,0.857546,0.302724,-0.4159,1.134,0.647,1.978,-1.213,1.963
40311,1344.069,0.98,1,0.867491,0.308326,-0.390377,0.856397,0.305089,-0.41654,1.133,0.65,1.984,-1.207,1.963
40312,1344.103,0.98,1,0.865283,0.312899,-0.391638,0.853878,0.310269,-0.417881,1.131,0.656,1.977,-1.203,1.961
40313,1344.136,0.98,1,0.862343,0.316333,-0.395344,0.850995,0.313636,-0.421236,1.126,0.657,1.939,-1.205,1.927
40314,1344.169,0.98,1,0.862609,0.316732,-0.394444,0.850621,0.31328,-0.422255,1.126,0.657,1.932,-1.205,1.923
40315,1344.203,0.98,1,0.861833,0.317711,-0.395351,0.849988,0.313663,-0.423245,1.125,0.657,1.937,-1.204,1.934
40316,1344.236,0.98,1,0.862138,0.316281,-0.395834,0.851326,0.31108,-0.422461,1.125,0.654,1.941,-1.206,1.945
40317,1344.269,0.98,1,0.860208,0.318609,-0.398159,0.849907,0.313363,-0.423629,1.123,0.656,1.923,-1.203,1.929
40318,1344.303,0.98,1,0.86015,0.320294,-0.39693,0.849871,0.314909,-0.422553,1.124,0.659,1.933,-1.199,1.94
40319,1344.336,0.98,1,0.859885,0.323039,-0.395276,0.848556,0.318128,-0.422785,1.124,0.665,1.931,-1.194,1.933
40320,1344.369,0.98,1,0.860873,0.32089,-0.394877,0.850323,0.315527,-0.421182,1.126,0.662,1.933,-1.198,1.943
40321,1344.403,0.98,1,0.864023,0.312915,-0.394396,0.855301,0.306833,-0.417509,1.13,0.652,1.962,-1.203,1.973
40322,1344.436,0.98,1,0.864747,0.312092,-0.39346,0.855705,0.305796,-0.417442,1.13,0.651,1.968,-1.203,1.979
40323,1344.469,0.98,1,0.864071,0.312742,-0.394429,0.85524,0.306353,-0.417987,1.129,0.651,1.964,-1.203,1.977
40324,1344.503,0.98,1,0.864747,0.313007,-0.392733,0.85534,0.305891,-0.41812,1.13,0.652,1.952,-1.204,1.966
40325,1344.536,0.98,1,0.863374,0.315502,-0.393757,0.854314,0.309333,-0.417686,1.129,0.656,1.94,-1.202,1.955
40326,1344.569,0.98,1,0.863583,0.315008,-0.393694,0.853968,0.308479,-0.419021,1.129,0.654,1.938,-1.204,1.954
40327,1344.603,0.98,1,0.859566,0.323492,-0.395599,0.84852,0.31932,-0.421957,1.124,0.666,1.913,-1.197,1.917
40328,1344.636,0.98,1,0.857857,0.329103,-0.394681,0.847224,0.325555,-0.419793,1.125,0.677,1.953,-1.182,1.953
40329,1344.669,0.98,1,0.834862,0.366673,-0.410557,0.820645,0.369025,-0.436305,1.098,0.715,1.883,-1.134,1.852
40330,1344.703,0.93,1,0.824889,0.381777,-0.416899,0.80721,0.374452,-0.456287,1.08,0.714,1.731,-1.122,1.731
40331,1344.736,0.98,1,0.822694,0.39276,-0.410992,0.799037,0.383273,-0.463295,1.076,0.726,1.674,-1.082,1.656
40332,1344.769,0.88,1,0.808885,0.407412,-0.423934,0.781457,0.399427,-0.479357,1.054,0.729,1.666,-1.036,1.598
40333,1344.803,0.88,1,0.793872,0.431747,-0.428209,0.761453,0.429783,-0.485259,1.04,0.756,1.691,-0.991,1.57
40334,1344.836,0.88,1,0.782066,0.448701,-0.432481,0.747144,0.451091,-0.488153,1.029,0.774,1.714,-0.948,1.547
40335,1344.869,0.88,1,0.768444,0.457525,-0.447398,0.738575,0.456185,-0.49639,1.011,0.769,1.731,-0.905,1.514
40336,1344.903,0.88,1,0.758791,0.466433,-0.454618,0.729013,0.467667,-0.499828,1.0,0.775,1.747,-0.876,1.498
40337,1344.936,0.88,1,0.753911,0.46814,-0.460937,0.723453,0.473768,-0.502155,0.993,0.774,1.76,-0.859,1.488
40338,1344.97,0.88,1,0.753775,0.466468,-0.462851,0.721775,0.477423,-0.501107,0.992,0.775,1.771,-0.846,1.475
40339,1345.003,0.88,1,0.753022,0.464918,-0.465627,0.71873,0.480458,-0.502581,0.989,0.773,1.777,-0.84,1.467
40340,1345.036,0.88,1,0.75155,0.465066,-0.467853,0.715978,0.48473,-0.502406,0.987,0.775,1.785,-0.83,1.462
40341,1345.07,0.88,1,0.747323,0.461531,-0.478014,0.711757,0.481532,-0.511398,0.975,0.761,1.774,-0.817,1.438
40342,1345.103,0.88,1,0.739696,0.445378,-0.504468,0.702916,0.494606,-0.51115,0.957,0.747,1.766,-0.8,1.425
40343,1345.136,0.88,1,0.750786,0.444325,-0.488769,0.687392,0.466902,-0.556323,0.942,0.717,1.754,-0.786,1.398
40344,1345.17,0.88,1,0.728951,0.486757,-0.48135,0.697073,0.485467,-0.527647,0.955,0.767,1.761,-0.777,1.398
40345,1345.203,0.88,1,0.700373,0.504509,-0.504924,0.666788,0.480858,-0.569359,0.905,0.742,1.758,-0.766,1.381
40346,1345.236,0.88,1,0.693731,0.521338,-0.496935,0.651086,0.510559,-0.56162,0.904,0.773,1.763,-0.759,1.377
40347,1345.27,0.77,1,0.683992,0.536529,-0.494259,0.651343,0.522821,-0.549919,0.907,0.793,1.763,-0.746,1.364
40348,1345.303,0.77,1,0.68128,0.555747,-0.476448,0.656502,0.53384,-0.532936,0.924,0.824,1.764,-0.733,1.344
40349,1345.336,0.77,1,0.678891,0.54679,-0.490028,0.66715,0.522501,-0.530946,0.922,0.809,1.765,-0.725,1.327
40369,1346.003,0.98,1,0.706054,0.263276,-0.657399,0.492832,0.481628,-0.724673,0.715,0.494,1.63,-0.603,0.88
40370,1346.036,0.98,1,0.709487,0.314809,-0.630495,0.468704,0.490344,-0.734765,0.712,0.533,1.611,-0.603,0.876
40372,1346.103,0.98,1,0.734254,0.316866,-0.600388,0.502131,0.521176,-0.690102,0.764,0.576,1.592,-0.615,0.912
40373,1346.137,0.98,1,0.610669,0.521994,-0.595488,0.486603,0.476883,-0.731984,0.691,0.645,1.585,-0.613,0.915
40375,1346.203,0.98,1,0.597563,0.543628,-0.589395,0.517304,0.489835,-0.701754,0.712,0.675,1.576,-0.632,0.945
40387,1346.603,0.77,1,0.606216,0.527748,-0.594965,0.538469,0.53733,-0.649097,0.744,0.708,1.296,-0.611,1.031
40388,1346.637,0.82,1,0.599581,0.524178,-0.604764,0.532052,0.536328,-0.65519,0.732,0.7,1.305,-0.588,1.019
40389,1346.67,0.82,1,0.594667,0.525827,-0.608175,0.523936,0.542023,-0.657041,0.724,0.701,1.318,-0.576,1.019
40457,1348.937,0.98,1,0.855318,0.263534,-0.446073,0.856584,0.201764,-0.474927,1.077,0.468,1.89,-1.214,2.484
40458,1348.971,0.98,1,0.844945,0.283769,-0.453368,0.851559,0.219411,-0.476136,1.07,0.496,1.704,-1.195,2.345
40459,1349.004,0.98,1,0.813853,0.344592,-0.467868,0.835573,0.284382,-0.470047,1.054,0.591,1.683,-1.118,2.291
40460,1349.037,0.98,1,0.804789,0.364653,-0.46834,0.831489,0.307487,-0.462685,1.053,0.625,1.723,-1.092,2.309
40461,1349.071,0.98,1,0.806255,0.367779,-0.463348,0.831852,0.310183,-0.460227,1.057,0.633,1.759,-1.089,2.324
40462,1349.104,0.98,1,0.801874,0.363852,-0.47393,0.830511,0.316313,-0.458473,1.052,0.63,1.716,-1.081,2.237
40463,1349.137,0.98,1,0.799413,0.372174,-0.47162,0.823626,0.326267,-0.463885,1.048,0.641,1.748,-1.077,2.252
40464,1349.171,0.98,1,0.799174,0.375655,-0.469258,0.82268,0.331533,-0.461826,1.05,0.65,1.766,-1.074,2.252
40465,1349.204,0.98,1,0.799258,0.374272,-0.47022,0.822322,0.330662,-0.463086,1.049,0.647,1.787,-1.069,2.25
40466,1349.237,0.98,1,0.795228,0.380578,-0.471989,0.816812,0.337688,-0.467745,1.043,0.653,1.796,-1.061,2.231
40467,1349.271,0.98,1,0.792264,0.386041,-0.472535,0.812072,0.345077,-0.470596,1.039,0.659,1.813,-1.051,2.211
40468,1349.304,0.98,1,0.791617,0.385774,-0.473836,0.813241,0.351553,-0.463735,1.042,0.666,1.839,-1.041,2.206
40469,1349.337,0.98,1,0.790532,0.387978,-0.473849,0.811714,0.358406,-0.461157,1.043,0.674,1.858,-1.03,2.196
40470,1349.371,0.98,1,0.783798,0.398244,-0.476512,0.801022,0.373784,-0.4676,1.034,0.685,1.851,-1.019,2.156
40471,1349.404,0.98,1,0.777419,0.399869,-0.485515,0.793239,0.379127,-0.476482,1.021,0.681,1.84,-1.007,2.121
40472,1349.438,0.98,1,0.774308,0.399624,-0.490661,0.789199,0.381342,-0.481398,1.015,0.677,1.834,-0.999,2.098
40473,1349.471,0.98,1,0.770419,0.40376,-0.493389,0.785995,0.38796,-0.48135,1.011,0.682,1.826,-0.998,2.087
40474,1349.504,0.98,1,0.767498,0.410089,-0.492721,0.78186,0.395881,-0.481635,1.009,0.691,1.812,-0.998,2.071
40475,1349.538,0.98,1,0.766706,0.414354,-0.490381,0.779192,0.398569,-0.483738,1.009,0.695,1.801,-0.996,2.055
40476,1349.571,0.98,1,0.763185,0.419848,-0.491198,0.775371,0.40513,-0.484426,1.006,0.702,1.786,-0.991,2.041
40477,1349.604,0.98,1,0.763024,0.417297,-0.493617,0.775466,0.402458,-0.486498,1.004,0.697,1.783,-0.994,2.036
40478,1349.638,0.98,1,0.764338,0.41737,-0.491517,0.776179,0.401436,-0.486205,1.005,0.697,1.771,-0.997,2.027
40479,1349.671,0.98,1,0.762635,0.417251,-0.494256,0.77283,0.398963,-0.49352,0.999,0.691,1.768,-0.997,2.023
40480,1349.704,0.98,1,0.763179,0.416104,-0.494384,0.771717,0.396204,-0.497469,0.997,0.686,1.767,-0.993,2.02
40481,1349.738,0.98,1,0.760122,0.416026,-0.499136,0.76864,0.395095,-0.503084,0.991,0.68,1.772,-0.988,2.023
40482,1349.771,0.98,1,0.758912,0.413932,-0.502705,0.769088,0.394436,-0.502916,0.989,0.677,1.775,-0.986,2.024
40483,1349.804,0.98,1,0.758064,0.412253,-0.505358,0.768922,0.392871,-0.504392,0.987,0.673,1.772,-0.984,2.021
40484,1349.838,0.98,1,0.757382,0.411385,-0.507085,0.769319,0.392653,-0.503955,0.986,0.672,1.773,-0.983,2.025
40485,1349.871,0.98,1,0.7574,0.410726,-0.507592,0.768936,0.391268,-0.505615,0.985,0.67,1.771,-0.984,2.025
40486,1349.904,0.98,1,0.757558,0.411534,-0.5067,0.768705,0.39062,-0.506467,0.985,0.67,1.766,-0.984,2.021
40487,1349.938,0.98,1,0.758177,0.413657,-0.50404,0.768485,0.39336,-0.504677,0.987,0.675,1.765,-0.986,2.017
40488,1349.971,0.98,1,0.761051,0.41475,-0.498783,0.769356,0.392351,-0.504135,0.991,0.678,1.764,-0.993,2.018
40489,1350.004,0.98,1,0.763817,0.413133,-0.495888,0.771723,0.390746,-0.501758,0.995,0.678,1.765,-0.998,2.017
40490,1350.038,0.98,1,0.76505,0.415439,-0.492045,0.772708,0.394369,-0.497389,0.999,0.686,1.764,-0.998,2.012
40491,1350.071,0.98,1,0.765366,0.417876,-0.489484,0.773326,0.398712,-0.492946,1.003,0.693,1.767,-0.995,2.011
40492,1350.104,0.98,1,0.764669,0.417324,-0.491042,0.772356,0.399243,-0.494036,1.001,0.692,1.761,-0.996,2.002
40493,1350.138,0.98,1,0.764177,0.417971,-0.491257,0.772605,0.401863,-0.491516,1.002,0.695,1.761,-0.996,2.0
40494,1350.171,0.98,1,0.765208,0.416606,-0.490812,0.773326,0.399254,-0.492507,1.002,0.693,1.759,-1.0,2.001
40495,1350.204,0.98,1,0.764649,0.41813,-0.490386,0.773307,0.401696,-0.490548,1.003,0.696,1.761,-1.0,2.003
40496,1350.238,0.98,1,0.764358,0.415752,-0.492856,0.773758,0.400248,-0.491021,1.002,0.692,1.758,-1.0,2.0
40497,1350.271,0.98,1,0.763035,0.416204,-0.494521,0.772583,0.400384,-0.492756,0.999,0.691,1.752,-0.999,1.994
40498,1350.304,0.98,1,0.762636,0.416341,-0.495022,0.771239,0.398705,-0.49621,0.997,0.688,1.748,-1.001,1.993
40499,1350.338,0.98,1,0.761715,0.419059,-0.494145,0.770106,0.401314,-0.495867,0.997,0.692,1.743,-0.998,1.989
40500,1350.371,0.98,1,0.761033,0.420094,-0.494317,0.769538,0.402878,-0.495481,0.997,0.694,1.744,-0.996,1.988
40501,1350.404,0.98,1,0.759359,0.419023,-0.497788,0.76811,0.401775,-0.498581,0.993,0.689,1.744,-0.994,1.986
40502,1350.438,0.98,1,0.759396,0.419605,-0.497242,0.76844,0.402293,-0.497655,0.994,0.69,1.741,-0.994,1.986
40503,1350.471,0.98,1,0.759912,0.420788,-0.49545,0.768323,0.402999,-0.497264,0.995,0.693,1.738,-0.994,1.982
40504,1350.504,0.98,1,0.761172,0.417594,-0.496218,0.769527,0.399294,-0.49839,0.995,0.688,1.738,-0.996,1.983
40505,1350.538,0.98,1,0.762208,0.418109,-0.49419,0.769885,0.399028,-0.49805,0.996,0.689,1.735,-0.996,1.98
40506,1350.571,0.98,1,0.761392,0.418642,-0.494997,0.769391,0.400169,-0.497898,0.995,0.69,1.735,-0.995,1.98
40507,1350.605,0.98,1,0.759895,0.419343,-0.496701,0.767712,0.40129,-0.499584,0.993,0.689,1.732,-0.996,1.978
40508,1350.638,0.98,1,0.761239,0.417501,-0.496194,0.769226,0.399636,-0.498581,0.994,0.688,1.732,-0.997,1.977
40509,1350.671,0.98,1,0.761671,0.416559,-0.496323,0.769543,0.39827,-0.499184,0.994,0.686,1.732,-0.996,1.976
40510,1350.705,0.98,1,0.762097,0.416826,-0.495444,0.769665,0.397976,-0.499229,0.995,0.686,1.734,-0.996,1.975
40511,1350.738,0.98,1,0.761593,0.416353,-0.496614,0.769582,0.397511,-0.499729,0.994,0.685,1.735,-0.996,1.979
40512,1350.771,0.98,1,0.761112,0.418458,-0.495583,0.768903,0.399715,-0.499016,0.994,0.688,1.733,-0.995,1.975
40513,1350.805,0.98,1,0.761707,0.416908,-0.495974,0.769811,0.398087,-0.498917,0.995,0.686,1.736,-0.995,1.978
40514,1350.838,0.98,1,0.762235,0.418601,-0.493732,0.769772,0.399816,-0.497592,0.996,0.69,1.739,-0.995,1.979
40515,1350.871,0.98,1,0.761786,0.417681,-0.495202,0.769948,0.399836,-0.497303,0.996,0.689,1.74,-0.996,1.98
40516,1350.905,0.98,1,0.757598,0.431249,-0.489969,0.760043,0.410315,-0.503961,0.991,0.703,1.731,-0.994,1.968
40517,1350.938,0.98,1,0.755772,0.440747,-0.484304,0.755974,0.419347,-0.502645,0.992,0.717,1.719,-0.991,1.959
40518,1350.971,0.98,1,0.758449,0.444223,-0.476886,0.755915,0.418796,-0.503193,0.996,0.722,1.687,-0.995,1.933
40519,1351.005,0.98,1,0.758408,0.448508,-0.472926,0.753207,0.421049,-0.505368,0.996,0.727,1.667,-1.001,1.917
40520,1351.038,0.98,1,0.765731,0.444796,-0.464556,0.757731,0.415725,-0.503007,1.005,0.727,1.652,-1.024,1.902
40521,1351.071,0.98,1,0.779218,0.429949,-0.45603,0.769248,0.40007,-0.498199,1.019,0.716,1.645,-1.066,1.9
40522,1351.105,0.98,1,0.796704,0.407039,-0.446746,0.786109,0.374506,-0.49171,1.036,0.694,1.639,-1.114,1.896
40523,1351.138,0.98,1,0.809011,0.381586,-0.447095,0.797244,0.34766,-0.493493,1.041,0.66,1.591,-1.16,1.849
40524,1351.171,0.98,1,0.819553,0.358215,-0.44723,0.80353,0.320436,-0.501658,1.042,0.621,1.508,-1.19,1.758
40525,1351.205,0.98,1,0.819987,0.346263,-0.455766,0.7989,0.306199,-0.517689,1.029,0.59,1.402,-1.193,1.632
40526,1351.238,0.98,1,0.814013,0.353557,-0.460847,0.782173,0.312008,-0.539312,1.011,0.587,1.284,-1.167,1.479
40527,1351.271,0.98,1,0.796181,0.375568,-0.474388,0.756213,0.33421,-0.562535,0.982,0.6,1.228,-1.101,1.365
40528,1351.305,0.88,1,0.775323,0.395552,-0.492354,0.737911,0.357767,-0.572268,0.958,0.616,1.23,-1.026,1.299
40529,1351.338,0.77,1,0.750305,0.422892,-0.508139,0.714605,0.400321,-0.573657,0.935,0.65,1.262,-0.975,1.277
40533,1351.471,0.77,1,0.723885,0.452003,-0.521232,0.667517,0.469314,-0.57807,0.902,0.698,1.47,-0.839,1.087
40536,1351.571,0.98,1,0.728263,0.446187,-0.520144,0.653867,0.503566,-0.564694,0.905,0.719,1.48,-0.808,0.953
40537,1351.605,0.98,1,0.730616,0.459872,-0.504697,0.647112,0.522312,-0.55537,0.915,0.747,1.481,-0.801,0.941
40538,1351.638,0.98,1,0.73381,0.46155,-0.498492,0.646755,0.528584,-0.549824,0.921,0.757,1.483,-0.788,0.926
40539,1351.672,0.98,1,0.735561,0.460071,-0.497276,0.647649,0.530948,-0.546485,0.924,0.759,1.488,-0.775,0.91
40540,1351.705,0.98,1,0.73375,0.456269,-0.503418,0.647262,0.527514,-0.550256,0.919,0.751,1.497,-0.76,0.893
40541,1351.738,0.98,1,0.731644,0.448989,-0.512939,0.645742,0.52278,-0.556524,0.911,0.738,1.508,-0.747,0.883
40542,1351.772,0.98,1,0.727584,0.452787,-0.51537,0.640392,0.524718,-0.560865,0.904,0.737,1.514,-0.735,0.873
40543,1351.805,0.98,1,0.726199,0.450359,-0.519434,0.638268,0.522363,-0.565465,0.899,0.731,1.519,-0.726,0.859
40544,1351.838,0.98,1,0.724927,0.445248,-0.525581,0.634998,0.52076,-0.570603,0.892,0.722,1.512,-0.722,0.838
40545,1351.872,0.98,1,0.726815,0.446178,-0.522172,0.635164,0.522643,-0.568692,0.895,0.726,1.508,-0.72,0.825
40546,1351.905,0.88,1,0.727394,0.45172,-0.516572,0.633384,0.52488,-0.568617,0.898,0.733,1.495,-0.719,0.806
40577,1352.939,0.98,1,0.724212,0.336846,-0.601708,0.604867,0.439841,-0.663834,0.81,0.55,1.41,-0.751,0.656
40578,1352.972,0.98,1,0.73157,0.334745,-0.593928,0.609485,0.438128,-0.660735,0.819,0.552,1.429,-0.763,0.676
40579,1353.005,0.98,1,0.734726,0.331597,-0.591795,0.617201,0.434745,-0.655789,0.826,0.551,1.439,-0.777,0.694
40580,1353.039,0.98,1,0.736727,0.330977,-0.58965,0.617686,0.429737,-0.658627,0.826,0.547,1.457,-0.785,0.723
40581,1353.072,0.98,1,0.73848,0.327496,-0.5894,0.623804,0.428488,-0.653656,0.831,0.546,1.473,-0.79,0.75
40582,1353.105,0.98,1,0.739445,0.327892,-0.587969,0.623804,0.42883,-0.653432,0.832,0.547,1.482,-0.791,0.764
40583,1353.139,0.98,1,0.736571,0.327658,-0.591696,0.625028,0.427645,-0.653038,0.83,0.545,1.493,-0.789,0.779
40584,1353.172,0.98,1,0.736096,0.328612,-0.591758,0.624981,0.427636,-0.65309,0.83,0.546,1.506,-0.786,0.795
40585,1353.205,0.98,1,0.733312,0.330268,-0.594286,0.625049,0.424823,-0.654859,0.827,0.544,1.509,-0.783,0.801
40586,1353.239,0.98,1,0.733675,0.333639,-0.591951,0.627103,0.425611,-0.652378,0.83,0.548,1.506,-0.785,0.803
40587,1353.272,0.98,1,0.733842,0.336926,-0.589879,0.626351,0.423314,-0.654591,0.83,0.548,1.493,-0.789,0.802
40588,1353.305,0.98,1,0.732157,0.333047,-0.59416,0.622524,0.414169,-0.664024,0.822,0.536,1.481,-0.798,0.794
40590,1353.372,0.98,1,0.742423,0.320159,-0.588478,0.628976,0.403239,-0.664671,0.83,0.524,1.446,-0.833,0.739
40593,1353.472,0.88,1,0.756437,0.292519,-0.58501,0.630908,0.38937,-0.671079,0.835,0.497,1.426,-0.874,0.677
43059,1435.697,0.98,1,0.876034,0.23566,-0.420747,0.862358,0.23436,-0.448793,1.107,0.496,2.269,-1.183,2.242
43060,1435.73,0.98,1,0.874968,0.251834,-0.413533,0.861354,0.252088,-0.441045,1.113,0.533,2.25,-1.165,2.242
43061,1435.763,0.98,1,0.877082,0.251274,-0.409375,0.865957,0.251187,-0.432463,1.121,0.538,2.323,-1.141,2.33
43062,1435.797,0.98,1,0.880999,0.245361,-0.404523,0.869776,0.244154,-0.42881,1.127,0.531,2.357,-1.134,2.371
43063,1435.83,0.98,1,0.885555,0.235607,-0.400351,0.874093,0.234172,-0.425588,1.132,0.517,2.396,-1.136,2.41
43064,1435.863,0.98,1,0.890487,0.218723,-0.39899,0.882936,0.20996,-0.41993,1.138,0.482,2.436,-1.146,2.491
43065,1435.897,0.98,1,0.891593,0.208623,-0.401918,0.888379,0.193294,-0.416437,1.14,0.457,2.422,-1.168,2.525
43066,1435.93,0.98,1,0.892144,0.208964,-0.400517,0.890484,0.188948,-0.413928,1.142,0.454,2.39,-1.181,2.526
43067,1435.963,0.98,1,0.890012,0.211134,-0.404106,0.889363,0.188743,-0.416426,1.139,0.453,2.403,-1.166,2.563
43068,1435.997,0.98,1,0.891814,0.209873,-0.400775,0.889202,0.184205,-0.418794,1.14,0.448,2.414,-1.158,2.586
43076,1436.264,0.98,1,0.88731,0.216898,-0.406985,0.87595,0.16789,-0.452245,1.117,0.421,2.16,-1.227,2.526
43077,1436.297,0.98,1,0.881776,0.228211,-0.412785,0.86826,0.174978,-0.464228,1.106,0.431,2.047,-1.223,2.412
43078,1436.33,0.98,1,0.873584,0.243116,-0.421599,0.860934,0.188808,-0.472381,1.095,0.45,1.926,-1.217,2.267
43079,1436.364,0.98,1,0.866283,0.259915,-0.426612,0.857446,0.206404,-0.471364,1.091,0.479,1.889,-1.197,2.215
43080,1436.397,0.98,1,0.86176,0.269287,-0.429946,0.854198,0.218327,-0.47189,1.087,0.496,1.884,-1.188,2.2
43081,1436.43,0.98,1,0.861768,0.280436,-0.422743,0.855365,0.23428,-0.462021,1.095,0.527,1.936,-1.173,2.232
43082,1436.464,0.98,1,0.866747,0.273573,-0.417021,0.859719,0.227402,-0.457354,1.102,0.52,1.945,-1.189,2.243
43083,1436.497,0.98,1,0.867404,0.268274,-0.419093,0.860226,0.22118,-0.459447,1.1,0.508,1.925,-1.203,2.234
43084,1436.53,0.98,1,0.864864,0.269021,-0.423836,0.85806,0.222178,-0.463002,1.095,0.506,1.886,-1.207,2.191
43085,1436.564,0.98,1,0.86456,0.267673,-0.425309,0.856956,0.220308,-0.46593,1.093,0.501,1.865,-1.212,2.166
43086,1436.597,0.98,1,0.862126,0.266071,-0.431213,0.853719,0.218971,-0.472457,1.086,0.493,1.81,-1.224,2.108
43087,1436.63,0.98,1,0.859249,0.261828,-0.439474,0.849013,0.214267,-0.482976,1.076,0.476,1.724,-1.239,2.02
43088,1436.664,0.98,1,0.857183,0.266268,-0.440839,0.846205,0.220597,-0.485051,1.073,0.484,1.712,-1.24,2.003
43089,1436.697,0.98,1,0.856352,0.271177,-0.43946,0.844828,0.228127,-0.483967,1.073,0.496,1.738,-1.237,2.019
43090,1436.73,0.98,1,0.855514,0.285618,-0.431878,0.844857,0.246393,-0.474875,1.081,0.531,1.807,-1.216,2.063
43091,1436.764,0.98,1,0.8573,0.29667,-0.420742,0.848585,0.261933,-0.459668,1.094,0.565,1.899,-1.19,2.122
43092,1436.797,0.98,1,0.858326,0.301473,-0.415199,0.850185,0.269492,-0.452283,1.101,0.582,1.942,-1.177,2.139
43093,1436.83,0.98,1,0.860826,0.304406,-0.407818,0.853799,0.273067,-0.443239,1.11,0.596,1.937,-1.179,2.121
43094,1436.864,0.98,1,0.859941,0.305547,-0.408831,0.855179,0.273676,-0.440195,1.111,0.599,1.862,-1.197,2.048
43095,1436.897,0.98,1,0.845611,0.319866,-0.427349,0.842009,0.286183,-0.457296,1.088,0.601,1.666,-1.208,1.874
43096,1436.93,0.98,1,0.846933,0.321715,-0.423324,0.84357,0.288809,-0.452747,1.093,0.609,1.683,-1.203,1.889
43097,1436.964,0.98,1,0.846923,0.321846,-0.423245,0.844343,0.289319,-0.450977,1.094,0.61,1.703,-1.199,1.907
43098,1436.997,0.98,1,0.847706,0.323816,-0.420163,0.84571,0.292865,-0.446101,1.098,0.619,1.726,-1.196,1.927
43099,1437.03,0.98,1,0.846285,0.326466,-0.420977,0.844562,0.296612,-0.445798,1.097,0.623,1.752,-1.19,1.948
43100,1437.064,0.98,1,0.845372,0.330679,-0.419519,0.843469,0.3023,-0.444044,1.098,0.633,1.746,-1.186,1.936
43101,1437.097,0.98,1,0.847487,0.327195,-0.417982,0.848445,0.298009,-0.437414,1.104,0.631,1.783,-1.182,1.979
43102,1437.13,0.98,1,0.8458,0.330064,-0.419141,0.845607,0.300374,-0.441275,1.1,0.632,1.772,-1.183,1.971
43103,1437.164,0.98,1,0.845829,0.331942,-0.417599,0.845664,0.30295,-0.439401,1.102,0.638,1.809,-1.18,2.01
43104,1437.197,0.98,1,0.846444,0.329647,-0.418168,0.846427,0.299855,-0.440054,1.102,0.633,1.811,-1.182,2.015
43105,1437.23,0.98,1,0.846432,0.32626,-0.420841,0.84788,0.294949,-0.440574,1.1,0.625,1.818,-1.185,2.034
43106,1437.264,0.98,1,0.845863,0.325342,-0.422691,0.84811,0.293415,-0.441154,1.099,0.622,1.8,-1.185,2.024
43107,1437.297,0.98,1,0.847567,0.320764,-0.422778,0.848846,0.285903,-0.444658,1.098,0.61,1.776,-1.195,2.016
43108,1437.331,0.98,1,0.848263,0.321261,-0.421001,0.851501,0.287506,-0.438506,1.103,0.616,1.826,-1.186,2.066
43109,1437.364,0.98,1,0.847491,0.322119,-0.421899,0.85074,0.289239,-0.438842,1.102,0.618,1.842,-1.183,2.082
43110,1437.397,0.98,1,0.849746,0.318149,-0.420373,0.853637,0.283744,-0.4368,1.105,0.612,1.845,-1.183,2.088
43111,1437.431,0.98,1,0.85014,0.31445,-0.422355,0.854949,0.278886,-0.437361,1.104,0.604,1.832,-1.189,2.084
43112,1437.464,0.98,1,0.851215,0.312358,-0.421742,0.855909,0.276825,-0.436792,1.105,0.601,1.802,-1.198,2.058
43113,1437.497,0.98,1,0.853634,0.310389,-0.418292,0.857273,0.273266,-0.436359,1.108,0.599,1.791,-1.204,2.042
43114,1437.531,0.98,1,0.855464,0.311161,-0.413958,0.858218,0.276517,-0.432436,1.112,0.607,1.814,-1.201,2.043
43115,1437.564,0.98,1,0.857464,0.309234,-0.411254,0.860309,0.275185,-0.429117,1.116,0.608,1.862,-1.201,2.084
43116,1437.597,0.98,1,0.858468,0.308988,-0.409339,0.860189,0.276891,-0.428259,1.117,0.61,1.871,-1.205,2.076
43117,1437.631,0.98,1,0.860009,0.306943,-0.40764,0.859568,0.276315,-0.429876,1.118,0.608,1.884,-1.21,2.07
43118,1437.664,0.98,1,0.856483,0.319611,-0.405323,0.85262,0.292942,-0.432695,1.115,0.631,1.822,-1.213,1.98
43119,1437.697,0.98,1,0.849476,0.337372,-0.405672,0.842042,0.317889,-0.435789,1.109,0.662,1.802,-1.196,1.904
43120,1437.731,0.98,1,0.848083,0.339647,-0.406688,0.837039,0.326374,-0.439142,1.106,0.667,1.818,-1.181,1.858
43121,1437.764,0.98,1,0.843696,0.349404,-0.407545,0.831433,0.340474,-0.439087,1.103,0.684,1.837,-1.169,1.845
43122,1437.797,0.98,1,0.847201,0.342461,-0.406167,0.83316,0.334552,-0.440362,1.104,0.675,1.814,-1.182,1.809
43123,1437.831,0.98,1,0.850225,0.345181,-0.397452,0.830234,0.337084,-0.443944,1.107,0.681,1.71,-1.196,1.704
43124,1437.864,0.98,1,0.855086,0.341247,-0.390356,0.829678,0.334225,-0.447134,1.109,0.679,1.644,-1.2,1.624
43125,1437.897,0.98,1,0.861076,0.328168,-0.388398,0.834682,0.319638,-0.448483,1.112,0.659,1.616,-1.215,1.593
43126,1437.931,0.98,1,0.864878,0.318731,-0.387811,0.837517,0.30764,-0.451578,1.113,0.641,1.552,-1.223,1.536
43127,1437.964,0.98,1,0.86426,0.308211,-0.397568,0.839074,0.298601,-0.454743,1.107,0.619,1.441,-1.233,1.445
43128,1437.997,0.98,1,0.861707,0.308132,-0.403131,0.833941,0.298503,-0.464154,1.098,0.61,1.344,-1.237,1.358
43129,1438.031,0.98,1,0.858149,0.308667,-0.41025,0.827138,0.297543,-0.476772,1.086,0.6,1.265,-1.231,1.285
43130,1438.064,0.98,1,0.852698,0.307442,-0.422356,0.820732,0.295012,-0.489251,1.072,0.584,1.192,-1.223,1.211
43131,1438.097,0.98,1,0.850979,0.302636,-0.429239,0.817235,0.287493,-0.499474,1.063,0.566,1.133,-1.214,1.153
43132,1438.131,0.98,1,0.849373,0.302635,-0.432408,0.812695,0.28501,-0.508228,1.056,0.558,1.075,-1.205,1.101
43133,1438.164,0.98,1,0.846324,0.302183,-0.438659,0.808343,0.283102,-0.516173,1.047,0.55,1.022,-1.195,1.053
43134,1438.197,0.93,1,0.837361,0.302439,-0.455365,0.795782,0.280874,-0.536508,1.025,0.532,0.93,-1.18,0.971
43135,1438.231,0.93,1,0.833733,0.292625,-0.468251,0.783602,0.265424,-0.56171,1.004,0.497,0.815,-1.167,0.873
43136,1438.264,0.93,1,0.828588,0.285033,-0.48187,0.774992,0.255847,-0.577867,0.987,0.472,0.733,-1.155,0.803
43137,1438.297,0.93,1,0.827801,0.278575,-0.486972,0.773277,0.246942,-0.584005,0.981,0.456,0.701,-1.154,0.774
43138,1438.331,0.93,1,0.823139,0.281812,-0.492975,0.771119,0.250216,-0.585463,0.976,0.458,0.698,-1.148,0.774
43139,1438.364,0.93,1,0.821276,0.2852,-0.494132,0.76998,0.253778,-0.58543,0.975,0.463,0.707,-1.145,0.781
43140,1438.397,0.93,1,0.824176,0.286626,-0.488445,0.774088,0.254742,-0.579564,0.982,0.469,0.73,-1.152,0.804
43141,1438.431,0.88,1,0.816968,0.310965,-0.485658,0.765825,0.282646,-0.577601,0.979,0.509,0.774,-1.142,0.843
43142,1438.464,0.88,1,0.812562,0.320928,-0.486568,0.760179,0.290938,-0.580933,0.974,0.52,0.775,-1.132,0.846
43143,1438.498,0.88,1,0.809279,0.322835,-0.490759,0.756893,0.292631,-0.584363,0.969,0.52,0.772,-1.124,0.853
43144,1438.531,0.88,1,0.807263,0.321879,-0.494693,0.75533,0.289787,-0.587793,0.965,0.514,0.766,-1.119,0.855
43145,1438.564,0.88,1,0.805138,0.318517,-0.500299,0.757393,0.285515,-0.587228,0.963,0.507,0.766,-1.122,0.862
43146,1438.598,0.88,1,0.804688,0.318646,-0.500942,0.757729,0.28506,-0.587016,0.963,0.507,0.765,-1.121,0.87
43147,1438.631,0.88,1,0.801304,0.31063,-0.511293,0.752668,0.274986,-0.598225,0.951,0.486,0.719,-1.102,0.831
43148,1438.664,0.88,1,0.796348,0.318258,-0.514336,0.751285,0.282525,-0.596448,0.948,0.496,0.719,-1.101,0.838
43149,1438.698,0.93,1,0.79604,0.321875,-0.512559,0.752732,0.286754,-0.592593,0.951,0.503,0.726,-1.112,0.847
43150,1438.731,0.93,1,0.796343,0.331234,-0.506086,0.753923,0.297692,-0.585644,0.957,0.523,0.746,-1.125,0.864
43151,1438.764,0.93,1,0.800269,0.325943,-0.503319,0.759589,0.293512,-0.58041,0.964,0.519,0.739,-1.14,0.862
43152,1438.798,0.93,1,0.802694,0.321357,-0.502407,0.764508,0.287773,-0.576814,0.968,0.514,0.733,-1.144,0.853
43153,1438.831,0.88,1,0.805005,0.313212,-0.503851,0.76745,0.280345,-0.576565,0.969,0.502,0.74,-1.146,0.846
43154,1438.864,0.88,1,0.809038,0.299494,-0.505729,0.771974,0.265563,-0.577523,0.97,0.481,0.722,-1.141,0.819
43155,1438.898,0.88,1,0.817169,0.297658,-0.493593,0.78438,0.265816,-0.560438,0.989,0.491,0.795,-1.158,0.89
43156,1438.931,0.93,1,0.830357,0.308916,-0.463765,0.799824,0.282223,-0.529746,1.023,0.537,0.966,-1.192,1.044
43157,1438.964,0.93,1,0.840193,0.318861,-0.438638,0.814386,0.299718,-0.496935,1.056,0.584,1.158,-1.208,1.232
43158,1438.998,0.88,1,0.845725,0.323341,-0.4245,0.824233,0.305862,-0.476539,1.076,0.61,1.362,-1.218,1.421
43159,1439.031,0.88,1,0.844538,0.34073,-0.413108,0.82016,0.332945,-0.46528,1.085,0.654,1.553,-1.178,1.565
43160,1439.064,0.88,1,0.836075,0.353635,-0.419429,0.812356,0.349835,-0.466576,1.078,0.671,1.687,-1.131,1.668
43161,1439.098,0.98,1,0.868928,0.255383,-0.423963,0.850196,0.250313,-0.463153,1.094,0.518,2.091,-1.194,2.043
43162,1439.131,0.98,1,0.846864,0.305102,-0.435586,0.828305,0.296577,-0.475345,1.073,0.584,1.925,-1.148,1.888
43163,1439.164,0.88,1,0.806771,0.365026,-0.464626,0.78697,0.355614,-0.504199,1.025,0.64,1.668,-1.107,1.661
43164,1439.198,0.88,1,0.803089,0.377655,-0.460895,0.786835,0.368829,-0.49483,1.03,0.663,1.75,-1.063,1.725
43165,1439.231,0.88,1,0.807316,0.379197,-0.452162,0.797329,0.367652,-0.478643,1.045,0.676,1.844,-1.031,1.815
43166,1439.264,0.88,1,0.78876,0.40111,-0.465798,0.783452,0.399894,-0.475697,1.031,0.705,1.822,-1.01,1.791
43167,1439.298,0.88,1,0.794907,0.400843,-0.455465,0.793611,0.396383,-0.461587,1.047,0.716,1.884,-0.995,1.866
43168,1439.331,0.93,1,0.794024,0.400679,-0.457146,0.797134,0.398742,-0.453412,1.051,0.72,1.915,-0.985,1.916
43169,1439.364,0.98,1,0.793421,0.400146,-0.458658,0.797972,0.397013,-0.453455,1.05,0.718,1.934,-0.98,1.958
43170,1439.398,0.93,1,0.776404,0.417449,-0.472159,0.774482,0.406575,-0.484638,1.018,0.711,1.746,-1.009,1.839
43171,1439.431,0.93,1,0.780219,0.41234,-0.470355,0.782339,0.403413,-0.474557,1.027,0.712,1.777,-1.016,1.88
43172,1439.464,0.93,1,0.78162,0.411114,-0.4691,0.783906,0.401663,-0.473453,1.029,0.712,1.795,-1.019,1.906
43173,1439.498,0.98,1,0.78331,0.413052,-0.464557,0.785369,0.402492,-0.470315,1.033,0.717,1.805,-1.026,1.934
43174,1439.531,0.98,1,0.784235,0.412121,-0.463822,0.785673,0.399991,-0.471938,1.033,0.715,1.814,-1.032,1.953
43175,1439.565,0.98,1,0.784916,0.409251,-0.465211,0.786524,0.396231,-0.473688,1.032,0.709,1.821,-1.037,1.967
43176,1439.598,0.93,1,0.775055,0.414069,-0.477323,0.77217,0.396089,-0.496857,1.009,0.694,1.69,-1.041,1.854
43177,1439.631,0.98,1,0.779719,0.406705,-0.476056,0.779458,0.389791,-0.490417,1.016,0.689,1.717,-1.049,1.875
43178,1439.665,0.98,1,0.780998,0.405967,-0.474587,0.780389,0.388725,-0.489781,1.018,0.689,1.727,-1.053,1.885
43179,1439.698,0.98,1,0.782583,0.404322,-0.473378,0.781902,0.386216,-0.489354,1.019,0.687,1.732,-1.056,1.891
43180,1439.731,0.98,1,0.781448,0.404501,-0.475097,0.781786,0.386756,-0.489112,1.018,0.687,1.739,-1.058,1.902
43181,1439.765,0.98,1,0.781434,0.402576,-0.476754,0.781859,0.384948,-0.490419,1.017,0.683,1.741,-1.061,1.905
43182,1439.798,0.98,1,0.783953,0.399279,-0.475388,0.784002,0.380422,-0.490531,1.019,0.679,1.747,-1.064,1.912
43183,1439.831,0.98,1,0.784698,0.398422,-0.474878,0.784772,0.379333,-0.490142,1.02,0.678,1.742,-1.066,1.911
43184,1439.865,0.98,1,0.785085,0.399095,-0.473672,0.784596,0.379592,-0.490224,1.02,0.68,1.746,-1.07,1.916
43185,1439.898,0.98,1,0.786134,0.395911,-0.474603,0.785614,0.375779,-0.491529,1.02,0.674,1.749,-1.073,1.918
43186,1439.931,0.98,1,0.77474,0.406436,-0.484342,0.772596,0.385731,-0.504289,1.002,0.676,1.661,-1.059,1.841
43187,1439.965,0.98,1,0.780226,0.400612,-0.480373,0.779288,0.38096,-0.497574,1.011,0.674,1.686,-1.069,1.86
43188,1439.998,0.98,1,0.783089,0.396481,-0.479139,0.782595,0.377544,-0.494981,1.014,0.671,1.696,-1.072,1.865
43189,1440.031,0.98,1,0.785107,0.392675,-0.478971,0.783968,0.373718,-0.495711,1.015,0.666,1.693,-1.075,1.858
43190,1440.065,0.98,1,0.787406,0.39106,-0.476512,0.785845,0.370842,-0.494897,1.018,0.665,1.688,-1.077,1.854
43191,1440.098,0.98,1,0.790208,0.38883,-0.473691,0.788412,0.368062,-0.492886,1.021,0.664,1.682,-1.079,1.849
43192,1440.131,0.98,1,0.788277,0.388227,-0.477389,0.786717,0.36766,-0.495885,1.017,0.66,1.679,-1.081,1.845
43193,1440.165,0.98,1,0.790932,0.386438,-0.47444,0.7887,0.364997,-0.494701,1.02,0.66,1.681,-1.084,1.848
43194,1440.198,0.98,1,0.789777,0.38697,-0.475927,0.788213,0.366744,-0.494186,1.02,0.661,1.679,-1.084,1.846
43195,1440.231,0.98,1,0.790899,0.385047,-0.475623,0.789083,0.364368,-0.494554,1.02,0.658,1.682,-1.087,1.847
43196,1440.265,0.98,1,0.790645,0.385041,-0.476051,0.788286,0.363717,-0.496302,1.019,0.656,1.684,-1.089,1.85
43197,1440.298,0.98,1,0.790631,0.383293,-0.477481,0.789556,0.361422,-0.495959,1.019,0.653,1.68,-1.089,1.849
43198,1440.331,0.98,1,0.790869,0.383476,-0.476941,0.790405,0.362586,-0.493753,1.02,0.655,1.685,-1.09,1.856
43199,1440.365,0.98,1,0.792323,0.381662,-0.475982,0.791945,0.360239,-0.493002,1.022,0.653,1.688,-1.091,1.86
43200,1440.398,0.98,1,0.793922,0.381,-0.473842,0.79302,0.358835,-0.492298,1.024,0.654,1.694,-1.091,1.867
43201,1440.431,0.98,1,0.795831,0.381738,-0.47003,0.794151,0.359203,-0.490201,1.027,0.657,1.699,-1.091,1.869
43202,1440.465,0.98,1,0.796884,0.380487,-0.46926,0.795684,0.358394,-0.488303,1.029,0.657,1.708,-1.093,1.878
43203,1440.498,0.98,1,0.783037,0.40023,-0.476097,0.78148,0.381267,-0.493888,1.016,0.678,1.657,-1.065,1.822
43204,1440.531,0.98,1,0.789057,0.393951,-0.471372,0.787473,0.375173,-0.489011,1.024,0.675,1.686,-1.08,1.849
43205,1440.565,0.98,1,0.793782,0.390155,-0.466572,0.790176,0.370682,-0.488075,1.028,0.673,1.683,-1.089,1.846
43206,1440.598,0.98,1,0.79972,0.3828,-0.462506,0.79487,0.360687,-0.487941,1.033,0.664,1.681,-1.101,1.849
43207,1440.631,0.98,1,0.800556,0.376787,-0.465984,0.796147,0.354023,-0.490732,1.031,0.652,1.678,-1.107,1.842
43208,1440.665,0.98,1,0.786386,0.392799,-0.476767,0.783336,0.373351,-0.496984,1.016,0.667,1.647,-1.081,1.806
43209,1440.698,0.98,1,0.793643,0.383151,-0.472573,0.791437,0.364435,-0.490729,1.025,0.66,1.68,-1.094,1.834
43210,1440.732,0.98,1,0.797479,0.375855,-0.471974,0.796263,0.358527,-0.487262,1.029,0.653,1.699,-1.095,1.848
43211,1440.765,0.98,1,0.800392,0.367779,-0.473403,0.801685,0.351463,-0.483502,1.032,0.645,1.712,-1.101,1.863
43212,1440.798,0.98,1,0.800838,0.369377,-0.471401,0.805267,0.351198,-0.477708,1.037,0.649,1.743,-1.08,1.909
43213,1440.832,0.98,1,0.802783,0.367657,-0.469432,0.809164,0.349988,-0.471976,1.042,0.651,1.761,-1.075,1.934
43214,1440.865,0.93,1,0.801069,0.372144,-0.468825,0.804422,0.355321,-0.476081,1.039,0.656,1.755,-1.065,1.917
43215,1440.898,0.98,1,0.808128,0.360448,-0.465838,0.809458,0.343748,-0.476041,1.044,0.642,1.754,-1.091,1.905
43216,1440.932,0.98,1,0.81002,0.359263,-0.463462,0.810832,0.340132,-0.4763,1.045,0.64,1.743,-1.092,1.896
43217,1440.965,0.98,1,0.810422,0.360166,-0.462058,0.810993,0.340945,-0.475443,1.047,0.642,1.747,-1.09,1.898
43218,1440.998,0.98,1,0.807287,0.366255,-0.462758,0.807198,0.348499,-0.476424,1.044,0.651,1.746,-1.081,1.886
43219,1441.032,0.98,1,0.798125,0.387048,-0.461726,0.796851,0.374157,-0.474379,1.04,0.683,1.735,-1.072,1.865
43220,1441.065,0.98,1,0.797389,0.392874,-0.458061,0.791213,0.38161,-0.477866,1.038,0.691,1.714,-1.062,1.815
43221,1441.098,0.98,1,0.788308,0.406163,-0.46217,0.774174,0.391778,-0.497156,1.02,0.694,1.662,-1.023,1.733
43222,1441.132,0.88,1,0.773637,0.407311,-0.485369,0.761384,0.396875,-0.512625,0.994,0.678,1.611,-0.975,1.639
45053,1502.183,0.98,1,0.848568,0.27089,-0.454479,0.846197,0.267491,-0.460868,1.076,0.532,2.218,-1.142,2.217
45054,1502.217,0.98,1,0.844125,0.304735,-0.441122,0.846436,0.299047,-0.440588,1.09,0.6,2.145,-1.114,2.165
45055,1502.25,0.98,1,0.831804,0.332472,-0.444482,0.828009,0.321956,-0.459071,1.072,0.627,1.843,-1.159,1.904
45056,1502.283,0.98,1,0.825584,0.344879,-0.44662,0.819582,0.335675,-0.464335,1.065,0.642,1.689,-1.162,1.754
45057,1502.317,0.98,1,0.829579,0.347086,-0.437412,0.826332,0.34268,-0.44693,1.08,0.662,1.796,-1.136,1.814
45058,1502.35,0.98,1,0.835012,0.349583,-0.424907,0.828825,0.347557,-0.438467,1.092,0.679,1.844,-1.119,1.833
45059,1502.383,0.98,1,0.837088,0.344637,-0.424863,0.833707,0.344339,-0.431698,1.097,0.677,1.906,-1.109,1.87
45060,1502.417,0.98,1,0.835673,0.34659,-0.426058,0.833864,0.348627,-0.427936,1.098,0.683,1.949,-1.097,1.906
45061,1502.45,0.98,1,0.839171,0.348073,-0.417897,0.834229,0.347997,-0.427738,1.103,0.689,1.933,-1.102,1.899
45062,1502.483,0.98,1,0.838197,0.349285,-0.418838,0.834721,0.350336,-0.424859,1.104,0.692,1.946,-1.095,1.906
45063,1502.517,0.98,1,0.83839,0.350698,-0.41727,0.83501,0.349717,-0.424802,1.105,0.694,1.938,-1.093,1.898
45064,1502.55,0.98,1,0.835439,0.348547,-0.42492,0.832267,0.347781,-0.431718,1.096,0.683,1.902,-1.106,1.873
45065,1502.583,0.98,1,0.835467,0.343346,-0.429078,0.829925,0.338834,-0.443189,1.088,0.664,1.821,-1.125,1.802
45066,1502.617,0.98,1,0.836338,0.336904,-0.432474,0.830292,0.327797,-0.450738,1.083,0.645,1.767,-1.144,1.766
45067,1502.65,0.98,1,0.832647,0.334618,-0.441283,0.823295,0.32261,-0.467021,1.069,0.626,1.652,-1.163,1.682
45068,1502.683,0.98,1,0.829525,0.328539,-0.451609,0.821016,0.313316,-0.477248,1.058,0.605,1.58,-1.176,1.624
45069,1502.717,0.98,1,0.831944,0.324817,-0.449847,0.825777,0.306733,-0.473294,1.063,0.6,1.648,-1.178,1.719
45070,1502.75,0.98,1,0.825858,0.330786,-0.456661,0.821275,0.312267,-0.47749,1.055,0.603,1.641,-1.165,1.726
45071,1502.783,0.98,1,0.82524,0.336469,-0.453617,0.818803,0.314458,-0.48029,1.054,0.609,1.643,-1.162,1.75
45072,1502.817,0.98,1,0.823236,0.337175,-0.456723,0.817998,0.310355,-0.484313,1.05,0.603,1.624,-1.158,1.758
45073,1502.85,0.93,1,0.820537,0.336514,-0.462036,0.818244,0.305416,-0.48703,1.046,0.595,1.586,-1.154,1.754
45074,1502.883,0.98,1,0.819909,0.335589,-0.463819,0.817612,0.308079,-0.486414,1.045,0.595,1.624,-1.148,1.782
45075,1502.917,0.93,1,0.812059,0.343195,-0.471993,0.811557,0.309489,-0.495572,1.033,0.593,1.558,-1.142,1.752
45076,1502.95,0.98,1,0.814765,0.352537,-0.460299,0.812366,0.325579,-0.483797,1.045,0.623,1.665,-1.13,1.814
45077,1502.984,0.93,1,0.815147,0.339482,-0.469348,0.818227,0.304153,-0.487848,1.041,0.592,1.596,-1.148,1.817
45078,1503.017,0.98,1,0.817484,0.341118,-0.464067,0.822462,0.311006,-0.476268,1.05,0.606,1.675,-1.13,1.874
45079,1503.05,0.93,1,0.817267,0.355508,-0.453529,0.823194,0.32183,-0.467737,1.059,0.634,1.642,-1.121,1.876
45080,1503.084,0.98,1,0.819224,0.349801,-0.454435,0.825615,0.318054,-0.46605,1.061,0.628,1.704,-1.111,1.926
45081,1503.117,0.88,1,0.814438,0.366406,-0.449931,0.822418,0.332339,-0.461713,1.063,0.654,1.663,-1.1,1.918
45082,1503.15,0.98,1,0.819256,0.354849,-0.450446,0.826652,0.321653,-0.46172,1.065,0.638,1.719,-1.101,1.964
45083,1503.184,0.88,1,0.815744,0.364577,-0.44905,0.824817,0.329787,-0.459258,1.065,0.653,1.684,-1.1,1.958
45084,1503.217,0.98,1,0.81951,0.354044,-0.450617,0.827899,0.320144,-0.460533,1.066,0.637,1.734,-1.102,1.99
45085,1503.25,0.88,1,0.811846,0.365824,-0.455059,0.821329,0.331406,-0.464315,1.058,0.649,1.688,-1.102,1.971
45086,1503.284,0.98,1,0.810856,0.365944,-0.456724,0.815236,0.332794,-0.47396,1.051,0.644,1.724,-1.099,1.963
45087,1503.317,0.98,1,0.802227,0.378818,-0.461442,0.8063,0.341824,-0.482739,1.04,0.652,1.617,-1.096,1.893
45088,1503.35,0.98,1,0.806142,0.374783,-0.4579,0.806475,0.337277,-0.485637,1.041,0.646,1.658,-1.096,1.896
45089,1503.384,0.98,1,0.806901,0.376627,-0.455041,0.805076,0.340459,-0.485736,1.043,0.651,1.685,-1.092,1.899
45090,1503.417,0.98,1,0.805851,0.387293,-0.447893,0.801445,0.353569,-0.482364,1.046,0.673,1.694,-1.082,1.892
45091,1503.45,0.98,1,0.803674,0.394042,-0.445914,0.798485,0.364302,-0.479276,1.047,0.687,1.713,-1.075,1.896
45092,1503.484,0.98,1,0.802652,0.389424,-0.451772,0.798978,0.362006,-0.480194,1.044,0.679,1.722,-1.075,1.899
45093,1503.517,0.98,1,0.801318,0.388046,-0.455313,0.798588,0.361999,-0.480848,1.041,0.675,1.728,-1.074,1.897
45094,1503.55,0.98,1,0.802676,0.38536,-0.455202,0.800366,0.360222,-0.479223,1.043,0.673,1.733,-1.081,1.901
45095,1503.584,0.98,1,0.803988,0.382152,-0.455591,0.801493,0.357392,-0.479458,1.043,0.669,1.736,-1.088,1.9
45096,1503.617,0.98,1,0.803736,0.382072,-0.456102,0.799444,0.356989,-0.483164,1.041,0.667,1.727,-1.094,1.89
45097,1503.65,0.98,1,0.812843,0.358375,-0.459189,0.817588,0.322002,-0.477351,1.049,0.628,1.675,-1.129,1.956
45098,1503.684,0.98,1,0.811514,0.360637,-0.459766,0.816765,0.320741,-0.479605,1.048,0.628,1.632,-1.132,1.945
45099,1503.717,0.98,1,0.813691,0.356635,-0.459041,0.817381,0.316474,-0.481386,1.048,0.621,1.633,-1.133,1.933
45100,1503.75,0.98,1,0.805217,0.370748,-0.462786,0.802168,0.327893,-0.499012,1.032,0.628,1.589,-1.109,1.864
46446,1548.631,0.77,1,-0.072152,0.406978,-0.910584,-0.287276,0.323871,-0.901432,-0.196,0.383,0.822,0.503,0.155
46447,1548.664,0.77,1,-0.069331,0.408865,-0.909958,-0.284763,0.329121,-0.900328,-0.193,0.387,0.84,0.512,0.156
46448,1548.697,0.77,1,-0.06305,0.40795,-0.910825,-0.278222,0.328873,-0.902461,-0.186,0.386,0.849,0.51,0.162
46669,1556.066,0.98,1,0.84948,0.331166,-0.410747,0.83498,0.304819,-0.458142,1.095,0.632,1.746,-1.18,1.878
46670,1556.099,0.98,1,0.855867,0.336916,-0.392401,0.849458,0.312871,-0.424892,1.124,0.672,1.81,-1.175,1.944
46671,1556.133,0.98,1,0.854369,0.348325,-0.385646,0.851853,0.325163,-0.410629,1.134,0.702,1.829,-1.161,1.979
46672,1556.166,0.98,1,0.850929,0.351818,-0.390055,0.849119,0.327479,-0.414432,1.129,0.701,1.818,-1.155,1.977
46673,1556.199,0.98,1,0.847291,0.352361,-0.397415,0.844867,0.326861,-0.423512,1.119,0.691,1.763,-1.154,1.934
46674,1556.233,0.98,1,0.840715,0.351998,-0.411455,0.838789,0.325375,-0.436537,1.103,0.674,1.706,-1.157,1.894
46675,1556.266,0.98,1,0.841351,0.354194,-0.408259,0.836102,0.329859,-0.438323,1.103,0.68,1.728,-1.161,1.896
46676,1556.299,0.98,1,0.838914,0.358262,-0.409721,0.831795,0.33364,-0.443623,1.099,0.681,1.732,-1.158,1.895
46677,1556.333,0.98,1,0.835606,0.360293,-0.414671,0.828533,0.334154,-0.449305,1.092,0.677,1.704,-1.157,1.872
46678,1556.366,0.98,1,0.836142,0.36105,-0.412927,0.826922,0.333097,-0.45304,1.091,0.676,1.684,-1.161,1.859
46679,1556.4,0.98,1,0.834661,0.361701,-0.415346,0.826074,0.333383,-0.454375,1.088,0.674,1.666,-1.161,1.845
46680,1556.433,0.98,1,0.842512,0.360203,-0.400533,0.830214,0.330237,-0.449098,1.101,0.682,1.711,-1.168,1.882
46681,1556.466,0.98,1,0.835776,0.361734,-0.413071,0.823987,0.332881,-0.458515,1.087,0.673,1.635,-1.172,1.809
46682,1556.5,0.98,1,0.844555,0.354241,-0.401546,0.832232,0.324657,-0.44943,1.101,0.673,1.692,-1.181,1.859
46683,1556.533,0.98,1,0.837343,0.358467,-0.412746,0.824552,0.329088,-0.460233,1.087,0.667,1.606,-1.178,1.775
46684,1556.566,0.98,1,0.844965,0.353481,-0.401354,0.832385,0.322871,-0.450433,1.101,0.671,1.679,-1.18,1.84
46685,1556.6,0.98,1,0.835302,0.363144,-0.412792,0.823398,0.335718,-0.457503,1.088,0.677,1.626,-1.167,1.781
46686,1556.633,0.98,1,0.838143,0.357811,-0.411689,0.829992,0.330592,-0.449245,1.094,0.674,1.661,-1.166,1.824
46687,1556.666,0.98,1,0.839934,0.35368,-0.411609,0.835066,0.329582,-0.4405,1.1,0.676,1.727,-1.154,1.875
46688,1556.7,0.98,1,0.839259,0.355047,-0.411808,0.834254,0.332734,-0.439668,1.1,0.679,1.735,-1.146,1.869
46689,1556.733,0.98,1,0.841105,0.354953,-0.408107,0.835688,0.334043,-0.435936,1.104,0.685,1.76,-1.145,1.89
46690,1556.766,0.98,1,0.841171,0.356416,-0.406692,0.836297,0.337615,-0.431999,1.107,0.691,1.788,-1.138,1.912
46691,1556.8,0.93,1,0.833104,0.368623,-0.412376,0.828095,0.351502,-0.436698,1.098,0.703,1.774,-1.117,1.891
46692,1556.833,0.98,1,0.835734,0.369936,-0.405827,0.830142,0.355818,-0.429253,1.106,0.715,1.831,-1.111,1.935
46693,1556.866,0.98,1,0.831949,0.377272,-0.40685,0.825758,0.362589,-0.432033,1.102,0.723,1.821,-1.103,1.924
46694,1556.9,0.93,1,0.823384,0.395112,-0.407338,0.810051,0.386505,-0.440943,1.092,0.745,1.806,-1.096,1.876
46695,1556.933,0.93,1,0.826751,0.395344,-0.400232,0.813813,0.385197,-0.435124,1.1,0.751,1.802,-1.095,1.862
46696,1556.966,0.93,1,0.825856,0.395821,-0.401606,0.811966,0.386582,-0.437339,1.097,0.751,1.776,-1.096,1.831
46697,1557.0,0.93,1,0.826084,0.398869,-0.398106,0.808449,0.390717,-0.440171,1.097,0.755,1.75,-1.096,1.798
46698,1557.033,0.93,1,0.823221,0.398342,-0.404514,0.805227,0.390324,-0.446382,1.089,0.747,1.708,-1.095,1.75
46699,1557.066,0.93,1,0.822048,0.401064,-0.40421,0.80187,0.391358,-0.45149,1.086,0.747,1.677,-1.092,1.72
46700,1557.1,0.88,1,0.821171,0.400931,-0.406118,0.801016,0.390832,-0.453457,1.084,0.744,1.669,-1.09,1.708
46701,1557.133,0.88,1,0.821673,0.39928,-0.40673,0.80234,0.387567,-0.453919,1.083,0.741,1.666,-1.088,1.707
46702,1557.166,0.88,1,0.821666,0.397287,-0.40869,0.805908,0.385939,-0.448958,1.086,0.74,1.686,-1.085,1.727
46703,1557.2,0.88,1,0.819873,0.397369,-0.412196,0.805497,0.386724,-0.44902,1.084,0.739,1.701,-1.079,1.742
46704,1557.233,0.88,1,0.816276,0.395998,-0.420569,0.8068,0.386379,-0.446973,1.08,0.734,1.721,-1.073,1.763
46705,1557.266,0.88,1,0.815338,0.397367,-0.421097,0.807365,0.387349,-0.44511,1.08,0.736,1.741,-1.069,1.791
46706,1557.3,0.88,1,0.81711,0.393635,-0.421168,0.812057,0.384821,-0.438722,1.085,0.736,1.764,-1.071,1.82
46707,1557.333,0.88,1,0.821616,0.38993,-0.415813,0.81743,0.38223,-0.430939,1.094,0.739,1.788,-1.077,1.856
46708,1557.366,0.93,1,0.825574,0.386659,-0.411002,0.822332,0.379409,-0.424051,1.102,0.742,1.805,-1.081,1.887
46709,1557.4,0.93,1,0.82807,0.38448,-0.408013,0.824486,0.374754,-0.424007,1.104,0.74,1.83,-1.083,1.92
46710,1557.433,0.93,1,0.822556,0.392671,-0.411353,0.809758,0.385644,-0.442233,1.089,0.739,1.746,-1.077,1.797
46711,1557.466,0.93,1,0.823878,0.386853,-0.41421,0.815361,0.378863,-0.437777,1.091,0.732,1.777,-1.083,1.845
46712,1557.5,0.93,1,0.82798,0.385815,-0.406936,0.821135,0.37769,-0.427886,1.102,0.741,1.802,-1.088,1.882
46713,1557.533,0.93,1,0.818422,0.40321,-0.409398,0.803785,0.404983,-0.435796,1.09,0.763,1.791,-1.065,1.816
46714,1557.567,0.93,1,0.823367,0.393558,-0.408874,0.8154,0.394198,-0.423947,1.101,0.758,1.825,-1.065,1.858
46715,1557.6,0.93,1,0.821515,0.39082,-0.415179,0.815901,0.393298,-0.423818,1.097,0.752,1.854,-1.059,1.881
46716,1557.633,0.98,1,0.817719,0.397277,-0.416542,0.808072,0.4069,-0.425972,1.093,0.762,1.926,-1.037,1.924
46717,1557.667,0.93,1,0.821027,0.389807,-0.417091,0.81117,0.395115,-0.431147,1.092,0.747,1.899,-1.037,1.888
46718,1557.7,0.98,1,0.815676,0.388084,-0.429027,0.807882,0.401283,-0.431623,1.083,0.742,1.947,-1.031,1.919
46719,1557.733,0.98,1,0.820783,0.3828,-0.424004,0.811312,0.390457,-0.435105,1.086,0.733,1.891,-1.049,1.886
46720,1557.767,0.93,1,0.818539,0.382966,-0.428172,0.809323,0.391929,-0.43748,1.082,0.73,1.875,-1.049,1.866
46721,1557.8,0.98,1,0.821528,0.380915,-0.424258,0.812556,0.392747,-0.4307,1.089,0.736,1.903,-1.048,1.884
46722,1557.833,0.98,1,0.825267,0.3747,-0.422533,0.817561,0.384145,-0.428983,1.093,0.728,1.912,-1.054,1.895
46723,1557.867,0.98,1,0.826837,0.374213,-0.419887,0.818038,0.383111,-0.428999,1.094,0.728,1.91,-1.059,1.895
46724,1557.9,0.98,1,0.820501,0.386109,-0.421541,0.807918,0.395705,-0.436677,1.086,0.739,1.89,-1.062,1.869
46725,1557.933,0.98,1,0.829649,0.378108,-0.410751,0.815008,0.38268,-0.435107,1.096,0.732,1.846,-1.072,1.811
46726,1557.967,0.93,1,0.829054,0.375845,-0.414017,0.814482,0.379357,-0.438984,1.092,0.725,1.809,-1.083,1.767
46727,1558.0,0.93,1,0.82948,0.37011,-0.418308,0.813036,0.372437,-0.447508,1.086,0.709,1.76,-1.098,1.714
46728,1558.033,0.93,1,0.83568,0.363954,-0.411311,0.815018,0.366868,-0.448502,1.091,0.704,1.71,-1.114,1.666
46729,1558.067,0.98,1,0.837618,0.365103,-0.406319,0.812942,0.36774,-0.451544,1.091,0.707,1.663,-1.123,1.628
46730,1558.1,0.98,1,0.841238,0.361904,-0.401678,0.813121,0.364336,-0.453974,1.093,0.704,1.627,-1.132,1.596
46731,1558.133,0.98,1,0.842081,0.362247,-0.399595,0.812832,0.365178,-0.453816,1.095,0.706,1.597,-1.133,1.571
46732,1558.167,0.98,1,0.840133,0.363208,-0.402812,0.809281,0.366462,-0.459096,1.089,0.703,1.574,-1.133,1.549
46733,1558.2,0.98,1,0.837747,0.365671,-0.405542,0.807761,0.368059,-0.460494,1.086,0.703,1.55,-1.128,1.525
46734,1558.233,0.98,1,0.828118,0.376635,-0.415171,0.791166,0.376984,-0.481601,1.065,0.699,1.498,-1.113,1.462
46735,1558.267,0.98,1,0.812498,0.395364,-0.428408,0.768551,0.392735,-0.505063,1.037,0.701,1.439,-1.079,1.38
46736,1558.3,0.98,1,0.789373,0.421137,-0.446692,0.735854,0.41917,-0.531803,1.0,0.71,1.398,-1.036,1.313
46737,1558.333,0.88,1,0.774597,0.443575,-0.450822,0.718378,0.437481,-0.540872,0.984,0.726,1.409,-0.982,1.28
46738,1558.367,0.88,1,0.750261,0.46059,-0.474304,0.69743,0.447776,-0.559543,0.951,0.721,1.383,-0.916,1.197
46739,1558.4,0.77,1,0.719301,0.475096,-0.506843,0.668748,0.459847,-0.584224,0.905,0.708,1.361,-0.865,1.134
46742,1558.5,0.98,1,0.683913,0.494609,-0.536307,0.613992,0.523727,-0.590529,0.856,0.735,1.427,-0.71,1.011
46743,1558.533,0.98,1,0.681339,0.502065,-0.532642,0.609057,0.534657,-0.585826,0.857,0.747,1.441,-0.702,1.007
46744,1558.567,0.98,1,0.681406,0.502626,-0.532028,0.607348,0.540876,-0.581878,0.858,0.753,1.454,-0.698,0.998
46745,1558.6,0.98,1,0.68079,0.505606,-0.529988,0.606775,0.544612,-0.578984,0.86,0.758,1.456,-0.697,0.99
46746,1558.634,0.98,1,0.679468,0.504138,-0.533074,0.607853,0.540338,-0.58185,0.857,0.753,1.439,-0.696,0.966
46747,1558.667,0.77,1,0.674608,0.506,-0.537464,0.60119,0.543022,-0.586257,0.849,0.751,1.421,-0.691,0.944
46748,1558.7,0.77,1,0.672009,0.508915,-0.537968,0.601102,0.546464,-0.583141,0.849,0.755,1.404,-0.688,0.935
46749,1558.734,0.77,1,0.670109,0.510074,-0.539239,0.598998,0.548199,-0.583677,0.846,0.756,1.403,-0.681,0.934
46752,1558.834,0.77,1,0.652528,0.506593,-0.563534,0.562813,0.550418,-0.616669,0.8,0.73,1.317,-0.639,0.875
47041,1568.47,0.98,1,0.729833,0.314391,-0.607044,0.701886,0.236796,-0.671776,0.842,0.407,0.677,-1.021,1.193
47042,1568.503,0.98,1,0.710967,0.369165,-0.598534,0.686813,0.291028,-0.666026,0.835,0.481,0.718,-1.011,1.238
47043,1568.536,0.98,1,0.703406,0.363284,-0.610938,0.679468,0.288904,-0.674432,0.822,0.47,0.665,-1.007,1.191
47044,1568.57,0.98,1,0.703757,0.354283,-0.6158,0.681721,0.281483,-0.675295,0.821,0.458,0.63,-1.01,1.163
47045,1568.603,0.98,1,0.711418,0.349494,-0.609703,0.686654,0.275688,-0.672683,0.829,0.454,0.614,-1.026,1.143
47046,1568.637,0.98,1,0.717622,0.34718,-0.603726,0.69524,0.273124,-0.664864,0.839,0.455,0.624,-1.032,1.143
47047,1568.67,0.98,1,0.717213,0.354368,-0.600024,0.690469,0.278766,-0.66749,0.838,0.463,0.639,-1.024,1.134
47048,1568.703,0.98,1,0.703927,0.3674,-0.607869,0.674471,0.295458,-0.676604,0.821,0.476,0.649,-0.992,1.115
47049,1568.737,0.98,1,0.691974,0.379466,-0.614147,0.653912,0.310405,-0.689962,0.801,0.487,0.662,-0.95,1.093
47050,1568.77,0.88,1,0.675698,0.401409,-0.618307,0.628648,0.336824,-0.700964,0.78,0.51,0.704,-0.918,1.09
47051,1568.803,0.88,1,0.666778,0.395576,-0.631607,0.605728,0.324248,-0.726606,0.753,0.487,0.657,-0.898,1.028
47052,1568.837,0.88,1,0.652076,0.384358,-0.653502,0.582624,0.307467,-0.752339,0.721,0.457,0.59,-0.865,0.954
47053,1568.87,0.77,1,0.651918,0.379245,-0.65664,0.573367,0.296861,-0.763625,0.712,0.444,0.558,-0.859,0.922
47069,1569.403,0.77,1,0.64906,0.523461,-0.552005,0.575419,0.515466,-0.634971,0.801,0.719,1.176,-0.788,1.167
47070,1569.437,0.88,1,0.660618,0.519614,-0.541835,0.595493,0.512336,-0.618789,0.825,0.727,1.213,-0.801,1.213
47071,1569.47,0.77,1,0.665952,0.515711,-0.539028,0.606048,0.508167,-0.611942,0.835,0.727,1.24,-0.805,1.244
47072,1569.503,0.77,1,0.669792,0.508004,-0.541581,0.615446,0.498813,-0.610255,0.84,0.718,1.245,-0.808,1.257
47073,1569.537,0.82,1,0.670468,0.506368,-0.542276,0.620124,0.493429,-0.609897,0.842,0.715,1.248,-0.81,1.271
47074,1569.57,0.88,1,0.664358,0.507633,-0.548577,0.61763,0.496785,-0.609703,0.836,0.714,1.257,-0.809,1.29
47075,1569.603,0.88,1,0.667715,0.503746,-0.548085,0.624955,0.492227,-0.605924,0.842,0.712,1.27,-0.817,1.312
47076,1569.637,0.98,1,0.675456,0.495759,-0.545877,0.636099,0.480305,-0.603892,0.851,0.704,1.295,-0.83,1.349
47077,1569.67,0.98,1,0.689654,0.478605,-0.543429,0.652772,0.458709,-0.602888,0.864,0.685,1.292,-0.859,1.357
47078,1569.703,0.98,1,0.700741,0.469392,-0.537246,0.666494,0.446388,-0.597097,0.878,0.679,1.278,-0.876,1.361
47079,1569.737,0.98,1,0.706383,0.461741,-0.536486,0.674023,0.435474,-0.596704,0.883,0.67,1.26,-0.893,1.362
47080,1569.77,0.98,1,0.713701,0.453866,-0.533513,0.682418,0.422641,-0.596389,0.89,0.66,1.231,-0.917,1.355
47081,1569.804,0.98,1,0.719378,0.444229,-0.534001,0.690713,0.409806,-0.595798,0.895,0.647,1.185,-0.945,1.343
47082,1569.837,0.98,1,0.724676,0.435835,-0.533754,0.698314,0.400885,-0.593,0.901,0.639,1.136,-0.977,1.322
47083,1569.87,0.98,1,0.734703,0.429818,-0.52485,0.70745,0.392248,-0.587925,0.914,0.636,1.086,-1.005,1.295
47084,1569.904,0.98,1,0.739944,0.419684,-0.525688,0.708992,0.37842,-0.595088,0.912,0.619,1.017,-1.014,1.243
47085,1569.937,0.98,1,0.739724,0.413215,-0.531095,0.706337,0.369631,-0.603706,0.905,0.604,0.961,-1.016,1.193
47086,1569.97,0.98,1,0.746039,0.400697,-0.531852,0.70757,0.355756,-0.610559,0.905,0.585,0.886,-1.026,1.132
47087,1570.004,0.98,1,0.750718,0.389295,-0.533734,0.709387,0.341632,-0.616488,0.904,0.566,0.813,-1.018,1.051
47088,1570.037,0.93,1,0.749891,0.392274,-0.532714,0.702593,0.345543,-0.622064,0.899,0.569,0.777,-1.011,1.009
47089,1570.07,0.93,1,0.743264,0.395737,-0.539399,0.693751,0.349674,-0.629633,0.888,0.568,0.772,-0.999,0.997
47090,1570.104,0.93,1,0.742845,0.392665,-0.542213,0.689065,0.346728,-0.636372,0.882,0.56,0.752,-0.995,0.969
47091,1570.137,0.93,1,0.743314,0.389643,-0.543749,0.690447,0.345483,-0.635551,0.882,0.557,0.748,-1.004,0.953
47092,1570.17,0.93,1,0.755011,0.383974,-0.531529,0.701353,0.337827,-0.627676,0.899,0.557,0.743,-1.021,0.933
47093,1570.204,0.93,1,0.757473,0.376888,-0.533096,0.701205,0.330133,-0.631921,0.897,0.545,0.73,-1.017,0.908
47094,1570.237,0.88,1,0.759617,0.371303,-0.533963,0.699491,0.322766,-0.6376,0.894,0.535,0.714,-1.019,0.886
47095,1570.27,0.88,1,0.758937,0.363112,-0.540522,0.696456,0.314534,-0.644994,0.887,0.519,0.691,-1.019,0.867
47096,1570.304,0.88,1,0.760937,0.358453,-0.54082,0.694888,0.309457,-0.649128,0.886,0.511,0.677,-1.022,0.853
47097,1570.337,0.88,1,0.758318,0.359764,-0.543621,0.689901,0.310688,-0.653843,0.88,0.51,0.66,-1.015,0.84
47098,1570.37,0.88,1,0.756809,0.360671,-0.545121,0.687744,0.311089,-0.655921,0.877,0.51,0.649,-1.011,0.834
47099,1570.404,0.88,1,0.752421,0.364467,-0.548659,0.68281,0.317748,-0.657881,0.872,0.515,0.645,-1.003,0.823
47100,1570.437,0.88,1,0.753163,0.364059,-0.547912,0.685805,0.319764,-0.653775,0.875,0.517,0.644,-1.007,0.817
47101,1570.47,0.88,1,0.755928,0.367182,-0.541988,0.687211,0.323299,-0.650553,0.88,0.525,0.647,-1.015,0.822
47102,1570.504,0.88,1,0.75828,0.359829,-0.543631,0.689513,0.316238,-0.651587,0.881,0.515,0.639,-1.017,0.81
47103,1570.537,0.88,1,0.75936,0.352491,-0.546921,0.690787,0.309343,-0.653545,0.879,0.504,0.621,-1.021,0.792
47104,1570.57,0.88,1,0.762446,0.348866,-0.544948,0.695499,0.30502,-0.650572,0.884,0.5,0.619,-1.026,0.786
47105,1570.604,0.88,1,0.759703,0.348703,-0.54887,0.692937,0.304985,-0.653317,0.879,0.498,0.602,-1.021,0.773
47106,1570.637,0.88,1,0.759338,0.351005,-0.547906,0.691368,0.306985,-0.654042,0.879,0.501,0.605,-1.028,0.782
47107,1570.67,0.88,1,0.760765,0.34695,-0.54851,0.692572,0.301296,-0.655412,0.879,0.494,0.597,-1.031,0.779
47108,1570.704,0.88,1,0.761874,0.344586,-0.54846,0.695595,0.2968,-0.654261,0.881,0.49,0.578,-1.038,0.773
47109,1570.737,0.93,1,0.762745,0.349798,-0.543931,0.697272,0.30072,-0.650676,0.885,0.499,0.585,-1.041,0.789
47110,1570.77,0.93,1,0.758052,0.351154,-0.549589,0.692696,0.299697,-0.656014,0.877,0.495,0.584,-1.031,0.797
47111,1570.804,0.93,1,0.761975,0.344507,-0.548369,0.696249,0.289641,-0.656769,0.88,0.484,0.594,-1.033,0.817
47112,1570.837,0.93,1,0.761185,0.337263,-0.553941,0.693598,0.278796,-0.664225,0.874,0.468,0.549,-1.029,0.793
47113,1570.871,0.93,1,0.752824,0.3179,-0.576363,0.685124,0.255701,-0.682072,0.852,0.428,0.441,-1.012,0.723
47128,1571.371,0.88,1,0.851161,0.285773,-0.440293,0.828466,0.223161,-0.513657,1.054,0.49,1.045,-1.276,1.456
47129,1571.404,0.88,1,0.855767,0.309435,-0.414623,0.839835,0.25134,-0.48115,1.085,0.559,1.292,-1.278,1.693
47130,1571.437,0.98,1,0.855531,0.329767,-0.39915,0.841945,0.272751,-0.465548,1.1,0.609,1.478,-1.262,1.845
47131,1571.471,0.93,1,0.794532,0.432881,-0.425832,0.765395,0.411879,-0.494496,1.038,0.743,1.495,-1.087,1.576
47132,1571.504,0.93,1,0.801242,0.420772,-0.425398,0.770726,0.401605,-0.494666,1.041,0.729,1.476,-1.112,1.567
47133,1571.537,0.93,1,0.802988,0.41391,-0.428823,0.768084,0.395625,-0.503515,1.035,0.715,1.444,-1.12,1.535
47134,1571.571,0.98,1,0.807949,0.408155,-0.425003,0.765371,0.390698,-0.511432,1.034,0.706,1.406,-1.13,1.496
47135,1571.604,0.98,1,0.807625,0.404236,-0.429342,0.760765,0.387761,-0.52046,1.026,0.695,1.377,-1.131,1.461
47136,1571.637,0.98,1,0.806986,0.397812,-0.436484,0.759967,0.381757,-0.526034,1.02,0.681,1.372,-1.137,1.454
47137,1571.671,0.98,1,0.810005,0.385838,-0.441611,0.76605,0.366372,-0.528147,1.019,0.66,1.36,-1.147,1.447
47138,1571.704,0.98,1,0.815444,0.373771,-0.44198,0.775868,0.349629,-0.525156,1.025,0.642,1.342,-1.159,1.439
47139,1571.737,0.98,1,0.820706,0.363932,-0.440448,0.787784,0.335542,-0.516534,1.034,0.631,1.387,-1.178,1.494
47140,1571.771,0.98,1,0.832727,0.353512,-0.42614,0.806556,0.321039,-0.496388,1.058,0.631,1.485,-1.197,1.605
47141,1571.804,0.98,1,0.811444,0.382545,-0.441836,0.774087,0.362457,-0.519051,1.026,0.66,1.353,-1.153,1.415
47142,1571.837,0.98,1,0.819124,0.368555,-0.439548,0.78907,0.34285,-0.509728,1.038,0.643,1.454,-1.174,1.539
47143,1571.871,0.98,1,0.826661,0.364389,-0.42878,0.802682,0.337308,-0.49186,1.056,0.651,1.576,-1.189,1.681
47144,1571.904,0.98,1,0.797178,0.396186,-0.45557,0.756437,0.374493,-0.536244,1.003,0.661,1.324,-1.136,1.413
47145,1571.937,0.98,1,0.809342,0.375111,-0.451949,0.779595,0.351221,-0.518532,1.022,0.642,1.443,-1.167,1.542
47146,1571.971,0.98,1,0.797572,0.390151,-0.460066,0.755642,0.374607,-0.537284,1.0,0.654,1.337,-1.144,1.394
47147,1572.004,0.98,1,0.807362,0.37732,-0.453647,0.771704,0.357468,-0.526013,1.016,0.644,1.454,-1.167,1.524
47148,1572.038,0.98,1,0.791174,0.389274,-0.471709,0.74654,0.373173,-0.550836,0.984,0.641,1.291,-1.143,1.344
47149,1572.071,0.98,1,0.793774,0.389032,-0.467522,0.751097,0.371191,-0.545958,0.99,0.644,1.339,-1.147,1.404
47150,1572.104,0.98,1,0.795832,0.380952,-0.470667,0.757397,0.358341,-0.545841,0.991,0.629,1.334,-1.161,1.427
47151,1572.138,0.98,1,0.802081,0.373272,-0.46619,0.766882,0.347567,-0.539526,1.001,0.622,1.353,-1.179,1.469
47152,1572.171,0.98,1,0.810986,0.366379,-0.456145,0.774912,0.337801,-0.53423,1.013,0.618,1.394,-1.194,1.52
47153,1572.204,0.98,1,0.817151,0.360074,-0.450124,0.780768,0.329355,-0.530967,1.02,0.613,1.435,-1.207,1.572
47154,1572.238,0.98,1,0.77314,0.382506,-0.505908,0.714346,0.355899,-0.602532,0.93,0.588,1.025,-1.113,1.146
47155,1572.271,0.93,1,0.768518,0.381137,-0.513921,0.70251,0.353504,-0.617669,0.915,0.576,0.968,-1.103,1.105
47156,1572.304,0.93,1,0.767581,0.383102,-0.513861,0.702673,0.355927,-0.61609,0.916,0.579,0.963,-1.103,1.108
47157,1572.338,0.93,1,0.766351,0.38578,-0.513692,0.702563,0.358847,-0.61452,0.916,0.583,0.982,-1.103,1.128
47158,1572.371,0.98,1,0.76805,0.385422,-0.511419,0.70684,0.358598,-0.609742,0.921,0.586,1.02,-1.103,1.158
47159,1572.404,0.98,1,0.766214,0.387945,-0.512265,0.708545,0.360615,-0.606565,0.922,0.59,1.035,-1.101,1.171
47160,1572.438,0.98,1,0.759626,0.398419,-0.514033,0.703872,0.372758,-0.604662,0.918,0.604,1.075,-1.091,1.201
47161,1572.471,0.98,1,0.75773,0.405768,-0.511076,0.703883,0.380704,-0.599677,0.921,0.616,1.125,-1.079,1.237
47162,1572.504,0.98,1,0.754403,0.412944,-0.510248,0.704732,0.389439,-0.593035,0.923,0.629,1.162,-1.072,1.267
47163,1572.538,0.98,1,0.752708,0.417279,-0.509225,0.702907,0.393041,-0.592825,0.923,0.634,1.168,-1.069,1.274
47164,1572.571,0.98,1,0.751555,0.421324,-0.507594,0.702788,0.397406,-0.590048,0.924,0.641,1.174,-1.067,1.279
47165,1572.604,0.98,1,0.749375,0.422668,-0.509695,0.704374,0.399762,-0.586555,0.925,0.644,1.201,-1.067,1.302
47166,1572.638,0.98,1,0.748909,0.422809,-0.510262,0.707032,0.399867,-0.583277,0.927,0.645,1.215,-1.066,1.315
47167,1572.671,0.98,1,0.749878,0.422738,-0.508897,0.707385,0.399033,-0.583421,0.928,0.645,1.209,-1.071,1.312
47168,1572.704,0.98,1,0.749489,0.42064,-0.511203,0.708398,0.396213,-0.584113,0.926,0.641,1.199,-1.07,1.307
47169,1572.738,0.98,1,0.749769,0.419185,-0.511986,0.708991,0.394617,-0.584474,0.926,0.638,1.2,-1.072,1.307
47170,1572.771,0.98,1,0.750545,0.419578,-0.510525,0.708206,0.395618,-0.584748,0.927,0.64,1.19,-1.072,1.298
47171,1572.804,0.98,1,0.750889,0.415289,-0.513518,0.706622,0.389401,-0.590807,0.922,0.63,1.159,-1.074,1.274
47172,1572.838,0.98,1,0.752558,0.410805,-0.51468,0.704119,0.383346,-0.597714,0.919,0.62,1.122,-1.075,1.242
47173,1572.871,0.98,1,0.749953,0.411318,-0.518062,0.699604,0.385214,-0.601801,0.913,0.618,1.112,-1.068,1.227
47174,1572.904,0.98,1,0.747334,0.414978,-0.518927,0.697168,0.390213,-0.601407,0.911,0.623,1.125,-1.063,1.233
47175,1572.938,0.98,1,0.74443,0.413183,-0.524504,0.693882,0.389231,-0.605827,0.905,0.617,1.116,-1.057,1.218
47176,1572.971,0.98,1,0.740408,0.416329,-0.527699,0.686822,0.393537,-0.611069,0.897,0.618,1.112,-1.051,1.211
47177,1573.004,0.98,1,0.736714,0.420644,-0.529444,0.679896,0.398568,-0.615536,0.891,0.621,1.107,-1.042,1.2
47178,1573.038,0.98,1,0.73442,0.423731,-0.530169,0.676582,0.402796,-0.616436,0.888,0.625,1.108,-1.038,1.197
47179,1573.071,0.98,1,0.731885,0.426646,-0.531336,0.673035,0.405136,-0.61878,0.885,0.626,1.104,-1.037,1.195
47180,1573.105,0.98,1,0.732825,0.424937,-0.531409,0.670195,0.401371,-0.624291,0.882,0.621,1.08,-1.037,1.177
47181,1573.138,0.98,1,0.733493,0.422058,-0.53278,0.668518,0.397635,-0.628466,0.879,0.615,1.052,-1.038,1.154
47182,1573.171,0.98,1,0.73512,0.413463,-0.537259,0.672136,0.387004,-0.631238,0.878,0.601,1.025,-1.041,1.142
47183,1573.205,0.98,1,0.732994,0.41342,-0.540188,0.667602,0.386572,-0.636294,0.872,0.597,1.007,-1.039,1.127
47184,1573.238,0.98,1,0.728064,0.407284,-0.5514,0.663535,0.375453,-0.647114,0.86,0.579,0.979,-1.035,1.116
47185,1573.271,0.98,1,0.730086,0.402852,-0.551982,0.665215,0.36445,-0.651664,0.859,0.568,0.954,-1.02,1.1
47186,1573.305,0.88,1,0.727393,0.398404,-0.558725,0.668814,0.363574,-0.648462,0.858,0.563,0.968,-1.025,1.107
47190,1573.438,0.98,1,0.693072,0.355728,-0.626984,0.518735,0.286554,-0.805482,0.702,0.422,0.276,-0.609,0.22
47195,1573.605,0.98,1,0.549393,0.235811,-0.801599,0.412724,0.420144,-0.808169,0.539,0.387,0.275,-0.526,0.24
47196,1573.638,0.98,1,0.495717,0.333287,-0.801988,0.311403,0.487556,-0.81567,0.463,0.47,0.281,-0.507,0.234
47197,1573.671,0.98,1,0.508419,0.355504,-0.7843,0.286456,0.460484,-0.840177,0.455,0.465,0.287,-0.49,0.24
47198,1573.705,0.98,1,0.445361,0.292924,-0.846079,0.327048,0.423023,-0.845039,0.428,0.4,0.273,-0.456,0.243
47199,1573.738,0.98,1,0.374063,0.350516,-0.858613,0.349441,0.401142,-0.846745,0.401,0.415,0.269,-0.43,0.247
47200,1573.771,0.98,1,0.415721,0.33894,-0.843976,0.349284,0.404305,-0.845304,0.425,0.414,0.27,-0.393,0.225
47201,1573.805,0.98,1,0.391853,0.299007,-0.870084,0.306632,0.442289,-0.842827,0.387,0.408,0.265,-0.365,0.206
47202,1573.838,0.93,1,0.306154,0.215234,-0.927332,0.295876,0.433073,-0.851414,0.326,0.35,0.261,-0.352,0.185
47203,1573.871,0.93,1,0.349552,0.243459,-0.904733,0.225556,0.509723,-0.830245,0.32,0.41,0.253,-0.339,0.169
47204,1573.905,0.93,1,0.32512,0.283688,-0.902119,0.176523,0.560046,-0.809437,0.285,0.458,0.246,-0.321,0.16
47205,1573.938,0.93,1,0.445207,0.286597,-0.848323,0.125402,0.565411,-0.815221,0.33,0.473,0.226,-0.306,0.144
47206,1573.971,0.93,1,0.437901,0.541682,-0.717512,0.158919,0.548425,-0.82096,0.37,0.616,0.211,-0.288,0.133
47207,1574.005,0.88,1,0.388186,0.542046,-0.745317,0.091766,0.546556,-0.83238,0.295,0.604,0.203,-0.278,0.12
47208,1574.038,0.93,1,0.423505,0.351513,-0.834915,0.193479,0.511572,-0.837174,0.353,0.477,0.207,-0.274,0.111
47210,1574.105,0.88,1,0.355703,0.435975,-0.826681,0.205652,0.379869,-0.901891,0.314,0.441,0.245,-0.236,0.104
47233,1574.872,0.93,1,0.17442,0.418146,-0.891477,-0.05201,0.412607,-0.909423,0.068,0.432,0.164,-0.032,0.016
47234,1574.905,0.93,1,0.195006,0.516947,-0.83351,-0.044828,0.429733,-0.901842,0.086,0.499,0.174,-0.018,0.005
47235,1574.938,0.93,1,0.154901,0.524391,-0.837269,-0.037402,0.440095,-0.897172,0.068,0.507,0.196,-0.012,0.008
47236,1574.972,0.93,1,0.096918,0.537985,-0.837364,-0.04974,0.471051,-0.880703,0.027,0.531,0.19,-0.004,0.018
47237,1575.005,0.98,1,0.123239,0.543168,-0.830531,-0.041073,0.488704,-0.871482,0.048,0.545,0.196,-0.008,-0.004
47238,1575.038,0.98,1,0.141225,0.507764,-0.849842,-0.061507,0.483444,-0.873212,0.046,0.522,0.186,0.01,-0.003
47239,1575.072,0.98,1,0.101925,0.457495,-0.883351,-0.085267,0.4578,-0.884957,0.009,0.478,0.182,0.021,-0.008
47240,1575.105,0.98,1,0.098577,0.446046,-0.889565,-0.088202,0.441926,-0.892705,0.006,0.462,0.183,0.041,-0.007
47241,1575.138,0.98,1,0.094555,0.455496,-0.885202,-0.080038,0.459698,-0.884461,0.008,0.477,0.185,0.063,-0.004
47242,1575.172,0.98,1,0.108867,0.461914,-0.880218,-0.0722,0.462251,-0.883805,0.021,0.483,0.183,0.076,-0.0
47243,1575.205,0.98,1,0.165756,0.464859,-0.869731,-0.077274,0.478769,-0.874533,0.051,0.496,0.18,0.077,0.003
47244,1575.238,0.98,1,0.178765,0.458411,-0.870576,-0.105581,0.485056,-0.868086,0.042,0.497,0.183,0.069,0.009
47245,1575.272,0.98,1,0.189758,0.444309,-0.875546,-0.075087,0.474537,-0.877027,0.065,0.483,0.185,0.055,0.014
47246,1575.305,0.98,1,0.229743,0.462348,-0.856418,-0.059961,0.458606,-0.886614,0.097,0.486,0.19,0.041,0.015
47247,1575.339,0.98,1,0.239704,0.458649,-0.855677,-0.049926,0.44659,-0.893345,0.108,0.478,0.188,0.029,0.021
47248,1575.372,0.98,1,0.244643,0.459168,-0.853999,-0.052194,0.44583,-0.893595,0.11,0.478,0.184,0.025,0.024
47249,1575.405,0.98,1,0.251872,0.460706,-0.851064,-0.058183,0.460658,-0.885669,0.111,0.488,0.185,0.028,0.024
47250,1575.439,0.98,1,0.253703,0.462683,-0.849447,-0.0538,0.464983,-0.883683,0.115,0.491,0.189,0.03,0.025
47251,1575.472,0.98,1,0.25271,0.457076,-0.852772,-0.049308,0.455248,-0.888998,0.116,0.482,0.189,0.026,0.026
47252,1575.505,0.98,1,0.241973,0.436504,-0.866552,-0.0378,0.448806,-0.892829,0.116,0.466,0.19,0.019,0.028
47253,1575.539,0.98,1,0.244153,0.416175,-0.875893,-0.033494,0.445936,-0.894438,0.118,0.453,0.194,0.011,0.028
47254,1575.572,0.98,1,0.253094,0.441405,-0.860874,-0.018071,0.449311,-0.893193,0.133,0.47,0.206,-0.007,0.018
47255,1575.605,0.98,1,0.26603,0.438884,-0.858259,-0.020183,0.445529,-0.89504,0.139,0.467,0.193,0.011,0.006
47256,1575.639,0.98,1,0.260282,0.415374,-0.871618,-0.016074,0.438303,-0.898683,0.137,0.449,0.195,0.001,0.01
47257,1575.672,0.98,1,0.237607,0.39674,-0.886645,-0.019017,0.438861,-0.898354,0.122,0.438,0.196,-0.002,0.008
47258,1575.705,0.98,1,0.215572,0.364518,-0.9059,-0.019171,0.437031,-0.899242,0.108,0.418,0.198,-0.004,0.002
47259,1575.739,0.98,1,0.241915,0.422196,-0.873629,-0.006156,0.437114,-0.899385,0.132,0.451,0.213,-0.012,-0.013
47260,1575.772,0.98,1,0.246289,0.42237,-0.872322,-0.011353,0.458059,-0.888849,0.133,0.464,0.207,0.011,-0.028
47261,1575.805,0.98,1,0.229733,0.370217,-0.90009,-0.00928,0.446958,-0.894507,0.122,0.427,0.198,0.001,-0.019
47262,1575.839,0.98,1,0.230998,0.371386,-0.899284,-0.010304,0.442344,-0.896786,0.122,0.425,0.196,-0.001,-0.015
47263,1575.872,0.98,1,0.196607,0.409142,-0.891038,-0.007537,0.431767,-0.901954,0.105,0.439,0.203,0.016,-0.028
47264,1575.905,0.98,1,0.178521,0.384579,-0.905665,-0.014623,0.437267,-0.899213,0.091,0.427,0.207,0.008,-0.013
47265,1575.939,0.98,1,0.176172,0.393986,-0.902075,-0.023751,0.451665,-0.891871,0.085,0.441,0.214,0.011,-0.006
47266,1575.972,0.98,1,0.178033,0.411436,-0.893882,-0.031961,0.452949,-0.890963,0.082,0.451,0.219,0.015,-0.001
47267,1576.005,0.98,1,0.174978,0.374402,-0.910607,-0.040561,0.452674,-0.890753,0.074,0.43,0.221,0.019,0.001
47268,1576.039,0.98,1,0.173648,0.443816,-0.879132,-0.070615,0.482898,-0.872825,0.059,0.487,0.224,0.024,0.001
47269,1576.072,0.98,1,0.052852,0.484929,-0.872955,-0.126542,0.516995,-0.846583,-0.043,0.528,0.235,0.036,-0.003
47270,1576.105,0.98,1,0.032799,0.459555,-0.887543,-0.151641,0.521369,-0.83975,-0.069,0.516,0.242,0.058,-0.006
47271,1576.139,0.98,1,0.023887,0.452684,-0.891351,-0.158114,0.513515,-0.843387,-0.077,0.508,0.241,0.088,-0.007
47272,1576.172,0.98,1,0.006277,0.445047,-0.895485,-0.177566,0.514955,-0.838625,-0.098,0.506,0.243,0.12,-0.011
47273,1576.205,0.98,1,-0.009923,0.45148,-0.892226,-0.200519,0.517177,-0.832058,-0.121,0.512,0.241,0.142,-0.013
47274,1576.239,0.98,1,-0.028464,0.419952,-0.9071,-0.215021,0.503307,-0.836928,-0.139,0.487,0.247,0.157,-0.017
47275,1576.272,0.98,1,-0.029724,0.407283,-0.912818,-0.230978,0.493892,-0.838284,-0.148,0.475,0.25,0.165,-0.018
47276,1576.305,0.98,1,-0.025521,0.404728,-0.914081,-0.223862,0.497839,-0.83788,-0.141,0.476,0.253,0.168,-0.02
47277,1576.339,0.98,1,-0.023356,0.397401,-0.917348,-0.212265,0.495072,-0.842524,-0.133,0.469,0.254,0.168,-0.02
47278,1576.372,0.98,1,-0.024155,0.408498,-0.91244,-0.220418,0.494365,-0.840844,-0.139,0.476,0.256,0.168,-0.021
47279,1576.405,0.98,1,-0.029911,0.412168,-0.910617,-0.214246,0.478891,-0.85133,-0.138,0.468,0.255,0.166,-0.023
47280,1576.439,0.98,1,-0.031304,0.410363,-0.911385,-0.216119,0.477217,-0.851796,-0.139,0.466,0.255,0.166,-0.024
47281,1576.472,0.98,1,-0.115622,0.394998,-0.911377,-0.236262,0.514181,-0.824499,-0.2,0.482,0.257,0.17,-0.027
47282,1576.506,0.98,1,-0.137914,0.400038,-0.906063,-0.236088,0.528424,-0.815494,-0.214,0.495,0.261,0.184,-0.029
47283,1576.539,0.98,1,-0.140061,0.387917,-0.91099,-0.263154,0.514201,-0.816301,-0.229,0.481,0.264,0.208,-0.028
47284,1576.572,0.98,1,-0.156176,0.414821,-0.8964,-0.293543,0.519381,-0.802543,-0.259,0.503,0.275,0.248,-0.023
47285,1576.606,0.98,1,-0.150562,0.423183,-0.893447,-0.285422,0.520526,-0.804728,-0.251,0.507,0.272,0.266,-0.006
47286,1576.639,0.98,1,-0.144283,0.415275,-0.898181,-0.333948,0.466339,-0.81915,-0.272,0.474,0.268,0.287,-0.0
47287,1576.672,0.98,1,-0.149394,0.416638,-0.896713,-0.349282,0.460568,-0.816015,-0.283,0.473,0.265,0.298,0.004
47288,1576.706,0.98,1,-0.215406,0.421007,-0.881109,-0.387227,0.456412,-0.801089,-0.344,0.481,0.266,0.302,0.005
47289,1576.739,0.98,1,-0.231178,0.423522,-0.875891,-0.401859,0.435916,-0.805287,-0.36,0.473,0.266,0.308,0.004
47290,1576.772,0.98,1,-0.233403,0.41401,-0.87984,-0.420384,0.420695,-0.803923,-0.37,0.46,0.269,0.327,0.003
47291,1576.806,0.98,1,-0.241363,0.406448,-0.881217,-0.434263,0.420552,-0.796587,-0.383,0.458,0.266,0.344,0.005
47292,1576.839,0.98,1,-0.232821,0.417686,-0.878256,-0.431137,0.420348,-0.798392,-0.377,0.464,0.272,0.363,0.008
47293,1576.872,0.98,1,-0.225244,0.429927,-0.874316,-0.444844,0.427985,-0.786729,-0.383,0.477,0.276,0.379,0.01
47294,1576.906,0.98,1,-0.22556,0.428669,-0.874852,-0.445711,0.420613,-0.790206,-0.383,0.472,0.284,0.387,0.011
47295,1576.939,0.98,1,-0.343726,0.335319,-0.877162,-0.46147,0.442301,-0.769036,-0.455,0.441,0.289,0.392,0.01
47296,1576.972,0.98,1,-0.345293,0.344008,-0.873173,-0.501097,0.424336,-0.754215,-0.48,0.441,0.295,0.395,0.006
47297,1577.006,0.98,1,-0.34352,0.348346,-0.872152,-0.495924,0.425155,-0.757168,-0.476,0.443,0.293,0.398,0.003
47298,1577.039,0.98,1,-0.350926,0.347659,-0.869474,-0.504898,0.428005,-0.749593,-0.486,0.447,0.292,0.404,0.0
47299,1577.072,0.98,1,-0.350132,0.343829,-0.871315,-0.50921,0.419884,-0.751268,-0.487,0.44,0.294,0.412,-0.002
47300,1577.106,0.98,1,-0.348828,0.332805,-0.876105,-0.518615,0.414238,-0.747961,-0.491,0.431,0.297,0.422,-0.004
47301,1577.139,0.98,1,-0.355569,0.325273,-0.876224,-0.520584,0.406794,-0.750674,-0.494,0.423,0.294,0.426,-0.004
47302,1577.172,0.98,1,-0.348544,0.331334,-0.876775,-0.518775,0.426104,-0.741153,-0.492,0.438,0.292,0.429,-0.003
47303,1577.206,0.98,1,-0.351709,0.314483,-0.881703,-0.510209,0.431637,-0.743893,-0.488,0.43,0.288,0.425,0.001
47304,1577.239,0.98,1,-0.329757,0.314553,-0.890122,-0.463598,0.470787,-0.750624,-0.45,0.446,0.282,0.423,0.006
47324,1577.906,0.98,1,-0.159893,0.39998,-0.902469,-0.345522,0.379835,-0.858103,-0.28,0.417,0.241,0.28,0.041
47325,1577.939,0.98,1,-0.149446,0.395231,-0.906343,-0.364131,0.388712,-0.846352,-0.285,0.421,0.237,0.294,0.051
47326,1577.973,0.98,1,-0.128463,0.42034,-0.898227,-0.338299,0.424283,-0.839963,-0.262,0.452,0.225,0.297,0.051
47327,1578.006,0.98,1,-0.086831,0.437812,-0.894864,-0.351487,0.450339,-0.820763,-0.25,0.478,0.223,0.309,0.044
47328,1578.039,0.98,1,-0.07954,0.450676,-0.889137,-0.351666,0.426015,-0.833572,-0.245,0.471,0.216,0.308,0.04
47329,1578.073,0.98,1,-0.078512,0.440055,-0.894532,-0.358233,0.420688,-0.833481,-0.248,0.462,0.214,0.309,0.037
47330,1578.106,0.98,1,-0.105003,0.485338,-0.867999,-0.308686,0.482358,-0.819783,-0.24,0.521,0.216,0.305,0.033
47331,1578.139,0.98,1,-0.073646,0.489724,-0.868762,-0.314773,0.473235,-0.82278,-0.226,0.518,0.22,0.308,0.03
47332,1578.173,0.98,1,-0.079191,0.504547,-0.859745,-0.317339,0.474962,-0.820796,-0.232,0.528,0.223,0.309,0.029
47333,1578.206,0.98,1,-0.106334,0.528087,-0.842507,-0.316734,0.477781,-0.819393,-0.249,0.544,0.225,0.313,0.03
47334,1578.239,0.98,1,-0.049159,0.499703,-0.8648,-0.327687,0.475013,-0.816691,-0.22,0.525,0.226,0.314,0.032
47335,1578.273,0.98,1,-0.09316,0.522744,-0.847384,-0.324451,0.474458,-0.818304,-0.246,0.539,0.227,0.318,0.032
47336,1578.306,0.98,1,-0.083258,0.507107,-0.857853,-0.322533,0.47998,-0.815838,-0.238,0.533,0.232,0.321,0.034
47337,1578.339,0.98,1,-0.118459,0.521964,-0.844702,-0.326213,0.473224,-0.818318,-0.261,0.539,0.233,0.322,0.036
47338,1578.373,0.98,1,-0.090665,0.518693,-0.85014,-0.334677,0.468486,-0.817626,-0.25,0.534,0.235,0.323,0.037
47339,1578.406,0.98,1,-0.091535,0.503358,-0.859216,-0.346556,0.436617,-0.830219,-0.254,0.508,0.239,0.327,0.038
47340,1578.439,0.98,1,-0.084297,0.496288,-0.864055,-0.349023,0.429713,-0.832784,-0.25,0.5,0.251,0.334,0.036
47341,1578.473,0.98,1,-0.097351,0.516512,-0.850728,-0.380512,0.469787,-0.796562,-0.282,0.539,0.256,0.342,0.034
47342,1578.506,0.98,1,-0.084317,0.50615,-0.858314,-0.374928,0.444094,-0.813762,-0.268,0.517,0.261,0.343,0.033
47343,1578.539,0.98,1,-0.081938,0.50729,-0.857871,-0.368556,0.436656,-0.820669,-0.262,0.512,0.267,0.344,0.033
47344,1578.573,0.98,1,-0.120155,0.51662,-0.847742,-0.391972,0.483675,-0.78257,-0.304,0.55,0.276,0.347,0.031
47345,1578.606,0.98,1,-0.078356,0.503212,-0.860603,-0.370982,0.437095,-0.819342,-0.261,0.51,0.279,0.338,0.033
47346,1578.639,0.98,1,-0.089607,0.494458,-0.864571,-0.360972,0.434934,-0.824944,-0.261,0.503,0.282,0.335,0.032
47347,1578.673,0.98,1,-0.070331,0.476098,-0.876575,-0.364272,0.454945,-0.812607,-0.252,0.504,0.281,0.328,0.033
47348,1578.706,0.98,1,-0.080443,0.509568,-0.856662,-0.312213,0.54579,-0.777583,-0.236,0.573,0.286,0.309,0.032
47349,1578.74,0.98,1,-0.070263,0.46332,-0.883401,-0.305948,0.443232,-0.84258,-0.215,0.484,0.292,0.308,0.029
47350,1578.773,0.98,1,-0.070127,0.423649,-0.903108,-0.323345,0.439629,-0.837958,-0.222,0.46,0.288,0.298,0.029
47351,1578.806,0.98,1,-0.060646,0.423279,-0.903967,-0.327904,0.431924,-0.840191,-0.219,0.456,0.284,0.289,0.028
47352,1578.84,0.98,1,-0.061133,0.421323,-0.904848,-0.320657,0.427056,-0.84546,-0.215,0.451,0.282,0.28,0.026
47353,1578.873,0.98,1,-0.074409,0.435955,-0.896887,-0.311746,0.425758,-0.849438,-0.218,0.458,0.28,0.264,0.015
47354,1578.906,0.98,1,-0.071434,0.434756,-0.897711,-0.307713,0.430474,-0.848531,-0.214,0.46,0.282,0.26,0.007
47355,1578.94,0.98,1,-0.066397,0.435348,-0.89781,-0.304417,0.424858,-0.852541,-0.209,0.457,0.28,0.254,0.005
47356,1578.973,0.98,1,-0.064571,0.436394,-0.897436,-0.295825,0.437857,-0.848981,-0.204,0.464,0.281,0.248,0.005
47357,1579.006,0.98,1,-0.033428,0.505845,-0.861976,-0.244499,0.512129,-0.823373,-0.163,0.543,0.277,0.24,0.008
47358,1579.04,0.98,1,-0.043569,0.537052,-0.842423,-0.26382,0.542589,-0.797494,-0.185,0.582,0.286,0.234,0.009
47359,1579.073,0.98,1,-0.036452,0.524921,-0.85037,-0.275344,0.533429,-0.799775,-0.187,0.57,0.288,0.236,0.009
47360,1579.106,0.98,1,-0.039737,0.519965,-0.853263,-0.28204,0.525872,-0.802441,-0.192,0.563,0.291,0.237,0.009
47361,1579.14,0.98,1,-0.04199,0.514289,-0.856588,-0.285173,0.526539,-0.800895,-0.195,0.561,0.293,0.238,0.009
47362,1579.173,0.98,1,-0.034183,0.503787,-0.863151,-0.298494,0.521207,-0.799528,-0.197,0.552,0.293,0.236,0.01
47363,1579.206,0.98,1,-0.029644,0.505465,-0.862338,-0.300217,0.511677,-0.805019,-0.195,0.548,0.293,0.232,0.01
47364,1579.24,0.98,1,-0.068627,0.510887,-0.856904,-0.311818,0.495829,-0.810508,-0.224,0.543,0.296,0.231,0.008
47365,1579.273,0.98,1,-0.074217,0.513356,-0.854961,-0.300171,0.50148,-0.811428,-0.221,0.547,0.294,0.234,0.006
47366,1579.306,0.98,1,-0.074206,0.508925,-0.857607,-0.29801,0.506388,-0.809173,-0.22,0.547,0.297,0.237,0.002
47367,1579.34,0.98,1,-0.084795,0.511882,-0.854861,-0.298999,0.511477,-0.8056,-0.227,0.552,0.299,0.244,-0.001
47368,1579.373,0.98,1,-0.064588,0.514884,-0.854824,-0.323034,0.459782,-0.827194,-0.226,0.525,0.306,0.262,0.006
47369,1579.406,0.98,1,-0.119708,0.536329,-0.835477,-0.33334,0.466261,-0.819442,-0.267,0.545,0.311,0.275,0.017
47370,1579.44,0.98,1,-0.122816,0.548796,-0.826885,-0.357448,0.458488,-0.813646,-0.285,0.551,0.321,0.291,0.038
47371,1579.473,0.98,1,-0.115399,0.547275,-0.828959,-0.362676,0.512198,-0.778536,-0.289,0.583,0.337,0.304,0.049
47372,1579.506,0.98,1,-0.110839,0.552873,-0.825861,-0.373826,0.54747,-0.748686,-0.299,0.61,0.353,0.32,0.056
47373,1579.54,0.98,1,-0.111778,0.554513,-0.824634,-0.405928,0.561163,-0.721331,-0.323,0.625,0.361,0.328,0.062
47374,1579.573,0.98,1,-0.118484,0.558309,-0.821129,-0.39837,0.573933,-0.715474,-0.324,0.635,0.363,0.329,0.065
47375,1579.606,0.98,1,-0.118181,0.56036,-0.819774,-0.356169,0.581238,-0.731646,-0.297,0.634,0.366,0.332,0.066
47376,1579.64,0.98,1,-0.101752,0.54276,-0.833701,-0.393835,0.548254,-0.737775,-0.305,0.607,0.381,0.347,0.063
47377,1579.673,0.98,1,-0.093849,0.555862,-0.82596,-0.380902,0.539489,-0.75091,-0.292,0.607,0.384,0.344,0.062
47378,1579.706,0.93,1,-0.065987,0.597918,-0.798837,-0.407154,0.537054,-0.738782,-0.299,0.636,0.404,0.354,0.051
47379,1579.74,0.93,1,-0.054108,0.603632,-0.795425,-0.410882,0.535686,-0.73771,-0.294,0.639,0.415,0.352,0.038
47380,1579.773,0.93,1,-0.030422,0.616181,-0.787016,-0.385238,0.545423,-0.744383,-0.265,0.649,0.423,0.346,0.017
47381,1579.807,0.93,1,-0.022849,0.62817,-0.777741,-0.368806,0.560476,-0.741518,-0.252,0.664,0.432,0.328,-0.002
47382,1579.84,0.93,1,-0.002875,0.632021,-0.774946,-0.329695,0.581316,-0.743891,-0.216,0.674,0.445,0.307,-0.028
47383,1579.873,0.93,1,0.030985,0.637627,-0.769722,-0.300518,0.603522,-0.738546,-0.177,0.689,0.456,0.278,-0.056
47384,1579.907,0.98,1,0.047708,0.60143,-0.7975,-0.258448,0.593431,-0.762263,-0.134,0.654,0.47,0.255,-0.083
47385,1579.94,0.98,1,0.05012,0.576477,-0.815575,-0.244288,0.582667,-0.775127,-0.121,0.63,0.525,0.246,-0.115
47386,1579.973,0.98,1,0.035648,0.59621,-0.802037,-0.252847,0.58493,-0.770665,-0.137,0.644,0.556,0.233,-0.134
47387,1580.007,0.98,1,0.040393,0.602569,-0.797044,-0.232214,0.605581,-0.761149,-0.122,0.66,0.583,0.219,-0.158
47388,1580.04,0.98,1,0.066045,0.602144,-0.795651,-0.223477,0.622787,-0.749796,-0.102,0.67,0.6,0.211,-0.178
47389,1580.073,0.98,1,0.069564,0.61231,-0.787551,-0.206579,0.637969,-0.741836,-0.089,0.685,0.614,0.206,-0.194
47390,1580.107,0.98,1,0.053841,0.61991,-0.782823,-0.177992,0.639975,-0.747496,-0.081,0.689,0.627,0.205,-0.208
47391,1580.14,0.98,1,0.041832,0.626717,-0.778123,-0.179366,0.643124,-0.74446,-0.09,0.695,0.632,0.207,-0.221
47392,1580.173,0.98,1,0.044139,0.612746,-0.789046,-0.185319,0.652148,-0.735092,-0.092,0.693,0.64,0.205,-0.232
47393,1580.207,0.98,1,0.050518,0.613113,-0.788378,-0.18768,0.652685,-0.734015,-0.09,0.694,0.644,0.204,-0.242
47394,1580.24,0.98,1,0.063735,0.615518,-0.785542,-0.200829,0.652305,-0.730866,-0.09,0.696,0.648,0.203,-0.252
47395,1580.273,0.98,1,0.065733,0.614442,-0.786219,-0.200585,0.660616,-0.723431,-0.089,0.701,0.66,0.197,-0.258
47396,1580.307,0.98,1,0.06319,0.625061,-0.778014,-0.193683,0.673773,-0.713104,-0.087,0.717,0.666,0.202,-0.266
47397,1580.34,0.98,1,0.05421,0.621929,-0.781195,-0.198057,0.663802,-0.721208,-0.095,0.708,0.669,0.208,-0.272
47398,1580.373,0.98,1,0.053914,0.628869,-0.77564,-0.18691,0.663989,-0.724005,-0.088,0.711,0.672,0.211,-0.275
47399,1580.407,0.98,1,0.043992,0.637261,-0.769391,-0.166527,0.664674,-0.728339,-0.082,0.716,0.677,0.215,-0.275
47400,1580.44,0.98,1,0.059965,0.639638,-0.766334,-0.180126,0.663993,-0.725719,-0.08,0.718,0.679,0.223,-0.275
47401,1580.473,0.98,1,0.072553,0.612538,-0.787104,-0.193728,0.66562,-0.720707,-0.08,0.703,0.667,0.221,-0.268
47402,1580.507,0.98,1,0.074506,0.624826,-0.777201,-0.186456,0.66606,-0.722217,-0.075,0.711,0.668,0.222,-0.261
47403,1580.54,0.98,1,0.077341,0.629554,-0.773098,-0.185449,0.661108,-0.727011,-0.072,0.71,0.669,0.22,-0.252
47404,1580.573,0.98,1,0.076675,0.64369,-0.761436,-0.162463,0.669218,-0.725088,-0.058,0.723,0.665,0.219,-0.241
47405,1580.607,0.98,1,0.069333,0.638677,-0.766345,-0.170815,0.666062,-0.726074,-0.068,0.718,0.662,0.227,-0.241
47406,1580.64,0.98,1,0.06585,0.640232,-0.765354,-0.183147,0.666167,-0.722965,-0.079,0.72,0.668,0.236,-0.24
47407,1580.673,0.98,1,0.029576,0.646866,-0.76203,-0.217598,0.665449,-0.714023,-0.127,0.727,0.678,0.25,-0.245
47408,1580.707,0.98,1,0.002316,0.65214,-0.758095,-0.216038,0.666632,-0.713393,-0.144,0.731,0.678,0.259,-0.248
47409,1580.74,0.98,1,-0.008185,0.635416,-0.772127,-0.24229,0.652639,-0.717885,-0.167,0.713,0.66,0.27,-0.25
47410,1580.773,0.98,1,-0.003955,0.632889,-0.774233,-0.248997,0.652024,-0.716146,-0.168,0.711,0.653,0.271,-0.247
47411,1580.807,0.98,1,-0.013302,0.638028,-0.769898,-0.255234,0.661042,-0.705605,-0.18,0.722,0.654,0.287,-0.25
47412,1580.84,0.98,1,-0.020369,0.638255,-0.769555,-0.231046,0.665904,-0.709358,-0.168,0.723,0.649,0.296,-0.249
47413,1580.873,0.98,1,0.003877,0.598174,-0.801357,-0.253574,0.664094,-0.703334,-0.164,0.698,0.641,0.3,-0.248
47414,1580.907,0.98,1,0.046272,0.599043,-0.799379,-0.258431,0.653339,-0.711591,-0.14,0.692,0.635,0.294,-0.241
47415,1580.94,0.98,1,0.037896,0.597577,-0.800915,-0.255508,0.648081,-0.717431,-0.142,0.687,0.636,0.291,-0.236
47416,1580.974,0.98,1,0.028384,0.596663,-0.80199,-0.259078,0.641434,-0.722109,-0.15,0.682,0.641,0.282,-0.23
47417,1581.007,0.98,1,0.065328,0.598149,-0.798718,-0.26824,0.634876,-0.724555,-0.132,0.68,0.637,0.269,-0.224
47418,1581.04,0.98,1,0.059662,0.608959,-0.790955,-0.259162,0.643578,-0.720168,-0.131,0.692,0.636,0.261,-0.221
47419,1581.074,0.98,1,0.067076,0.609309,-0.790091,-0.265557,0.641311,-0.719861,-0.131,0.692,0.64,0.254,-0.219
47420,1581.107,0.98,1,0.06376,0.611058,-0.789014,-0.259171,0.658161,-0.706862,-0.13,0.704,0.64,0.253,-0.216
47421,1581.14,0.98,1,0.067839,0.605638,-0.792844,-0.271415,0.651209,-0.708704,-0.135,0.697,0.632,0.251,-0.213
47422,1581.174,0.98,1,0.063126,0.605592,-0.793268,-0.282978,0.64506,-0.709803,-0.145,0.694,0.633,0.255,-0.212
47423,1581.207,0.98,1,0.069408,0.610119,-0.789264,-0.278817,0.649636,-0.707273,-0.139,0.7,0.635,0.258,-0.209
47424,1581.24,0.98,1,0.059017,0.613599,-0.787409,-0.282689,0.647953,-0.707279,-0.149,0.701,0.639,0.263,-0.207
47425,1581.274,0.98,1,0.06047,0.609978,-0.790107,-0.30258,0.636052,-0.709848,-0.16,0.693,0.636,0.265,-0.205
47426,1581.307,0.98,1,0.029798,0.608408,-0.793065,-0.314148,0.629227,-0.710904,-0.187,0.689,0.636,0.27,-0.204
47427,1581.34,0.98,1,0.033265,0.602903,-0.79712,-0.307765,0.619397,-0.722238,-0.179,0.677,0.631,0.271,-0.201
47428,1581.374,0.98,1,0.035915,0.593509,-0.804026,-0.311209,0.633117,-0.70874,-0.18,0.681,0.627,0.272,-0.199
47429,1581.407,0.98,1,0.009049,0.596834,-0.802314,-0.321895,0.627116,-0.709302,-0.204,0.681,0.623,0.274,-0.196
47430,1581.44,0.98,1,-0.003192,0.596823,-0.802366,-0.315443,0.619532,-0.718801,-0.206,0.675,0.627,0.275,-0.195
47431,1581.474,0.98,1,0.000867,0.601143,-0.799141,-0.311735,0.628691,-0.712439,-0.203,0.683,0.632,0.276,-0.192
47432,1581.507,0.98,1,0.000258,0.606785,-0.794866,-0.317475,0.623341,-0.714602,-0.207,0.684,0.635,0.276,-0.188
47433,1581.54,0.98,1,-0.002129,0.605172,-0.796092,-0.319049,0.626254,-0.711346,-0.21,0.685,0.629,0.277,-0.185
47434,1581.574,0.98,1,0.003184,0.619263,-0.785177,-0.324626,0.639619,-0.696782,-0.214,0.704,0.638,0.267,-0.174
47435,1581.607,0.98,1,0.000453,0.670244,-0.742141,-0.299407,0.706168,-0.641625,-0.213,0.783,0.626,0.248,-0.16
47436,1581.64,0.98,1,-0.078955,0.676802,-0.731919,-0.277489,0.719265,-0.636913,-0.255,0.795,0.626,0.251,-0.159
47437,1581.674,0.93,1,-0.11058,0.678939,-0.72582,-0.275814,0.732355,-0.622561,-0.279,0.808,0.619,0.242,-0.15
47438,1581.707,0.93,1,-0.126893,0.681552,-0.720684,-0.269432,0.735784,-0.621312,-0.287,0.813,0.622,0.239,-0.143
47439,1581.74,0.93,1,-0.106921,0.684898,-0.720751,-0.27166,0.740403,-0.61482,-0.276,0.818,0.626,0.233,-0.133
47440,1581.774,0.93,1,-0.102343,0.696587,-0.710136,-0.261811,0.743141,-0.615789,-0.268,0.827,0.627,0.221,-0.116
47441,1581.807,0.93,1,-0.101753,0.681071,-0.725113,-0.273145,0.731484,-0.624758,-0.271,0.808,0.628,0.217,-0.106
47442,1581.84,0.93,1,0.00534,0.687701,-0.725975,-0.253648,0.765244,-0.591663,-0.186,0.834,0.639,0.206,-0.12
47443,1581.874,0.88,1,0.018707,0.666962,-0.744857,-0.252449,0.770504,-0.585314,-0.174,0.824,0.64,0.218,-0.131
47444,1581.907,0.93,1,-0.064553,0.692638,-0.718391,-0.242218,0.726793,-0.64273,-0.222,0.806,0.622,0.23,-0.108
47445,1581.94,0.93,1,-0.094397,0.668764,-0.737458,-0.272556,0.671593,-0.688967,-0.252,0.754,0.611,0.235,-0.092
47446,1581.974,0.98,1,-0.149133,0.494175,-0.856475,-0.352216,0.601433,-0.717093,-0.308,0.608,0.61,0.244,-0.082
47447,1582.007,0.98,1,-0.150761,0.45989,-0.875084,-0.36318,0.537683,-0.760919,-0.304,0.548,0.59,0.25,-0.072
47448,1582.041,0.98,1,-0.203206,0.379543,-0.902582,-0.381887,0.503505,-0.775013,-0.336,0.485,0.571,0.253,-0.067
47449,1582.074,0.98,1,-0.192286,0.371128,-0.908455,-0.372063,0.469548,-0.800684,-0.319,0.457,0.559,0.256,-0.067
47450,1582.107,0.98,1,-0.199819,0.371876,-0.906521,-0.375738,0.478339,-0.793733,-0.326,0.464,0.548,0.257,-0.066
47451,1582.141,0.98,1,-0.203212,0.365143,-0.908502,-0.388583,0.481256,-0.785745,-0.336,0.463,0.542,0.261,-0.068
47452,1582.174,0.98,1,-0.137233,0.430136,-0.892272,-0.421266,0.454488,-0.784841,-0.321,0.485,0.548,0.27,-0.071
47453,1582.207,0.98,1,-0.158236,0.363617,-0.918011,-0.429589,0.421038,-0.798862,-0.33,0.429,0.543,0.279,-0.069
47454,1582.241,0.98,1,-0.15232,0.384597,-0.910431,-0.444213,0.412624,-0.795246,-0.336,0.437,0.54,0.29,-0.067
47455,1582.274,0.98,1,-0.16323,0.375612,-0.912289,-0.442667,0.382635,-0.810948,-0.338,0.415,0.531,0.302,-0.064
47456,1582.307,0.98,1,-0.165257,0.386685,-0.907284,-0.43011,0.364904,-0.825742,-0.331,0.409,0.527,0.308,-0.06
47457,1582.341,0.98,1,-0.170638,0.39575,-0.902366,-0.429969,0.37695,-0.820388,-0.335,0.422,0.517,0.315,-0.057
47458,1582.374,0.98,1,-0.243264,0.357022,-0.901864,-0.42212,0.480523,-0.768708,-0.379,0.465,0.5,0.317,-0.051
47459,1582.407,0.98,1,-0.301884,0.435671,-0.847972,-0.379713,0.621959,-0.684825,-0.418,0.604,0.507,0.328,-0.053
47460,1582.441,0.98,1,-0.177575,0.625882,-0.759433,-0.402206,0.577682,-0.710292,-0.376,0.686,0.54,0.368,-0.061
47461,1582.474,0.98,1,-0.176008,0.62806,-0.757999,-0.391106,0.551221,-0.737015,-0.363,0.668,0.556,0.38,-0.058
47462,1582.507,0.98,1,-0.153821,0.625284,-0.765087,-0.389138,0.553394,-0.736428,-0.347,0.666,0.557,0.388,-0.056
47463,1582.541,0.98,1,-0.154012,0.620434,-0.768988,-0.400179,0.539529,-0.740787,-0.352,0.655,0.547,0.4,-0.051
47464,1582.574,0.98,1,-0.148847,0.621027,-0.769526,-0.416895,0.529473,-0.738821,-0.359,0.652,0.544,0.413,-0.048
47465,1582.607,0.98,1,-0.161544,0.599919,-0.783582,-0.431458,0.520166,-0.737069,-0.372,0.635,0.535,0.428,-0.048
47466,1582.641,0.98,1,-0.154694,0.597142,-0.787077,-0.438736,0.52757,-0.727448,-0.373,0.639,0.536,0.435,-0.047
47467,1582.674,0.98,1,-0.16096,0.600205,-0.783483,-0.422257,0.538445,-0.729229,-0.368,0.645,0.534,0.44,-0.045
47468,1582.707,0.98,1,-0.165332,0.602747,-0.780616,-0.443909,0.532221,-0.720893,-0.385,0.647,0.534,0.443,-0.043
47469,1582.741,0.98,1,-0.170041,0.599595,-0.78203,-0.444769,0.527171,-0.724066,-0.388,0.642,0.533,0.447,-0.04
47470,1582.774,0.98,1,-0.183034,0.600878,-0.778103,-0.43561,0.524938,-0.731221,-0.389,0.641,0.536,0.451,-0.039
47471,1582.807,0.98,1,-0.169101,0.600354,-0.781652,-0.444505,0.523122,-0.727158,-0.386,0.64,0.536,0.452,-0.035
47472,1582.841,0.98,1,-0.178208,0.60548,-0.775652,-0.437249,0.525931,-0.729527,-0.388,0.645,0.545,0.454,-0.034
47473,1582.874,0.98,1,-0.179834,0.602975,-0.777226,-0.443464,0.522815,-0.728014,-0.393,0.642,0.548,0.456,-0.03
47474,1582.907,0.98,1,-0.160548,0.614235,-0.772618,-0.442077,0.530545,-0.723249,-0.383,0.653,0.55,0.456,-0.025
47475,1582.941,0.98,1,-0.172462,0.612291,-0.771594,-0.453211,0.52462,-0.720676,-0.397,0.651,0.556,0.461,-0.022
47476,1582.974,0.98,1,-0.174162,0.61292,-0.770712,-0.462825,0.526021,-0.713508,-0.405,0.655,0.555,0.463,-0.017
47477,1583.007,0.98,1,-0.166634,0.614362,-0.771228,-0.457215,0.541884,-0.705206,-0.4,0.664,0.558,0.461,-0.011
47478,1583.041,0.98,1,-0.156626,0.62067,-0.768269,-0.462718,0.53467,-0.707121,-0.397,0.664,0.563,0.463,-0.009
47479,1583.074,0.98,1,-0.159769,0.622242,-0.766347,-0.461765,0.53855,-0.704796,-0.4,0.668,0.569,0.459,-0.007
47480,1583.108,0.98,1,-0.17423,0.614871,-0.769141,-0.459247,0.540134,-0.705228,-0.406,0.665,0.565,0.453,-0.001
47481,1583.141,0.98,1,-0.190571,0.614875,-0.765252,-0.46538,0.546747,-0.696053,-0.422,0.672,0.564,0.451,-0.001
47482,1583.174,0.98,1,-0.188141,0.619635,-0.762008,-0.468526,0.552358,-0.689481,-0.425,0.679,0.56,0.444,0.001
47483,1583.208,0.98,1,-0.234604,0.656529,-0.716889,-0.385782,0.637411,-0.666993,-0.421,0.752,0.523,0.405,0.015
47484,1583.241,0.98,1,-0.190288,0.598511,-0.778187,-0.391383,0.619153,-0.680786,-0.379,0.695,0.525,0.396,0.012
47485,1583.274,0.98,1,-0.184861,0.585707,-0.78916,-0.381222,0.595035,-0.707533,-0.362,0.668,0.524,0.377,0.009
47486,1583.308,0.98,1,-0.197942,0.58136,-0.789202,-0.369867,0.588225,-0.71916,-0.36,0.66,0.52,0.357,0.006
47487,1583.341,0.98,1,-0.163161,0.577374,-0.800011,-0.366306,0.582594,-0.725537,-0.334,0.65,0.515,0.341,0.003
47488,1583.374,0.98,1,-0.117416,0.587157,-0.800912,-0.363074,0.577062,-0.731558,-0.304,0.65,0.51,0.331,0.0
47489,1583.408,0.98,1,-0.106052,0.591267,-0.799472,-0.354126,0.574616,-0.737842,-0.291,0.649,0.506,0.324,-0.002
47490,1583.441,0.98,1,-0.112949,0.582582,-0.804886,-0.351242,0.573971,-0.73972,-0.292,0.643,0.501,0.316,-0.004
47491,1583.474,0.98,1,-0.113369,0.586513,-0.801966,-0.348749,0.582011,-0.7346,-0.292,0.65,0.503,0.311,-0.009
47492,1583.508,0.98,1,-0.103582,0.584337,-0.804873,-0.344575,0.57873,-0.739147,-0.282,0.646,0.498,0.3,-0.009
47493,1583.541,0.93,1,-0.100144,0.584127,-0.805461,-0.343923,0.577937,-0.740072,-0.28,0.645,0.494,0.287,-0.01
47494,1583.574,0.98,1,-0.115899,0.573093,-0.811253,-0.350749,0.588779,-0.728227,-0.294,0.647,0.491,0.272,-0.027
47495,1583.608,0.98,1,-0.045139,0.587458,-0.807995,-0.315324,0.566875,-0.761068,-0.226,0.634,0.484,0.254,-0.037
47496,1583.641,0.98,1,0.042531,0.531277,-0.84613,-0.198434,0.578268,-0.791347,-0.095,0.596,0.486,0.211,-0.042
47497,1583.674,0.98,1,0.130209,0.510961,-0.849685,-0.130637,0.581843,-0.802741,-0.0,0.584,0.472,0.146,-0.042
47498,1583.708,0.93,1,0.221418,0.521426,-0.824069,-0.076814,0.578698,-0.811916,0.088,0.592,0.472,0.085,-0.046
47499,1583.741,0.93,1,0.235476,0.5526,-0.79949,-0.028834,0.565709,-0.824101,0.127,0.603,0.46,0.032,-0.04
47500,1583.774,0.98,1,0.309761,0.568832,-0.761891,0.042108,0.521685,-0.852098,0.215,0.594,0.458,-0.038,-0.036
47501,1583.808,0.98,1,0.360672,0.543502,-0.757972,0.092916,0.493847,-0.86457,0.273,0.569,0.417,-0.065,-0.035
47502,1583.841,0.98,1,0.362187,0.503645,-0.784323,0.085481,0.469653,-0.878703,0.263,0.53,0.395,-0.071,-0.04
47503,1583.874,0.98,1,0.351958,0.489665,-0.797718,0.088367,0.460737,-0.883127,0.256,0.515,0.381,-0.073,-0.047
47504,1583.908,0.98,1,0.357265,0.485725,-0.797767,0.091249,0.451938,-0.88737,0.26,0.508,0.365,-0.081,-0.048
47505,1583.941,0.98,1,0.35943,0.488363,-0.79518,0.087167,0.451784,-0.887859,0.259,0.509,0.357,-0.085,-0.049
47506,1583.974,0.98,1,0.321564,0.484155,-0.813751,0.051611,0.444643,-0.89422,0.215,0.498,0.355,-0.087,-0.051
47507,1584.008,0.98,1,0.315823,0.47597,-0.820797,0.052413,0.437007,-0.89793,0.211,0.488,0.349,-0.084,-0.053
47508,1584.041,0.98,1,0.322679,0.473452,-0.819587,0.055541,0.435993,-0.898234,0.217,0.487,0.344,-0.08,-0.057
47509,1584.074,0.98,1,0.325066,0.469757,-0.820768,0.051301,0.439776,-0.896641,0.216,0.487,0.341,-0.077,-0.06
47510,1584.108,0.98,1,0.331334,0.468007,-0.81926,0.062777,0.437643,-0.896955,0.226,0.486,0.338,-0.075,-0.065
47511,1584.141,0.98,1,0.319671,0.466667,-0.824641,0.065063,0.437836,-0.896697,0.22,0.484,0.338,-0.076,-0.07
47512,1584.174,0.98,1,0.31172,0.455973,-0.833618,0.067308,0.431996,-0.89936,0.215,0.474,0.338,-0.075,-0.075
47513,1584.208,0.98,1,0.302019,0.449431,-0.840712,0.070205,0.430034,-0.900079,0.211,0.468,0.337,-0.078,-0.081
47514,1584.241,0.98,1,0.294582,0.447111,-0.844579,0.070806,0.430882,-0.899626,0.207,0.466,0.338,-0.077,-0.086
47515,1584.275,0.98,1,0.301113,0.440049,-0.845983,0.06586,0.433919,-0.898542,0.207,0.464,0.331,-0.078,-0.09
47516,1584.308,0.98,1,0.308089,0.44393,-0.841432,0.082556,0.425478,-0.901195,0.221,0.463,0.328,-0.08,-0.094
47517,1584.341,0.98,1,0.345914,0.444851,-0.826106,0.096593,0.417881,-0.903352,0.25,0.463,0.322,-0.085,-0.094
47518,1584.375,0.98,1,0.388989,0.42716,-0.816224,0.111639,0.400717,-0.909375,0.282,0.447,0.319,-0.094,-0.091
47519,1584.408,0.98,1,0.389582,0.410276,-0.82456,0.124577,0.395283,-0.910072,0.288,0.435,0.313,-0.106,-0.088
47520,1584.441,0.98,1,0.398881,0.411608,-0.819434,0.128937,0.400213,-0.907306,0.297,0.439,0.311,-0.12,-0.088
47521,1584.475,0.98,1,0.40437,0.398701,-0.823117,0.136077,0.393355,-0.909261,0.302,0.429,0.308,-0.135,-0.087
47522,1584.508,0.98,1,0.407556,0.406419,-0.817754,0.145623,0.402023,-0.903975,0.311,0.439,0.306,-0.149,-0.089
47523,1584.541,0.98,1,0.409374,0.42176,-0.809031,0.14598,0.404379,-0.902866,0.314,0.45,0.307,-0.16,-0.092
47524,1584.575,0.98,1,0.421655,0.429359,-0.79866,0.155055,0.396058,-0.905039,0.326,0.451,0.304,-0.167,-0.093
47525,1584.608,0.98,1,0.422341,0.473912,-0.772681,0.144003,0.487415,-0.861214,0.334,0.532,0.297,-0.175,-0.092
47526,1584.641,0.98,1,0.410266,0.475869,-0.777966,0.138135,0.515087,-0.845934,0.326,0.548,0.302,-0.174,-0.091
47527,1584.675,0.98,1,0.399193,0.477079,-0.782969,0.142126,0.517945,-0.843524,0.321,0.549,0.305,-0.175,-0.089
47528,1584.708,0.98,1,0.394362,0.486756,-0.779453,0.138312,0.523164,-0.840933,0.318,0.557,0.31,-0.173,-0.086
47529,1584.741,0.98,1,0.388529,0.485848,-0.782942,0.142808,0.520983,-0.841536,0.316,0.555,0.312,-0.173,-0.084
47530,1584.775,0.98,1,0.387586,0.487485,-0.782391,0.1472,0.522051,-0.840116,0.318,0.557,0.312,-0.173,-0.083
47531,1584.808,0.98,1,0.38717,0.485979,-0.783533,0.143657,0.517954,-0.843259,0.315,0.553,0.311,-0.173,-0.081
47532,1584.841,0.98,1,0.389187,0.491893,-0.778829,0.147167,0.521874,-0.840232,0.32,0.559,0.31,-0.175,-0.079
47533,1584.875,0.98,1,0.387931,0.494945,-0.777521,0.142858,0.524106,-0.839586,0.317,0.562,0.312,-0.175,-0.08
47534,1584.908,0.98,1,0.390639,0.491265,-0.778498,0.146788,0.521605,-0.840465,0.321,0.559,0.314,-0.171,-0.079
47535,1584.941,0.98,1,0.33686,0.555198,-0.760448,0.072784,0.567673,-0.82003,0.254,0.618,0.316,-0.157,-0.08
47536,1584.975,0.98,1,0.17789,0.587074,-0.789746,-0.027275,0.560408,-0.827768,0.093,0.617,0.316,-0.128,-0.085
47537,1585.008,0.98,1,0.080536,0.580457,-0.810299,-0.111564,0.453517,-0.884238,-0.018,0.548,0.329,-0.072,-0.082
47538,1585.041,0.98,1,-0.053345,0.567865,-0.821391,-0.166749,0.45275,-0.875907,-0.129,0.541,0.341,0.024,-0.082
47539,1585.075,0.93,1,-0.015716,0.471872,-0.881527,-0.27525,0.478018,-0.834108,-0.168,0.506,0.346,0.083,-0.077
47540,1585.108,0.82,1,-0.164277,0.438078,-0.883799,-0.291544,0.542593,-0.787779,-0.266,0.531,0.318,0.089,-0.082
47541,1585.141,0.82,1,-0.173542,0.447412,-0.877329,-0.286483,0.470753,-0.834457,-0.263,0.492,0.303,0.087,-0.111
47542,1585.175,0.88,1,-0.184043,0.448294,-0.874735,-0.317547,0.461163,-0.828549,-0.286,0.49,0.292,0.105,-0.154
47543,1585.208,0.88,1,-0.181477,0.424864,-0.88688,-0.314292,0.481526,-0.81814,-0.283,0.489,0.284,0.126,-0.197
47544,1585.241,0.88,1,-0.22093,0.340981,-0.91374,-0.295315,0.47953,-0.826341,-0.288,0.441,0.294,0.146,-0.231
47545,1585.275,0.88,1,-0.228883,0.318959,-0.919716,-0.280445,0.496133,-0.821707,-0.285,0.438,0.323,0.169,-0.256
47546,1585.308,0.88,1,-0.109435,0.306137,-0.945677,-0.276678,0.530845,-0.801032,-0.218,0.447,0.416,0.209,-0.279
47547,1585.342,0.88,1,-0.10785,0.367795,-0.923632,-0.303457,0.575437,-0.759464,-0.24,0.511,0.497,0.25,-0.274
47548,1585.375,0.88,1,-0.114048,0.395665,-0.911286,-0.313783,0.578443,-0.752957,-0.252,0.53,0.541,0.277,-0.272
47549,1585.408,0.88,1,-0.133762,0.421306,-0.897,-0.324891,0.580361,-0.746744,-0.272,0.547,0.556,0.296,-0.262
47550,1585.442,0.88,1,-0.128444,0.409992,-0.903,-0.316619,0.572151,-0.756568,-0.262,0.534,0.492,0.304,-0.239
47551,1585.475,0.88,1,-0.128186,0.401887,-0.906672,-0.360278,0.56633,-0.741263,-0.288,0.531,0.434,0.358,-0.222
47552,1585.508,0.88,1,-0.196486,0.37166,-0.907338,-0.426281,0.578661,-0.695296,-0.371,0.535,0.42,0.434,-0.213
47553,1585.542,0.88,1,-0.325041,0.47756,-0.816263,-0.571268,0.554626,-0.605015,-0.563,0.628,0.365,0.591,-0.03
47554,1585.575,0.88,1,-0.375413,0.464337,-0.802157,-0.579024,0.555794,-0.59651,-0.599,0.63,0.366,0.599,-0.03
47555,1585.608,0.88,1,-0.372075,0.492293,-0.786898,-0.55358,0.55644,-0.619616,-0.582,0.641,0.369,0.605,-0.026
47556,1585.642,0.88,1,-0.410542,0.417317,-0.810742,-0.581951,0.469721,-0.663849,-0.592,0.542,0.405,0.639,-0.032
47557,1585.675,0.93,1,-0.349133,0.411903,-0.84169,-0.517199,0.483904,-0.705934,-0.51,0.525,0.393,0.626,-0.034
47558,1585.708,0.93,1,-0.382583,0.461775,-0.800246,-0.526489,0.54001,-0.656658,-0.558,0.602,0.412,0.626,-0.036
47559,1585.742,0.98,1,-0.353756,0.479672,-0.802977,-0.506253,0.576126,-0.641706,-0.537,0.631,0.426,0.616,-0.036
47560,1585.775,0.88,1,-0.202184,0.506513,-0.838192,-0.493199,0.598723,-0.631098,-0.442,0.645,0.43,0.638,-0.025
47561,1585.808,0.88,1,-0.134848,0.502862,-0.853783,-0.577521,0.454809,-0.677952,-0.435,0.559,0.416,0.627,-0.003
47562,1585.842,0.88,1,-0.120918,0.572251,-0.811115,-0.390769,0.401594,-0.828264,-0.303,0.536,0.429,0.585,0.003
47563,1585.875,0.93,1,-0.120631,0.593745,-0.795559,-0.40485,0.56806,-0.716522,-0.334,0.655,0.415,0.495,0.004
47564,1585.908,0.98,1,-0.189565,0.603344,-0.774624,-0.37639,0.599076,-0.70671,-0.365,0.682,0.429,0.378,0.003
47565,1585.942,0.98,1,-0.1997,0.584372,-0.78653,-0.375787,0.591958,-0.713,-0.366,0.665,0.423,0.368,0.006
47566,1585.975,0.98,1,-0.213958,0.583657,-0.783305,-0.386554,0.593579,-0.705861,-0.383,0.669,0.423,0.371,0.007
47567,1586.008,0.98,1,-0.224495,0.580306,-0.782845,-0.399538,0.594221,-0.698048,-0.399,0.671,0.421,0.376,0.006
47568,1586.042,0.98,1,-0.237971,0.57726,-0.781115,-0.410859,0.606497,-0.680703,-0.418,0.681,0.417,0.381,0.009
47569,1586.075,0.98,1,-0.230467,0.57761,-0.783104,-0.412178,0.594797,-0.690164,-0.411,0.672,0.414,0.386,0.009
47570,1586.108,0.98,1,-0.23831,0.574056,-0.78337,-0.423823,0.588454,-0.688546,-0.423,0.668,0.409,0.388,0.012
47571,1586.142,0.98,1,-0.239426,0.562501,-0.791371,-0.431116,0.586789,-0.685432,-0.426,0.661,0.403,0.386,0.018
47572,1586.175,0.98,1,-0.243044,0.546146,-0.801657,-0.413278,0.563601,-0.715231,-0.408,0.632,0.4,0.385,0.026
47573,1586.208,0.98,1,-0.282727,0.342879,-0.895823,-0.399951,0.466143,-0.789145,-0.385,0.448,0.393,0.38,0.039
47574,1586.242,0.98,1,-0.259807,0.255287,-0.931305,-0.402153,0.477982,-0.780901,-0.369,0.405,0.393,0.365,0.052
47579,1586.408,0.98,1,-0.056346,0.43521,-0.898564,-0.312871,0.512789,-0.799474,-0.214,0.509,0.368,0.287,0.052
47580,1586.442,0.98,1,-0.025506,0.399456,-0.916398,-0.253514,0.526039,-0.811797,-0.16,0.492,0.368,0.254,0.056
47581,1586.475,0.98,1,-0.023211,0.422686,-0.905979,-0.207347,0.39442,-0.895232,-0.127,0.426,0.369,0.217,0.06
47582,1586.509,0.98,1,-0.012154,0.449145,-0.893376,-0.181151,0.393178,-0.901441,-0.107,0.439,0.369,0.179,0.071
47583,1586.542,0.98,1,0.00312,0.47583,-0.879532,-0.167563,0.386233,-0.907054,-0.092,0.45,0.353,0.145,0.088
47584,1586.575,0.98,1,0.017281,0.411909,-0.911061,-0.163542,0.343593,-0.924769,-0.08,0.39,0.334,0.122,0.108
47585,1586.609,0.98,1,0.045401,0.430305,-0.901541,-0.159466,0.379333,-0.911415,-0.063,0.42,0.317,0.102,0.123
47586,1586.642,0.98,1,0.075111,0.445061,-0.892345,-0.151068,0.359853,-0.920698,-0.042,0.418,0.315,0.103,0.12
47587,1586.675,0.98,1,0.029757,0.489302,-0.871607,-0.175077,0.384232,-0.906484,-0.082,0.457,0.308,0.098,0.121
47588,1586.709,0.98,1,0.011843,0.501039,-0.865343,-0.182735,0.365564,-0.912672,-0.096,0.454,0.305,0.1,0.117
47589,1586.742,0.98,1,-0.008328,0.498093,-0.867084,-0.188983,0.388202,-0.90199,-0.111,0.464,0.3,0.105,0.114
47590,1586.775,0.98,1,-0.009222,0.483201,-0.875461,-0.194312,0.401141,-0.895169,-0.114,0.463,0.298,0.107,0.117
47591,1586.809,0.98,1,0.027449,0.494593,-0.868691,-0.189275,0.368244,-0.910259,-0.091,0.452,0.307,0.102,0.119
47592,1586.842,0.98,1,0.037119,0.503022,-0.863476,-0.193516,0.362713,-0.911587,-0.088,0.454,0.317,0.103,0.118
47593,1586.875,0.98,1,0.015965,0.505559,-0.862644,-0.199252,0.366933,-0.908658,-0.103,0.458,0.31,0.111,0.121
47594,1586.909,0.98,1,-0.014374,0.502247,-0.864605,-0.213759,0.385274,-0.897703,-0.129,0.467,0.301,0.116,0.13
47595,1586.942,0.98,1,-0.008575,0.503562,-0.863917,-0.221364,0.389301,-0.894116,-0.13,0.47,0.303,0.116,0.135
47596,1586.975,0.98,1,-0.005353,0.507607,-0.861572,-0.22995,0.393367,-0.890161,-0.134,0.475,0.308,0.118,0.14
47597,1587.009,0.98,1,0.001448,0.515375,-0.856964,-0.228395,0.391344,-0.891451,-0.129,0.478,0.309,0.117,0.145
47598,1587.042,0.98,1,0.011167,0.513315,-0.858128,-0.2349,0.384385,-0.892788,-0.127,0.474,0.313,0.118,0.149
47599,1587.075,0.98,1,-0.002253,0.51663,-0.856206,-0.238799,0.385051,-0.891466,-0.137,0.476,0.315,0.122,0.152
47600,1587.109,0.98,1,0.000304,0.511706,-0.859161,-0.235273,0.373593,-0.89726,-0.133,0.467,0.318,0.124,0.154
47601,1587.142,0.98,1,-0.012564,0.52067,-0.853666,-0.240204,0.380691,-0.892959,-0.144,0.476,0.322,0.127,0.156
47602,1587.175,0.98,1,-0.009633,0.521807,-0.853009,-0.244457,0.373109,-0.895003,-0.144,0.473,0.326,0.131,0.156
47603,1587.209,0.98,1,-0.009953,0.521256,-0.853343,-0.24294,0.373517,-0.895246,-0.144,0.473,0.328,0.132,0.157
47604,1587.242,0.98,1,-0.012694,0.520097,-0.854013,-0.245175,0.378462,-0.892556,-0.147,0.475,0.334,0.135,0.156
47605,1587.275,0.98,1,-0.012471,0.521755,-0.853004,-0.241959,0.383125,-0.891443,-0.145,0.479,0.334,0.134,0.158
47606,1587.309,0.98,1,-0.019913,0.524846,-0.850964,-0.245566,0.389398,-0.887731,-0.152,0.484,0.337,0.136,0.156
47607,1587.342,0.98,1,-0.024358,0.527018,-0.849505,-0.246763,0.391002,-0.886693,-0.155,0.486,0.34,0.137,0.154
47608,1587.375,0.98,1,-0.033304,0.528628,-0.8482,-0.246812,0.397778,-0.883661,-0.16,0.491,0.341,0.139,0.152
47609,1587.409,0.98,1,-0.093169,0.54773,-0.831451,-0.264153,0.443321,-0.856557,-0.209,0.531,0.344,0.149,0.148
47610,1587.442,0.98,1,-0.16528,0.584046,-0.794716,-0.346523,0.507965,-0.788602,-0.313,0.604,0.339,0.151,0.146
47611,1587.475,0.98,1,-0.232082,0.545816,-0.805123,-0.366205,0.479992,-0.797183,-0.357,0.569,0.322,0.181,0.147
47612,1587.509,0.98,1,-0.240173,0.550838,-0.799309,-0.390104,0.474695,-0.788976,-0.378,0.573,0.32,0.214,0.152
47613,1587.542,0.98,1,-0.252536,0.5534,-0.793709,-0.424158,0.471844,-0.772951,-0.408,0.579,0.324,0.258,0.149
47614,1587.576,0.98,1,-0.237802,0.561353,-0.792675,-0.443775,0.486143,-0.752814,-0.415,0.596,0.328,0.297,0.148
47615,1587.609,0.98,1,-0.251409,0.556322,-0.792022,-0.461904,0.495082,-0.735893,-0.437,0.603,0.335,0.327,0.145
47616,1587.642,0.98,1,-0.257931,0.545535,-0.79741,-0.491347,0.499239,-0.71368,-0.46,0.605,0.338,0.344,0.144
47617,1587.676,0.98,1,-0.260884,0.537463,-0.801918,-0.467929,0.504743,-0.72545,-0.445,0.599,0.34,0.358,0.137
47618,1587.709,0.98,1,-0.276012,0.537054,-0.797114,-0.475472,0.509882,-0.716901,-0.461,0.605,0.34,0.363,0.132
47619,1587.742,0.98,1,-0.284624,0.537102,-0.794047,-0.473939,0.518699,-0.711571,-0.467,0.612,0.339,0.371,0.121
47620,1587.776,0.98,1,-0.286236,0.534939,-0.794927,-0.457101,0.527349,-0.716214,-0.457,0.613,0.341,0.369,0.113
47621,1587.809,0.98,1,-0.287214,0.535627,-0.794111,-0.446545,0.530508,-0.720527,-0.451,0.613,0.342,0.367,0.107
47622,1587.842,0.98,1,-0.278191,0.548513,-0.788507,-0.460139,0.533469,-0.709706,-0.458,0.625,0.346,0.366,0.103
47623,1587.876,0.98,1,-0.274643,0.54829,-0.789905,-0.450103,0.540622,-0.710729,-0.45,0.628,0.351,0.366,0.098
47624,1587.909,0.98,1,-0.274447,0.546497,-0.791214,-0.453079,0.541504,-0.708161,-0.452,0.628,0.357,0.368,0.094
47625,1587.942,0.98,1,-0.278234,0.540252,-0.794175,-0.448018,0.54008,-0.712456,-0.449,0.622,0.361,0.366,0.09
47626,1587.976,0.98,1,-0.276889,0.532957,-0.799556,-0.435691,0.526095,-0.730341,-0.436,0.605,0.358,0.358,0.09
47627,1588.009,0.98,1,-0.280775,0.530198,-0.800035,-0.436928,0.52742,-0.728644,-0.439,0.605,0.361,0.357,0.088
47628,1588.042,0.98,1,-0.268149,0.523079,-0.809003,-0.430119,0.519518,-0.738308,-0.424,0.593,0.361,0.355,0.086
47629,1588.076,0.98,1,-0.267363,0.510247,-0.817413,-0.4206,0.503886,-0.75445,-0.413,0.573,0.365,0.354,0.085
47630,1588.109,0.98,1,-0.261451,0.510196,-0.819356,-0.419982,0.501199,-0.756581,-0.408,0.571,0.365,0.351,0.084
47631,1588.142,0.98,1,-0.272699,0.503988,-0.819531,-0.412201,0.497279,-0.763416,-0.408,0.564,0.367,0.347,0.084
47632,1588.176,0.98,1,-0.273816,0.505551,-0.818195,-0.414557,0.503344,-0.758147,-0.412,0.569,0.373,0.348,0.082
47633,1588.209,0.98,1,-0.27475,0.501858,-0.820153,-0.416708,0.507981,-0.753863,-0.414,0.57,0.377,0.347,0.081
47634,1588.242,0.98,1,-0.263892,0.506297,-0.82099,-0.414468,0.507552,-0.755386,-0.406,0.572,0.381,0.346,0.081
47635,1588.276,0.98,1,-0.265421,0.509809,-0.818319,-0.416397,0.505792,-0.755505,-0.409,0.573,0.389,0.347,0.079
47636,1588.309,0.98,1,-0.262038,0.514034,-0.816765,-0.416386,0.505778,-0.755521,-0.407,0.575,0.392,0.346,0.079
47637,1588.342,0.98,1,-0.269458,0.514765,-0.813886,-0.418239,0.507365,-0.75343,-0.413,0.578,0.394,0.346,0.079
47638,1588.376,0.98,1,-0.271797,0.528675,-0.804132,-0.4354,0.523241,-0.732561,-0.431,0.6,0.402,0.347,0.077
47639,1588.409,0.98,1,-0.39484,0.532002,-0.74905,-0.476158,0.544149,-0.690779,-0.544,0.642,0.408,0.36,0.071
47640,1588.442,0.98,1,-0.407237,0.515558,-0.753895,-0.494291,0.543507,-0.678437,-0.562,0.637,0.415,0.386,0.062
47641,1588.476,0.98,1,-0.406064,0.511457,-0.757313,-0.546085,0.53247,-0.646736,-0.596,0.639,0.421,0.437,0.052
47642,1588.509,0.98,1,-0.404353,0.52608,-0.748157,-0.571741,0.553596,-0.605511,-0.625,0.673,0.445,0.488,0.036
47643,1588.542,0.98,1,-0.408025,0.534893,-0.739868,-0.585819,0.561231,-0.584668,-0.644,0.691,0.453,0.516,0.029
47644,1588.576,0.98,1,-0.400276,0.517562,-0.756246,-0.611271,0.550974,-0.568132,-0.652,0.679,0.454,0.528,0.026
47645,1588.609,0.98,1,-0.404225,0.411999,-0.816614,-0.620278,0.535339,-0.573295,-0.635,0.598,0.446,0.525,0.028
47646,1588.642,0.98,1,-0.425794,0.428863,-0.796728,-0.623434,0.526314,-0.578207,-0.652,0.607,0.449,0.525,0.026
47647,1588.676,0.98,1,-0.403617,0.441851,-0.801162,-0.614435,0.515181,-0.597544,-0.629,0.6,0.443,0.516,0.025
47648,1588.709,0.98,1,-0.379777,0.453189,-0.806467,-0.599819,0.49634,-0.627585,-0.599,0.585,0.442,0.508,0.025
47649,1588.743,0.98,1,-0.345816,0.488404,-0.80117,-0.589965,0.494234,-0.638494,-0.576,0.599,0.439,0.501,0.027
47650,1588.776,0.98,1,-0.337024,0.492008,-0.80271,-0.590532,0.488053,-0.64271,-0.571,0.596,0.438,0.499,0.027
47651,1588.809,0.98,1,-0.339658,0.49362,-0.800607,-0.581941,0.485542,-0.652375,-0.565,0.593,0.436,0.494,0.028
47652,1588.843,0.98,1,-0.444302,0.385471,-0.808708,-0.578773,0.44864,-0.680987,-0.602,0.51,0.444,0.505,0.028
47653,1588.876,0.98,1,-0.406366,0.307699,-0.860342,-0.564354,0.370842,-0.737551,-0.546,0.402,0.445,0.502,0.027
47691,1590.143,0.98,1,-0.339473,0.425922,-0.838659,-0.424517,0.536227,-0.729552,-0.453,0.55,0.272,0.383,0.109
47692,1590.176,0.98,1,-0.298182,0.486643,-0.821137,-0.462038,0.511283,-0.724645,-0.457,0.573,0.271,0.431,0.114
47693,1590.21,0.98,1,-0.360242,0.414457,-0.835734,-0.474129,0.509842,-0.717818,-0.493,0.537,0.278,0.456,0.112
47694,1590.243,0.93,1,-0.415311,0.335896,-0.845394,-0.496589,0.501636,-0.70835,-0.531,0.494,0.266,0.489,0.118
47695,1590.276,0.98,1,-0.426307,0.305413,-0.851461,-0.50734,0.50343,-0.699403,-0.542,0.481,0.261,0.515,0.115
47696,1590.31,0.98,1,-0.426034,0.295185,-0.855196,-0.513361,0.493753,-0.701904,-0.543,0.469,0.26,0.532,0.111
47697,1590.343,0.98,1,-0.406301,0.32848,-0.852655,-0.509137,0.500426,-0.700252,-0.533,0.49,0.256,0.536,0.107
47698,1590.376,0.98,1,-0.413019,0.330183,-0.848761,-0.509738,0.500114,-0.700038,-0.537,0.492,0.264,0.538,0.097
47699,1590.41,0.98,1,-0.428607,0.34707,-0.83417,-0.507398,0.498834,-0.702646,-0.547,0.503,0.271,0.542,0.089
47700,1590.443,0.98,1,-0.423229,0.347587,-0.836696,-0.511542,0.500887,-0.698167,-0.547,0.505,0.277,0.542,0.084
47701,1590.476,0.98,1,-0.418864,0.376558,-0.826291,-0.5109,0.49067,-0.70585,-0.545,0.515,0.278,0.538,0.083
47702,1590.51,0.98,1,-0.400455,0.380236,-0.8337,-0.508247,0.496934,-0.703379,-0.534,0.519,0.287,0.536,0.076
47703,1590.543,0.98,1,-0.397445,0.404608,-0.823608,-0.513858,0.487342,-0.706008,-0.537,0.528,0.3,0.535,0.068
47704,1590.576,0.98,1,-0.414662,0.426145,-0.804025,-0.500978,0.517398,-0.693772,-0.549,0.562,0.315,0.535,0.059
47705,1590.61,0.98,1,-0.404384,0.458412,-0.791412,-0.49544,0.523957,-0.692827,-0.545,0.585,0.322,0.527,0.054
47706,1590.643,0.98,1,-0.424133,0.422834,-0.800826,-0.488836,0.540083,-0.685091,-0.551,0.575,0.331,0.525,0.047
47707,1590.676,0.98,1,-0.423513,0.412265,-0.806644,-0.47765,0.546601,-0.687807,-0.543,0.57,0.335,0.522,0.042
47708,1590.71,0.98,1,-0.360156,0.430565,-0.827588,-0.477358,0.549897,-0.685378,-0.506,0.575,0.322,0.491,0.041
47709,1590.743,0.98,1,-0.376747,0.431989,-0.819419,-0.481706,0.548486,-0.683464,-0.519,0.578,0.331,0.49,0.032
47710,1590.776,0.98,1,-0.251108,0.47773,-0.841854,-0.480953,0.534492,-0.694984,-0.445,0.582,0.329,0.48,0.027
47711,1590.81,0.98,1,-0.285134,0.470058,-0.835311,-0.476616,0.538014,-0.695254,-0.462,0.582,0.334,0.478,0.022
47712,1590.843,0.98,1,-0.377467,0.377597,-0.845541,-0.478046,0.535022,-0.69658,-0.506,0.534,0.345,0.487,0.015
47713,1590.876,0.98,1,-0.255233,0.479878,-0.839389,-0.476304,0.530234,-0.701417,-0.443,0.58,0.348,0.488,0.009
47714,1590.91,0.98,1,-0.302899,0.451913,-0.839063,-0.499581,0.517489,-0.694711,-0.482,0.564,0.349,0.481,0.006
47715,1590.943,0.98,1,-0.250693,0.48278,-0.839093,-0.495315,0.513369,-0.700796,-0.451,0.574,0.353,0.482,0.002
47716,1590.977,0.98,1,-0.291771,0.516102,-0.8053,-0.50128,0.51652,-0.694208,-0.486,0.603,0.372,0.5,-0.004
47717,1591.01,0.98,1,-0.231753,0.497224,-0.836097,-0.503767,0.507897,-0.698755,-0.447,0.58,0.362,0.489,-0.004
47718,1591.043,0.98,1,-0.399251,0.429491,-0.810022,-0.493815,0.52337,-0.694429,-0.536,0.565,0.38,0.501,-0.009
47719,1591.077,0.98,1,-0.397832,0.396203,-0.827498,-0.487545,0.537339,-0.688162,-0.529,0.552,0.379,0.5,-0.009
47720,1591.11,0.98,1,-0.39076,0.3928,-0.832475,-0.487069,0.537679,-0.688234,-0.524,0.549,0.381,0.497,-0.009
47721,1591.143,0.98,1,-0.39793,0.396639,-0.827242,-0.486191,0.533737,-0.691913,-0.527,0.55,0.383,0.499,-0.01
47722,1591.177,0.98,1,-0.385493,0.393273,-0.834705,-0.488377,0.529522,-0.69361,-0.519,0.543,0.394,0.498,-0.013
47723,1591.21,0.98,1,-0.388102,0.401455,-0.829585,-0.498438,0.5294,-0.68651,-0.529,0.551,0.401,0.504,-0.016
47724,1591.243,0.98,1,-0.386188,0.398509,-0.831895,-0.514269,0.524726,-0.678373,-0.538,0.549,0.41,0.503,-0.018
47725,1591.277,0.98,1,-0.388833,0.39491,-0.832379,-0.503163,0.521836,-0.68885,-0.53,0.542,0.411,0.501,-0.016
47726,1591.31,0.98,1,-0.387661,0.396366,-0.832234,-0.506232,0.527755,-0.682059,-0.533,0.548,0.411,0.491,-0.013
47727,1591.343,0.98,1,-0.367965,0.382606,-0.847475,-0.497437,0.532184,-0.685081,-0.514,0.538,0.414,0.483,-0.013
47728,1591.377,0.98,1,-0.363356,0.386464,-0.847713,-0.482462,0.540375,-0.689366,-0.503,0.543,0.421,0.48,-0.014
47729,1591.41,0.98,1,-0.367736,0.380698,-0.848433,-0.481013,0.538719,-0.691671,-0.504,0.538,0.425,0.476,-0.014
47730,1591.443,0.98,1,-0.367502,0.385286,-0.846462,-0.492758,0.542736,-0.680167,-0.513,0.546,0.429,0.476,-0.013
47731,1591.477,0.98,1,-0.366384,0.394964,-0.842476,-0.493142,0.539456,-0.682494,-0.513,0.55,0.428,0.469,-0.01
47732,1591.51,0.98,1,-0.364509,0.400847,-0.840509,-0.487062,0.531997,-0.692639,-0.507,0.547,0.427,0.465,-0.006
47733,1591.543,0.98,1,-0.357046,0.394301,-0.846785,-0.478965,0.529594,-0.700087,-0.495,0.538,0.435,0.47,-0.005
47734,1591.577,0.98,1,-0.380062,0.38461,-0.841206,-0.433305,0.61049,-0.662985,-0.496,0.584,0.443,0.464,0.001
47735,1591.61,0.98,1,-0.375093,0.385567,-0.842996,-0.445349,0.610202,-0.655223,-0.501,0.587,0.449,0.46,0.003
47736,1591.643,0.98,1,-0.376702,0.397081,-0.836913,-0.441499,0.610692,-0.657369,-0.501,0.593,0.449,0.458,0.006
47737,1591.677,0.98,1,-0.393349,0.371014,-0.841205,-0.468461,0.589387,-0.658155,-0.522,0.57,0.443,0.461,0.012
47738,1591.71,0.98,1,-0.394624,0.373181,-0.839648,-0.495133,0.565674,-0.659436,-0.536,0.56,0.44,0.459,0.019
47739,1591.743,0.98,1,-0.396855,0.386234,-0.832664,-0.491587,0.571212,-0.657312,-0.538,0.571,0.436,0.45,0.025
47740,1591.777,0.98,1,-0.377042,0.424104,-0.823392,-0.477212,0.573105,-0.666198,-0.521,0.59,0.432,0.444,0.031
47741,1591.81,0.98,1,-0.282964,0.545444,-0.788937,-0.477425,0.590908,-0.650302,-0.486,0.668,0.427,0.434,0.038
47742,1591.843,0.98,1,-0.267242,0.590198,-0.76174,-0.432665,0.611484,-0.662486,-0.457,0.701,0.427,0.418,0.046
47743,1591.877,0.98,1,-0.1562,0.648894,-0.744673,-0.393736,0.574794,-0.717345,-0.36,0.697,0.45,0.399,0.043
47744,1591.91,0.93,1,-0.145019,0.615863,-0.774391,-0.362057,0.619245,-0.696743,-0.332,0.698,0.459,0.357,0.05
47745,1591.943,0.82,1,-0.200825,0.635506,-0.745521,-0.368781,0.578475,-0.727577,-0.369,0.689,0.441,0.334,0.066
47746,1591.977,0.93,1,0.0857,0.608382,-0.789004,-0.15898,0.410695,-0.897806,-0.043,0.543,0.361,0.096,0.091
47747,1592.01,0.77,1,-0.191765,0.590751,-0.783734,-0.196057,0.568363,-0.799077,-0.24,0.632,0.311,0.107,0.118
47748,1592.044,0.98,1,0.238067,0.628262,-0.740682,0.011204,0.458278,-0.888738,0.152,0.588,0.382,0.016,0.073
47749,1592.077,0.93,1,0.247212,0.640232,-0.727316,0.060506,0.513896,-0.855716,0.192,0.63,0.372,-0.02,0.094
47750,1592.11,0.93,1,0.318597,0.615105,-0.721209,0.034574,0.489333,-0.871412,0.218,0.606,0.376,-0.063,0.116
47751,1592.144,0.98,1,0.285876,0.610691,-0.738466,-0.033376,0.389548,-0.920401,0.151,0.543,0.378,-0.069,0.133
47752,1592.177,0.98,1,0.270087,0.6297,-0.728376,-0.085495,0.421301,-0.902882,0.113,0.572,0.38,-0.091,0.149
47753,1592.21,0.98,1,0.233144,0.630593,-0.740268,-0.056921,0.354727,-0.933236,0.105,0.532,0.379,-0.101,0.16
47754,1592.244,0.98,1,0.23521,0.631013,-0.739256,-0.069213,0.328041,-0.942124,0.098,0.518,0.388,-0.087,0.168
47755,1592.277,0.98,1,0.269665,0.628079,-0.72993,-0.060723,0.330215,-0.941951,0.124,0.52,0.386,-0.086,0.173
47756,1592.31,0.98,1,0.273606,0.627924,-0.728595,-0.05143,0.344561,-0.937354,0.133,0.528,0.385,-0.085,0.176
47757,1592.344,0.98,1,0.272374,0.627656,-0.729288,-0.064808,0.358735,-0.931187,0.124,0.536,0.381,-0.089,0.176
47758,1592.377,0.98,1,0.27502,0.633375,-0.723326,-0.072123,0.374083,-0.924587,0.123,0.549,0.38,-0.102,0.175
47759,1592.41,0.98,1,0.256076,0.631429,-0.731931,-0.068089,0.367939,-0.927354,0.113,0.542,0.382,-0.091,0.17
47760,1592.444,0.98,1,0.239094,0.633863,-0.735562,-0.12994,0.44762,-0.884733,0.067,0.589,0.384,-0.078,0.17
47761,1592.477,0.88,1,0.205566,0.635404,-0.744315,-0.140549,0.448206,-0.882812,0.04,0.588,0.389,-0.044,0.166
47762,1592.51,0.88,1,0.196924,0.609516,-0.767927,-0.106054,0.378273,-0.919599,0.054,0.53,0.394,-0.078,0.176
47763,1592.544,0.98,1,0.237365,0.598723,-0.764976,-0.075181,0.334563,-0.93937,0.095,0.501,0.425,-0.107,0.189
47764,1592.577,0.98,1,0.198454,0.428474,-0.881491,-0.000174,0.312713,-0.949848,0.108,0.385,0.454,-0.144,0.215
47765,1592.61,0.88,1,0.164463,0.43773,-0.883937,0.029418,0.370085,-0.928532,0.107,0.419,0.489,-0.173,0.248
47766,1592.644,0.88,1,0.157,0.492016,-0.856312,-0.005202,0.383475,-0.923536,0.085,0.457,0.541,-0.222,0.263
47767,1592.677,0.88,1,0.15089,0.609208,-0.778523,-0.056493,0.463642,-0.88422,0.057,0.573,0.593,-0.231,0.275
47768,1592.71,0.88,1,0.076127,0.533369,-0.84245,-0.072426,0.437109,-0.896487,0.002,0.509,0.616,-0.25,0.302
47769,1592.744,0.88,1,0.054507,0.533916,-0.843779,-0.084048,0.431663,-0.898111,-0.017,0.506,0.639,-0.245,0.316
47770,1592.777,0.98,1,0.059643,0.528519,-0.846824,-0.074312,0.448647,-0.890614,-0.008,0.512,0.668,-0.248,0.336
47771,1592.81,0.98,1,0.126192,0.602116,-0.788373,-0.074387,0.486125,-0.870718,0.031,0.581,0.682,-0.288,0.363
47772,1592.844,0.98,1,0.118529,0.625209,-0.771404,-0.060129,0.53221,-0.844475,0.036,0.622,0.704,-0.281,0.374
47773,1592.877,0.98,1,0.115852,0.622439,-0.774047,-0.0454,0.534691,-0.843827,0.044,0.621,0.706,-0.302,0.395
47827,1594.678,0.98,1,-0.101225,0.452454,-0.886024,-0.261515,0.302107,-0.916701,-0.199,0.396,0.16,0.093,0.123
47828,1594.711,0.98,1,-0.077555,0.427261,-0.900796,-0.229257,0.302793,-0.925072,-0.166,0.38,0.15,0.088,0.121
47829,1594.744,0.98,1,-0.084171,0.40939,-0.908469,-0.259338,0.271987,-0.926697,-0.185,0.356,0.144,0.1,0.118
47830,1594.778,0.98,1,-0.104942,0.409404,-0.906298,-0.251997,0.298475,-0.920549,-0.193,0.37,0.143,0.137,0.117
47837,1595.011,0.88,1,-0.109937,0.401772,-0.909117,-0.258837,0.319446,-0.911569,-0.2,0.377,0.137,0.211,0.107
47839,1595.078,0.98,1,-0.150704,0.406453,-0.901157,-0.284948,0.327763,-0.900764,-0.237,0.387,0.144,0.244,0.109
47840,1595.111,0.98,1,-0.183342,0.43568,-0.881231,-0.332466,0.342983,-0.878538,-0.285,0.417,0.163,0.26,0.108
47841,1595.144,0.98,1,-0.211476,0.44915,-0.868068,-0.369199,0.315713,-0.874081,-0.322,0.414,0.179,0.278,0.11
47842,1595.178,0.98,1,-0.207819,0.448653,-0.869208,-0.375983,0.30142,-0.876232,-0.323,0.406,0.203,0.297,0.102
47843,1595.211,0.98,1,-0.216364,0.445945,-0.868516,-0.407042,0.255119,-0.877058,-0.343,0.382,0.194,0.318,0.108
47844,1595.244,0.98,1,-0.213739,0.446492,-0.868885,-0.415116,0.236924,-0.878377,-0.345,0.373,0.19,0.31,0.114
47845,1595.278,0.98,1,-0.199097,0.428449,-0.881358,-0.411535,0.219163,-0.884651,-0.333,0.351,0.194,0.304,0.109
47846,1595.311,0.98,1,-0.211212,0.44717,-0.869154,-0.40576,0.302694,-0.862401,-0.342,0.409,0.237,0.315,0.103
47847,1595.344,0.98,1,-0.212282,0.460731,-0.861779,-0.415854,0.294138,-0.860551,-0.35,0.413,0.248,0.298,0.106
47848,1595.378,0.98,1,-0.212454,0.475466,-0.853695,-0.398424,0.348991,-0.848212,-0.345,0.451,0.28,0.287,0.1
47849,1595.411,0.93,1,-0.229718,0.487245,-0.842509,-0.386514,0.382185,-0.83937,-0.351,0.477,0.293,0.292,0.097
47850,1595.445,0.93,1,-0.231144,0.493815,-0.838284,-0.394715,0.43128,-0.811294,-0.363,0.511,0.3,0.292,0.094
47851,1595.478,0.98,1,-0.194152,0.484925,-0.852733,-0.374686,0.39932,-0.836752,-0.325,0.482,0.285,0.265,0.09
47852,1595.511,0.98,1,-0.198092,0.487548,-0.850327,-0.370997,0.43128,-0.822411,-0.328,0.502,0.304,0.258,0.072
47853,1595.545,0.98,1,-0.19099,0.486966,-0.852283,-0.369338,0.438991,-0.819071,-0.323,0.506,0.292,0.255,0.073
47854,1595.578,0.98,1,-0.186372,0.475562,-0.859713,-0.357869,0.426468,-0.830695,-0.311,0.49,0.276,0.258,0.076
47855,1595.611,0.98,1,-0.189208,0.460444,-0.86729,-0.363895,0.409186,-0.836748,-0.314,0.472,0.278,0.267,0.077
47856,1595.645,0.98,1,-0.19438,0.479145,-0.855942,-0.373725,0.420319,-0.826838,-0.326,0.491,0.271,0.274,0.084
47857,1595.678,0.98,1,-0.190671,0.478751,-0.856996,-0.378113,0.417665,-0.826188,-0.326,0.489,0.27,0.276,0.09
47858,1595.711,0.98,1,-0.190086,0.487471,-0.852197,-0.377039,0.431605,-0.819487,-0.327,0.503,0.28,0.276,0.093
47859,1595.745,0.98,1,-0.199217,0.49034,-0.848457,-0.384182,0.427167,-0.818494,-0.337,0.503,0.289,0.284,0.094
47860,1595.778,0.98,1,-0.244645,0.481181,-0.841792,-0.394881,0.439823,-0.806613,-0.37,0.51,0.301,0.336,0.1
47861,1595.811,0.98,1,-0.258449,0.460184,-0.849373,-0.392098,0.421144,-0.817861,-0.372,0.486,0.293,0.35,0.12
47862,1595.845,0.98,1,-0.27625,0.475078,-0.835456,-0.408172,0.433962,-0.803164,-0.396,0.506,0.289,0.362,0.135
47863,1595.878,0.98,1,-0.276092,0.479492,-0.832983,-0.425895,0.412999,-0.805013,-0.405,0.499,0.288,0.377,0.146
47864,1595.911,0.98,1,-0.276392,0.486396,-0.828871,-0.42717,0.408431,-0.806666,-0.406,0.501,0.281,0.387,0.17
47865,1595.945,0.98,1,-0.264714,0.496191,-0.826874,-0.412952,0.431368,-0.802118,-0.394,0.518,0.29,0.363,0.168
47866,1595.978,0.98,1,-0.21332,0.52268,-0.825409,-0.424932,0.421227,-0.801249,-0.374,0.526,0.285,0.371,0.167
47867,1596.011,0.88,1,-0.206869,0.511824,-0.833811,-0.408796,0.425955,-0.807123,-0.359,0.519,0.257,0.336,0.175
47868,1596.045,0.88,1,-0.189387,0.49623,-0.847283,-0.361429,0.431475,-0.826558,-0.318,0.506,0.256,0.306,0.169
47869,1596.078,0.88,1,-0.205525,0.473263,-0.85661,-0.435018,0.277388,-0.85663,-0.358,0.413,0.252,0.297,0.17
47894,1596.912,0.88,1,-0.23561,0.307059,-0.922065,-0.492012,0.41916,-0.763039,-0.408,0.407,0.158,0.519,-0.406
47900,1597.112,0.98,1,0.133811,0.426907,-0.894341,-0.162255,0.411783,-0.896721,-0.016,0.438,0.135,0.094,-0.027
47901,1597.145,0.98,1,0.171414,0.470499,-0.865591,-0.155369,0.461427,-0.873468,0.009,0.492,0.186,0.073,-0.032
47902,1597.178,0.98,1,0.181467,0.493989,-0.85032,-0.170621,0.488847,-0.855522,0.006,0.523,0.234,0.067,-0.032
47903,1597.212,0.98,1,0.144599,0.539877,-0.829231,-0.181868,0.495642,-0.849272,-0.022,0.553,0.259,0.061,-0.028
47904,1597.245,0.98,1,0.095346,0.578428,-0.810142,-0.224662,0.518537,-0.825013,-0.079,0.591,0.278,0.032,-0.018
47905,1597.278,0.98,1,0.093387,0.565172,-0.81967,-0.264702,0.567928,-0.779353,-0.107,0.616,0.308,0.042,-0.015
47906,1597.312,0.98,1,0.089635,0.56543,-0.819911,-0.254732,0.573936,-0.778273,-0.103,0.619,0.327,0.052,-0.01
47907,1597.345,0.98,1,0.100139,0.572125,-0.81403,-0.200584,0.549079,-0.811344,-0.062,0.604,0.385,0.055,-0.007
47908,1597.378,0.98,1,0.044836,0.587837,-0.807736,-0.198047,0.587055,-0.784948,-0.096,0.636,0.424,0.071,-0.011
47909,1597.412,0.98,1,0.001462,0.615614,-0.788047,-0.22186,0.598587,-0.769722,-0.141,0.662,0.471,0.099,-0.015
47910,1597.445,0.98,1,-0.022475,0.656509,-0.753984,-0.240277,0.634489,-0.734637,-0.175,0.714,0.519,0.136,-0.017
47911,1597.478,0.98,1,-0.019503,0.678608,-0.734241,-0.255423,0.642065,-0.722849,-0.186,0.736,0.552,0.157,-0.012
47912,1597.512,0.93,1,-0.068805,0.668821,-0.740232,-0.25515,0.638474,-0.72612,-0.217,0.728,0.578,0.189,-0.007
47913,1597.545,0.98,1,-0.079649,0.660008,-0.747024,-0.264691,0.619194,-0.739282,-0.228,0.711,0.56,0.187,0.016
47914,1597.579,0.98,1,-0.103277,0.622847,-0.775497,-0.329607,0.541531,-0.773371,-0.273,0.645,0.543,0.188,0.041
47915,1597.612,0.98,1,-0.070722,0.602244,-0.795173,-0.341164,0.491734,-0.801127,-0.253,0.601,0.533,0.193,0.057
47916,1597.645,0.98,1,-0.066368,0.595524,-0.800591,-0.3452,0.469629,-0.812579,-0.25,0.584,0.517,0.193,0.07
47917,1597.679,0.98,1,-0.061454,0.603223,-0.795202,-0.333322,0.477188,-0.813135,-0.241,0.592,0.485,0.179,0.095
47918,1597.712,0.98,1,-0.060248,0.602871,-0.795561,-0.353737,0.47749,-0.804285,-0.253,0.594,0.496,0.173,0.102
47919,1597.745,0.98,1,-0.021072,0.628074,-0.777869,-0.336821,0.497715,-0.799269,-0.223,0.62,0.5,0.174,0.1
47920,1597.779,0.98,1,0.072145,0.652823,-0.754067,-0.342204,0.533379,-0.773565,-0.175,0.66,0.489,0.14,0.115
47921,1597.812,0.98,1,0.138137,0.626531,-0.767058,-0.296046,0.547532,-0.782665,-0.102,0.648,0.484,0.112,0.119
47922,1597.845,0.98,1,0.183188,0.634584,-0.75083,-0.298662,0.517426,-0.801918,-0.074,0.638,0.466,0.082,0.117
47923,1597.879,0.98,1,0.179729,0.685694,-0.705351,-0.2403,0.609105,-0.755809,-0.041,0.725,0.449,0.038,0.105
47924,1597.912,0.98,1,0.193674,0.640409,-0.743214,-0.184088,0.599799,-0.778686,0.006,0.684,0.432,0.012,0.093
47925,1597.945,0.98,1,0.184077,0.585667,-0.789373,-0.148433,0.538375,-0.82953,0.022,0.607,0.421,-0.004,0.086
47926,1597.979,0.98,1,0.19147,0.561237,-0.805203,-0.135663,0.497733,-0.856655,0.034,0.567,0.416,-0.008,0.074
47927,1598.012,0.98,1,0.193977,0.580174,-0.791057,-0.124579,0.467202,-0.87533,0.042,0.561,0.414,-0.011,0.069
47928,1598.045,0.98,1,0.183632,0.586229,-0.78906,-0.113357,0.463714,-0.878703,0.042,0.562,0.408,-0.015,0.067
47929,1598.079,0.98,1,0.186282,0.58937,-0.786093,-0.116299,0.451017,-0.884906,0.042,0.557,0.406,-0.014,0.068
47930,1598.112,0.98,1,0.188391,0.596864,-0.779911,-0.127962,0.430633,-0.89341,0.036,0.551,0.402,-0.013,0.071
47931,1598.145,0.98,1,0.263524,0.609278,-0.747887,-0.111921,0.425362,-0.898076,0.092,0.561,0.395,-0.013,0.077
47932,1598.179,0.98,1,0.294672,0.608632,-0.736706,-0.089843,0.385042,-0.918516,0.123,0.541,0.384,-0.021,0.08
47933,1598.212,0.98,1,0.274596,0.607925,-0.744999,-0.116633,0.343245,-0.931976,0.094,0.516,0.382,-0.032,0.08
47934,1598.245,0.98,1,0.254,0.613035,-0.748113,-0.100051,0.343352,-0.933862,0.091,0.517,0.385,-0.047,0.081
47935,1598.279,0.98,1,0.251119,0.619821,-0.74348,-0.07436,0.363021,-0.928809,0.105,0.531,0.388,-0.053,0.08
47936,1598.312,0.98,1,0.24495,0.622331,-0.74344,-0.084086,0.388225,-0.91772,0.097,0.547,0.392,-0.067,0.086
47937,1598.345,0.98,1,0.238098,0.615882,-0.750999,-0.071889,0.38739,-0.919109,0.099,0.541,0.397,-0.078,0.09
47938,1598.379,0.98,1,0.239447,0.610906,-0.754625,-0.121852,0.457723,-0.880706,0.072,0.579,0.391,-0.082,0.1
47939,1598.412,0.98,1,0.220476,0.622903,-0.750588,-0.128646,0.47307,-0.871582,0.057,0.594,0.396,-0.077,0.104
47940,1598.445,0.98,1,0.234275,0.619974,-0.74883,-0.127735,0.473069,-0.871716,0.066,0.593,0.396,-0.081,0.107
47941,1598.479,0.98,1,0.240592,0.629362,-0.738931,-0.12833,0.461197,-0.877968,0.069,0.593,0.394,-0.086,0.113
47942,1598.512,0.98,1,0.228968,0.633479,-0.739106,-0.133628,0.465611,-0.874843,0.059,0.598,0.398,-0.083,0.116
47943,1598.545,0.98,1,0.232806,0.630284,-0.740637,-0.12939,0.469578,-0.873358,0.064,0.598,0.401,-0.084,0.118
47944,1598.579,0.98,1,0.225857,0.632911,-0.740549,-0.140295,0.475709,-0.868342,0.053,0.603,0.407,-0.084,0.123
47945,1598.612,0.98,1,0.220286,0.632815,-0.742307,-0.144785,0.472963,-0.869105,0.047,0.601,0.407,-0.086,0.128
47946,1598.645,0.98,1,0.211529,0.636506,-0.741698,-0.145507,0.474402,-0.8682,0.041,0.604,0.408,-0.084,0.128
47947,1598.679,0.98,1,0.211978,0.637223,-0.740953,-0.149654,0.469796,-0.869997,0.039,0.602,0.407,-0.084,0.131
47948,1598.712,0.98,1,0.200834,0.636429,-0.744731,-0.154523,0.470404,-0.868817,0.029,0.601,0.411,-0.082,0.132
47949,1598.746,0.98,1,0.240597,0.641109,-0.728761,-0.161682,0.472833,-0.866191,0.049,0.61,0.409,-0.087,0.137
47950,1598.779,0.98,1,0.225059,0.647819,-0.72779,-0.170085,0.478624,-0.861388,0.035,0.617,0.411,-0.091,0.143
47951,1598.812,0.98,1,0.226976,0.643092,-0.731379,-0.166495,0.474771,-0.864218,0.038,0.611,0.406,-0.097,0.151
47952,1598.846,0.98,1,0.230225,0.654447,-0.720205,-0.179105,0.461902,-0.868659,0.032,0.612,0.408,-0.092,0.153
47953,1598.879,0.98,1,0.216308,0.664337,-0.715449,-0.197389,0.442034,-0.87501,0.012,0.608,0.414,-0.102,0.16
47954,1598.912,0.98,1,0.214009,0.662517,-0.717824,-0.208994,0.435964,-0.875361,0.003,0.604,0.418,-0.099,0.165
47955,1598.946,0.98,1,0.215817,0.660371,-0.719259,-0.235293,0.402692,-0.884577,-0.012,0.585,0.422,-0.099,0.172
47956,1598.979,0.98,1,0.207101,0.661097,-0.721151,-0.24687,0.405528,-0.880115,-0.025,0.588,0.421,-0.095,0.177
47957,1599.012,0.98,1,0.203033,0.66171,-0.721747,-0.233295,0.409618,-0.881922,-0.019,0.589,0.417,-0.1,0.181
47958,1599.046,0.98,1,0.141544,0.648801,-0.747678,-0.260813,0.398613,-0.879252,-0.073,0.572,0.401,-0.1,0.184
47959,1599.079,0.98,1,0.126572,0.642476,-0.755781,-0.259057,0.398462,-0.87984,-0.081,0.567,0.392,-0.092,0.177
47960,1599.112,0.98,1,0.110484,0.641162,-0.759411,-0.249131,0.437456,-0.864041,-0.085,0.586,0.397,-0.073,0.164
47961,1599.146,0.98,1,0.118973,0.641082,-0.758194,-0.257112,0.450873,-0.854755,-0.085,0.595,0.392,-0.057,0.163
47962,1599.179,0.98,1,0.099152,0.635866,-0.765404,-0.249055,0.457474,-0.853633,-0.092,0.594,0.387,-0.029,0.162
47963,1599.212,0.98,1,0.096176,0.629604,-0.770941,-0.282386,0.442151,-0.851329,-0.114,0.584,0.381,-0.022,0.167
47964,1599.246,0.98,1,0.109063,0.625346,-0.772689,-0.221379,0.515261,-0.827948,-0.07,0.619,0.385,-0.008,0.166
47965,1599.279,0.98,1,0.124033,0.622617,-0.772634,-0.204201,0.498319,-0.842603,-0.05,0.607,0.386,-0.004,0.17
47966,1599.312,0.98,1,0.133009,0.618098,-0.774767,-0.204305,0.499498,-0.841879,-0.044,0.605,0.387,0.006,0.173
47967,1599.346,0.98,1,0.133892,0.614648,-0.777355,-0.20618,0.501071,-0.840487,-0.045,0.604,0.386,0.009,0.176
47968,1599.379,0.98,1,0.133654,0.615778,-0.776501,-0.209636,0.499468,-0.840586,-0.047,0.604,0.386,0.013,0.176
47969,1599.412,0.98,1,0.137507,0.611025,-0.779577,-0.208415,0.495469,-0.843252,-0.044,0.598,0.382,0.012,0.175
47970,1599.446,0.98,1,0.131856,0.60219,-0.787389,-0.202642,0.49014,-0.847761,-0.043,0.589,0.382,0.008,0.173
47971,1599.479,0.98,1,0.107212,0.632703,-0.766937,-0.224293,0.486529,-0.844383,-0.073,0.607,0.377,0.009,0.172
47972,1599.512,0.98,1,0.092736,0.630973,-0.770243,-0.251551,0.478826,-0.841099,-0.098,0.603,0.371,0.003,0.171
47973,1599.546,0.98,1,0.096656,0.636051,-0.765569,-0.225479,0.495443,-0.838865,-0.08,0.614,0.37,0.016,0.164
47974,1599.579,0.98,1,0.088544,0.628213,-0.772987,-0.222309,0.503559,-0.834869,-0.083,0.613,0.363,0.019,0.16
47975,1599.612,0.98,1,0.100431,0.625148,-0.774018,-0.243511,0.501599,-0.830121,-0.089,0.612,0.355,0.027,0.16
47976,1599.646,0.98,1,0.086099,0.615972,-0.783049,-0.246169,0.497532,-0.831783,-0.099,0.604,0.352,0.044,0.15
47977,1599.679,0.98,1,0.109928,0.610723,-0.784177,-0.234209,0.487408,-0.841177,-0.076,0.594,0.357,0.055,0.144
47978,1599.712,0.98,1,0.100503,0.601921,-0.792206,-0.222711,0.490909,-0.842264,-0.075,0.589,0.358,0.063,0.143
47979,1599.746,0.98,1,0.085526,0.589895,-0.802938,-0.234846,0.493947,-0.837176,-0.091,0.584,0.347,0.06,0.135
47980,1599.779,0.98,1,-0.045723,0.571426,-0.819379,-0.223763,0.46884,-0.85447,-0.16,0.556,0.32,0.05,0.121
48090,1603.447,0.98,1,0.271751,0.474225,-0.837414,-0.08793,0.397581,-0.913344,0.105,0.462,0.237,0.008,0.077
48091,1603.48,0.98,1,0.302451,0.576601,-0.758983,0.023698,0.494432,-0.868893,0.198,0.582,0.246,-0.053,0.079
48092,1603.514,0.98,1,0.334973,0.588799,-0.7356,0.064925,0.519165,-0.852205,0.247,0.609,0.263,-0.109,0.079
48093,1603.547,0.98,1,0.329072,0.558547,-0.761404,0.055888,0.522292,-0.850933,0.234,0.591,0.266,-0.145,0.067
48094,1603.58,0.98,1,0.353445,0.559285,-0.749851,0.015902,0.52341,-0.851932,0.227,0.594,0.273,-0.164,0.065
48095,1603.614,0.98,1,0.327232,0.552166,-0.766832,0.012268,0.525956,-0.850424,0.207,0.588,0.281,-0.18,0.071
48096,1603.647,0.98,1,0.345328,0.544836,-0.764135,-0.003982,0.511074,-0.859528,0.207,0.577,0.288,-0.189,0.08
48097,1603.68,0.98,1,0.358361,0.53837,-0.762715,0.00334,0.499201,-0.86648,0.218,0.567,0.298,-0.19,0.088
48098,1603.714,0.98,1,0.35685,0.550204,-0.75494,0.084968,0.525221,-0.846713,0.269,0.591,0.31,-0.196,0.092
48099,1603.747,0.98,1,0.34497,0.555349,-0.756692,0.091358,0.523358,-0.847201,0.266,0.592,0.315,-0.191,0.094
48100,1603.78,0.98,1,0.327537,0.559533,-0.761343,0.082344,0.528391,-0.844998,0.25,0.595,0.322,-0.185,0.094
48101,1603.814,0.98,1,0.329731,0.559954,-0.760085,0.074368,0.525366,-0.84762,0.246,0.594,0.325,-0.18,0.095
48102,1603.847,0.98,1,0.325,0.561188,-0.761211,0.091083,0.529805,-0.843215,0.254,0.597,0.328,-0.174,0.097
48103,1603.88,0.98,1,0.322722,0.571464,-0.754506,0.089345,0.539812,-0.837031,0.253,0.61,0.33,-0.171,0.098
48104,1603.914,0.98,1,0.313555,0.572042,-0.757925,0.089031,0.54205,-0.835617,0.247,0.61,0.332,-0.166,0.098
48105,1603.947,0.98,1,0.301684,0.572467,-0.76241,0.088179,0.547388,-0.83222,0.24,0.612,0.335,-0.163,0.097
48106,1603.98,0.98,1,0.304462,0.570677,-0.762647,0.084007,0.540904,-0.836879,0.238,0.607,0.337,-0.16,0.094
48107,1604.014,0.98,1,0.299871,0.568096,-0.766384,0.082945,0.544608,-0.834579,0.235,0.607,0.337,-0.161,0.091
48108,1604.047,0.98,1,0.313012,0.57308,-0.757366,0.085199,0.544618,-0.834346,0.245,0.612,0.339,-0.161,0.088
48109,1604.08,0.98,1,0.295583,0.568183,-0.767984,0.07494,0.541347,-0.837453,0.227,0.605,0.339,-0.16,0.083
48110,1604.114,0.98,1,0.300233,0.570338,-0.764575,0.086468,0.536753,-0.839297,0.237,0.604,0.339,-0.162,0.078
48111,1604.147,0.98,1,0.303544,0.575808,-0.759148,0.084349,0.544234,-0.834682,0.239,0.613,0.344,-0.163,0.076
48112,1604.18,0.98,1,0.296481,0.580506,-0.758361,0.082232,0.541792,-0.83648,0.233,0.613,0.347,-0.163,0.075
48113,1604.214,0.98,1,0.294954,0.590716,-0.751037,0.067357,0.543729,-0.836553,0.224,0.62,0.353,-0.162,0.075
48114,1604.247,0.98,1,0.252672,0.571438,-0.780778,-0.025437,0.481357,-0.876155,0.136,0.566,0.353,-0.162,0.077
48115,1604.281,0.98,1,0.288088,0.481611,-0.827681,-0.070435,0.416373,-0.906461,0.125,0.478,0.368,-0.162,0.075
48116,1604.314,0.98,1,0.328008,0.519816,-0.788798,-0.053468,0.433408,-0.89961,0.161,0.514,0.394,-0.145,0.074
48117,1604.347,0.98,1,0.282402,0.547936,-0.78741,-0.058056,0.437963,-0.897117,0.132,0.53,0.412,-0.117,0.073
48118,1604.381,0.98,1,0.265981,0.558166,-0.785942,-0.056048,0.447718,-0.892417,0.124,0.54,0.424,-0.089,0.07
48119,1604.414,0.98,1,0.265962,0.561879,-0.783299,-0.056931,0.443141,-0.894642,0.124,0.54,0.43,-0.055,0.074
48120,1604.447,0.98,1,0.237415,0.576314,-0.781983,-0.056094,0.467268,-0.882334,0.109,0.56,0.457,-0.043,0.084
48121,1604.481,0.98,1,0.23343,0.577215,-0.782518,-0.073117,0.47578,-0.87652,0.096,0.566,0.469,-0.033,0.092
48122,1604.514,0.98,1,0.220403,0.589083,-0.777434,-0.085472,0.493512,-0.865529,0.082,0.583,0.48,-0.023,0.096
48123,1604.547,0.98,1,0.210064,0.599423,-0.772377,-0.099883,0.503465,-0.858223,0.067,0.595,0.487,-0.015,0.095
48124,1604.581,0.98,1,0.221511,0.604275,-0.765366,-0.120699,0.510965,-0.851086,0.062,0.604,0.49,-0.013,0.094
48125,1604.614,0.98,1,0.219561,0.603523,-0.76652,-0.126347,0.515952,-0.847249,0.058,0.606,0.493,-0.017,0.092
48126,1604.647,0.98,1,0.233047,0.608443,-0.758608,-0.125748,0.515715,-0.847482,0.067,0.611,0.504,-0.016,0.088
48127,1604.681,0.98,1,0.236325,0.614464,-0.752718,-0.127548,0.523234,-0.84259,0.068,0.619,0.505,-0.013,0.084
48128,1604.714,0.98,1,0.240692,0.605496,-0.758579,-0.130233,0.51526,-0.847081,0.069,0.609,0.516,-0.01,0.078
48129,1604.747,0.98,1,0.207547,0.613089,-0.762264,-0.136194,0.519405,-0.843605,0.044,0.614,0.523,-0.004,0.076
48130,1604.781,0.98,1,0.224372,0.611376,-0.758866,-0.12806,0.52909,-0.838847,0.06,0.62,0.532,-0.002,0.073
48131,1604.814,0.98,1,0.207967,0.619691,-0.756791,-0.127904,0.534594,-0.835374,0.05,0.627,0.542,-0.001,0.069
48132,1604.847,0.98,1,0.191764,0.631562,-0.751236,-0.124408,0.547196,-0.827707,0.043,0.641,0.559,0.0,0.064
48133,1604.881,0.98,1,0.175062,0.640229,-0.74797,-0.127179,0.561593,-0.817581,0.031,0.655,0.583,0.001,0.054
48134,1604.914,0.98,1,0.175867,0.647153,-0.741798,-0.112394,0.587345,-0.801495,0.041,0.675,0.604,-0.004,0.045
48135,1604.947,0.98,1,0.188231,0.63168,-0.75203,-0.113157,0.575913,-0.809642,0.048,0.658,0.61,-0.018,0.04
48136,1604.981,0.98,1,0.284257,0.679835,-0.676034,-0.019811,0.663197,-0.748183,0.184,0.756,0.579,-0.049,0.044
48137,1605.014,0.98,1,0.368109,0.632105,-0.681864,0.053866,0.664611,-0.745246,0.287,0.738,0.544,-0.091,0.051
48138,1605.047,0.98,1,0.421839,0.607448,-0.673097,0.06885,0.612337,-0.787593,0.324,0.696,0.492,-0.153,0.043
48139,1605.081,0.98,1,0.441803,0.588476,-0.67713,0.095189,0.596626,-0.796854,0.349,0.677,0.475,-0.191,0.032
48140,1605.114,0.98,1,0.442155,0.606842,-0.660486,0.114195,0.595899,-0.794899,0.365,0.691,0.466,-0.22,0.018
48141,1605.147,0.98,1,0.424213,0.616264,-0.663523,0.113976,0.57639,-0.809187,0.35,0.681,0.46,-0.247,0.013
48142,1605.181,0.98,1,0.411019,0.627468,-0.661322,0.105141,0.582509,-0.805995,0.338,0.69,0.463,-0.273,0.012
48143,1605.214,0.98,1,0.363233,0.611561,-0.702891,0.096108,0.530277,-0.842359,0.289,0.636,0.463,-0.286,0.01
48144,1605.247,0.98,1,0.368941,0.604602,-0.705932,0.09828,0.522354,-0.847046,0.292,0.628,0.465,-0.294,0.008
48145,1605.281,0.98,1,0.366802,0.604704,-0.706958,0.088373,0.517022,-0.851398,0.284,0.624,0.459,-0.3,0.01
48146,1605.314,0.98,1,0.359464,0.595435,-0.7185,0.075016,0.503794,-0.86056,0.269,0.608,0.462,-0.299,0.01
48147,1605.347,0.98,1,0.342179,0.597979,-0.7248,0.067435,0.496519,-0.865402,0.252,0.603,0.461,-0.303,0.014
48148,1605.381,0.98,1,0.351093,0.602207,-0.716994,0.084259,0.504766,-0.859134,0.269,0.612,0.467,-0.305,0.014
48149,1605.414,0.98,1,0.344591,0.611039,-0.712663,0.088173,0.507232,-0.857287,0.269,0.619,0.47,-0.309,0.015
48150,1605.448,0.98,1,0.353533,0.611678,-0.707718,0.075619,0.501677,-0.861744,0.267,0.617,0.471,-0.316,0.015
48151,1605.481,0.98,1,0.352126,0.610735,-0.709232,0.058858,0.48829,-0.870695,0.254,0.608,0.471,-0.322,0.014
48152,1605.514,0.98,1,0.353213,0.60573,-0.712974,0.064885,0.487292,-0.870825,0.258,0.604,0.471,-0.324,0.016
48153,1605.548,0.98,1,0.353921,0.611748,-0.707463,0.060351,0.500889,-0.863405,0.258,0.616,0.475,-0.325,0.019
48154,1605.581,0.98,1,0.352809,0.61028,-0.709284,0.074801,0.50429,-0.860289,0.266,0.617,0.474,-0.322,0.02
48155,1605.614,0.98,1,0.351655,0.606944,-0.712711,0.075679,0.505849,-0.859296,0.265,0.616,0.477,-0.32,0.02
48156,1605.648,0.98,1,0.35864,0.607853,-0.708444,0.066776,0.505141,-0.86045,0.265,0.617,0.478,-0.316,0.02
48157,1605.681,0.98,1,0.347989,0.608134,-0.713496,0.077083,0.502839,-0.860936,0.264,0.614,0.48,-0.316,0.02
48158,1605.714,0.98,1,0.348305,0.61079,-0.711069,0.075141,0.50747,-0.858387,0.264,0.619,0.478,-0.311,0.02
48159,1605.748,0.98,1,0.345482,0.610692,-0.712529,0.087374,0.514807,-0.852842,0.27,0.623,0.483,-0.311,0.019
48160,1605.781,0.98,1,0.345601,0.611914,-0.711422,0.078433,0.510931,-0.856036,0.264,0.622,0.479,-0.308,0.019
48161,1605.814,0.98,1,0.34757,0.610416,-0.71175,0.088735,0.507301,-0.857188,0.271,0.619,0.476,-0.307,0.017
48162,1605.848,0.98,1,0.351524,0.6094,-0.710677,0.083766,0.512479,-0.854604,0.271,0.622,0.477,-0.306,0.017
48163,1605.881,0.98,1,0.351329,0.610855,-0.709524,0.100159,0.518563,-0.849153,0.282,0.627,0.473,-0.307,0.016
48164,1605.914,0.98,1,0.365524,0.615699,-0.698073,0.102897,0.52215,-0.846624,0.294,0.635,0.469,-0.304,0.013
48165,1605.948,0.98,1,0.37313,0.607441,-0.701277,0.087107,0.502848,-0.859975,0.287,0.618,0.463,-0.303,0.014
48166,1605.981,0.98,1,0.363095,0.600405,-0.712513,0.074564,0.496594,-0.864774,0.271,0.608,0.461,-0.304,0.014
48167,1606.014,0.98,1,0.364606,0.601958,-0.710428,0.07304,0.496761,-0.864808,0.271,0.609,0.456,-0.306,0.016
48168,1606.048,0.98,1,0.357223,0.60202,-0.714117,0.073147,0.497808,-0.864197,0.266,0.609,0.455,-0.304,0.013
48169,1606.081,0.98,1,0.354451,0.601519,-0.715919,0.070263,0.496205,-0.865358,0.262,0.607,0.452,-0.301,0.012
48170,1606.114,0.98,1,0.352041,0.600954,-0.71758,0.065708,0.492618,-0.867762,0.258,0.604,0.447,-0.303,0.011
48171,1606.148,0.98,1,0.341339,0.595029,-0.727618,0.067616,0.496088,-0.865636,0.251,0.6,0.445,-0.299,0.009
48172,1606.181,0.98,1,0.341204,0.599212,-0.724241,0.075038,0.49733,-0.86431,0.256,0.604,0.436,-0.294,0.007
48173,1606.214,0.98,1,0.32615,0.596727,-0.733173,0.070812,0.490804,-0.868388,0.243,0.597,0.436,-0.292,0.007
48174,1606.248,0.98,1,0.331299,0.599225,-0.728814,0.064409,0.484336,-0.872508,0.242,0.595,0.432,-0.29,0.009
48175,1606.281,0.98,1,0.32248,0.599704,-0.732367,0.066006,0.489289,-0.86962,0.238,0.597,0.428,-0.284,0.01
48176,1606.314,0.98,1,0.324099,0.60049,-0.731008,0.062545,0.48959,-0.869707,0.237,0.598,0.425,-0.283,0.01
48177,1606.348,0.98,1,0.304929,0.600608,-0.739113,0.056457,0.496455,-0.866224,0.221,0.599,0.418,-0.279,0.012
48178,1606.381,0.98,1,0.327141,0.58684,-0.740674,0.034962,0.467612,-0.883242,0.219,0.576,0.407,-0.268,0.01
48179,1606.414,0.98,1,0.292931,0.58762,-0.75425,0.032801,0.465445,-0.884469,0.196,0.571,0.406,-0.266,0.013
48180,1606.448,0.98,1,0.295312,0.58103,-0.758416,0.04372,0.462604,-0.885486,0.203,0.566,0.404,-0.263,0.014
48181,1606.481,0.98,1,0.303452,0.562184,-0.769328,0.03568,0.458472,-0.887992,0.202,0.552,0.402,-0.263,0.016
48182,1606.515,0.98,1,0.289178,0.560978,-0.77568,0.053105,0.467228,-0.88254,0.204,0.555,0.401,-0.26,0.017
48183,1606.548,0.98,1,0.308187,0.543561,-0.780745,0.054214,0.457148,-0.887737,0.214,0.54,0.4,-0.259,0.018
48184,1606.581,0.98,1,0.297622,0.565656,-0.769061,0.053005,0.458501,-0.887112,0.209,0.554,0.392,-0.252,0.019
48185,1606.615,0.98,1,0.28932,0.569296,-0.769543,0.053791,0.470328,-0.880851,0.205,0.562,0.391,-0.248,0.019
48186,1606.648,0.98,1,0.292772,0.572956,-0.76551,0.050857,0.474851,-0.878595,0.206,0.567,0.389,-0.246,0.019
48187,1606.681,0.98,1,0.337659,0.568754,-0.750003,0.047063,0.485468,-0.872987,0.233,0.576,0.392,-0.25,0.02
48188,1606.715,0.98,1,0.391832,0.580919,-0.713443,0.06569,0.550414,-0.832303,0.288,0.632,0.39,-0.251,0.019
48189,1606.748,0.98,1,0.414159,0.567288,-0.711799,0.091296,0.552713,-0.828356,0.317,0.629,0.387,-0.266,0.024
48190,1606.781,0.98,1,0.436817,0.566946,-0.6984,0.117089,0.541638,-0.832417,0.347,0.627,0.376,-0.279,0.027
48191,1606.815,0.98,1,0.44642,0.567221,-0.692077,0.079962,0.536578,-0.840054,0.331,0.624,0.369,-0.292,0.032
48192,1606.848,0.98,1,0.468182,0.555423,-0.687248,0.085133,0.520473,-0.849624,0.346,0.611,0.372,-0.31,0.034
48193,1606.881,0.98,1,0.462479,0.561532,-0.686145,0.058849,0.524033,-0.849663,0.327,0.615,0.371,-0.331,0.04
48194,1606.915,0.98,1,0.460426,0.543469,-0.70189,0.06411,0.47387,-0.878258,0.321,0.572,0.368,-0.348,0.045
48195,1606.948,0.98,1,0.468924,0.53903,-0.699684,0.069519,0.470789,-0.879502,0.329,0.569,0.372,-0.352,0.047
48196,1606.981,0.98,1,0.481869,0.542323,-0.68825,0.053709,0.456439,-0.888132,0.328,0.565,0.373,-0.355,0.048
48197,1607.015,0.98,1,0.451086,0.547392,-0.704899,0.019028,0.421326,-0.90671,0.284,0.541,0.374,-0.348,0.05
48198,1607.048,0.98,1,0.403497,0.571343,-0.714672,-0.015035,0.439326,-0.898202,0.236,0.56,0.376,-0.352,0.052
48199,1607.081,0.98,1,0.405494,0.565392,-0.718266,-0.016932,0.432106,-0.901664,0.235,0.552,0.375,-0.337,0.051
48200,1607.115,0.98,1,0.393676,0.57151,-0.719997,-0.007483,0.449208,-0.893396,0.235,0.564,0.379,-0.32,0.045
48201,1607.148,0.98,1,0.375559,0.574503,-0.727257,-0.004892,0.448363,-0.893838,0.225,0.563,0.38,-0.299,0.042
48202,1607.181,0.98,1,0.351823,0.569963,-0.742538,0.013396,0.452599,-0.891613,0.22,0.559,0.38,-0.296,0.043
48203,1607.215,0.98,1,0.338002,0.554648,-0.760342,0.014075,0.446802,-0.894522,0.21,0.544,0.38,-0.284,0.038
48204,1607.248,0.98,1,0.318624,0.557205,-0.766813,0.03682,0.46344,-0.885363,0.212,0.553,0.381,-0.272,0.034
48205,1607.281,0.98,1,0.314622,0.544276,-0.777674,0.04737,0.462625,-0.885288,0.214,0.544,0.384,-0.261,0.03
48206,1607.315,0.98,1,0.305473,0.528899,-0.791803,0.061066,0.457466,-0.887128,0.215,0.531,0.385,-0.26,0.028
48207,1607.348,0.98,1,0.297481,0.530044,-0.794077,0.06384,0.462751,-0.884186,0.212,0.534,0.385,-0.255,0.025
48208,1607.381,0.98,1,0.293545,0.527688,-0.797105,0.067622,0.454665,-0.888092,0.211,0.528,0.384,-0.253,0.025
48209,1607.415,0.98,1,0.300321,0.51678,-0.801714,0.073148,0.458989,-0.885426,0.218,0.524,0.38,-0.25,0.021
48210,1607.448,0.98,1,0.304287,0.499226,-0.811285,0.071642,0.441839,-0.894229,0.217,0.504,0.38,-0.249,0.021
48211,1607.481,0.98,1,0.321613,0.489077,-0.810783,0.056148,0.446033,-0.893254,0.218,0.502,0.375,-0.245,0.019
48212,1607.515,0.98,1,0.321467,0.489688,-0.810472,0.052159,0.451591,-0.890699,0.216,0.505,0.375,-0.242,0.016
48213,1607.548,0.98,1,0.311444,0.488582,-0.81504,0.061293,0.449255,-0.891299,0.215,0.503,0.376,-0.246,0.016
48214,1607.581,0.98,1,0.316926,0.501563,-0.80498,0.050128,0.442265,-0.895482,0.213,0.507,0.369,-0.237,0.014
48215,1607.615,0.98,1,0.315961,0.496717,-0.808357,0.059891,0.450982,-0.890522,0.218,0.509,0.369,-0.24,0.015
48216,1607.648,0.98,1,0.311805,0.499414,-0.808309,0.059781,0.439073,-0.896461,0.215,0.503,0.367,-0.236,0.014
48217,1607.682,0.98,1,0.318384,0.48591,-0.813955,0.063478,0.433823,-0.898759,0.219,0.493,0.367,-0.237,0.013
48218,1607.715,0.98,1,0.315696,0.485337,-0.815343,0.06651,0.434915,-0.898012,0.219,0.493,0.367,-0.237,0.013
48219,1607.748,0.98,1,0.309473,0.488312,-0.815952,0.055824,0.426941,-0.902555,0.209,0.489,0.367,-0.233,0.013
48220,1607.782,0.98,1,0.325229,0.483509,-0.812678,0.056642,0.435529,-0.898391,0.22,0.493,0.364,-0.23,0.013
48221,1607.815,0.98,1,0.3286,0.484493,-0.810733,0.055661,0.441607,-0.895481,0.222,0.497,0.362,-0.226,0.012
48222,1607.848,0.98,1,0.331178,0.480921,-0.81181,0.057013,0.448042,-0.892193,0.224,0.499,0.364,-0.227,0.013
48223,1607.882,0.98,1,0.331781,0.488969,-0.806741,0.05347,0.444978,-0.893944,0.223,0.502,0.361,-0.228,0.014
48224,1607.915,0.98,1,0.321543,0.492156,-0.808946,0.062111,0.447671,-0.892039,0.222,0.505,0.36,-0.229,0.013
48225,1607.948,0.98,1,0.329707,0.482296,-0.811593,0.07373,0.455369,-0.887245,0.233,0.504,0.357,-0.232,0.012
48226,1607.982,0.98,1,0.333621,0.481487,-0.810473,0.067372,0.444777,-0.893104,0.231,0.498,0.356,-0.223,0.009
48227,1608.015,0.98,1,0.350843,0.49619,-0.794169,0.022221,0.435019,-0.900147,0.217,0.503,0.353,-0.214,0.007
48228,1608.048,0.98,1,0.283691,0.494823,-0.821383,-0.034311,0.41282,-0.910166,0.143,0.483,0.347,-0.176,0.006
48229,1608.082,0.98,1,0.16808,0.485344,-0.858016,-0.088787,0.387674,-0.917511,0.045,0.457,0.352,-0.107,0.008
48230,1608.115,0.88,1,0.124363,0.520427,-0.844801,-0.113563,0.471808,-0.874357,0.006,0.523,0.348,-0.055,-0.007
48231,1608.148,0.98,1,-0.199642,0.550005,-0.810948,-0.240413,0.587049,-0.77303,-0.271,0.623,0.415,0.162,0.032
48232,1608.182,0.93,1,-0.06867,0.566595,-0.82113,-0.282887,0.589337,-0.756741,-0.219,0.632,0.413,0.195,0.015
48233,1608.215,0.88,1,-0.366344,0.387423,-0.845988,-0.506034,0.532516,-0.678495,-0.52,0.543,0.363,0.414,-0.018
48234,1608.248,0.98,1,-0.383018,0.438753,-0.812892,-0.54538,0.539283,-0.641665,-0.568,0.592,0.357,0.462,-0.019
48235,1608.282,0.88,1,-0.378743,0.347752,-0.857685,-0.70729,0.468144,-0.5297,-0.664,0.532,0.293,0.62,0.023
48236,1608.315,0.88,1,-0.42548,0.405982,-0.808792,-0.654577,0.504704,-0.562852,-0.667,0.586,0.301,0.674,0.015
48237,1608.348,0.88,1,-0.453638,0.362229,-0.81425,-0.637848,0.48867,-0.595275,-0.659,0.543,0.317,0.686,0.007
48238,1608.382,0.88,1,-0.443642,0.340697,-0.828919,-0.629982,0.480238,-0.610323,-0.641,0.518,0.326,0.651,0.004
48239,1608.415,0.88,1,-0.419033,0.348165,-0.838566,-0.603704,0.474832,-0.640372,-0.605,0.508,0.316,0.638,0.002
48240,1608.448,0.88,1,-0.426666,0.404472,-0.808925,-0.61124,0.461215,-0.643169,-0.621,0.538,0.341,0.656,-0.011
48241,1608.482,0.88,1,-0.421385,0.436002,-0.795196,-0.596324,0.484395,-0.640125,-0.617,0.57,0.346,0.652,-0.007
48242,1608.515,0.88,1,-0.410655,0.448478,-0.79387,-0.60762,0.494663,-0.621375,-0.624,0.588,0.364,0.654,-0.006
48243,1608.548,0.88,1,-0.384298,0.449251,-0.806529,-0.641922,0.473023,-0.603478,-0.629,0.579,0.376,0.661,-0.013
48244,1608.582,0.88,1,-0.377958,0.456217,-0.805614,-0.616955,0.482331,-0.621871,-0.609,0.582,0.364,0.662,-0.018
48245,1608.615,0.88,1,-0.349881,0.463845,-0.813899,-0.619528,0.510881,-0.595974,-0.602,0.605,0.378,0.664,-0.036
48246,1608.648,0.88,1,-0.34864,0.458591,-0.817401,-0.604171,0.501906,-0.618925,-0.586,0.589,0.367,0.661,-0.042
48247,1608.682,0.88,1,-0.33893,0.479569,-0.809408,-0.588591,0.52167,-0.617593,-0.576,0.612,0.364,0.672,-0.051
48248,1608.715,0.88,1,-0.371307,0.460131,-0.80648,-0.583697,0.516692,-0.62636,-0.588,0.598,0.37,0.665,-0.055
48249,1608.749,0.88,1,-0.376307,0.467241,-0.800049,-0.575828,0.541844,-0.612231,-0.593,0.62,0.364,0.674,-0.061
48250,1608.782,0.88,1,-0.369234,0.463619,-0.805434,-0.577963,0.527105,-0.622992,-0.586,0.606,0.362,0.671,-0.063
48251,1608.815,0.88,1,-0.359377,0.471562,-0.805281,-0.577226,0.526807,-0.623927,-0.58,0.61,0.364,0.665,-0.065
48252,1608.849,0.88,1,-0.366754,0.461326,-0.80788,-0.59027,0.53478,-0.604642,-0.595,0.614,0.348,0.657,-0.058
48253,1608.882,0.88,1,-0.38014,0.450887,-0.807586,-0.569191,0.528748,-0.62964,-0.584,0.598,0.353,0.665,-0.062
48254,1608.915,0.88,1,-0.352053,0.455989,-0.817394,-0.565068,0.534898,-0.628159,-0.565,0.601,0.352,0.661,-0.065
48255,1608.949,0.88,1,-0.361437,0.453652,-0.814594,-0.576815,0.537626,-0.615014,-0.581,0.606,0.354,0.652,-0.068
48256,1608.982,0.88,1,-0.371339,0.436121,-0.819698,-0.583958,0.512478,-0.62957,-0.583,0.58,0.361,0.65,-0.07
48257,1609.015,0.88,1,-0.380771,0.434708,-0.816114,-0.580878,0.514125,-0.631076,-0.586,0.58,0.359,0.649,-0.071
48258,1609.049,0.88,1,-0.389904,0.43655,-0.810801,-0.581222,0.519231,-0.626562,-0.594,0.587,0.357,0.645,-0.071
48259,1609.082,0.88,1,-0.387509,0.436385,-0.812038,-0.582319,0.508846,-0.634019,-0.591,0.579,0.361,0.648,-0.074
48260,1609.115,0.88,1,-0.386374,0.445212,-0.807776,-0.57578,0.507434,-0.641083,-0.586,0.582,0.359,0.64,-0.071
48261,1609.149,0.88,1,-0.416132,0.44258,-0.794328,-0.57819,0.503127,-0.642308,-0.605,0.582,0.355,0.637,-0.072
48262,1609.182,0.93,1,-0.362568,0.452221,-0.814887,-0.592314,0.463932,-0.658734,-0.575,0.556,0.361,0.618,-0.072
48263,1609.215,0.93,1,-0.325135,0.369794,-0.870368,-0.628679,0.526276,-0.572535,-0.584,0.556,0.333,0.577,-0.069
48264,1609.249,0.98,1,-0.299399,0.422152,-0.855657,-0.463968,0.402495,-0.789133,-0.435,0.465,0.339,0.565,-0.056
48265,1609.282,0.88,1,-0.255057,0.395854,-0.882182,-0.501825,0.487088,-0.714784,-0.443,0.505,0.335,0.529,-0.034
48266,1609.315,0.93,1,0.027432,0.517092,-0.85549,-0.292763,0.558918,-0.775823,-0.161,0.583,0.313,0.159,-0.051
48267,1609.349,0.77,1,-0.068663,0.556976,-0.827685,-0.368998,0.53938,-0.756908,-0.269,0.605,0.299,0.173,-0.025
48272,1609.515,0.98,1,0.572988,0.406877,-0.711432,0.23573,0.230357,-0.944122,0.454,0.367,0.23,-0.322,-0.044
48273,1609.549,0.98,1,0.564077,0.421215,-0.710208,0.223945,0.245675,-0.943129,0.445,0.383,0.237,-0.322,-0.032
48274,1609.582,0.98,1,0.563057,0.437,-0.701425,0.229584,0.278306,-0.932651,0.452,0.413,0.244,-0.326,-0.023
48275,1609.615,0.98,1,0.567686,0.423988,-0.705668,0.229617,0.297164,-0.926806,0.454,0.416,0.243,-0.342,-0.01
48284,1609.916,0.98,1,0.458633,0.43521,-0.774757,0.143181,0.286725,-0.947253,0.336,0.397,0.274,-0.314,0.059
48285,1609.949,0.98,1,0.421442,0.453181,-0.785502,0.180648,0.316463,-0.931245,0.337,0.421,0.281,-0.321,0.066
48286,1609.982,0.98,1,0.419055,0.455075,-0.785684,0.134671,0.287966,-0.948124,0.309,0.405,0.286,-0.301,0.072
48287,1610.016,0.98,1,0.433278,0.462939,-0.773277,0.208799,0.333113,-0.919477,0.363,0.44,0.288,-0.312,0.081
48288,1610.049,0.98,1,0.448416,0.546882,-0.706997,-0.003536,0.398922,-0.916978,0.267,0.527,0.281,-0.305,0.093
48289,1610.082,0.98,1,0.371686,0.561702,-0.739148,-0.03277,0.401613,-0.915223,0.202,0.527,0.284,-0.31,0.103
48290,1610.116,0.98,1,0.38684,0.55003,-0.74015,-0.040473,0.367656,-0.929081,0.205,0.503,0.285,-0.313,0.109
48291,1610.149,0.98,1,0.383884,0.536702,-0.751388,-0.052851,0.359506,-0.931645,0.194,0.489,0.287,-0.313,0.113
48292,1610.182,0.98,1,0.400218,0.526823,-0.749855,-0.047965,0.37814,-0.924505,0.207,0.496,0.297,-0.311,0.114
48293,1610.216,0.98,1,0.397629,0.544144,-0.738782,-0.041613,0.379185,-0.924385,0.211,0.507,0.306,-0.309,0.117
48294,1610.249,0.98,1,0.307972,0.521199,-0.79593,-0.039625,0.359635,-0.932251,0.154,0.471,0.318,-0.313,0.125
48295,1610.282,0.98,1,0.296783,0.531305,-0.793495,-0.039991,0.357049,-0.933229,0.148,0.475,0.333,-0.311,0.133
48296,1610.316,0.98,1,0.293579,0.534732,-0.792385,-0.044324,0.333689,-0.94164,0.143,0.464,0.345,-0.307,0.138
48297,1610.349,0.98,1,0.337111,0.560076,-0.75675,-0.091129,0.350069,-0.932281,0.145,0.494,0.358,-0.313,0.142
48298,1610.382,0.98,1,0.292401,0.552103,-0.780822,-0.049727,0.412775,-0.909475,0.143,0.519,0.382,-0.32,0.147
48299,1610.416,0.98,1,0.30582,0.575253,-0.758655,-0.0639,0.413613,-0.908208,0.144,0.535,0.393,-0.308,0.15
48300,1610.449,0.98,1,0.306722,0.570674,-0.761743,-0.063266,0.413695,-0.908214,0.145,0.533,0.404,-0.296,0.152
48301,1610.482,0.98,1,0.291922,0.574277,-0.764845,-0.026214,0.450385,-0.892449,0.159,0.554,0.411,-0.279,0.152
48302,1610.516,0.98,1,0.266415,0.580379,-0.769534,-0.024316,0.444788,-0.895306,0.144,0.552,0.418,-0.272,0.157
48303,1610.549,0.98,1,0.271969,0.591593,-0.75898,-0.023867,0.453675,-0.890848,0.149,0.565,0.425,-0.269,0.158
48304,1610.582,0.98,1,0.283657,0.602635,-0.745902,-0.015802,0.45812,-0.88875,0.162,0.576,0.427,-0.271,0.158
48305,1610.616,0.98,1,0.286568,0.59938,-0.747411,-0.013492,0.458706,-0.888486,0.165,0.574,0.43,-0.27,0.157
48306,1610.649,0.98,1,0.291343,0.609483,-0.737326,-0.009588,0.458569,-0.888607,0.172,0.581,0.433,-0.27,0.155
48307,1610.682,0.98,1,0.288351,0.609096,-0.738821,-0.009937,0.456501,-0.889668,0.169,0.579,0.433,-0.272,0.15
48308,1610.716,0.98,1,0.296002,0.603682,-0.740237,-0.004908,0.453792,-0.891094,0.177,0.575,0.431,-0.274,0.143
48309,1610.749,0.98,1,0.303283,0.603069,-0.737785,-0.024828,0.448828,-0.893273,0.169,0.573,0.426,-0.274,0.134
48310,1610.782,0.98,1,0.310144,0.598592,-0.738578,-0.009572,0.450253,-0.89285,0.182,0.571,0.423,-0.278,0.128
48311,1610.816,0.98,1,0.306479,0.589975,-0.746994,-0.009465,0.443863,-0.896045,0.179,0.562,0.419,-0.278,0.12
48312,1610.849,0.98,1,0.320389,0.589742,-0.74132,0.018178,0.461425,-0.886993,0.205,0.573,0.415,-0.284,0.115
48313,1610.882,0.98,1,0.314273,0.580568,-0.751115,-0.00501,0.430461,-0.902595,0.185,0.549,0.41,-0.284,0.11
48314,1610.916,0.98,1,0.317778,0.576888,-0.752474,0.000378,0.432203,-0.901776,0.19,0.548,0.404,-0.287,0.106
48315,1610.949,0.98,1,0.385781,0.603125,-0.698149,0.063908,0.538693,-0.840074,0.284,0.639,0.403,-0.29,0.099
48316,1610.983,0.98,1,0.41951,0.595663,-0.68498,0.078603,0.551176,-0.830678,0.318,0.648,0.394,-0.289,0.091
48317,1611.016,0.98,1,0.431264,0.579157,-0.691801,0.110784,0.551013,-0.82711,0.343,0.64,0.388,-0.296,0.086
48318,1611.049,0.98,1,0.451915,0.564655,-0.690607,0.135058,0.544991,-0.827493,0.369,0.631,0.384,-0.296,0.082
48319,1611.083,0.98,1,0.43516,0.563218,-0.702439,0.128056,0.541568,-0.830846,0.352,0.624,0.382,-0.3,0.078
48320,1611.116,0.98,1,0.457093,0.555867,-0.694318,0.152104,0.541138,-0.827063,0.381,0.625,0.378,-0.302,0.072
48321,1611.149,0.98,1,0.44547,0.551849,-0.704996,0.151379,0.53927,-0.828415,0.371,0.618,0.374,-0.3,0.069
48322,1611.183,0.98,1,0.449684,0.541091,-0.710637,0.144258,0.53633,-0.831588,0.368,0.61,0.372,-0.3,0.065
48323,1611.216,0.98,1,0.442359,0.53336,-0.721003,0.146328,0.543386,-0.826631,0.363,0.608,0.37,-0.303,0.062
48324,1611.249,0.98,1,0.448264,0.540551,-0.711944,0.148712,0.531783,-0.833721,0.369,0.607,0.366,-0.304,0.058
48325,1611.283,0.98,1,0.452542,0.536837,-0.712047,0.144123,0.533763,-0.833262,0.368,0.606,0.365,-0.303,0.053
48326,1611.316,0.98,1,0.450249,0.533835,-0.715748,0.158703,0.5396,-0.826829,0.376,0.608,0.363,-0.301,0.047
48327,1611.349,0.98,1,0.448337,0.538472,-0.713472,0.152687,0.535941,-0.830334,0.371,0.608,0.359,-0.29,0.043
48328,1611.383,0.98,1,0.446278,0.551316,-0.704902,0.148046,0.535884,-0.83121,0.369,0.616,0.361,-0.291,0.046
48329,1611.416,0.98,1,0.444777,0.549943,-0.70692,0.148578,0.52866,-0.835729,0.367,0.61,0.359,-0.282,0.047
48330,1611.449,0.98,1,0.445917,0.542982,-0.711568,0.146274,0.530873,-0.834732,0.366,0.607,0.365,-0.278,0.046
48331,1611.483,0.98,1,0.448995,0.521467,-0.725586,0.136928,0.529644,-0.837095,0.359,0.592,0.373,-0.282,0.043
48332,1611.516,0.98,1,0.446162,0.521101,-0.727594,0.140993,0.537567,-0.83135,0.36,0.597,0.38,-0.28,0.041
48333,1611.549,0.98,1,0.410368,0.50374,-0.760161,0.14492,0.541812,-0.827912,0.336,0.582,0.382,-0.274,0.04
48334,1611.583,0.98,1,0.389649,0.486852,-0.78176,0.157806,0.516939,-0.841351,0.325,0.554,0.395,-0.264,0.035
48335,1611.616,0.98,1,0.389356,0.486586,-0.782071,0.186269,0.487638,-0.852943,0.339,0.537,0.399,-0.255,0.029
48336,1611.649,0.98,1,0.400607,0.470333,-0.786321,0.184617,0.475089,-0.860353,0.341,0.521,0.391,-0.244,0.028
48337,1611.683,0.98,1,0.408845,0.457369,-0.789721,0.183049,0.455782,-0.871066,0.342,0.503,0.381,-0.242,0.027
48338,1611.716,0.98,1,0.419589,0.462163,-0.781249,0.179216,0.456239,-0.871623,0.348,0.507,0.372,-0.237,0.024
48339,1611.749,0.98,1,0.426437,0.462684,-0.777223,0.172258,0.457048,-0.872602,0.348,0.509,0.36,-0.238,0.023
48340,1611.783,0.98,1,0.369787,0.524093,-0.767192,0.092941,0.541093,-0.835811,0.281,0.586,0.348,-0.243,0.019
48341,1611.816,0.98,1,0.34052,0.515709,-0.786187,0.016959,0.471497,-0.881705,0.211,0.534,0.345,-0.237,0.019
48342,1611.849,0.98,1,0.276263,0.556082,-0.78387,-0.004463,0.504036,-0.863671,0.164,0.572,0.335,-0.197,0.016
48343,1611.883,0.98,1,0.162888,0.534936,-0.829042,-0.109912,0.466269,-0.877789,0.031,0.53,0.348,-0.1,-0.003
48344,1611.916,0.98,1,0.002153,0.484361,-0.874866,-0.167024,0.454448,-0.874974,-0.094,0.492,0.381,-0.014,-0.01
48345,1611.949,0.98,1,-0.141899,0.516719,-0.844314,-0.16184,0.558339,-0.813674,-0.181,0.575,0.35,0.05,-0.0
48346,1611.983,0.98,1,-0.150325,0.511226,-0.846197,-0.177677,0.529807,-0.829298,-0.193,0.556,0.336,0.104,0.011
48347,1612.016,0.98,1,-0.132012,0.488274,-0.862648,-0.240511,0.546418,-0.802236,-0.22,0.556,0.322,0.153,0.017
48348,1612.05,0.98,1,-0.153304,0.503961,-0.850013,-0.287391,0.554636,-0.780888,-0.264,0.576,0.337,0.213,0.019
48349,1612.083,0.98,1,-0.164041,0.507868,-0.845672,-0.320104,0.57151,-0.755586,-0.294,0.593,0.349,0.253,0.027
48350,1612.116,0.98,1,-0.157547,0.508946,-0.846258,-0.371325,0.547445,-0.749948,-0.32,0.585,0.357,0.283,0.024
48351,1612.15,0.98,1,-0.156635,0.505051,-0.848757,-0.403123,0.511636,-0.758763,-0.335,0.564,0.362,0.299,0.02
48352,1612.183,0.98,1,-0.158567,0.499241,-0.85183,-0.410323,0.508309,-0.757137,-0.34,0.559,0.361,0.303,0.018
48353,1612.216,0.98,1,-0.150783,0.495628,-0.855347,-0.412084,0.494807,-0.765083,-0.334,0.549,0.356,0.305,0.017
48354,1612.25,0.98,1,-0.147384,0.503227,-0.851493,-0.430334,0.502758,-0.749698,-0.346,0.561,0.359,0.308,0.013
48355,1612.283,0.98,1,-0.153086,0.498704,-0.853147,-0.426404,0.496683,-0.755966,-0.346,0.554,0.358,0.311,0.01
48356,1612.316,0.98,1,-0.148398,0.508599,-0.848118,-0.42245,0.501397,-0.755075,-0.342,0.562,0.362,0.309,0.006
48357,1612.35,0.98,1,-0.14754,0.50718,-0.849118,-0.420393,0.504713,-0.754012,-0.34,0.563,0.367,0.309,0.001
48358,1612.383,0.98,1,-0.140482,0.514597,-0.845846,-0.408136,0.51189,-0.755906,-0.33,0.57,0.371,0.304,-0.001
48359,1612.416,0.98,1,-0.134365,0.530071,-0.83724,-0.386759,0.533924,-0.751893,-0.317,0.59,0.377,0.294,-0.004
48360,1612.45,0.98,1,-0.103944,0.61097,-0.7848,-0.251609,0.618114,-0.744734,-0.228,0.677,0.382,0.258,-0.002
48361,1612.483,0.98,1,0.049596,0.561225,-0.826176,-0.186203,0.613812,-0.767179,-0.086,0.635,0.393,0.194,-0.002
48362,1612.516,0.98,1,0.15648,0.516845,-0.841657,-0.09857,0.567135,-0.817706,0.035,0.579,0.388,0.094,0.004
48363,1612.55,0.93,1,0.224513,0.425671,-0.876583,-0.025985,0.510949,-0.859218,0.114,0.495,0.383,0.019,0.003
48364,1612.583,0.88,1,0.270284,0.338412,-0.901346,0.053897,0.477327,-0.877071,0.18,0.43,0.355,-0.05,0.013
48365,1612.616,0.98,1,0.449545,0.420753,-0.787957,0.148129,0.491763,-0.858037,0.348,0.506,0.347,-0.134,0.017
48366,1612.65,0.98,1,0.548446,0.466139,-0.694205,0.170778,0.420375,-0.891134,0.426,0.51,0.339,-0.205,0.005
48367,1612.683,0.98,1,0.53933,0.449754,-0.71193,0.189724,0.258494,-0.947199,0.414,0.403,0.339,-0.24,-0.003
48368,1612.716,0.98,1,0.540381,0.40803,-0.735867,0.218097,0.246923,-0.944173,0.424,0.372,0.346,-0.274,-0.0
48371,1612.816,0.98,1,0.516504,0.407695,-0.752999,0.197613,0.232306,-0.952357,0.397,0.359,0.347,-0.306,0.023
48391,1613.483,0.98,1,0.248253,0.444494,-0.860695,0.197726,0.263722,-0.944116,0.242,0.374,0.365,-0.308,0.014
48392,1613.517,0.98,1,0.204054,0.432408,-0.878286,0.154527,0.309239,-0.938346,0.195,0.388,0.38,-0.249,0.01
48393,1613.55,0.98,1,0.12039,0.554283,-0.823576,0.004844,0.553228,-0.833016,0.075,0.589,0.398,-0.165,0.007
48394,1613.583,0.98,1,0.118507,0.586403,-0.801304,-0.044418,0.569092,-0.821073,0.046,0.619,0.385,-0.093,0.001
48395,1613.617,0.98,1,0.116571,0.561757,-0.819048,-0.035928,0.564711,-0.824506,0.049,0.601,0.37,-0.026,0.005
48396,1613.65,0.98,1,0.118345,0.532667,-0.83801,-0.049339,0.564792,-0.823757,0.042,0.584,0.363,-0.009,0.022
48397,1613.683,0.98,1,0.058393,0.53818,-0.840805,-0.104391,0.570244,-0.814816,-0.028,0.59,0.365,0.005,0.023
48398,1613.717,0.98,1,0.026723,0.541346,-0.840375,-0.107355,0.565458,-0.81776,-0.049,0.589,0.367,0.028,0.009
48399,1613.75,0.98,1,0.011232,0.536628,-0.843744,-0.139125,0.56602,-0.812567,-0.077,0.587,0.365,0.059,-0.011
48400,1613.783,0.98,1,-0.004629,0.523918,-0.851756,-0.1528,0.565544,-0.810439,-0.094,0.58,0.365,0.087,-0.036
48401,1613.817,0.98,1,-0.01845,0.514707,-0.857168,-0.163504,0.569149,-0.805814,-0.109,0.578,0.37,0.102,-0.059
48402,1613.85,0.98,1,-0.009018,0.50474,-0.863224,-0.167286,0.544692,-0.821782,-0.104,0.557,0.372,0.113,-0.078
48403,1613.883,0.98,1,-0.03193,0.502445,-0.864019,-0.193539,0.548846,-0.81321,-0.134,0.56,0.373,0.114,-0.092
48404,1613.917,0.98,1,-0.090549,0.507319,-0.856988,-0.240735,0.599724,-0.763137,-0.202,0.599,0.38,0.128,-0.107
48405,1613.95,0.98,1,-0.230951,0.467105,-0.853507,-0.268574,0.615471,-0.740988,-0.304,0.596,0.394,0.152,-0.123
48406,1613.983,0.98,1,-0.310765,0.449782,-0.83733,-0.303122,0.632808,-0.712511,-0.377,0.61,0.422,0.203,-0.133
48407,1614.017,0.98,1,-0.305453,0.469165,-0.828603,-0.336176,0.650208,-0.681334,-0.402,0.638,0.434,0.245,-0.131
48408,1614.05,0.98,1,-0.296081,0.487776,-0.821225,-0.385294,0.621015,-0.682561,-0.425,0.635,0.457,0.279,-0.133
48409,1614.083,0.98,1,-0.280616,0.516105,-0.809253,-0.408406,0.566426,-0.715797,-0.424,0.617,0.459,0.278,-0.133
48410,1614.117,0.98,1,-0.27774,0.506959,-0.815998,-0.37356,0.586096,-0.718988,-0.401,0.619,0.459,0.255,-0.129
48411,1614.15,0.98,1,-0.263664,0.508664,-0.819599,-0.373862,0.600832,-0.706561,-0.396,0.629,0.452,0.224,-0.125
48412,1614.183,0.98,1,-0.248377,0.509052,-0.824121,-0.347921,0.594712,-0.724754,-0.367,0.619,0.45,0.202,-0.121
48413,1614.217,0.98,1,-0.23296,0.517137,-0.823589,-0.340211,0.588033,-0.733808,-0.353,0.617,0.447,0.188,-0.117
48414,1614.25,0.98,1,-0.143809,0.60012,-0.786876,-0.222988,0.675376,-0.702953,-0.241,0.708,0.448,0.161,-0.115
48415,1614.284,0.98,1,0.074055,0.633834,-0.769916,-0.17,0.601447,-0.780616,-0.062,0.673,0.461,0.108,-0.119
48416,1614.317,0.98,1,0.151092,0.622713,-0.767724,-0.105871,0.64921,-0.753205,0.03,0.696,0.436,0.026,-0.11
48417,1614.35,0.98,1,0.267707,0.573993,-0.773864,-0.117271,0.588551,-0.79991,0.095,0.636,0.403,-0.041,-0.096
48418,1614.384,0.98,1,0.36419,0.364132,-0.857189,0.175702,0.496634,-0.84999,0.306,0.467,0.39,-0.128,-0.078
48419,1614.417,0.98,1,0.559013,0.438509,-0.703714,0.201917,0.491845,-0.846946,0.456,0.54,0.357,-0.196,-0.073
48420,1614.45,0.98,1,0.50958,0.476256,-0.716595,0.215798,0.390853,-0.894799,0.423,0.494,0.375,-0.27,-0.076
48421,1614.484,0.98,1,0.499555,0.482961,-0.719162,0.23661,0.39345,-0.888377,0.429,0.499,0.393,-0.328,-0.07
48422,1614.517,0.98,1,0.510521,0.484859,-0.710127,0.261255,0.413178,-0.87237,0.454,0.516,0.413,-0.345,-0.062
48423,1614.55,0.98,1,0.518364,0.469493,-0.714755,0.245826,0.383892,-0.890054,0.444,0.489,0.433,-0.343,-0.046
48424,1614.584,0.98,1,0.503232,0.442892,-0.742027,0.209028,0.415217,-0.885383,0.413,0.485,0.442,-0.336,-0.036
48425,1614.617,0.98,1,0.506339,0.443545,-0.739519,0.2109,0.427772,-0.878938,0.417,0.494,0.448,-0.338,-0.03
48426,1614.65,0.98,1,0.511758,0.431993,-0.742621,0.208476,0.422791,-0.881922,0.417,0.484,0.439,-0.337,-0.028
48427,1614.684,0.98,1,0.512861,0.418673,-0.749457,0.212769,0.413494,-0.885298,0.418,0.471,0.432,-0.339,-0.027
48428,1614.717,0.98,1,0.515329,0.417115,-0.748633,0.208656,0.414446,-0.885831,0.417,0.471,0.433,-0.344,-0.024
48429,1614.75,0.98,1,0.521047,0.413617,-0.746613,0.211816,0.409885,-0.887202,0.422,0.467,0.428,-0.351,-0.022
48430,1614.784,0.98,1,0.521109,0.412856,-0.746991,0.209378,0.408958,-0.888208,0.42,0.466,0.428,-0.351,-0.022
48431,1614.817,0.98,1,0.519371,0.421206,-0.743532,0.209889,0.415013,-0.885275,0.421,0.474,0.43,-0.354,-0.022
48432,1614.85,0.98,1,0.523693,0.422129,-0.739968,0.211076,0.41506,-0.88497,0.425,0.476,0.435,-0.348,-0.027
48433,1614.884,0.98,1,0.531306,0.469102,-0.705448,0.195941,0.427223,-0.88266,0.429,0.514,0.435,-0.344,-0.032
48434,1614.917,0.98,1,0.517463,0.490704,-0.701029,0.247751,0.499906,-0.829888,0.464,0.574,0.44,-0.346,-0.041
48435,1614.95,0.93,1,0.495085,0.516327,-0.698783,0.206013,0.539523,-0.816378,0.433,0.609,0.45,-0.332,-0.051
48436,1614.984,0.98,1,0.382506,0.575978,-0.722453,0.139621,0.554723,-0.820237,0.326,0.632,0.442,-0.322,-0.05
48437,1615.017,0.98,1,0.367339,0.584224,-0.723702,0.157945,0.527518,-0.834732,0.325,0.62,0.435,-0.299,-0.054
48438,1615.05,0.98,1,0.293652,0.599073,-0.744903,0.117948,0.491176,-0.863038,0.251,0.596,0.423,-0.261,-0.072
48439,1615.084,0.98,1,0.187599,0.493868,-0.849059,-0.001669,0.510386,-0.859944,0.108,0.531,0.418,-0.228,-0.094
48440,1615.117,0.98,1,0.141208,0.428227,-0.89257,-0.001866,0.500556,-0.865702,0.079,0.486,0.424,-0.187,-0.114
48441,1615.15,0.98,1,0.115294,0.346547,-0.93092,-0.001979,0.514724,-0.857354,0.063,0.449,0.427,-0.148,-0.129
48442,1615.184,0.98,1,0.029654,0.35912,-0.93282,-0.074918,0.588938,-0.804699,-0.026,0.499,0.435,-0.086,-0.149
48443,1615.217,0.98,1,-0.098935,0.400559,-0.910914,-0.121792,0.558985,-0.820184,-0.127,0.506,0.446,-0.031,-0.162
48444,1615.25,0.93,1,-0.109753,0.460663,-0.880763,-0.174606,0.511766,-0.841195,-0.164,0.514,0.428,0.017,-0.177
48445,1615.284,0.98,1,-0.092151,0.500123,-0.861038,-0.183756,0.517676,-0.835611,-0.161,0.54,0.421,0.051,-0.189
48446,1615.317,0.98,1,-0.062117,0.457546,-0.887014,-0.177323,0.565904,-0.805177,-0.141,0.544,0.431,0.106,-0.198
48447,1615.35,0.98,1,-0.052416,0.397153,-0.916254,-0.179762,0.586978,-0.789394,-0.135,0.523,0.429,0.154,-0.198
48448,1615.384,0.98,1,-0.052201,0.361305,-0.930985,-0.228313,0.59792,-0.768352,-0.164,0.514,0.433,0.19,-0.197
48449,1615.417,0.98,1,-0.122939,0.406014,-0.90556,-0.253099,0.624329,-0.739022,-0.225,0.56,0.438,0.215,-0.197
48450,1615.451,0.98,1,-0.160898,0.414929,-0.895514,-0.26301,0.631957,-0.72901,-0.255,0.572,0.445,0.241,-0.206
48451,1615.484,0.98,1,-0.162858,0.406501,-0.899018,-0.273136,0.635774,-0.721933,-0.263,0.571,0.449,0.256,-0.212
48452,1615.517,0.98,1,-0.161492,0.403712,-0.90052,-0.292326,0.637475,-0.712861,-0.274,0.573,0.45,0.272,-0.219
48453,1615.551,0.98,1,-0.162361,0.396192,-0.903698,-0.281728,0.639482,-0.715327,-0.268,0.569,0.449,0.284,-0.227
48454,1615.584,0.98,1,-0.145111,0.409496,-0.900697,-0.277158,0.641202,-0.715572,-0.256,0.576,0.451,0.287,-0.23
48455,1615.617,0.98,1,-0.129757,0.408721,-0.903388,-0.27466,0.632929,-0.723852,-0.244,0.569,0.452,0.291,-0.233
48456,1615.651,0.93,1,-0.110465,0.465311,-0.878227,-0.282931,0.613286,-0.737448,-0.239,0.589,0.452,0.295,-0.238
48457,1615.684,0.93,1,-0.101082,0.483582,-0.869443,-0.270574,0.615258,-0.740437,-0.227,0.599,0.455,0.294,-0.244
48458,1615.717,0.93,1,-0.084683,0.478833,-0.873812,-0.262838,0.616229,-0.742414,-0.212,0.595,0.455,0.294,-0.248
48459,1615.751,0.93,1,-0.072326,0.489501,-0.868998,-0.260637,0.608122,-0.749837,-0.203,0.596,0.457,0.294,-0.251
48460,1615.784,0.93,1,-0.053729,0.498963,-0.864956,-0.251702,0.603422,-0.756656,-0.186,0.597,0.457,0.292,-0.255
48461,1615.817,0.93,1,-0.05001,0.497128,-0.866235,-0.241351,0.601655,-0.76142,-0.177,0.594,0.459,0.293,-0.259
48462,1615.851,0.93,1,-0.045643,0.492382,-0.869181,-0.244535,0.595614,-0.765144,-0.176,0.587,0.458,0.287,-0.26
48463,1615.884,0.93,1,-0.006202,0.474068,-0.880467,-0.236568,0.587059,-0.774208,-0.146,0.57,0.448,0.275,-0.261
48464,1615.917,0.93,1,0.014117,0.46831,-0.883452,-0.225881,0.59517,-0.771201,-0.127,0.571,0.446,0.27,-0.262
48465,1615.951,0.93,1,0.016493,0.463523,-0.885931,-0.230521,0.590516,-0.773402,-0.128,0.566,0.446,0.267,-0.264
48466,1615.984,0.93,1,0.024569,0.458761,-0.88822,-0.216192,0.600358,-0.769955,-0.115,0.568,0.448,0.266,-0.265
48467,1616.017,0.93,1,0.021125,0.454468,-0.890512,-0.206661,0.592955,-0.778265,-0.111,0.561,0.446,0.259,-0.267
48468,1616.051,0.93,1,-0.013311,0.455119,-0.890331,-0.202142,0.58913,-0.782345,-0.128,0.558,0.447,0.254,-0.266
48469,1616.084,0.98,1,-0.128343,0.453929,-0.881746,-0.201195,0.5658,-0.79962,-0.194,0.545,0.456,0.255,-0.266
48470,1616.117,0.98,1,-0.015079,0.383201,-0.923542,-0.152286,0.581608,-0.799088,-0.097,0.511,0.461,0.252,-0.265
48471,1616.151,0.98,1,0.030731,0.34207,-0.939172,-0.109809,0.614736,-0.781051,-0.046,0.508,0.449,0.21,-0.253
48472,1616.184,0.98,1,0.044918,0.333539,-0.941666,-0.068342,0.614574,-0.785893,-0.014,0.502,0.43,0.146,-0.243
48473,1616.217,0.98,1,-0.023943,0.347271,-0.937459,-0.030644,0.556161,-0.83051,-0.031,0.472,0.396,0.072,-0.236
48474,1616.251,0.98,1,-0.040877,0.366641,-0.929464,-0.042707,0.521349,-0.852274,-0.047,0.462,0.376,0.04,-0.233
48475,1616.284,0.98,1,0.003621,0.417123,-0.908843,-0.044549,0.525645,-0.849537,-0.023,0.492,0.359,0.028,-0.228
48476,1616.317,0.98,1,0.057572,0.440853,-0.895731,-0.028108,0.5371,-0.84305,0.017,0.512,0.351,0.022,-0.222
48477,1616.351,0.98,1,0.028058,0.404939,-0.913913,0.007959,0.592696,-0.805387,0.021,0.526,0.358,0.037,-0.222
48478,1616.384,0.98,1,0.144489,0.494626,-0.857011,0.00443,0.610157,-0.792269,0.09,0.59,0.368,0.05,-0.22
48479,1616.417,0.98,1,0.093297,0.518955,-0.849695,0.005083,0.633313,-0.773879,0.061,0.617,0.369,0.056,-0.22
48480,1616.451,0.98,1,0.094343,0.509989,-0.854992,-0.030649,0.650683,-0.758731,0.039,0.624,0.377,0.076,-0.219
48481,1616.484,0.98,1,0.098622,0.492541,-0.864683,-0.027549,0.648696,-0.760549,0.044,0.612,0.381,0.087,-0.216
48482,1616.518,0.98,1,0.105179,0.458311,-0.882547,-0.063629,0.646337,-0.760395,0.025,0.592,0.397,0.114,-0.219
48483,1616.551,0.98,1,0.013744,0.41756,-0.908545,-0.060128,0.649977,-0.757571,-0.028,0.57,0.406,0.129,-0.226
48484,1616.584,0.98,1,0.07918,0.36518,-0.927564,-0.086652,0.647602,-0.757036,-0.004,0.541,0.423,0.15,-0.233
48485,1616.618,0.93,1,0.09617,0.35506,-0.929884,-0.088423,0.64755,-0.756875,0.005,0.536,0.418,0.155,-0.239
48486,1616.651,0.93,1,0.094929,0.376649,-0.921479,-0.083231,0.658848,-0.747658,0.007,0.555,0.435,0.174,-0.246
48487,1616.684,0.93,1,0.08755,0.366886,-0.926137,-0.108795,0.674472,-0.73024,-0.013,0.561,0.451,0.174,-0.249
48488,1616.718,0.93,1,0.091556,0.365807,-0.926177,-0.097625,0.674586,-0.731712,-0.004,0.56,0.458,0.165,-0.254
48489,1616.751,0.93,1,0.090964,0.365128,-0.926503,-0.087459,0.679001,-0.728909,0.002,0.563,0.464,0.161,-0.258
48490,1616.784,0.93,1,0.087461,0.393566,-0.915126,-0.092903,0.672078,-0.734629,-0.003,0.574,0.471,0.159,-0.26
48491,1616.818,0.93,1,0.100027,0.396396,-0.912614,-0.092531,0.678953,-0.728327,0.005,0.58,0.477,0.152,-0.263
48492,1616.851,0.93,1,0.118178,0.41274,-0.90315,-0.086834,0.66842,-0.738698,0.019,0.582,0.477,0.141,-0.265
48493,1616.884,0.93,1,0.13529,0.400414,-0.906292,-0.061205,0.654764,-0.753351,0.045,0.566,0.47,0.136,-0.266
48494,1616.918,0.93,1,0.158577,0.407664,-0.899257,-0.03104,0.656614,-0.753588,0.077,0.572,0.461,0.126,-0.262
48495,1616.951,0.93,1,0.161272,0.414558,-0.895619,-0.026916,0.655574,-0.754651,0.081,0.575,0.465,0.114,-0.264
48496,1616.984,0.93,1,0.181346,0.38248,-0.905993,-0.030712,0.669725,-0.741974,0.091,0.568,0.478,0.096,-0.28
48497,1617.018,0.93,1,0.196347,0.385275,-0.901671,-0.073828,0.678951,-0.730462,0.075,0.578,0.481,0.082,-0.279
48498,1617.051,0.93,1,0.18155,0.391592,-0.90205,-0.054974,0.662093,-0.747403,0.077,0.568,0.488,0.081,-0.277
48499,1617.084,0.93,1,0.189655,0.397563,-0.897761,-0.076631,0.681626,-0.727677,0.069,0.586,0.49,0.074,-0.283
48500,1617.118,0.93,1,0.200762,0.416295,-0.886788,-0.059611,0.677836,-0.732792,0.087,0.594,0.487,0.095,-0.293
48501,1617.151,0.93,1,0.191673,0.444934,-0.874812,-0.042488,0.679469,-0.732473,0.093,0.61,0.498,0.105,-0.294
48502,1617.184,0.93,1,0.06811,0.488268,-0.870032,0.000472,0.667943,-0.744212,0.042,0.622,0.506,0.114,-0.294
48503,1617.218,0.93,1,0.066672,0.469306,-0.880515,-0.03235,0.687608,-0.725361,0.021,0.624,0.511,0.111,-0.292
48504,1617.251,0.93,1,0.117989,0.451815,-0.884275,-0.036996,0.685193,-0.727421,0.05,0.614,0.524,0.123,-0.292
48505,1617.284,0.93,1,0.121145,0.453069,-0.883206,-0.038308,0.675166,-0.736671,0.051,0.608,0.533,0.133,-0.289
48506,1617.318,0.93,1,0.131995,0.458292,-0.878946,-0.035869,0.687738,-0.725072,0.06,0.62,0.539,0.136,-0.28
48507,1617.351,0.93,1,0.123556,0.460704,-0.878912,-0.043626,0.680979,-0.731002,0.05,0.617,0.542,0.14,-0.279
48508,1617.384,0.93,1,0.140704,0.489315,-0.860682,-0.033567,0.689912,-0.723114,0.068,0.64,0.544,0.141,-0.28
48509,1617.418,0.93,1,0.133337,0.484226,-0.864723,-0.035527,0.686228,-0.726519,0.061,0.634,0.545,0.145,-0.281
48510,1617.451,0.93,1,0.135154,0.493046,-0.859441,-0.032898,0.695729,-0.71755,0.065,0.646,0.553,0.145,-0.282
48511,1617.484,0.93,1,0.151377,0.510436,-0.846487,-0.056297,0.699749,-0.712167,0.061,0.66,0.558,0.141,-0.284
48512,1617.518,0.93,1,0.163908,0.517886,-0.8396,-0.062943,0.705139,-0.70627,0.065,0.669,0.568,0.137,-0.288
48513,1617.551,0.93,1,0.164367,0.518203,-0.839315,-0.066209,0.705699,-0.705411,0.063,0.67,0.577,0.13,-0.292
48514,1617.584,0.93,1,0.183082,0.529059,-0.8286,-0.074458,0.706683,-0.703602,0.071,0.679,0.58,0.122,-0.295
48515,1617.618,0.93,1,0.168632,0.505828,-0.845991,-0.07304,0.713823,-0.696507,0.062,0.669,0.586,0.114,-0.296
48516,1617.651,0.93,1,0.18948,0.521514,-0.831937,-0.091533,0.729618,-0.677702,0.065,0.692,0.595,0.105,-0.298
48517,1617.685,0.93,1,0.182812,0.514221,-0.837948,-0.07916,0.729868,-0.678989,0.068,0.687,0.601,0.09,-0.298
48518,1617.718,0.93,1,0.191472,0.515756,-0.835065,-0.06696,0.72631,-0.684098,0.082,0.685,0.611,0.082,-0.299
48519,1617.751,0.93,1,0.18996,0.495849,-0.847378,-0.108352,0.738933,-0.665009,0.054,0.685,0.617,0.085,-0.299
48520,1617.785,0.93,1,0.163282,0.482603,-0.860484,-0.172071,0.760592,-0.626012,-0.006,0.697,0.618,0.083,-0.294
48521,1617.818,0.93,1,0.18435,0.466217,-0.86525,-0.208475,0.765393,-0.608861,-0.016,0.696,0.62,0.082,-0.294
48522,1617.851,0.93,1,0.200106,0.481894,-0.853074,-0.254262,0.783397,-0.567134,-0.038,0.728,0.623,0.069,-0.293
48523,1617.885,0.93,1,0.205433,0.466202,-0.860496,-0.181134,0.777014,-0.60286,0.017,0.704,0.626,0.061,-0.292
48524,1617.918,0.98,1,0.209479,0.484673,-0.849241,-0.175336,0.782607,-0.597314,0.024,0.719,0.627,0.05,-0.298
48525,1617.951,0.98,1,0.217956,0.482611,-0.848282,-0.202044,0.797532,-0.568438,0.011,0.735,0.635,0.041,-0.3
48526,1617.985,0.98,1,0.228144,0.480314,-0.846905,-0.139288,0.783158,-0.606021,0.061,0.716,0.642,0.036,-0.303
48527,1618.018,0.93,1,0.227903,0.483123,-0.845371,-0.134417,0.785809,-0.603686,0.064,0.719,0.656,0.029,-0.301
48528,1618.051,0.93,1,0.220917,0.48587,-0.845651,-0.12353,0.784756,-0.60737,0.067,0.719,0.667,0.021,-0.301
48529,1618.085,0.98,1,0.225576,0.476915,-0.849511,-0.120009,0.783599,-0.609566,0.072,0.713,0.671,0.013,-0.302
48530,1618.118,0.98,1,0.218642,0.489961,-0.843881,-0.108471,0.770862,-0.627699,0.075,0.708,0.675,0.006,-0.3
48531,1618.151,0.98,1,0.226895,0.479653,-0.847616,-0.098813,0.764365,-0.637167,0.086,0.697,0.678,-0.002,-0.3
48532,1618.185,0.98,1,0.200938,0.510349,-0.836163,-0.100834,0.762493,-0.639091,0.068,0.712,0.68,-0.007,-0.298
48533,1618.218,0.98,1,0.194644,0.512014,-0.836634,-0.098172,0.758725,-0.643971,0.065,0.709,0.679,-0.014,-0.297
48534,1618.251,0.98,1,0.191988,0.506389,-0.840661,-0.093488,0.759612,-0.643623,0.066,0.706,0.678,-0.016,-0.295
48535,1618.285,0.98,1,0.187207,0.505203,-0.842451,-0.104053,0.758958,-0.642772,0.056,0.705,0.676,-0.013,-0.296
48536,1618.318,0.98,1,0.182825,0.493845,-0.850113,-0.107293,0.761323,-0.639434,0.051,0.7,0.67,-0.017,-0.292
48537,1618.351,0.98,1,0.17933,0.473581,-0.862301,-0.139373,0.778157,-0.612411,0.027,0.704,0.667,-0.012,-0.291
48538,1618.385,0.98,1,0.223507,0.42747,-0.875965,-0.113056,0.752423,-0.648905,0.072,0.659,0.659,-0.01,-0.291
48539,1618.418,0.98,1,0.215669,0.434226,-0.874606,-0.134487,0.756405,-0.640129,0.054,0.666,0.655,-0.005,-0.296
48540,1618.451,0.98,1,0.203331,0.404802,-0.891511,-0.167554,0.754122,-0.635,0.023,0.649,0.649,-0.001,-0.298
48541,1618.485,0.98,1,0.178348,0.411086,-0.89398,-0.179659,0.762889,-0.621066,-0.001,0.659,0.642,0.005,-0.3
48542,1618.518,0.98,1,0.170687,0.401772,-0.899692,-0.182684,0.761781,-0.621544,-0.008,0.653,0.639,0.009,-0.299
48543,1618.551,0.98,1,0.153534,0.402759,-0.902337,-0.266112,0.797846,-0.54095,-0.078,0.694,0.629,0.009,-0.296
48544,1618.585,0.88,1,0.130657,0.433506,-0.891629,-0.219715,0.785912,-0.577986,-0.061,0.693,0.622,0.004,-0.292
48545,1618.618,0.88,1,0.12602,0.441176,-0.888528,-0.183233,0.773042,-0.607315,-0.038,0.682,0.607,0.016,-0.291
48546,1618.651,0.88,1,0.123642,0.437292,-0.89078,-0.120003,0.738694,-0.663272,0.002,0.648,0.594,0.012,-0.278
48547,1618.685,0.98,1,0.127044,0.480741,-0.867611,-0.059706,0.717309,-0.694192,0.043,0.654,0.592,0.013,-0.272
48548,1618.718,0.98,1,0.108891,0.517164,-0.848931,-0.021114,0.724377,-0.68908,0.057,0.679,0.587,-0.0,-0.262
48549,1618.752,0.98,1,0.080666,0.41365,-0.906856,-0.048853,0.704339,-0.708181,0.02,0.605,0.54,0.024,-0.266
48550,1618.785,0.98,1,0.270314,0.312728,-0.910567,-0.003101,0.689014,-0.724742,0.162,0.55,0.527,0.014,-0.255
48551,1618.818,0.98,1,0.297675,0.390808,-0.87101,-0.017041,0.62307,-0.78198,0.168,0.55,0.539,0.024,-0.226
48552,1618.852,0.98,1,0.136817,0.408154,-0.902603,0.001893,0.438159,-0.898895,0.077,0.439,0.413,0.053,-0.236
48712,1624.186,0.93,1,-0.001187,0.250774,-0.968045,-0.288141,0.409556,-0.865586,-0.156,0.346,0.189,0.333,-0.023
48715,1624.287,0.98,1,-0.106427,0.371706,-0.92223,-0.307836,0.429237,-0.849113,-0.23,0.425,0.172,0.436,-0.115
48716,1624.32,0.98,1,-0.199111,0.304572,-0.931445,-0.274205,0.495216,-0.824362,-0.263,0.427,0.167,0.416,-0.112
48717,1624.353,0.98,1,-0.149628,0.309674,-0.938996,-0.281257,0.5178,-0.807947,-0.242,0.442,0.189,0.405,-0.101
48718,1624.387,0.98,1,-0.156657,0.302848,-0.940075,-0.266458,0.521228,-0.810754,-0.237,0.44,0.199,0.38,-0.091
48719,1624.42,0.98,1,-0.14112,0.27995,-0.949586,-0.267689,0.501416,-0.822754,-0.227,0.415,0.212,0.383,-0.105
48720,1624.453,0.98,1,-0.134667,0.302165,-0.943695,-0.289092,0.504078,-0.813837,-0.237,0.43,0.226,0.38,-0.11
48721,1624.487,0.98,1,-0.151477,0.325744,-0.933245,-0.279698,0.494864,-0.822727,-0.241,0.437,0.238,0.363,-0.105
48722,1624.52,0.98,1,-0.190205,0.383023,-0.903944,-0.265989,0.499615,-0.8244,-0.258,0.472,0.249,0.338,-0.1
48723,1624.553,0.98,1,-0.168525,0.390125,-0.905208,-0.249827,0.50559,-0.825812,-0.237,0.478,0.258,0.325,-0.097
48724,1624.587,0.98,1,-0.083109,0.350091,-0.933022,-0.212315,0.512035,-0.832312,-0.166,0.454,0.261,0.316,-0.091
48725,1624.62,0.98,1,0.000287,0.305811,-0.952092,-0.215056,0.532853,-0.818424,-0.121,0.442,0.254,0.289,-0.075
48726,1624.653,0.98,1,0.085993,0.255548,-0.962964,-0.19194,0.543269,-0.817324,-0.059,0.422,0.239,0.212,-0.056
48727,1624.687,0.98,1,0.035697,0.244577,-0.968973,-0.14704,0.530395,-0.834901,-0.062,0.406,0.226,0.125,-0.038
48728,1624.72,0.98,1,0.110358,0.192919,-0.974989,-0.083166,0.466114,-0.880807,0.015,0.341,0.22,0.057,-0.025
48732,1624.853,0.98,1,0.449201,0.485625,-0.749924,0.172439,0.387335,-0.905669,0.359,0.485,0.235,-0.211,0.0
48733,1624.887,0.98,1,0.483235,0.447976,-0.752198,0.199841,0.364962,-0.909322,0.39,0.455,0.23,-0.231,0.002
48734,1624.92,0.98,1,0.488928,0.447055,-0.74906,0.226396,0.356836,-0.906318,0.408,0.452,0.229,-0.24,0.006
48735,1624.953,0.98,1,0.49705,0.426838,-0.755481,0.225747,0.359484,-0.905433,0.41,0.442,0.23,-0.244,0.011
48736,1624.987,0.98,1,0.490869,0.430253,-0.757582,0.226788,0.376952,-0.898039,0.409,0.454,0.235,-0.247,0.014
48737,1625.02,0.98,1,0.490346,0.435609,-0.754855,0.217231,0.38839,-0.895525,0.405,0.463,0.239,-0.249,0.016
48738,1625.053,0.98,1,0.485619,0.430629,-0.760745,0.215106,0.39526,-0.893028,0.401,0.463,0.242,-0.25,0.018
48739,1625.087,0.98,1,0.488142,0.435677,-0.756243,0.218782,0.389033,-0.894867,0.405,0.463,0.241,-0.246,0.018
48740,1625.12,0.98,1,0.481693,0.421327,-0.768411,0.212741,0.384192,-0.898408,0.395,0.45,0.24,-0.242,0.016
48741,1625.153,0.98,1,0.489754,0.396615,-0.776426,0.206083,0.36539,-0.907756,0.392,0.425,0.241,-0.235,0.015
48742,1625.187,0.98,1,0.482865,0.390739,-0.783687,0.202571,0.360679,-0.910426,0.384,0.417,0.244,-0.227,0.013
48743,1625.22,0.98,1,0.472251,0.38819,-0.791383,0.197587,0.358339,-0.912443,0.375,0.413,0.247,-0.219,0.012
48744,1625.253,0.98,1,0.472413,0.396104,-0.787355,0.189051,0.355309,-0.915431,0.371,0.416,0.248,-0.209,0.009
48745,1625.287,0.98,1,0.471647,0.404997,-0.783279,0.180166,0.360032,-0.915378,0.366,0.423,0.249,-0.201,0.008
48746,1625.32,0.98,1,0.358546,0.418222,-0.834587,0.108363,0.416485,-0.902662,0.263,0.448,0.257,-0.197,0.007
48747,1625.353,0.98,1,0.262618,0.430774,-0.863403,0.060749,0.441445,-0.89523,0.182,0.46,0.261,-0.174,0.008
48748,1625.387,0.98,1,0.226018,0.454453,-0.86162,0.064313,0.434438,-0.898403,0.163,0.468,0.268,-0.138,0.009
48749,1625.42,0.98,1,0.216443,0.375055,-0.90138,0.031661,0.439776,-0.897549,0.137,0.425,0.268,-0.098,0.014
48750,1625.454,0.98,1,0.160197,0.313703,-0.93591,0.001568,0.409806,-0.912171,0.087,0.373,0.25,-0.059,0.026
48755,1625.62,0.98,1,-0.028415,0.365489,-0.930382,-0.089338,0.420908,-0.902693,-0.064,0.405,0.249,0.006,0.042
48756,1625.654,0.98,1,-0.04751,0.362035,-0.930953,-0.098561,0.420919,-0.901728,-0.08,0.404,0.249,0.025,0.035
48757,1625.687,0.98,1,-0.066633,0.353145,-0.933192,-0.141284,0.416965,-0.897875,-0.113,0.398,0.253,0.05,0.032
48758,1625.72,0.98,1,-0.061034,0.332025,-0.941294,-0.174564,0.41568,-0.892601,-0.128,0.387,0.254,0.082,0.031
48759,1625.754,0.98,1,-0.074148,0.288804,-0.954513,-0.213661,0.41217,-0.8857,-0.155,0.364,0.252,0.112,0.029
48760,1625.787,0.98,1,-0.066583,0.24826,-0.966402,-0.247349,0.454545,-0.855691,-0.171,0.368,0.253,0.139,0.027
48761,1625.82,0.98,1,-0.155934,0.215686,-0.963932,-0.308471,0.489333,-0.81572,-0.255,0.377,0.259,0.167,0.021
48762,1625.854,0.98,1,-0.193248,0.240906,-0.951115,-0.334476,0.499811,-0.798946,-0.293,0.4,0.259,0.208,0.018
48763,1625.887,0.98,1,-0.197947,0.238426,-0.950773,-0.378217,0.518621,-0.766801,-0.324,0.415,0.259,0.242,0.028
48764,1625.92,0.98,1,-0.199328,0.236156,-0.951051,-0.396193,0.518678,-0.75763,-0.335,0.416,0.261,0.288,0.027
48765,1625.954,0.98,1,-0.250297,0.229593,-0.940552,-0.420659,0.502675,-0.755224,-0.377,0.408,0.256,0.337,0.024
48766,1625.987,0.98,1,-0.302421,0.211088,-0.929507,-0.479521,0.478768,-0.735419,-0.439,0.393,0.257,0.393,0.017
48780,1626.454,0.93,1,-0.397373,0.299476,-0.867415,-0.598349,0.482652,-0.639551,-0.584,0.479,0.253,0.557,-0.012
48781,1626.487,0.93,1,-0.355213,0.312856,-0.880877,-0.593775,0.510951,-0.621579,-0.563,0.502,0.254,0.575,-0.025
48782,1626.521,0.93,1,-0.391397,0.296193,-0.871251,-0.599913,0.500033,-0.624557,-0.585,0.489,0.261,0.595,-0.038
48783,1626.554,0.93,1,-0.368436,0.267071,-0.890465,-0.590031,0.501095,-0.633061,-0.562,0.467,0.264,0.596,-0.046
48784,1626.587,0.93,1,-0.393995,0.281108,-0.875069,-0.602095,0.489003,-0.631156,-0.584,0.473,0.283,0.61,-0.059
48785,1626.621,0.88,1,-0.348646,0.309734,-0.884596,-0.599371,0.491347,-0.631928,-0.559,0.486,0.292,0.604,-0.065
48786,1626.654,0.88,1,-0.363183,0.327211,-0.872371,-0.593786,0.476213,-0.648567,-0.562,0.486,0.298,0.594,-0.067
48787,1626.687,0.88,1,-0.372819,0.330407,-0.867086,-0.587083,0.475036,-0.655496,-0.563,0.487,0.305,0.601,-0.073
48788,1626.721,0.93,1,-0.387416,0.309573,-0.868374,-0.592209,0.467643,-0.6562,-0.571,0.471,0.298,0.598,-0.077
48789,1626.754,0.93,1,-0.385135,0.31442,-0.867647,-0.586476,0.462359,-0.665033,-0.565,0.469,0.296,0.59,-0.08
48790,1626.787,0.93,1,-0.383664,0.303096,-0.872316,-0.588487,0.453979,-0.669018,-0.563,0.457,0.29,0.587,-0.084
48791,1626.821,0.88,1,-0.381854,0.283463,-0.87968,-0.588178,0.456639,-0.667479,-0.56,0.446,0.293,0.583,-0.088
48792,1626.854,0.93,1,-0.37472,0.289096,-0.880914,-0.607371,0.408662,-0.681246,-0.561,0.42,0.294,0.578,-0.085
48793,1626.887,0.93,1,-0.32823,0.302462,-0.894864,-0.600078,0.407323,-0.688473,-0.53,0.421,0.286,0.566,-0.08
48794,1626.921,0.93,1,-0.332064,0.309446,-0.891053,-0.585483,0.404883,-0.702338,-0.522,0.421,0.28,0.548,-0.072
48798,1627.054,0.98,1,-0.346667,0.296185,-0.889998,-0.569462,0.394351,-0.72125,-0.517,0.405,0.279,0.529,-0.058
48799,1627.087,0.98,1,-0.33833,0.293304,-0.894151,-0.57663,0.39217,-0.716729,-0.517,0.402,0.28,0.535,-0.058
48838,1628.388,0.98,1,-0.293799,0.232958,-0.927045,-0.495977,0.435042,-0.751495,-0.44,0.379,0.186,0.504,0.036
48839,1628.421,0.98,1,-0.195605,0.225507,-0.954403,-0.416837,0.425536,-0.803222,-0.335,0.355,0.235,0.464,0.014
48840,1628.454,0.98,1,-0.177734,0.234122,-0.955823,-0.394868,0.427987,-0.812962,-0.313,0.358,0.236,0.422,0.012
48841,1628.488,0.98,1,-0.22384,0.249439,-0.942165,-0.356942,0.419491,-0.834638,-0.316,0.36,0.222,0.37,0.015
48844,1628.588,0.98,1,-0.190199,0.298395,-0.935299,-0.286972,0.472554,-0.833271,-0.264,0.411,0.227,0.328,0.021
48845,1628.621,0.98,1,-0.024367,0.461809,-0.886645,-0.342345,0.500058,-0.795451,-0.215,0.519,0.255,0.338,0.022
48846,1628.654,0.98,1,-0.01712,0.476688,-0.878906,-0.308028,0.46564,-0.829637,-0.188,0.504,0.259,0.324,0.027
48847,1628.688,0.98,1,0.026869,0.462873,-0.886018,-0.302787,0.470978,-0.828553,-0.16,0.499,0.267,0.303,0.029
48848,1628.721,0.98,1,0.064648,0.449359,-0.891009,-0.275296,0.423537,-0.863035,-0.12,0.462,0.268,0.272,0.031
48849,1628.755,0.98,1,0.054603,0.440695,-0.895995,-0.300071,0.454294,-0.838793,-0.141,0.476,0.29,0.265,0.03
48850,1628.788,0.98,1,0.083105,0.382464,-0.920226,-0.293368,0.421608,-0.858011,-0.118,0.425,0.295,0.245,0.029
48851,1628.821,0.98,1,0.091721,0.407745,-0.908478,-0.293043,0.429807,-0.854044,-0.114,0.444,0.325,0.235,0.022
48852,1628.855,0.98,1,0.10874,0.420909,-0.900562,-0.292109,0.450018,-0.843893,-0.105,0.463,0.362,0.227,0.017
48853,1628.888,0.93,1,0.102097,0.458447,-0.882838,-0.272442,0.472913,-0.837931,-0.099,0.496,0.394,0.21,0.017
48854,1628.921,0.93,1,0.091201,0.496214,-0.863397,-0.248026,0.48896,-0.836302,-0.092,0.525,0.418,0.191,0.018
48855,1628.955,0.98,1,0.104946,0.522242,-0.846315,-0.257449,0.478991,-0.839218,-0.09,0.536,0.45,0.183,0.013
48856,1628.988,0.98,1,0.112315,0.535529,-0.837015,-0.235527,0.507026,-0.829127,-0.074,0.559,0.455,0.168,0.009
48857,1629.021,0.98,1,0.103155,0.551754,-0.827603,-0.212639,0.509322,-0.833892,-0.066,0.568,0.468,0.16,0.004
48858,1629.055,0.98,1,0.11171,0.544411,-0.831347,-0.207286,0.523657,-0.826327,-0.058,0.572,0.474,0.153,-0.009
48859,1629.088,0.98,1,0.119779,0.562698,-0.817939,-0.198887,0.520494,-0.830379,-0.048,0.581,0.488,0.145,-0.004
48860,1629.121,0.98,1,0.14076,0.553986,-0.82054,-0.178881,0.524829,-0.832199,-0.023,0.578,0.494,0.132,-0.007
48861,1629.155,0.98,1,0.154602,0.558724,-0.814817,-0.146885,0.522178,-0.840092,0.005,0.579,0.514,0.114,-0.003
48862,1629.188,0.98,1,0.146323,0.569011,-0.809207,-0.055061,0.578669,-0.813702,0.056,0.616,0.537,0.082,0.013
48863,1629.221,0.98,1,0.050937,0.57401,-0.817263,-0.065046,0.658903,-0.74941,-0.009,0.667,0.599,0.038,0.035
48864,1629.255,0.98,1,0.125408,0.64414,-0.754557,-0.031037,0.699611,-0.71385,0.064,0.741,0.731,0.027,0.056
48865,1629.288,0.98,1,0.1143,0.648721,-0.752394,0.008728,0.726474,-0.687138,0.085,0.763,0.868,0.026,0.072
48866,1629.321,0.98,1,0.125666,0.668119,-0.733366,0.009675,0.740171,-0.672349,0.096,0.786,0.836,0.014,0.098
48867,1629.355,0.98,1,0.157458,0.708194,-0.688235,-0.016859,0.748222,-0.663235,0.104,0.823,0.802,0.002,0.114
48868,1629.388,0.98,1,0.144931,0.651521,-0.744658,-0.020225,0.751645,-0.659258,0.089,0.785,0.797,-0.012,0.124
48869,1629.421,0.98,1,0.151371,0.652516,-0.742502,-0.040361,0.730657,-0.681551,0.078,0.771,0.762,-0.027,0.132
48870,1629.455,0.98,1,0.156908,0.63661,-0.755055,-0.050277,0.713663,-0.698683,0.073,0.749,0.726,-0.043,0.139
48871,1629.488,0.98,1,0.139457,0.632213,-0.762141,-0.044532,0.68813,-0.72422,0.064,0.726,0.695,-0.054,0.145
48872,1629.521,0.98,1,0.172587,0.670932,-0.721155,-0.051881,0.671051,-0.739594,0.082,0.743,0.642,-0.067,0.148
48873,1629.555,0.98,1,0.200807,0.672072,-0.712739,-0.026813,0.6646,-0.746718,0.119,0.742,0.6,-0.075,0.151
48874,1629.588,0.98,1,0.202364,0.665793,-0.71817,-0.016239,0.663552,-0.747954,0.126,0.737,0.567,-0.085,0.155
48875,1629.621,0.98,1,0.193126,0.660379,-0.725673,0.002108,0.656542,-0.754286,0.131,0.727,0.544,-0.089,0.161
48876,1629.655,0.98,1,0.202207,0.652138,-0.730636,-0.008937,0.64101,-0.76748,0.128,0.712,0.518,-0.087,0.166
48877,1629.688,0.98,1,0.207245,0.589734,-0.780553,0.032043,0.611124,-0.790886,0.151,0.653,0.507,-0.079,0.171
48878,1629.721,0.98,1,0.20456,0.567922,-0.797258,0.033365,0.57776,-0.815525,0.146,0.618,0.505,-0.067,0.171
49469,1649.427,0.98,1,0.027891,0.386024,-0.922067,-0.183837,0.545146,-0.817937,-0.089,0.491,0.148,0.14,-0.004
49470,1649.461,0.98,1,0.007385,0.515433,-0.856898,-0.214783,0.487979,-0.846017,-0.121,0.532,0.153,0.138,-0.007
49471,1649.494,0.98,1,-0.018063,0.512949,-0.858229,-0.204915,0.459868,-0.86402,-0.129,0.514,0.147,0.14,-0.005
49472,1649.527,0.98,1,0.003389,0.510445,-0.859904,-0.17964,0.515802,-0.837662,-0.103,0.544,0.155,0.135,-0.006
49513,1650.894,0.98,1,0.031959,0.513061,-0.857757,-0.185168,0.561532,-0.806471,-0.092,0.573,0.154,0.148,-0.012
49514,1650.928,0.98,1,0.031193,0.494569,-0.868579,-0.201698,0.462315,-0.863471,-0.098,0.505,0.148,0.143,-0.013
49515,1650.961,0.98,1,0.008711,0.534342,-0.845223,-0.178504,0.590868,-0.786772,-0.104,0.604,0.15,0.142,-0.013
49604,1653.929,0.98,1,-0.084012,0.501703,-0.860951,-0.273616,0.473675,-0.837118,-0.208,0.521,0.198,0.152,0.038
49605,1653.962,0.98,1,-0.148617,0.517051,-0.842954,-0.249453,0.498661,-0.830127,-0.234,0.546,0.211,0.172,0.042
49606,1653.995,0.98,1,-0.073887,0.514152,-0.854511,-0.229246,0.532498,-0.814796,-0.18,0.56,0.222,0.197,0.044
49607,1654.029,0.98,1,-0.07944,0.497819,-0.863635,-0.281955,0.531164,-0.798978,-0.214,0.554,0.245,0.224,0.049
49608,1654.062,0.98,1,-0.023034,0.493818,-0.86926,-0.328976,0.501638,-0.800084,-0.208,0.538,0.306,0.262,0.055
49609,1654.095,0.98,1,-0.007461,0.511456,-0.859277,-0.38733,0.375312,-0.84209,-0.228,0.48,0.361,0.306,0.052
49610,1654.129,0.98,1,-0.020688,0.504983,-0.862881,-0.388765,0.408154,-0.825997,-0.238,0.496,0.383,0.324,0.051
49611,1654.162,0.98,1,-0.025683,0.483578,-0.874924,-0.394885,0.3994,-0.827372,-0.242,0.478,0.389,0.338,0.054
49612,1654.195,0.98,1,-0.031376,0.48903,-0.871702,-0.405959,0.40277,-0.820349,-0.253,0.485,0.404,0.344,0.055
49613,1654.229,0.98,1,-0.01798,0.4931,-0.869787,-0.402882,0.404704,-0.820914,-0.244,0.488,0.408,0.345,0.057
49614,1654.262,0.98,1,-0.031549,0.508207,-0.860657,-0.408214,0.426237,-0.807269,-0.258,0.511,0.415,0.349,0.056
49615,1654.295,0.98,1,-0.040152,0.525272,-0.849986,-0.394972,0.421552,-0.816267,-0.255,0.517,0.423,0.36,0.053
49616,1654.329,0.98,1,-0.052418,0.544777,-0.836941,-0.390679,0.431018,-0.813384,-0.262,0.534,0.434,0.363,0.05
49617,1654.362,0.98,1,-0.059053,0.540377,-0.839348,-0.395968,0.43007,-0.811326,-0.269,0.531,0.445,0.368,0.047
49618,1654.396,0.98,1,-0.043675,0.551933,-0.832744,-0.397673,0.438772,-0.805813,-0.263,0.544,0.452,0.369,0.048
49619,1654.429,0.98,1,-0.052661,0.552747,-0.831683,-0.402811,0.432476,-0.806664,-0.271,0.541,0.459,0.369,0.05
49620,1654.462,0.98,1,-0.055586,0.55462,-0.830245,-0.395022,0.438976,-0.807006,-0.269,0.545,0.462,0.366,0.053
49621,1654.496,0.93,1,-0.059416,0.560524,-0.826004,-0.41672,0.433598,-0.79896,-0.285,0.549,0.468,0.37,0.055
49622,1654.529,0.98,1,-0.053846,0.564708,-0.823532,-0.413622,0.452596,-0.789983,-0.282,0.563,0.469,0.371,0.058
49623,1654.562,0.98,1,-0.072008,0.559582,-0.825641,-0.42533,0.450195,-0.785123,-0.299,0.56,0.468,0.374,0.062
49624,1654.596,0.98,1,-0.070437,0.566628,-0.820957,-0.430834,0.457572,-0.777824,-0.304,0.57,0.467,0.38,0.067
49625,1654.629,0.98,1,-0.069084,0.563749,-0.823052,-0.433562,0.459415,-0.775217,-0.305,0.569,0.465,0.385,0.07
49626,1654.662,0.98,1,-0.072911,0.531051,-0.844197,-0.442237,0.44854,-0.776684,-0.308,0.544,0.458,0.383,0.073
49627,1654.696,0.93,1,-0.110419,0.562004,-0.819731,-0.410742,0.55985,-0.719625,-0.326,0.63,0.441,0.363,0.078
49628,1654.729,0.93,1,-0.114046,0.57134,-0.812751,-0.401447,0.571506,-0.715696,-0.325,0.642,0.433,0.356,0.08
49629,1654.762,0.93,1,-0.115299,0.565557,-0.81661,-0.409181,0.570399,-0.712191,-0.33,0.639,0.439,0.359,0.079
49630,1654.796,0.93,1,-0.099748,0.576243,-0.811168,-0.406158,0.567006,-0.716617,-0.32,0.642,0.448,0.362,0.076
49631,1654.829,0.93,1,-0.106547,0.551319,-0.827463,-0.432934,0.491743,-0.755485,-0.328,0.583,0.475,0.393,0.066
49632,1654.862,0.93,1,-0.102046,0.556137,-0.824802,-0.414912,0.523549,-0.74414,-0.318,0.603,0.459,0.381,0.069
49633,1654.896,0.93,1,-0.105774,0.554345,-0.825538,-0.424164,0.513623,-0.74584,-0.325,0.597,0.467,0.391,0.062
49634,1654.929,0.93,1,-0.109859,0.548147,-0.829135,-0.440323,0.480995,-0.758129,-0.334,0.575,0.472,0.4,0.056
49635,1654.962,0.93,1,-0.137726,0.573182,-0.807771,-0.440164,0.490523,-0.752092,-0.355,0.598,0.472,0.4,0.052
49636,1654.996,0.93,1,-0.151582,0.569966,-0.807565,-0.445533,0.478507,-0.756658,-0.365,0.591,0.478,0.41,0.046
49637,1655.029,0.93,1,-0.169921,0.57413,-0.800938,-0.446195,0.489111,-0.749453,-0.378,0.601,0.48,0.406,0.042
49638,1655.062,0.93,1,-0.179601,0.581931,-0.793158,-0.444965,0.49405,-0.746941,-0.385,0.61,0.485,0.404,0.036
49639,1655.096,0.93,1,-0.180666,0.582425,-0.792554,-0.439994,0.497556,-0.747558,-0.383,0.612,0.485,0.403,0.03
49640,1655.129,0.93,1,-0.154726,0.588303,-0.7937,-0.433336,0.503882,-0.74721,-0.365,0.617,0.493,0.403,0.025
49641,1655.162,0.93,1,-0.164924,0.581032,-0.796995,-0.437171,0.504871,-0.744303,-0.372,0.614,0.496,0.398,0.023
49642,1655.196,0.93,1,-0.175415,0.58291,-0.793376,-0.425387,0.513259,-0.745393,-0.372,0.619,0.502,0.395,0.022
49643,1655.229,0.93,1,-0.152323,0.58808,-0.79433,-0.427924,0.516179,-0.741916,-0.361,0.623,0.507,0.389,0.023
49644,1655.262,0.98,1,-0.157086,0.580068,-0.799278,-0.419469,0.513083,-0.74886,-0.357,0.615,0.514,0.385,0.022
49645,1655.296,0.98,1,-0.15229,0.584585,-0.796912,-0.417017,0.51488,-0.748996,-0.353,0.618,0.519,0.379,0.018
49646,1655.329,0.98,1,-0.14382,0.587134,-0.796611,-0.415118,0.517111,-0.748514,-0.347,0.621,0.523,0.374,0.015
49647,1655.362,0.98,1,-0.15135,0.595443,-0.789012,-0.417185,0.527739,-0.739897,-0.356,0.634,0.525,0.371,0.011
49648,1655.396,0.98,1,-0.141308,0.590826,-0.794328,-0.402268,0.522168,-0.752011,-0.338,0.624,0.529,0.366,0.01
49649,1655.429,0.98,1,-0.146327,0.591022,-0.793273,-0.391347,0.529216,-0.752846,-0.335,0.627,0.532,0.361,0.007
49650,1655.463,0.93,1,-0.125452,0.649204,-0.750198,-0.353425,0.618819,-0.701537,-0.319,0.718,0.509,0.329,0.013
49651,1655.496,0.98,1,-0.095863,0.617057,-0.781058,-0.323403,0.609165,-0.724105,-0.272,0.684,0.496,0.305,0.015
49652,1655.529,0.98,1,-0.104326,0.551299,-0.827759,-0.311814,0.590834,-0.744102,-0.259,0.628,0.501,0.307,0.008
49653,1655.563,0.98,1,-0.149947,0.528454,-0.835615,-0.320983,0.569527,-0.75671,-0.288,0.604,0.501,0.296,0.004
49654,1655.596,0.98,1,-0.131827,0.520156,-0.843836,-0.309158,0.567243,-0.76332,-0.268,0.595,0.5,0.288,-0.004
49655,1655.629,0.98,1,-0.121317,0.52336,-0.843431,-0.318891,0.562758,-0.762635,-0.268,0.595,0.497,0.282,-0.012
49656,1655.663,0.98,1,-0.08774,0.530856,-0.842908,-0.322204,0.555541,-0.766524,-0.249,0.594,0.496,0.277,-0.016
49657,1655.696,0.98,1,-0.081045,0.529459,-0.844455,-0.31541,0.557708,-0.767775,-0.241,0.593,0.494,0.27,-0.02
49658,1655.729,0.98,1,-0.082292,0.533491,-0.841793,-0.311044,0.561156,-0.767044,-0.24,0.597,0.496,0.265,-0.023
49659,1655.763,0.98,1,-0.072518,0.528596,-0.84577,-0.305772,0.56583,-0.765728,-0.231,0.597,0.495,0.259,-0.024
49660,1655.796,0.98,1,-0.069975,0.534908,-0.842008,-0.306816,0.558309,-0.770814,-0.23,0.596,0.493,0.247,-0.024
49661,1655.829,0.98,1,-0.08568,0.532531,-0.842063,-0.299627,0.550064,-0.779521,-0.233,0.589,0.493,0.227,-0.023
49662,1655.863,0.98,1,-0.083118,0.544555,-0.834597,-0.289087,0.572545,-0.767216,-0.228,0.609,0.495,0.202,-0.046
49663,1655.896,0.98,1,-0.065858,0.568539,-0.820016,-0.260983,0.58183,-0.7703,-0.203,0.626,0.494,0.191,-0.062
49664,1655.929,0.98,1,0.031654,0.585063,-0.81037,-0.205657,0.575391,-0.7916,-0.108,0.627,0.493,0.176,-0.071
49665,1655.963,0.98,1,0.130933,0.544915,-0.828206,-0.151765,0.566743,-0.809796,-0.013,0.596,0.492,0.145,-0.068
49666,1655.996,0.98,1,0.137633,0.357974,-0.923532,-0.073224,0.563458,-0.822893,0.037,0.485,0.474,0.097,-0.059
49667,1656.029,0.98,1,0.191082,0.333234,-0.923278,-0.014066,0.543254,-0.839451,0.1,0.461,0.456,0.041,-0.055
49668,1656.063,0.98,1,0.274913,0.352572,-0.894492,0.034378,0.51323,-0.857562,0.175,0.459,0.437,-0.015,-0.045
49669,1656.096,0.98,1,0.315818,0.515267,-0.796717,0.04778,0.453283,-0.890085,0.212,0.521,0.403,-0.072,-0.04
49670,1656.129,0.98,1,0.336605,0.483332,-0.808138,0.070942,0.376272,-0.923789,0.231,0.461,0.359,-0.092,-0.046
49671,1656.163,0.98,1,0.294835,0.403508,-0.866172,0.066408,0.331071,-0.941266,0.197,0.386,0.333,-0.085,-0.059
49678,1656.396,0.98,1,0.144765,0.402405,-0.903943,-0.081071,0.230355,-0.969724,0.034,0.326,0.257,0.025,-0.036
49679,1656.429,0.98,1,0.12776,0.467617,-0.874649,-0.108081,0.243537,-0.963851,0.011,0.369,0.254,0.036,-0.021
49680,1656.463,0.98,1,0.105805,0.484685,-0.868266,-0.105566,0.239683,-0.965095,0.0,0.376,0.258,0.043,-0.007
49681,1656.496,0.98,1,0.082534,0.492742,-0.866253,-0.111634,0.262527,-0.958445,-0.016,0.392,0.259,0.049,0.014
49682,1656.529,0.98,1,0.058926,0.48168,-0.874364,-0.130783,0.33389,-0.933495,-0.04,0.424,0.264,0.055,0.033
49683,1656.563,0.98,1,0.038722,0.451968,-0.891193,-0.14414,0.347297,-0.926611,-0.058,0.414,0.265,0.059,0.049
49684,1656.596,0.98,1,0.043693,0.41319,-0.909596,-0.150868,0.367213,-0.91782,-0.059,0.404,0.273,0.059,0.067
49685,1656.63,0.98,1,0.057926,0.403712,-0.91305,-0.145189,0.365945,-0.919241,-0.048,0.398,0.268,0.063,0.078
49686,1656.663,0.98,1,0.049789,0.405374,-0.912794,-0.134219,0.389877,-0.911033,-0.046,0.411,0.265,0.064,0.085
49687,1656.696,0.98,1,0.050632,0.413746,-0.908983,-0.136472,0.3985,-0.906958,-0.047,0.421,0.262,0.065,0.093
49688,1656.73,0.98,1,0.041227,0.411113,-0.910652,-0.137466,0.392653,-0.909355,-0.053,0.416,0.264,0.069,0.098
49689,1656.763,0.98,1,0.014227,0.402451,-0.915331,-0.134324,0.396193,-0.908288,-0.066,0.413,0.269,0.071,0.101
49690,1656.796,0.98,1,-0.031822,0.387232,-0.921433,-0.131056,0.406552,-0.904179,-0.089,0.41,0.269,0.086,0.099
49691,1656.83,0.98,1,-0.036008,0.402546,-0.914691,-0.147404,0.406225,-0.901805,-0.101,0.419,0.27,0.091,0.098
49692,1656.863,0.98,1,-0.013657,0.408948,-0.912456,-0.149844,0.394329,-0.90667,-0.09,0.416,0.267,0.089,0.103
49693,1656.896,0.98,1,-0.010005,0.41947,-0.907714,-0.172881,0.375894,-0.910393,-0.1,0.412,0.272,0.078,0.114
49694,1656.93,0.98,1,-0.007624,0.419939,-0.90752,-0.168165,0.383761,-0.907991,-0.097,0.417,0.281,0.073,0.119
49695,1656.963,0.98,1,-0.027629,0.419131,-0.907505,-0.159649,0.409551,-0.89821,-0.103,0.43,0.297,0.076,0.114
49696,1656.996,0.98,1,-0.018583,0.418736,-0.907918,-0.164861,0.414832,-0.894838,-0.101,0.433,0.314,0.088,0.103
49697,1657.03,0.98,1,-0.020516,0.44944,-0.893075,-0.154403,0.428649,-0.89018,-0.098,0.458,0.327,0.09,0.099
49698,1657.063,0.98,1,-0.060635,0.483504,-0.873239,-0.179048,0.436641,-0.881639,-0.136,0.483,0.33,0.1,0.094
49699,1657.096,0.98,1,-0.115957,0.549494,-0.827412,-0.260766,0.508182,-0.820824,-0.225,0.571,0.327,0.116,0.086
49700,1657.13,0.98,1,-0.12397,0.571112,-0.811457,-0.305839,0.506537,-0.806153,-0.26,0.588,0.331,0.143,0.08
49701,1657.163,0.98,1,-0.162696,0.519669,-0.838734,-0.338755,0.490088,-0.803155,-0.296,0.551,0.316,0.192,0.082
49702,1657.196,0.98,1,-0.167162,0.507292,-0.845406,-0.359329,0.483048,-0.798465,-0.31,0.542,0.303,0.219,0.096
49703,1657.23,0.98,1,-0.174872,0.511262,-0.841446,-0.389424,0.48841,-0.7809,-0.335,0.552,0.302,0.247,0.104
49704,1657.263,0.98,1,-0.182217,0.510899,-0.840107,-0.398804,0.485273,-0.778117,-0.345,0.552,0.308,0.269,0.106
49705,1657.296,0.98,1,-0.170941,0.518356,-0.837906,-0.392332,0.484511,-0.781872,-0.335,0.554,0.312,0.286,0.107
49706,1657.33,0.98,1,-0.179529,0.504966,-0.844262,-0.380774,0.477028,-0.792121,-0.33,0.54,0.322,0.297,0.104
49707,1657.363,0.98,1,-0.187686,0.515554,-0.836049,-0.370424,0.473261,-0.799256,-0.329,0.544,0.328,0.305,0.1
49708,1657.396,0.98,1,-0.180102,0.521108,-0.834272,-0.382169,0.472662,-0.794064,-0.332,0.548,0.335,0.308,0.098
49709,1657.43,0.98,1,-0.185904,0.521796,-0.832568,-0.388076,0.477021,-0.788573,-0.34,0.552,0.343,0.313,0.096
49710,1657.463,0.98,1,-0.18658,0.530794,-0.826708,-0.391686,0.48243,-0.783481,-0.345,0.562,0.353,0.318,0.093
49711,1657.496,0.98,1,-0.28207,0.533177,-0.797596,-0.416649,0.508987,-0.753217,-0.423,0.592,0.362,0.324,0.089
49712,1657.53,0.98,1,-0.308406,0.524525,-0.793574,-0.456126,0.510241,-0.729111,-0.465,0.597,0.366,0.34,0.083
49713,1657.563,0.98,1,-0.31575,0.534106,-0.78424,-0.485091,0.516385,-0.705715,-0.493,0.614,0.371,0.359,0.078
49714,1657.596,0.98,1,-0.319941,0.570139,-0.75669,-0.482715,0.546968,-0.683968,-0.508,0.66,0.38,0.402,0.066
49715,1657.63,0.98,1,-0.157227,0.613525,-0.773865,-0.570449,0.504908,-0.647809,-0.473,0.667,0.413,0.459,0.055
49716,1657.663,0.98,1,-0.294124,0.600765,-0.743352,-0.598829,0.534485,-0.596431,-0.588,0.703,0.438,0.496,0.048
49717,1657.697,0.98,1,-0.326374,0.594492,-0.734888,-0.557687,0.553098,-0.618924,-0.578,0.703,0.427,0.53,0.054
49718,1657.73,0.98,1,-0.405043,0.55777,-0.724454,-0.615551,0.527903,-0.585163,-0.662,0.692,0.42,0.562,0.059
49719,1657.763,0.98,1,-0.377391,0.509541,-0.773268,-0.641701,0.53283,-0.551644,-0.656,0.667,0.4,0.574,0.069
49720,1657.797,0.98,1,-0.424205,0.498787,-0.755818,-0.622786,0.542828,-0.563449,-0.671,0.668,0.404,0.605,0.066
49721,1657.83,0.98,1,-0.482539,0.459618,-0.745592,-0.641973,0.529953,-0.554095,-0.713,0.651,0.413,0.632,0.06
49722,1657.863,0.98,1,-0.527825,0.426531,-0.734488,-0.666738,0.52296,-0.531012,-0.757,0.644,0.427,0.66,0.047
49723,1657.897,0.98,1,-0.527283,0.425336,-0.735569,-0.68742,0.523727,-0.503155,-0.776,0.654,0.429,0.668,0.037
49724,1657.93,0.98,1,-0.518808,0.457963,-0.721878,-0.685662,0.532992,-0.495769,-0.78,0.683,0.437,0.675,0.021
49725,1657.963,0.98,1,-0.522743,0.434955,-0.73318,-0.688333,0.539646,-0.484747,-0.783,0.675,0.441,0.674,0.008
49726,1657.997,0.88,1,-0.532684,0.42565,-0.731484,-0.672139,0.548546,-0.49732,-0.776,0.67,0.451,0.671,-0.006
49727,1658.03,0.88,1,-0.501996,0.481273,-0.718593,-0.701116,0.549177,-0.454797,-0.798,0.721,0.453,0.685,-0.014
49728,1658.063,0.98,1,-0.495457,0.485536,-0.720262,-0.700409,0.537166,-0.469979,-0.788,0.71,0.45,0.691,-0.024
49729,1658.097,0.98,1,-0.482143,0.464233,-0.742984,-0.676469,0.567859,-0.468962,-0.763,0.705,0.467,0.671,-0.04
49730,1658.13,0.88,1,-0.484721,0.458867,-0.744639,-0.682841,0.567619,-0.459931,-0.77,0.706,0.467,0.663,-0.048
49731,1658.163,0.93,1,-0.47457,0.459165,-0.750967,-0.687786,0.558745,-0.463416,-0.764,0.698,0.465,0.655,-0.055
49732,1658.197,0.88,1,-0.455686,0.449076,-0.768558,-0.688149,0.566233,-0.453686,-0.752,0.693,0.463,0.666,-0.063
49733,1658.23,0.88,1,-0.447816,0.461937,-0.765556,-0.690765,0.557748,-0.460175,-0.749,0.694,0.472,0.659,-0.073
49734,1658.263,0.93,1,-0.442358,0.492209,-0.7497,-0.677038,0.568385,-0.467502,-0.744,0.717,0.481,0.668,-0.084
49735,1658.297,0.93,1,-0.417346,0.489155,-0.765865,-0.669114,0.552729,-0.496767,-0.711,0.69,0.477,0.658,-0.083
49736,1658.33,0.88,1,-0.40962,0.494848,-0.766379,-0.667547,0.56164,-0.488817,-0.709,0.7,0.482,0.654,-0.084
49737,1658.363,0.88,1,-0.409233,0.489348,-0.770108,-0.663261,0.554449,-0.502664,-0.7,0.687,0.48,0.654,-0.083
49738,1658.397,0.88,1,-0.405463,0.494527,-0.768793,-0.660047,0.56479,-0.495328,-0.7,0.697,0.482,0.65,-0.083
49739,1658.43,0.88,1,-0.397875,0.505728,-0.765464,-0.650051,0.577304,-0.494119,-0.694,0.71,0.483,0.644,-0.082
49740,1658.463,0.88,1,-0.412421,0.49484,-0.764881,-0.662705,0.552821,-0.505185,-0.702,0.69,0.487,0.643,-0.081
49741,1658.497,0.93,1,-0.399517,0.511905,-0.760486,-0.663765,0.561819,-0.493736,-0.703,0.708,0.489,0.642,-0.082
49742,1658.53,0.88,1,-0.394744,0.517651,-0.759088,-0.629682,0.560018,-0.538406,-0.668,0.693,0.49,0.643,-0.081
49743,1658.563,0.88,1,-0.377301,0.527909,-0.760892,-0.631735,0.562034,-0.533881,-0.662,0.7,0.489,0.645,-0.083
49744,1658.597,0.88,1,-0.376781,0.519207,-0.767112,-0.636195,0.571876,-0.517894,-0.668,0.704,0.483,0.648,-0.079
49745,1658.63,0.88,1,-0.370651,0.518865,-0.770323,-0.629472,0.565052,-0.533368,-0.654,0.694,0.48,0.645,-0.075
49746,1658.663,0.88,1,-0.372818,0.521556,-0.767454,-0.621912,0.575234,-0.531348,-0.654,0.701,0.479,0.649,-0.075
49747,1658.697,0.88,1,-0.373735,0.517364,-0.769842,-0.616317,0.593565,-0.517526,-0.656,0.712,0.478,0.648,-0.074
49748,1658.73,0.88,1,-0.370514,0.548442,-0.74962,-0.604936,0.610952,-0.510675,-0.659,0.744,0.487,0.643,-0.075
49749,1658.763,0.88,1,-0.389911,0.578657,-0.716328,-0.574616,0.620945,-0.533145,-0.657,0.765,0.482,0.641,-0.074
49750,1658.797,0.88,1,-0.299512,0.561665,-0.771249,-0.530811,0.521504,-0.668037,-0.523,0.645,0.52,0.662,-0.096
49751,1658.83,0.88,1,-0.286172,0.618515,-0.731809,-0.538458,0.588203,-0.603391,-0.553,0.735,0.516,0.625,-0.089
49752,1658.864,0.93,1,-0.263634,0.638251,-0.723279,-0.454112,0.665438,-0.592431,-0.499,0.781,0.506,0.59,-0.076
49753,1658.897,0.88,1,-0.27489,0.59744,-0.753327,-0.447015,0.57029,-0.689164,-0.464,0.681,0.512,0.528,-0.067
49754,1658.93,0.98,1,-0.142124,0.642636,-0.752875,-0.25062,0.658842,-0.709307,-0.262,0.727,0.533,0.268,-0.065
49755,1658.964,0.93,1,0.102194,0.556348,-0.824641,-0.191953,0.571815,-0.79761,-0.055,0.608,0.516,0.155,-0.008
49756,1658.997,0.93,1,0.223239,0.561407,-0.79686,-0.185732,0.428166,-0.884408,0.022,0.532,0.452,0.057,0.067
49757,1659.03,0.93,1,0.207533,0.563632,-0.799531,-0.030591,0.502421,-0.864082,0.106,0.57,0.426,0.044,0.095
49758,1659.064,0.93,1,0.309557,0.580514,-0.753112,-0.046315,0.526363,-0.848997,0.163,0.605,0.42,-0.009,0.109
49759,1659.097,0.93,1,0.255992,0.593752,-0.762841,-0.050039,0.502661,-0.863034,0.126,0.593,0.418,-0.046,0.123
49760,1659.13,0.98,1,0.246368,0.611177,-0.752174,-0.023716,0.429852,-0.902588,0.134,0.562,0.43,-0.067,0.131
49761,1659.164,0.98,1,0.238022,0.622096,-0.745883,-0.031134,0.413461,-0.909989,0.124,0.559,0.421,-0.082,0.141
49762,1659.197,0.98,1,0.240866,0.619659,-0.746998,-0.05351,0.406629,-0.912025,0.112,0.554,0.409,-0.085,0.149
49763,1659.23,0.98,1,0.275009,0.598735,-0.752255,-0.042044,0.352954,-0.934696,0.137,0.514,0.406,-0.084,0.153
49764,1659.264,0.98,1,0.263088,0.569436,-0.778799,-0.049423,0.295404,-0.954093,0.123,0.463,0.393,-0.063,0.156
49765,1659.297,0.98,1,0.273806,0.532742,-0.80076,-0.062077,0.2487,-0.966589,0.119,0.416,0.372,-0.053,0.159
49766,1659.33,0.98,1,0.247979,0.539822,-0.804425,-0.072728,0.229746,-0.970529,0.098,0.409,0.371,-0.048,0.159
49767,1659.364,0.98,1,0.238288,0.534208,-0.811074,-0.083092,0.24125,-0.966899,0.087,0.411,0.366,-0.035,0.152
49768,1659.397,0.98,1,0.233879,0.626234,-0.743729,-0.09168,0.260838,-0.961019,0.083,0.48,0.376,-0.042,0.158
49769,1659.43,0.98,1,0.20002,0.504411,-0.839977,-0.109917,0.264931,-0.957982,0.05,0.404,0.376,-0.03,0.182
49770,1659.464,0.98,1,0.176425,0.510498,-0.841585,-0.089536,0.315219,-0.944786,0.049,0.433,0.416,-0.064,0.2
49771,1659.497,0.98,1,0.095814,0.4269,-0.899208,-0.111246,0.321468,-0.940363,-0.008,0.386,0.433,-0.058,0.222
49772,1659.53,0.98,1,0.152133,0.493077,-0.856581,-0.109617,0.333611,-0.936316,0.024,0.432,0.448,-0.071,0.24
49773,1659.564,0.98,1,0.150785,0.515105,-0.84376,-0.089657,0.378428,-0.921278,0.035,0.469,0.485,-0.088,0.245
49774,1659.597,0.98,1,0.255877,0.637901,-0.726368,-0.064335,0.341036,-0.937846,0.115,0.532,0.477,-0.144,0.265
49775,1659.63,0.98,1,0.241865,0.592457,-0.768438,-0.074478,0.391766,-0.917045,0.099,0.529,0.462,-0.13,0.278
49817,1661.031,0.98,1,-0.165516,0.442579,-0.881322,-0.4465,0.486342,-0.751072,-0.359,0.517,0.303,0.383,-0.008
49818,1661.064,0.98,1,-0.203051,0.417934,-0.885495,-0.465147,0.447314,-0.763904,-0.385,0.483,0.307,0.469,0.009
49819,1661.098,0.98,1,-0.23897,0.37726,-0.894745,-0.460533,0.434995,-0.77375,-0.397,0.453,0.302,0.514,0.029
49820,1661.131,0.98,1,-0.242578,0.308019,-0.919935,-0.459724,0.438626,-0.772179,-0.393,0.416,0.278,0.522,0.06
49821,1661.164,0.98,1,-0.239033,0.266526,-0.933717,-0.466279,0.437542,-0.768857,-0.393,0.392,0.26,0.504,0.089
49822,1661.198,0.98,1,-0.294749,0.283179,-0.912652,-0.468749,0.431423,-0.77081,-0.426,0.401,0.27,0.484,0.118
49823,1661.231,0.98,1,-0.286186,0.288338,-0.913761,-0.457223,0.429946,-0.77852,-0.414,0.401,0.274,0.449,0.148
49824,1661.264,0.98,1,-0.34782,0.306863,-0.885921,-0.450551,0.434603,-0.779823,-0.447,0.419,0.279,0.458,0.157
49825,1661.298,0.98,1,-0.340263,0.306576,-0.88895,-0.479019,0.421251,-0.770122,-0.459,0.413,0.279,0.455,0.159
49826,1661.331,0.98,1,-0.353884,0.312713,-0.881463,-0.476799,0.419828,-0.772274,-0.465,0.417,0.281,0.444,0.157
49827,1661.364,0.98,1,-0.354415,0.315069,-0.88041,-0.462651,0.427497,-0.77666,-0.458,0.421,0.286,0.432,0.153
49828,1661.398,0.98,1,-0.353514,0.317777,-0.879799,-0.475107,0.432285,-0.766422,-0.466,0.428,0.287,0.416,0.149
49829,1661.431,0.98,1,-0.34869,0.333118,-0.876041,-0.467342,0.439426,-0.767135,-0.461,0.439,0.294,0.404,0.142
49830,1661.464,0.98,1,-0.338411,0.330924,-0.88089,-0.451165,0.450849,-0.770185,-0.446,0.442,0.298,0.392,0.137
49831,1661.498,0.98,1,-0.308957,0.416448,-0.855053,-0.435978,0.462946,-0.771754,-0.429,0.496,0.303,0.375,0.133
49832,1661.531,0.98,1,-0.322804,0.404355,-0.855742,-0.424668,0.465767,-0.776349,-0.429,0.49,0.31,0.367,0.129
49833,1661.564,0.98,1,-0.324212,0.381962,-0.865443,-0.42785,0.469277,-0.772479,-0.43,0.479,0.318,0.363,0.125
49834,1661.598,0.98,1,-0.288784,0.419314,-0.860686,-0.413604,0.481368,-0.772798,-0.406,0.504,0.323,0.356,0.121
49835,1661.631,0.98,1,-0.296567,0.417377,-0.858979,-0.404851,0.483581,-0.776044,-0.405,0.504,0.327,0.35,0.118
49836,1661.664,0.98,1,-0.199974,0.486083,-0.850725,-0.4031,0.487003,-0.774815,-0.355,0.539,0.335,0.347,0.114
49837,1661.698,0.98,1,-0.206701,0.484973,-0.84975,-0.420724,0.492276,-0.762008,-0.371,0.545,0.343,0.343,0.109
49838,1661.731,0.98,1,-0.19065,0.492587,-0.849123,-0.419759,0.498242,-0.758655,-0.363,0.552,0.347,0.34,0.105
49839,1661.764,0.98,1,-0.189252,0.501482,-0.844216,-0.416687,0.497922,-0.760557,-0.361,0.557,0.35,0.339,0.103
49840,1661.798,0.98,1,-0.174995,0.501236,-0.847431,-0.407279,0.496415,-0.766613,-0.346,0.554,0.358,0.342,0.099
49841,1661.831,0.98,1,-0.175311,0.509426,-0.842467,-0.404018,0.499059,-0.766622,-0.346,0.56,0.363,0.342,0.097
49842,1661.864,0.98,1,-0.166329,0.516653,-0.839883,-0.395874,0.499982,-0.770261,-0.336,0.563,0.367,0.341,0.092
49843,1661.898,0.98,1,-0.158843,0.530934,-0.832393,-0.400698,0.509281,-0.761626,-0.338,0.578,0.375,0.34,0.092
49844,1661.931,0.98,1,-0.158739,0.536943,-0.82855,-0.406033,0.511562,-0.75726,-0.342,0.584,0.382,0.336,0.09
49845,1661.964,0.98,1,-0.159748,0.544106,-0.823668,-0.409229,0.515265,-0.753016,-0.346,0.592,0.391,0.336,0.088
49846,1661.998,0.98,1,-0.172841,0.552874,-0.815142,-0.401181,0.521069,-0.753353,-0.351,0.6,0.4,0.333,0.087
49847,1662.031,0.98,1,-0.179452,0.560912,-0.808192,-0.399623,0.528642,-0.748892,-0.356,0.611,0.409,0.331,0.085
49848,1662.064,0.98,1,-0.1753,0.55974,-0.809914,-0.397446,0.525729,-0.752094,-0.351,0.607,0.416,0.329,0.083
49849,1662.098,0.98,1,-0.165685,0.562526,-0.810008,-0.407641,0.53074,-0.743063,-0.354,0.613,0.423,0.327,0.082
49850,1662.131,0.98,1,-0.174574,0.562087,-0.808444,-0.405874,0.536438,-0.739933,-0.359,0.617,0.43,0.325,0.082
49851,1662.165,0.98,1,-0.163712,0.56475,-0.80886,-0.394024,0.538358,-0.744927,-0.345,0.617,0.438,0.324,0.08
49852,1662.198,0.98,1,-0.170987,0.573376,-0.801251,-0.398485,0.539804,-0.741499,-0.354,0.625,0.445,0.319,0.081
49853,1662.231,0.98,1,-0.153803,0.610447,-0.776981,-0.406947,0.554812,-0.725657,-0.357,0.66,0.451,0.317,0.081
49854,1662.265,0.98,1,-0.049076,0.613215,-0.78839,-0.382738,0.57764,-0.721002,-0.279,0.668,0.465,0.336,0.073
49855,1662.298,0.98,1,-0.119825,0.612259,-0.781524,-0.47745,0.587844,-0.653055,-0.395,0.697,0.462,0.347,0.067
49856,1662.331,0.98,1,-0.08731,0.606964,-0.789919,-0.394812,0.576546,-0.715345,-0.31,0.666,0.444,0.351,0.068
49857,1662.365,0.98,1,-0.171732,0.604376,-0.77797,-0.417489,0.585201,-0.695156,-0.38,0.679,0.439,0.365,0.063
49858,1662.398,0.93,1,-0.217729,0.627245,-0.747768,-0.427583,0.574546,-0.697904,-0.42,0.694,0.447,0.374,0.059
49859,1662.431,0.98,1,-0.217872,0.640858,-0.736093,-0.428261,0.582772,-0.69063,-0.425,0.709,0.455,0.376,0.053
49860,1662.465,0.98,1,-0.211646,0.649908,-0.729949,-0.393257,0.598177,-0.698236,-0.401,0.718,0.467,0.37,0.048
49861,1662.498,0.98,1,-0.231971,0.636816,-0.735292,-0.420253,0.584267,-0.694276,-0.428,0.707,0.479,0.366,0.039
49862,1662.531,0.98,1,-0.227026,0.610967,-0.758406,-0.421105,0.582291,-0.69542,-0.419,0.687,0.483,0.36,0.027
49863,1662.565,0.98,1,-0.223359,0.598537,-0.769327,-0.431309,0.578863,-0.692019,-0.421,0.678,0.493,0.36,0.011
49864,1662.598,0.98,1,-0.225426,0.588873,-0.776152,-0.452352,0.563367,-0.691372,-0.433,0.666,0.507,0.364,-0.006
49865,1662.631,0.98,1,-0.22735,0.580613,-0.781794,-0.435275,0.559536,-0.705305,-0.419,0.654,0.509,0.364,-0.018
49866,1662.665,0.98,1,-0.218173,0.561415,-0.798257,-0.448735,0.563773,-0.693395,-0.42,0.646,0.515,0.366,-0.03
49867,1662.698,0.98,1,-0.211906,0.538311,-0.81567,-0.460879,0.559121,-0.689184,-0.42,0.63,0.525,0.372,-0.037
49868,1662.731,0.98,1,-0.210201,0.544589,-0.811935,-0.457973,0.570409,-0.681832,-0.421,0.641,0.541,0.379,-0.047
49869,1662.765,0.98,1,-0.215562,0.545721,-0.809767,-0.473902,0.570933,-0.670413,-0.436,0.646,0.544,0.379,-0.05
49870,1662.798,0.98,1,-0.214421,0.535786,-0.816674,-0.469183,0.577825,-0.667822,-0.432,0.644,0.552,0.38,-0.054
49871,1662.831,0.98,1,-0.217635,0.533079,-0.817595,-0.450165,0.562084,-0.693839,-0.416,0.627,0.551,0.376,-0.053
49872,1662.865,0.98,1,-0.223673,0.529027,-0.818597,-0.473061,0.574978,-0.667543,-0.438,0.639,0.555,0.379,-0.052
49873,1662.898,0.98,1,-0.224273,0.526321,-0.820175,-0.442564,0.559718,-0.700608,-0.413,0.62,0.55,0.373,-0.047
49874,1662.931,0.98,1,-0.230865,0.533968,-0.813375,-0.453112,0.573442,-0.682535,-0.429,0.637,0.556,0.375,-0.047
49875,1662.965,0.98,1,-0.235604,0.535998,-0.810677,-0.449726,0.568018,-0.689277,-0.429,0.635,0.553,0.372,-0.042
49876,1662.998,0.98,1,-0.234052,0.523571,-0.819203,-0.47308,0.596662,-0.648221,-0.449,0.652,0.56,0.375,-0.043
49877,1663.031,0.98,1,-0.303195,0.419626,-0.855562,-0.461311,0.586447,-0.665787,-0.466,0.584,0.569,0.374,-0.041
49878,1663.065,0.98,1,-0.297678,0.411867,-0.861251,-0.422653,0.545994,-0.723364,-0.427,0.544,0.575,0.368,-0.039
49879,1663.098,0.98,1,-0.290806,0.404427,-0.867105,-0.423367,0.533721,-0.732054,-0.42,0.531,0.571,0.355,-0.034
49880,1663.131,0.98,1,-0.294385,0.405702,-0.8653,-0.419729,0.545414,-0.7255,-0.422,0.539,0.575,0.351,-0.033
49881,1663.165,0.98,1,-0.289303,0.41184,-0.864113,-0.430205,0.531706,-0.729529,-0.424,0.535,0.578,0.351,-0.032
49882,1663.198,0.98,1,-0.292069,0.401401,-0.868086,-0.420227,0.512848,-0.748597,-0.415,0.515,0.58,0.343,-0.028
49883,1663.231,0.98,1,-0.279871,0.41249,-0.866905,-0.415792,0.522793,-0.744181,-0.408,0.526,0.586,0.344,-0.027
49884,1663.265,0.98,1,-0.283719,0.418197,-0.862911,-0.425822,0.542796,-0.723912,-0.42,0.545,0.592,0.349,-0.027
49885,1663.298,0.98,1,-0.287525,0.417715,-0.861884,-0.424476,0.527754,-0.735728,-0.419,0.534,0.593,0.35,-0.025
49886,1663.332,0.98,1,-0.263614,0.457318,-0.849334,-0.438605,0.530222,-0.725596,-0.419,0.56,0.584,0.346,-0.019
49887,1663.365,0.98,1,-0.275367,0.445786,-0.851732,-0.431064,0.528131,-0.731616,-0.42,0.551,0.578,0.34,-0.013
49888,1663.398,0.98,1,-0.280414,0.399421,-0.872829,-0.422858,0.529378,-0.735493,-0.412,0.524,0.577,0.341,-0.009
49889,1663.432,0.98,1,-0.272599,0.407812,-0.871424,-0.421508,0.530657,-0.735346,-0.408,0.529,0.573,0.337,-0.003
49890,1663.465,0.98,1,-0.274701,0.404714,-0.872208,-0.430835,0.527044,-0.732534,-0.414,0.526,0.569,0.332,0.002
49891,1663.498,0.98,1,-0.28452,0.389057,-0.876175,-0.425034,0.522829,-0.738916,-0.414,0.514,0.57,0.332,0.005
49892,1663.532,0.98,1,-0.273486,0.394069,-0.877448,-0.431142,0.521141,-0.736566,-0.412,0.516,0.563,0.33,0.01
49893,1663.565,0.98,1,-0.282242,0.386659,-0.877972,-0.43418,0.52011,-0.735509,-0.418,0.512,0.557,0.326,0.013
49894,1663.598,0.98,1,-0.269402,0.407533,-0.872548,-0.42867,0.5257,-0.734766,-0.41,0.526,0.556,0.323,0.012
49895,1663.632,0.98,1,-0.228345,0.464485,-0.855636,-0.429428,0.518203,-0.739633,-0.391,0.552,0.555,0.32,0.011
49896,1663.665,0.98,1,-0.222608,0.480107,-0.848495,-0.42038,0.517194,-0.745514,-0.383,0.559,0.555,0.319,0.01
49897,1663.698,0.98,1,-0.230708,0.475765,-0.848776,-0.422778,0.518216,-0.743445,-0.389,0.558,0.555,0.32,0.011
49898,1663.732,0.98,1,-0.23683,0.474056,-0.848046,-0.420759,0.519113,-0.743965,-0.392,0.558,0.552,0.323,0.014
49899,1663.765,0.98,1,-0.220789,0.49186,-0.842215,-0.42031,0.524799,-0.74022,-0.385,0.571,0.551,0.323,0.018
49900,1663.798,0.98,1,-0.256381,0.485318,-0.835904,-0.413855,0.529659,-0.740396,-0.402,0.572,0.558,0.329,0.018
49901,1663.832,0.93,1,-0.163093,0.66986,-0.724354,-0.351563,0.649819,-0.673898,-0.353,0.756,0.566,0.325,0.022
49902,1663.865,0.93,1,-0.142455,0.712919,-0.686625,-0.400086,0.692066,-0.600812,-0.399,0.829,0.605,0.31,0.023
49903,1663.898,0.98,1,-0.064718,0.717588,-0.693455,-0.370765,0.716046,-0.591448,-0.327,0.84,0.617,0.251,0.033
49904,1663.932,0.88,1,-0.029383,0.6804,-0.732252,-0.396713,0.669293,-0.628225,-0.304,0.781,0.587,0.185,0.031
49905,1663.965,0.98,1,0.237191,0.709184,-0.663927,-0.126912,0.677089,-0.724875,0.079,0.784,0.543,0.084,0.046
49906,1663.998,0.98,1,0.16843,0.631447,-0.756905,0.057441,0.589993,-0.805362,0.144,0.664,0.467,0.029,0.079
49907,1664.032,0.98,1,0.150689,0.548397,-0.822528,0.054286,0.56445,-0.823681,0.124,0.594,0.461,-0.012,0.101
49908,1664.065,0.98,1,0.350269,0.622535,-0.69983,0.050981,0.595852,-0.801474,0.261,0.682,0.457,-0.087,0.106
49909,1664.098,0.98,1,0.299162,0.638012,-0.709537,0.003147,0.610341,-0.792132,0.199,0.694,0.458,-0.127,0.114
49910,1664.132,0.98,1,0.282385,0.657295,-0.698729,-0.021748,0.592541,-0.805247,0.172,0.693,0.459,-0.146,0.123
49911,1664.165,0.98,1,0.255341,0.669413,-0.69763,-0.04231,0.5932,-0.803942,0.141,0.699,0.46,-0.155,0.13
49912,1664.198,0.98,1,0.250355,0.669444,-0.699405,-0.058385,0.59006,-0.805246,0.127,0.697,0.455,-0.148,0.132
49913,1664.232,0.98,1,0.244845,0.670083,-0.700743,-0.083543,0.585789,-0.806146,0.107,0.695,0.451,-0.138,0.138
49914,1664.265,0.98,1,0.240323,0.65997,-0.711817,-0.093203,0.589799,-0.802154,0.097,0.69,0.433,-0.134,0.146
49915,1664.298,0.98,1,0.228815,0.647896,-0.72655,-0.090217,0.573354,-0.814326,0.09,0.67,0.407,-0.11,0.148
49916,1664.332,0.88,1,0.236204,0.632444,-0.737714,-0.103216,0.583137,-0.80579,0.086,0.667,0.379,-0.103,0.171
49917,1664.365,0.88,1,0.21704,0.645491,-0.732281,-0.136703,0.568874,-0.810983,0.052,0.667,0.395,-0.098,0.184
49918,1664.399,0.88,1,0.194871,0.667653,-0.718515,-0.12325,0.575952,-0.808139,0.047,0.684,0.442,-0.068,0.186
49919,1664.432,0.98,1,0.217735,0.654624,-0.723919,-0.122477,0.557309,-0.821222,0.062,0.665,0.456,-0.051,0.207
49920,1664.465,0.88,1,0.211806,0.66966,-0.711824,-0.125574,0.564554,-0.815788,0.056,0.68,0.496,-0.055,0.215
49921,1664.499,0.88,1,0.202344,0.699845,-0.685035,-0.145409,0.588665,-0.795192,0.038,0.716,0.547,-0.056,0.215
49922,1664.532,0.88,1,0.188064,0.693581,-0.695397,-0.161081,0.568196,-0.806974,0.018,0.699,0.547,-0.052,0.219
49923,1664.565,0.98,1,0.154187,0.67584,-0.720741,-0.216637,0.539048,-0.813938,-0.041,0.67,0.526,-0.011,0.215
49924,1664.599,0.98,1,0.120451,0.671346,-0.731291,-0.24938,0.51355,-0.821022,-0.083,0.652,0.51,-0.003,0.215
49925,1664.632,0.98,1,0.100271,0.659789,-0.744731,-0.252187,0.516438,-0.818348,-0.097,0.645,0.497,-0.003,0.21
49926,1664.665,0.98,1,0.081892,0.662088,-0.744938,-0.249167,0.527931,-0.811914,-0.107,0.653,0.491,0.006,0.192
49927,1664.699,0.98,1,0.081254,0.652789,-0.75317,-0.25571,0.511426,-0.8204,-0.11,0.637,0.477,0.019,0.175
49928,1664.732,0.98,1,0.116889,0.641762,-0.757944,-0.22929,0.513048,-0.827169,-0.071,0.63,0.459,0.014,0.165
49929,1664.765,0.98,1,0.116895,0.62165,-0.774524,-0.217281,0.520529,-0.825735,-0.063,0.62,0.427,0.011,0.158
49930,1664.799,0.98,1,0.11103,0.60933,-0.785104,-0.224891,0.528698,-0.818475,-0.071,0.617,0.382,0.016,0.147
49931,1664.832,0.93,1,0.104393,0.599115,-0.793828,-0.218261,0.519441,-0.826162,-0.07,0.604,0.365,0.038,0.123
49932,1664.865,0.98,1,0.095529,0.603785,-0.791403,-0.228743,0.46405,-0.855765,-0.081,0.575,0.356,0.048,0.106
49933,1664.899,0.98,1,0.097125,0.594122,-0.79849,-0.253227,0.46393,-0.848908,-0.094,0.571,0.358,0.052,0.096
49934,1664.932,0.98,1,0.107567,0.575681,-0.810568,-0.240453,0.46931,-0.849665,-0.08,0.562,0.356,0.055,0.084
49935,1664.965,0.98,1,0.075456,0.557063,-0.827035,-0.248675,0.45813,-0.853392,-0.103,0.543,0.355,0.061,0.069
49936,1664.999,0.98,1,0.073716,0.541989,-0.837146,-0.233483,0.468077,-0.852285,-0.094,0.539,0.354,0.058,0.056
49937,1665.032,0.98,1,0.059373,0.539145,-0.840118,-0.227491,0.479075,-0.847782,-0.099,0.543,0.358,0.072,0.038
49938,1665.065,0.98,1,0.037078,0.542479,-0.839251,-0.213755,0.498337,-0.84022,-0.105,0.555,0.366,0.091,0.018
49939,1665.099,0.88,1,0.02832,0.52995,-0.847556,-0.215586,0.483828,-0.848194,-0.11,0.539,0.359,0.117,0.002
49940,1665.132,0.98,1,-0.026638,0.508559,-0.860615,-0.219715,0.438022,-0.871701,-0.141,0.5,0.357,0.134,-0.009
49941,1665.165,0.98,1,-0.038566,0.436833,-0.898715,-0.181379,0.361933,-0.914388,-0.121,0.415,0.357,0.158,-0.017
49943,1665.232,0.98,1,-0.106501,0.355742,-0.928496,-0.214275,0.417826,-0.882897,-0.175,0.404,0.362,0.192,-0.021
49944,1665.265,0.98,1,-0.084773,0.374215,-0.923459,-0.221641,0.403762,-0.88761,-0.168,0.406,0.348,0.195,-0.009
49945,1665.299,0.98,1,-0.092302,0.352657,-0.931189,-0.240797,0.406282,-0.881448,-0.182,0.397,0.339,0.202,-0.003
49951,1665.499,0.98,1,-0.140305,0.295126,-0.945101,-0.226297,0.406422,-0.885218,-0.198,0.366,0.343,0.2,-0.002
49952,1665.532,0.88,1,-0.149473,0.322583,-0.934665,-0.212863,0.421655,-0.881417,-0.197,0.389,0.376,0.208,-0.007
49953,1665.566,0.93,1,-0.132458,0.410182,-0.902333,-0.216166,0.42965,-0.87674,-0.194,0.441,0.39,0.197,-0.006
49954,1665.599,0.98,1,-0.117536,0.425354,-0.897363,-0.183086,0.38849,-0.903081,-0.165,0.425,0.409,0.194,-0.007
49955,1665.632,0.98,1,-0.125197,0.416844,-0.900315,-0.196911,0.422275,-0.884822,-0.179,0.439,0.421,0.195,-0.005
49956,1665.666,0.98,1,-0.119372,0.436932,-0.891538,-0.2225,0.456841,-0.861272,-0.193,0.472,0.441,0.193,-0.01
49957,1665.699,0.98,1,-0.134813,0.450109,-0.882739,-0.213891,0.442286,-0.870996,-0.196,0.471,0.433,0.194,-0.002
49958,1665.732,0.98,1,-0.118398,0.429358,-0.89534,-0.2149,0.437925,-0.872949,-0.186,0.456,0.44,0.19,0.001
49959,1665.766,0.98,1,-0.101038,0.406783,-0.90792,-0.209194,0.417843,-0.884107,-0.171,0.431,0.435,0.185,0.008
49960,1665.799,0.93,1,-0.082741,0.421011,-0.903274,-0.192053,0.392092,-0.899655,-0.151,0.424,0.438,0.181,0.008
49961,1665.832,0.98,1,-0.138596,0.353767,-0.925008,-0.21387,0.433921,-0.875198,-0.193,0.412,0.436,0.201,0.004
49962,1665.866,0.98,1,-0.171764,0.314031,-0.933746,-0.226974,0.440138,-0.86877,-0.218,0.396,0.44,0.218,-0.005
49963,1665.899,0.98,1,-0.168574,0.336958,-0.926306,-0.244711,0.452695,-0.857428,-0.228,0.417,0.446,0.233,-0.019
49964,1665.932,0.98,1,-0.175193,0.353989,-0.918694,-0.250383,0.47162,-0.845508,-0.237,0.438,0.463,0.242,-0.033
49965,1665.966,0.98,1,-0.178101,0.357924,-0.916608,-0.243382,0.483528,-0.840813,-0.235,0.447,0.478,0.243,-0.042
49966,1665.999,0.98,1,-0.164039,0.377076,-0.91154,-0.241162,0.489636,-0.837912,-0.228,0.46,0.48,0.24,-0.041
49967,1666.032,0.98,1,-0.147105,0.410836,-0.899763,-0.234359,0.484274,-0.842944,-0.215,0.474,0.479,0.224,-0.032
49968,1666.066,0.98,1,-0.111463,0.476976,-0.87182,-0.227355,0.467986,-0.85399,-0.194,0.501,0.438,0.196,-0.008
49969,1666.099,0.98,1,-0.092421,0.451236,-0.887606,-0.20679,0.478662,-0.8533,-0.17,0.491,0.401,0.196,-0.002
49970,1666.132,0.98,1,-0.093758,0.439094,-0.893536,-0.206567,0.479079,-0.85312,-0.17,0.484,0.376,0.198,0.004
49971,1666.166,0.98,1,-0.06185,0.459948,-0.885789,-0.201558,0.469007,-0.859887,-0.15,0.489,0.348,0.188,0.017
49972,1666.199,0.98,1,-0.040506,0.429953,-0.901942,-0.198272,0.466388,-0.862074,-0.135,0.47,0.321,0.18,0.025
49973,1666.232,0.98,1,-0.039422,0.41705,-0.908028,-0.186798,0.459844,-0.86813,-0.127,0.459,0.311,0.183,0.024
49974,1666.266,0.88,1,-0.031434,0.443088,-0.895927,-0.21326,0.447734,-0.868363,-0.138,0.468,0.297,0.188,0.027
49975,1666.299,0.88,1,-0.015557,0.449221,-0.893285,-0.218221,0.4599,-0.860739,-0.132,0.478,0.286,0.188,0.029
49976,1666.332,0.88,1,-0.008263,0.451924,-0.892018,-0.252107,0.455383,-0.853855,-0.148,0.479,0.273,0.184,0.032
49977,1666.366,0.82,1,-0.005261,0.442892,-0.89656,-0.241036,0.383378,-0.891584,-0.137,0.433,0.251,0.163,0.041
49978,1666.399,0.82,1,-0.003164,0.450308,-0.892868,-0.296761,0.384813,-0.873986,-0.168,0.442,0.241,0.166,0.042
50151,1672.168,0.93,1,0.767729,0.303975,-0.564085,0.696181,0.250325,-0.672807,0.869,0.421,0.448,-1.039,0.746
50152,1672.201,0.88,1,0.756256,0.339402,-0.55936,0.695508,0.281264,-0.661181,0.872,0.47,0.564,-1.008,0.849
50153,1672.234,0.88,1,0.733089,0.404041,-0.547112,0.682435,0.358076,-0.637232,0.874,0.572,0.745,-0.988,0.997
50154,1672.268,0.93,1,0.722364,0.444853,-0.52943,0.669268,0.400996,-0.625526,0.878,0.632,0.871,-0.972,1.076
50155,1672.301,0.93,1,0.713228,0.464184,-0.525203,0.67091,0.419296,-0.611613,0.883,0.661,0.922,-0.955,1.125
50156,1672.334,0.93,1,0.701917,0.474936,-0.5308,0.66614,0.428643,-0.610346,0.876,0.67,0.952,-0.939,1.161
50157,1672.368,0.88,1,0.693928,0.482022,-0.5349,0.66322,0.433323,-0.610222,0.87,0.674,0.966,-0.927,1.185
50158,1672.401,0.88,1,0.68488,0.483932,-0.544747,0.664957,0.435655,-0.60666,0.865,0.674,0.977,-0.919,1.215
50159,1672.434,0.88,1,0.676125,0.496915,-0.543995,0.659316,0.450813,-0.601722,0.862,0.691,1.013,-0.913,1.254
50160,1672.468,0.93,1,0.66731,0.510337,-0.542451,0.650078,0.465941,-0.600248,0.856,0.707,1.037,-0.906,1.283
50161,1672.501,0.88,1,0.665628,0.518397,-0.536847,0.651067,0.477306,-0.590161,0.863,0.724,1.064,-0.907,1.319
50162,1672.534,0.88,1,0.667167,0.526332,-0.527127,0.651958,0.485573,-0.582383,0.871,0.739,1.1,-0.91,1.356
50163,1672.568,0.88,1,0.671955,0.531027,-0.516224,0.656565,0.490767,-0.572774,0.884,0.754,1.139,-0.915,1.395
50164,1672.601,0.88,1,0.678801,0.534682,-0.503334,0.661877,0.49349,-0.564258,0.898,0.767,1.178,-0.926,1.435
50165,1672.634,0.88,1,0.683229,0.540254,-0.491247,0.664957,0.500085,-0.554749,0.911,0.783,1.226,-0.93,1.476
50166,1672.668,0.93,1,0.685957,0.541838,-0.485669,0.669297,0.503033,-0.546808,0.92,0.791,1.258,-0.928,1.504
50167,1672.701,0.93,1,0.6842,0.54384,-0.485911,0.668233,0.507549,-0.543929,0.92,0.796,1.278,-0.927,1.526
50168,1672.734,0.93,1,0.687937,0.542492,-0.482125,0.670258,0.504743,-0.544049,0.924,0.796,1.289,-0.931,1.538
50169,1672.768,0.93,1,0.692677,0.541898,-0.475968,0.670668,0.501482,-0.546552,0.927,0.795,1.29,-0.935,1.539
50170,1672.801,0.93,1,0.693734,0.54064,-0.475858,0.670148,0.500338,-0.548236,0.927,0.794,1.294,-0.937,1.545
50171,1672.834,0.93,1,0.695816,0.538034,-0.475772,0.671668,0.496893,-0.549508,0.927,0.79,1.29,-0.942,1.546
50172,1672.868,0.93,1,0.696644,0.536557,-0.476229,0.672831,0.494088,-0.550614,0.927,0.787,1.282,-0.943,1.544
50173,1672.901,0.93,1,0.696504,0.536969,-0.475968,0.672358,0.492975,-0.552187,0.927,0.786,1.28,-0.945,1.548
50174,1672.934,0.93,1,0.696595,0.536799,-0.476028,0.672498,0.492725,-0.55224,0.927,0.786,1.279,-0.945,1.55
50175,1672.968,0.93,1,0.697941,0.536648,-0.474222,0.673988,0.492229,-0.550864,0.929,0.787,1.279,-0.947,1.553
50176,1673.001,0.93,1,0.699702,0.535523,-0.472898,0.675859,0.491241,-0.549451,0.932,0.788,1.278,-0.949,1.555
50177,1673.034,0.93,1,0.70149,0.534299,-0.471632,0.678385,0.490234,-0.547233,0.935,0.788,1.279,-0.953,1.558
50178,1673.068,0.93,1,0.702504,0.532127,-0.472577,0.678826,0.48681,-0.549738,0.934,0.784,1.273,-0.954,1.554
50179,1673.101,0.93,1,0.703139,0.531188,-0.47269,0.679067,0.485274,-0.550797,0.933,0.782,1.268,-0.956,1.551
50180,1673.134,0.93,1,0.703802,0.530323,-0.472673,0.679636,0.484035,-0.551186,0.934,0.781,1.267,-0.957,1.552
50181,1673.168,0.93,1,0.704618,0.530474,-0.471285,0.680295,0.483241,-0.551069,0.935,0.781,1.265,-0.958,1.553
50182,1673.201,0.93,1,0.704075,0.529956,-0.472679,0.679236,0.482498,-0.553022,0.933,0.779,1.263,-0.959,1.552
50183,1673.234,0.93,1,0.704183,0.529732,-0.472768,0.678711,0.481239,-0.554762,0.932,0.777,1.26,-0.96,1.55
50184,1673.268,0.93,1,0.703966,0.529813,-0.473001,0.678788,0.482047,-0.553965,0.932,0.778,1.262,-0.96,1.553
50185,1673.301,0.93,1,0.704874,0.5299,-0.47155,0.680143,0.482172,-0.552191,0.934,0.78,1.264,-0.96,1.556
50186,1673.335,0.93,1,0.705192,0.529803,-0.471183,0.680657,0.482133,-0.551591,0.935,0.78,1.266,-0.96,1.559
50187,1673.368,0.93,1,0.704495,0.530016,-0.471984,0.679732,0.482751,-0.552192,0.934,0.78,1.265,-0.961,1.558
50188,1673.401,0.93,1,0.703787,0.530914,-0.472032,0.678722,0.482907,-0.553297,0.933,0.78,1.262,-0.958,1.555
50189,1673.435,0.93,1,0.703236,0.530318,-0.473521,0.677897,0.482558,-0.554611,0.931,0.778,1.26,-0.957,1.551
50190,1673.468,0.93,1,0.703058,0.530493,-0.473588,0.677613,0.482078,-0.555375,0.93,0.777,1.259,-0.956,1.549
50191,1673.501,0.93,1,0.699533,0.532518,-0.476528,0.674543,0.485589,-0.556053,0.926,0.778,1.256,-0.952,1.546
50192,1673.535,0.93,1,0.699008,0.532106,-0.477756,0.674445,0.485439,-0.556304,0.925,0.777,1.255,-0.952,1.545
50193,1673.568,0.93,1,0.699089,0.531042,-0.478821,0.674701,0.483876,-0.557353,0.925,0.775,1.252,-0.951,1.541
50194,1673.601,0.93,1,0.69971,0.530673,-0.478321,0.6751,0.48373,-0.556996,0.925,0.775,1.251,-0.952,1.541
50195,1673.635,0.93,1,0.700653,0.530413,-0.47723,0.676111,0.483258,-0.556179,0.927,0.776,1.252,-0.952,1.542
50196,1673.668,0.93,1,0.700484,0.530524,-0.477354,0.675783,0.483504,-0.556364,0.927,0.776,1.255,-0.95,1.543
50197,1673.701,0.93,1,0.700845,0.529698,-0.477741,0.676692,0.483448,-0.555306,0.927,0.776,1.255,-0.948,1.542
50198,1673.735,0.93,1,0.700206,0.531484,-0.476694,0.675216,0.484585,-0.556113,0.927,0.777,1.255,-0.948,1.541
50199,1673.768,0.93,1,0.699687,0.531024,-0.477966,0.673979,0.483149,-0.558855,0.924,0.774,1.253,-0.947,1.537
50200,1673.801,0.93,1,0.6992,0.530339,-0.479437,0.674842,0.484091,-0.556996,0.925,0.775,1.25,-0.947,1.536
50201,1673.835,0.93,1,0.69888,0.531714,-0.47838,0.674006,0.485348,-0.556914,0.925,0.777,1.246,-0.946,1.534
50202,1673.868,0.93,1,0.697848,0.531582,-0.48003,0.672651,0.485108,-0.558759,0.922,0.775,1.242,-0.946,1.532
50203,1673.901,0.93,1,0.698092,0.53073,-0.480617,0.672971,0.482909,-0.560276,0.921,0.772,1.241,-0.945,1.532
50204,1673.935,0.93,1,0.697898,0.530367,-0.4813,0.673073,0.483418,-0.559714,0.921,0.772,1.237,-0.947,1.53
50205,1673.968,0.93,1,0.698002,0.529564,-0.482033,0.673175,0.481835,-0.560954,0.921,0.77,1.234,-0.948,1.528
50206,1674.001,0.93,1,0.698504,0.529405,-0.48148,0.673391,0.481074,-0.561348,0.921,0.77,1.229,-0.949,1.524
50207,1674.035,0.93,1,0.698739,0.528297,-0.482354,0.67324,0.479639,-0.562756,0.92,0.767,1.226,-0.949,1.522
50208,1674.068,0.93,1,0.699632,0.528458,-0.480881,0.674111,0.480147,-0.561278,0.922,0.769,1.229,-0.951,1.524
50209,1674.101,0.93,1,0.699727,0.528073,-0.481167,0.674073,0.479822,-0.561601,0.922,0.768,1.226,-0.952,1.522
50210,1674.135,0.93,1,0.698812,0.527964,-0.482614,0.673468,0.479827,-0.562323,0.92,0.767,1.226,-0.95,1.523
50211,1674.168,0.93,1,0.698991,0.527163,-0.48323,0.674471,0.479114,-0.561728,0.92,0.767,1.221,-0.95,1.519
50212,1674.201,0.93,1,0.698042,0.527068,-0.484703,0.67313,0.479044,-0.563394,0.918,0.765,1.218,-0.95,1.519
50213,1674.235,0.93,1,0.698878,0.52566,-0.485027,0.67362,0.476784,-0.564724,0.918,0.762,1.215,-0.951,1.518
50214,1674.268,0.93,1,0.699015,0.525776,-0.484705,0.673615,0.475966,-0.56542,0.918,0.762,1.214,-0.95,1.518
50215,1674.301,0.93,1,0.699366,0.525764,-0.48421,0.675082,0.476831,-0.562936,0.92,0.764,1.216,-0.949,1.52
50216,1674.335,0.93,1,0.698838,0.526211,-0.484487,0.673264,0.4758,-0.565977,0.917,0.762,1.212,-0.95,1.516
50217,1674.368,0.93,1,0.697685,0.525596,-0.486811,0.671968,0.475734,-0.56757,0.915,0.76,1.208,-0.951,1.514
50218,1674.402,0.93,1,0.696995,0.525906,-0.487464,0.671405,0.476105,-0.567926,0.914,0.759,1.207,-0.951,1.514
50219,1674.435,0.93,1,0.696396,0.527378,-0.48673,0.669956,0.475887,-0.569816,0.913,0.76,1.206,-0.95,1.514
50220,1674.468,0.93,1,0.696752,0.526339,-0.487343,0.671572,0.476011,-0.567806,0.914,0.76,1.208,-0.95,1.516
50221,1674.502,0.93,1,0.697886,0.527245,-0.484736,0.672709,0.476721,-0.565862,0.917,0.763,1.213,-0.951,1.522
50222,1674.535,0.93,1,0.6978,0.527962,-0.484078,0.672694,0.478493,-0.564382,0.918,0.765,1.219,-0.95,1.527
50223,1674.568,0.93,1,0.688295,0.537507,-0.487171,0.664675,0.492984,-0.561404,0.911,0.777,1.25,-0.935,1.539
50224,1674.602,0.93,1,0.686733,0.539915,-0.486713,0.666675,0.499059,-0.553611,0.915,0.785,1.261,-0.93,1.546
50225,1674.635,0.93,1,0.682623,0.541743,-0.490448,0.666005,0.506593,-0.547541,0.915,0.79,1.281,-0.92,1.554
50226,1674.668,0.93,1,0.683034,0.543129,-0.48834,0.667013,0.509091,-0.543986,0.918,0.795,1.309,-0.919,1.577
50227,1674.702,0.93,1,0.684976,0.543631,-0.48505,0.669181,0.511427,-0.53911,0.923,0.8,1.328,-0.918,1.592
50228,1674.735,0.93,1,0.690381,0.542566,-0.478536,0.674008,0.505756,-0.538446,0.93,0.801,1.33,-0.928,1.608
50229,1674.768,0.93,1,0.691661,0.539869,-0.479737,0.675176,0.501245,-0.541195,0.929,0.795,1.324,-0.929,1.606
50230,1674.802,0.93,1,0.693996,0.539758,-0.476477,0.676355,0.498585,-0.542178,0.932,0.795,1.32,-0.932,1.608
50231,1674.835,0.93,1,0.69443,0.53771,-0.478157,0.675731,0.494587,-0.5466,0.929,0.789,1.31,-0.934,1.601
50232,1674.868,0.93,1,0.692006,0.537482,-0.481914,0.672213,0.494769,-0.550757,0.923,0.785,1.291,-0.934,1.587
50233,1674.902,0.93,1,0.692247,0.536292,-0.482892,0.673142,0.492655,-0.551517,0.922,0.783,1.283,-0.935,1.586
50234,1674.935,0.93,1,0.692449,0.534543,-0.484539,0.672622,0.489017,-0.555375,0.92,0.777,1.273,-0.936,1.581
50235,1674.968,0.93,1,0.692167,0.534054,-0.48548,0.672538,0.48806,-0.556318,0.919,0.776,1.268,-0.937,1.58
50236,1675.002,0.93,1,0.695536,0.528593,-0.486641,0.676694,0.481208,-0.557246,0.92,0.769,1.258,-0.944,1.576
50237,1675.035,0.93,1,0.696632,0.526688,-0.487138,0.677958,0.478844,-0.557747,0.921,0.766,1.255,-0.948,1.575
50238,1675.068,0.93,1,0.698342,0.526702,-0.484668,0.679598,0.478568,-0.555985,0.924,0.768,1.253,-0.949,1.574
50239,1675.102,0.93,1,0.6993,0.525564,-0.484522,0.680781,0.477109,-0.555791,0.925,0.767,1.251,-0.949,1.573
50240,1675.135,0.93,1,0.701445,0.522239,-0.485017,0.68355,0.472395,-0.556419,0.926,0.762,1.247,-0.952,1.572
50241,1675.168,0.93,1,0.702234,0.522256,-0.483856,0.683921,0.472191,-0.556137,0.927,0.763,1.243,-0.953,1.57
50242,1675.202,0.93,1,0.703689,0.519221,-0.485007,0.686183,0.468639,-0.556355,0.928,0.759,1.237,-0.957,1.568
50243,1675.235,0.93,1,0.708144,0.508281,-0.490083,0.693626,0.458349,-0.555697,0.93,0.746,1.222,-0.964,1.563
50244,1675.268,0.93,1,0.710485,0.509002,-0.48593,0.695467,0.457765,-0.553874,0.934,0.749,1.225,-0.968,1.57
50245,1675.302,0.93,1,0.711414,0.507453,-0.486191,0.696288,0.455553,-0.554666,0.934,0.747,1.229,-0.97,1.576
50246,1675.335,0.93,1,0.711812,0.508024,-0.48501,0.696887,0.454835,-0.554503,0.935,0.747,1.227,-0.97,1.577
50247,1675.368,0.93,1,0.71001,0.507425,-0.488268,0.696223,0.454872,-0.555306,0.932,0.745,1.228,-0.968,1.583
50248,1675.402,0.93,1,0.707055,0.508676,-0.491246,0.695349,0.45721,-0.554481,0.93,0.746,1.232,-0.963,1.593
50249,1675.435,0.93,1,0.702729,0.515157,-0.490698,0.691675,0.462776,-0.554459,0.928,0.752,1.242,-0.952,1.605
50250,1675.468,0.98,1,0.690134,0.526893,-0.496084,0.67904,0.477728,-0.557387,0.915,0.762,1.267,-0.928,1.618
50251,1675.502,0.98,1,0.677664,0.544308,-0.494469,0.659415,0.495574,-0.565313,0.901,0.776,1.288,-0.895,1.612
50252,1675.535,0.98,1,0.665648,0.548304,-0.506236,0.646348,0.503116,-0.57368,0.882,0.772,1.273,-0.871,1.584
50253,1675.569,0.98,1,0.648122,0.55461,-0.521868,0.628754,0.511083,-0.586057,0.856,0.766,1.264,-0.837,1.56
50254,1675.602,0.98,1,0.631634,0.562197,-0.533829,0.613175,0.520812,-0.593946,0.835,0.765,1.253,-0.807,1.543
50255,1675.635,0.82,1,0.620853,0.570243,-0.537926,0.608656,0.535205,-0.585742,0.83,0.777,1.274,-0.786,1.58
50256,1675.669,0.88,1,0.601927,0.577214,-0.551822,0.593157,0.544971,-0.592597,0.807,0.776,1.269,-0.76,1.583
50257,1675.702,0.82,1,0.594091,0.582533,-0.554718,0.586274,0.545949,-0.598517,0.797,0.775,1.269,-0.745,1.589
50258,1675.735,0.88,1,0.593736,0.583533,-0.554046,0.583825,0.54329,-0.603311,0.794,0.772,1.26,-0.74,1.588
50259,1675.769,0.88,1,0.596262,0.586698,-0.547957,0.58383,0.547495,-0.599493,0.799,0.78,1.258,-0.741,1.592
50260,1675.802,0.88,1,0.596629,0.587985,-0.546175,0.585016,0.549968,-0.596064,0.802,0.784,1.254,-0.741,1.594
50261,1675.835,0.88,1,0.593996,0.589143,-0.547795,0.581525,0.549408,-0.599983,0.797,0.781,1.243,-0.74,1.589
50262,1675.869,0.88,1,0.59782,0.588129,-0.544715,0.586058,0.550519,-0.594529,0.805,0.785,1.243,-0.744,1.59
50263,1675.902,0.88,1,0.6049,0.588656,-0.536265,0.594222,0.549697,-0.58714,0.818,0.792,1.252,-0.747,1.597
50264,1675.935,0.88,1,0.605007,0.592106,-0.532332,0.594472,0.551216,-0.585461,0.821,0.797,1.256,-0.746,1.602
50265,1675.969,0.88,1,0.604111,0.598644,-0.525999,0.592204,0.558002,-0.581316,0.824,0.807,1.264,-0.749,1.615
50266,1676.002,0.93,1,0.602453,0.600056,-0.526292,0.591541,0.560617,-0.579472,0.824,0.81,1.279,-0.753,1.632
50267,1676.035,0.88,1,0.606136,0.597524,-0.524942,0.596696,0.559027,-0.575711,0.83,0.81,1.297,-0.76,1.659
50268,1676.069,0.88,1,0.613745,0.592561,-0.521717,0.607786,0.551795,-0.571067,0.841,0.808,1.302,-0.768,1.674
50269,1676.102,0.88,1,0.618233,0.586584,-0.52317,0.612938,0.544414,-0.572643,0.844,0.801,1.303,-0.783,1.684
50270,1676.135,0.88,1,0.624509,0.578165,-0.525085,0.621342,0.53622,-0.571316,0.849,0.794,1.303,-0.798,1.69
50271,1676.169,0.93,1,0.630681,0.573262,-0.523079,0.63131,0.534462,-0.56196,0.861,0.796,1.311,-0.818,1.72
50272,1676.202,0.93,1,0.635635,0.572645,-0.517732,0.635779,0.53193,-0.559317,0.868,0.798,1.311,-0.831,1.721
50273,1676.235,0.93,1,0.642064,0.570921,-0.511668,0.640925,0.528401,-0.556783,0.876,0.8,1.314,-0.841,1.72
50274,1676.269,0.93,1,0.645764,0.569805,-0.508242,0.643429,0.525336,-0.556795,0.88,0.799,1.31,-0.848,1.711
50275,1676.302,0.93,1,0.647936,0.566814,-0.508823,0.644456,0.523504,-0.557333,0.881,0.797,1.306,-0.852,1.703
50276,1676.335,0.93,1,0.651845,0.560922,-0.510358,0.648671,0.518054,-0.557535,0.883,0.791,1.303,-0.858,1.693
50277,1676.369,0.93,1,0.65458,0.55938,-0.508546,0.650031,0.515084,-0.558702,0.885,0.789,1.299,-0.861,1.685
50278,1676.402,0.93,1,0.658681,0.55511,-0.507929,0.653704,0.509818,-0.559247,0.888,0.784,1.292,-0.866,1.674
50279,1676.435,0.93,1,0.659878,0.55022,-0.511683,0.654363,0.505605,-0.562292,0.886,0.777,1.278,-0.869,1.655
50280,1676.469,0.93,1,0.664014,0.54598,-0.510873,0.657575,0.500526,-0.563089,0.888,0.772,1.273,-0.872,1.641
50281,1676.502,0.93,1,0.660701,0.548579,-0.512382,0.655796,0.505843,-0.560406,0.887,0.777,1.268,-0.87,1.637
50282,1676.535,0.93,1,0.661408,0.545922,-0.514303,0.656717,0.503984,-0.561001,0.887,0.773,1.264,-0.871,1.626
50283,1676.569,0.93,1,0.662677,0.544434,-0.514247,0.655798,0.500867,-0.564855,0.885,0.769,1.262,-0.87,1.615
50284,1676.602,0.93,1,0.66003,0.545399,-0.516624,0.652947,0.504873,-0.564592,0.882,0.771,1.266,-0.864,1.611
50285,1676.636,0.93,1,0.66013,0.545638,-0.516244,0.652005,0.504629,-0.565897,0.881,0.77,1.257,-0.86,1.595
50286,1676.669,0.93,1,0.650773,0.560108,-0.512614,0.639357,0.519363,-0.566996,0.874,0.785,1.261,-0.846,1.584
50287,1676.702,0.93,1,0.648286,0.565077,-0.510306,0.633707,0.524123,-0.568955,0.871,0.79,1.259,-0.842,1.567
50288,1676.736,0.93,1,0.644913,0.569257,-0.509935,0.630113,0.530132,-0.567378,0.869,0.796,1.267,-0.839,1.562
50289,1676.769,0.93,1,0.648857,0.566663,-0.507816,0.63369,0.527357,-0.565978,0.874,0.795,1.266,-0.845,1.555
50290,1676.802,0.93,1,0.654444,0.562923,-0.504798,0.638988,0.524159,-0.562985,0.881,0.794,1.269,-0.855,1.549
50291,1676.836,0.93,1,0.659209,0.557612,-0.504492,0.643416,0.517042,-0.56452,0.884,0.788,1.252,-0.863,1.532
50292,1676.869,0.93,1,0.671006,0.550108,-0.497124,0.653713,0.505238,-0.563378,0.896,0.783,1.244,-0.881,1.527
50293,1676.902,0.93,1,0.678633,0.545147,-0.492211,0.662029,0.500904,-0.557506,0.907,0.784,1.262,-0.91,1.547
50294,1676.936,0.93,1,0.694103,0.541348,-0.474514,0.67877,0.495313,-0.542159,0.933,0.795,1.293,-0.931,1.581
50295,1676.969,0.93,1,0.712352,0.537032,-0.451831,0.696239,0.489672,-0.524855,0.965,0.81,1.337,-0.959,1.623
50296,1677.002,0.93,1,0.719058,0.532749,-0.446244,0.70163,0.486976,-0.520163,0.973,0.812,1.362,-0.976,1.65
50297,1677.036,0.93,1,0.732704,0.524975,-0.433065,0.710594,0.481055,-0.513462,0.99,0.816,1.376,-1.005,1.658
50298,1677.069,0.98,1,0.749029,0.511339,-0.421293,0.722892,0.466328,-0.509868,1.007,0.81,1.38,-1.037,1.658
50299,1677.102,0.93,1,0.746345,0.515458,-0.421036,0.721528,0.470747,-0.507735,1.007,0.815,1.404,-1.035,1.679
50300,1677.136,0.88,1,0.749025,0.513822,-0.418268,0.726133,0.47044,-0.501416,1.013,0.819,1.414,-1.038,1.689
50301,1677.169,0.88,1,0.751598,0.517049,-0.409586,0.728049,0.474785,-0.494493,1.022,0.832,1.442,-1.037,1.709
50302,1677.202,0.88,1,0.758922,0.510218,-0.404617,0.737257,0.470305,-0.485042,1.034,0.834,1.472,-1.047,1.735
50303,1677.236,0.93,1,0.774755,0.49552,-0.392701,0.757037,0.457022,-0.466933,1.059,0.837,1.551,-1.064,1.804
50304,1677.269,0.93,1,0.786332,0.488431,-0.378308,0.776422,0.454082,-0.437011,1.09,0.858,1.701,-1.059,1.934
50305,1677.302,0.93,1,0.790819,0.488683,-0.368502,0.784341,0.456579,-0.419935,1.107,0.876,1.839,-1.033,2.051
50306,1677.336,0.93,1,0.785705,0.49587,-0.369839,0.782618,0.46896,-0.409373,1.11,0.891,1.948,-0.993,2.136
50307,1677.369,0.93,1,0.779762,0.502751,-0.373114,0.77846,0.47838,-0.40639,1.107,0.899,2.025,-0.949,2.193
50308,1677.402,0.93,1,0.778751,0.506837,-0.369679,0.776733,0.48713,-0.399236,1.112,0.912,2.104,-0.902,2.247
50309,1677.436,0.93,1,0.777385,0.499802,-0.38193,0.775773,0.482056,-0.407184,1.101,0.894,2.176,-0.857,2.295
50310,1677.469,0.93,1,0.776568,0.485352,-0.401715,0.774754,0.469299,-0.423692,1.082,0.858,2.236,-0.82,2.328
50311,1677.502,0.93,1,0.77345,0.480829,-0.413012,0.770977,0.465954,-0.434145,1.069,0.841,2.275,-0.797,2.348
50312,1677.536,0.98,1,0.772291,0.469706,-0.427718,0.77092,0.458003,-0.442623,1.057,0.817,2.309,-0.782,2.356
50313,1677.569,0.93,1,0.77383,0.461764,-0.433545,0.773216,0.454426,-0.442305,1.056,0.808,2.346,-0.76,2.378
50314,1677.602,0.93,1,0.77428,0.459359,-0.435293,0.772869,0.456504,-0.440769,1.056,0.808,2.368,-0.74,2.395
50315,1677.636,0.98,1,0.77418,0.457495,-0.437429,0.771693,0.459207,-0.440022,1.055,0.807,2.379,-0.725,2.396
50316,1677.669,0.98,1,0.768614,0.459267,-0.445316,0.766441,0.464989,-0.443117,1.046,0.805,2.377,-0.712,2.388
50317,1677.703,0.98,1,0.760181,0.459526,-0.459304,0.761412,0.47165,-0.444745,1.035,0.8,2.368,-0.683,2.374
50318,1677.736,0.93,1,0.750474,0.45718,-0.477258,0.753488,0.475395,-0.454153,1.016,0.786,2.362,-0.646,2.361
50319,1677.769,0.82,1,0.746114,0.45228,-0.488628,0.74859,0.47697,-0.460557,1.005,0.775,2.355,-0.603,2.346
50320,1677.803,0.77,1,0.733043,0.460978,-0.500148,0.735349,0.491831,-0.466222,0.989,0.778,2.348,-0.557,2.333
50321,1677.836,0.77,1,0.709754,0.473123,-0.521923,0.714129,0.512674,-0.47664,0.959,0.779,2.329,-0.507,2.322
50322,1677.869,0.88,1,0.681498,0.491226,-0.542455,0.689218,0.535239,-0.488362,0.926,0.783,2.297,-0.457,2.322
50323,1677.903,0.88,1,-0.211754,0.481735,-0.850348,-0.428398,0.513717,-0.74335,-0.382,0.558,0.396,0.398,-0.067
50324,1677.936,0.88,1,-0.29294,0.505892,-0.811332,-0.49453,0.509392,-0.704244,-0.479,0.59,0.44,0.549,-0.051
50325,1677.969,0.98,1,-0.285493,0.509932,-0.811457,-0.505503,0.522323,-0.686765,-0.486,0.603,0.406,0.504,0.002
50326,1678.003,0.98,1,-0.287615,0.50894,-0.81133,-0.506093,0.517747,-0.689788,-0.486,0.6,0.396,0.492,0.021
50327,1678.036,0.98,1,-0.293043,0.507981,-0.809988,-0.501603,0.521205,-0.690463,-0.487,0.601,0.397,0.489,0.027
50328,1678.069,0.98,1,-0.288015,0.506365,-0.812799,-0.508916,0.517029,-0.688248,-0.488,0.598,0.392,0.488,0.031
50329,1678.103,0.98,1,-0.288703,0.501313,-0.815681,-0.510803,0.515722,-0.687831,-0.489,0.595,0.392,0.488,0.031
50330,1678.136,0.98,1,-0.288903,0.503222,-0.814434,-0.507157,0.512232,-0.693116,-0.486,0.593,0.392,0.487,0.032
50331,1678.169,0.98,1,-0.293193,0.503689,-0.81261,-0.510001,0.520186,-0.685058,-0.492,0.6,0.394,0.491,0.03
50332,1678.203,0.98,1,-0.290377,0.505535,-0.812475,-0.511525,0.519426,-0.684499,-0.492,0.6,0.394,0.493,0.028
50333,1678.236,0.98,1,-0.333498,0.508909,-0.793594,-0.519055,0.512192,-0.684282,-0.523,0.605,0.392,0.497,0.029
50334,1678.269,0.98,1,-0.394185,0.489638,-0.777736,-0.556306,0.56678,-0.607687,-0.601,0.651,0.389,0.503,0.029
50335,1678.303,0.98,1,-0.415938,0.467004,-0.780322,-0.546861,0.575903,-0.607683,-0.606,0.644,0.387,0.524,0.03
50336,1678.336,0.98,1,-0.430904,0.454594,-0.779529,-0.568892,0.561857,-0.600565,-0.627,0.635,0.382,0.553,0.033
50337,1678.369,0.98,1,-0.418623,0.453227,-0.786982,-0.595637,0.547816,-0.587465,-0.636,0.629,0.378,0.589,0.034
50338,1678.403,0.88,1,-0.41539,0.481347,-0.771852,-0.620542,0.54908,-0.559857,-0.661,0.659,0.372,0.6,0.039
50339,1678.436,0.88,1,-0.429241,0.47673,-0.767125,-0.643576,0.540436,-0.541976,-0.687,0.661,0.382,0.639,0.032
50340,1678.469,0.88,1,-0.4339,0.436178,-0.78834,-0.652738,0.51877,-0.552097,-0.681,0.619,0.38,0.653,0.023
50341,1678.503,0.88,1,-0.400461,0.450921,-0.797685,-0.638079,0.535022,-0.55372,-0.655,0.63,0.38,0.659,0.009
50342,1678.536,0.88,1,-0.385067,0.440442,-0.811008,-0.653164,0.530303,-0.540515,-0.655,0.623,0.374,0.643,0.009
50343,1678.569,0.88,1,-0.374496,0.430581,-0.82119,-0.650906,0.521144,-0.552024,-0.641,0.606,0.376,0.64,0.005
50344,1678.603,0.88,1,-0.36838,0.434671,-0.821801,-0.640249,0.525486,-0.560308,-0.63,0.607,0.378,0.641,0.004
50345,1678.636,0.88,1,-0.369555,0.446768,-0.814756,-0.638261,0.535516,-0.553033,-0.635,0.623,0.377,0.636,0.002
50346,1678.669,0.88,1,-0.375793,0.491588,-0.78557,-0.643906,0.540615,-0.541405,-0.655,0.661,0.396,0.655,-0.01
50347,1678.703,0.88,1,-0.396841,0.401869,-0.825239,-0.582412,0.475397,-0.659389,-0.583,0.534,0.419,0.644,-0.017
50348,1678.736,0.93,1,-0.336435,0.440006,-0.83259,-0.519402,0.485041,-0.703532,-0.508,0.542,0.424,0.648,-0.023
50349,1678.769,0.93,1,-0.388648,0.405306,-0.827454,-0.53378,0.477906,-0.697628,-0.544,0.525,0.426,0.635,-0.026
50350,1678.803,0.88,1,-0.394098,0.444946,-0.804183,-0.58514,0.484619,-0.650197,-0.593,0.569,0.422,0.673,-0.032
50351,1678.836,0.88,1,-0.363745,0.478583,-0.799155,-0.581305,0.561716,-0.588694,-0.598,0.643,0.426,0.657,-0.033
50352,1678.87,0.88,1,-0.36944,0.471638,-0.800669,-0.583491,0.576288,-0.572215,-0.607,0.652,0.423,0.655,-0.033
50353,1678.903,0.88,1,-0.360407,0.483871,-0.797481,-0.601749,0.575362,-0.553946,-0.619,0.665,0.422,0.646,-0.03
50354,1678.936,0.88,1,-0.34646,0.489348,-0.800315,-0.610521,0.578859,-0.540542,-0.62,0.673,0.425,0.643,-0.032
50355,1678.97,0.88,1,-0.334001,0.49105,-0.804558,-0.608037,0.577568,-0.544707,-0.61,0.67,0.429,0.635,-0.035
50356,1679.003,0.88,1,-0.328524,0.495857,-0.803864,-0.608627,0.575067,-0.546691,-0.607,0.67,0.432,0.634,-0.038
50357,1679.036,0.88,1,-0.323538,0.499935,-0.80336,-0.601573,0.584502,-0.544488,-0.602,0.678,0.429,0.625,-0.037
50358,1679.07,0.88,1,-0.31273,0.528349,-0.789333,-0.567192,0.60315,-0.560805,-0.578,0.698,0.446,0.649,-0.05
50359,1679.103,0.88,1,-0.315712,0.52997,-0.787056,-0.566366,0.604186,-0.560525,-0.58,0.7,0.456,0.649,-0.055
50360,1679.136,0.88,1,-0.318985,0.521724,-0.791235,-0.563988,0.606653,-0.560258,-0.579,0.696,0.459,0.647,-0.059
50361,1679.17,0.88,1,-0.314784,0.527087,-0.789361,-0.558318,0.615395,-0.55639,-0.576,0.704,0.467,0.64,-0.058
50362,1679.203,0.88,1,-0.310777,0.524921,-0.792386,-0.561921,0.613311,-0.555062,-0.575,0.701,0.465,0.637,-0.056
50363,1679.236,0.88,1,-0.31491,0.516826,-0.796067,-0.558645,0.608759,-0.563319,-0.571,0.692,0.466,0.633,-0.053
50364,1679.27,0.88,1,-0.313845,0.521448,-0.793469,-0.559827,0.611284,-0.559397,-0.573,0.697,0.468,0.634,-0.053
50365,1679.303,0.88,1,-0.321539,0.525623,-0.787612,-0.578432,0.600488,-0.552115,-0.592,0.699,0.471,0.621,-0.05
50366,1679.336,0.88,1,-0.318211,0.523526,-0.790355,-0.552359,0.614658,-0.563112,-0.572,0.699,0.472,0.625,-0.051
50367,1679.37,0.88,1,-0.315653,0.527823,-0.788521,-0.589658,0.590686,-0.550811,-0.594,0.696,0.474,0.622,-0.05
50368,1679.403,0.88,1,-0.331352,0.515609,-0.79016,-0.607484,0.537163,-0.585166,-0.599,0.653,0.479,0.64,-0.051
50369,1679.436,0.88,1,-0.309118,0.498807,-0.809714,-0.552308,0.517473,-0.653588,-0.532,0.607,0.481,0.645,-0.054
50370,1679.47,0.88,1,-0.321083,0.493086,-0.808562,-0.555412,0.503923,-0.661497,-0.538,0.596,0.479,0.653,-0.054
50371,1679.503,0.88,1,-0.317209,0.477355,-0.819458,-0.544136,0.514026,-0.663094,-0.526,0.589,0.481,0.659,-0.055
50372,1679.536,0.88,1,-0.318175,0.481483,-0.816663,-0.543488,0.511527,-0.665553,-0.527,0.59,0.486,0.657,-0.053
50373,1679.57,0.88,1,-0.327116,0.487086,-0.809779,-0.535383,0.519909,-0.665627,-0.529,0.599,0.488,0.654,-0.048
50374,1679.603,0.88,1,-0.347748,0.495636,-0.795875,-0.54014,0.523013,-0.659322,-0.548,0.611,0.494,0.657,-0.048
50375,1679.636,0.88,1,-0.358257,0.490106,-0.794637,-0.554064,0.514619,-0.654355,-0.562,0.606,0.495,0.664,-0.048
50376,1679.67,0.88,1,-0.355253,0.48101,-0.801514,-0.536891,0.506541,-0.674659,-0.544,0.59,0.494,0.66,-0.044
50377,1679.703,0.88,1,-0.35511,0.492834,-0.794362,-0.539268,0.521979,-0.660854,-0.551,0.609,0.495,0.66,-0.045
50378,1679.736,0.88,1,-0.357149,0.488498,-0.796125,-0.526902,0.512895,-0.677727,-0.54,0.597,0.491,0.662,-0.042
50379,1679.77,0.88,1,-0.361516,0.490829,-0.792713,-0.53135,0.509679,-0.676679,-0.546,0.598,0.489,0.665,-0.043
50380,1679.803,0.88,1,-0.355307,0.486519,-0.798158,-0.54358,0.494621,-0.678138,-0.547,0.587,0.48,0.666,-0.037
50381,1679.836,0.88,1,-0.349321,0.480148,-0.804632,-0.535601,0.488744,-0.688666,-0.535,0.576,0.472,0.662,-0.033
50382,1679.87,0.88,1,-0.336083,0.481202,-0.809625,-0.533881,0.487493,-0.690885,-0.525,0.573,0.468,0.659,-0.029
50383,1679.903,0.88,1,-0.351187,0.469052,-0.810345,-0.538063,0.484101,-0.690025,-0.535,0.566,0.46,0.656,-0.024
50384,1679.937,0.88,1,-0.353742,0.473464,-0.806658,-0.528919,0.480782,-0.699352,-0.53,0.565,0.461,0.655,-0.024
50385,1679.97,0.88,1,-0.345132,0.476649,-0.808511,-0.538743,0.473031,-0.697135,-0.531,0.563,0.457,0.654,-0.021
50386,1680.003,0.88,1,-0.333269,0.482503,-0.810014,-0.51869,0.477583,-0.709137,-0.511,0.564,0.456,0.648,-0.021
50387,1680.037,0.88,1,-0.311006,0.48359,-0.818179,-0.533625,0.470997,-0.702428,-0.507,0.561,0.454,0.649,-0.021
50388,1680.07,0.88,1,-0.341396,0.464828,-0.816936,-0.537244,0.493291,-0.684129,-0.53,0.568,0.446,0.636,-0.017
50389,1680.103,0.88,1,-0.358516,0.473756,-0.804376,-0.52773,0.486284,-0.69644,-0.533,0.569,0.456,0.643,-0.021
50390,1680.137,0.88,1,-0.360535,0.487387,-0.795279,-0.525092,0.493373,-0.693442,-0.537,0.583,0.462,0.647,-0.025
50391,1680.17,0.93,1,-0.361389,0.482537,-0.797844,-0.528167,0.489075,-0.694151,-0.538,0.577,0.462,0.654,-0.028
50392,1680.203,0.93,1,-0.378518,0.482819,-0.78969,-0.532732,0.488831,-0.690826,-0.552,0.581,0.464,0.654,-0.031
50393,1680.237,0.88,1,-0.379295,0.473993,-0.794648,-0.534266,0.49914,-0.682216,-0.554,0.583,0.465,0.653,-0.036
50394,1680.27,0.93,1,-0.378215,0.473449,-0.795487,-0.537,0.491743,-0.685434,-0.554,0.578,0.466,0.652,-0.038
50395,1680.303,0.88,1,-0.320854,0.470226,-0.822156,-0.560963,0.514761,-0.648338,-0.54,0.59,0.465,0.656,-0.042
50396,1680.337,0.88,1,-0.328534,0.510483,-0.794652,-0.57011,0.578569,-0.583295,-0.578,0.669,0.457,0.634,-0.035
50397,1680.37,0.88,1,-0.31597,0.503058,-0.804422,-0.557404,0.589715,-0.584412,-0.561,0.667,0.458,0.622,-0.034
50398,1680.403,0.88,1,-0.323455,0.50731,-0.798758,-0.583693,0.576532,-0.571763,-0.585,0.669,0.46,0.621,-0.034
50399,1680.437,0.88,1,-0.33787,0.484865,-0.806691,-0.606557,0.547473,-0.576508,-0.599,0.641,0.455,0.613,-0.029
50400,1680.47,0.88,1,-0.352147,0.486658,-0.799473,-0.613914,0.552138,-0.564139,-0.616,0.651,0.459,0.595,-0.026
50401,1680.503,0.88,1,-0.359302,0.494896,-0.791189,-0.630018,0.543942,-0.55426,-0.634,0.658,0.456,0.584,-0.023
50402,1680.537,0.88,1,-0.340893,0.499081,-0.796687,-0.621664,0.557099,-0.550613,-0.62,0.665,0.454,0.578,-0.021
50403,1680.57,0.88,1,-0.354396,0.49222,-0.795061,-0.591243,0.545647,-0.593886,-0.598,0.642,0.452,0.579,-0.02
50404,1680.603,0.88,1,-0.345995,0.493706,-0.797836,-0.579932,0.550007,-0.600975,-0.585,0.641,0.446,0.57,-0.016
50405,1680.637,0.88,1,-0.33357,0.501797,-0.79808,-0.618151,0.555242,-0.556413,-0.612,0.663,0.447,0.565,-0.016
50406,1680.67,0.88,1,-0.322503,0.470598,-0.821297,-0.617254,0.509018,-0.599916,-0.584,0.603,0.466,0.568,-0.025
50407,1680.703,0.88,1,-0.341554,0.510547,-0.789102,-0.627159,0.560785,-0.540547,-0.63,0.678,0.459,0.565,-0.018
50408,1680.737,0.88,1,-0.252152,0.470012,-0.845877,-0.581147,0.492241,-0.648049,-0.509,0.572,0.458,0.573,-0.034
50409,1680.77,0.88,1,-0.309262,0.48082,-0.820469,-0.635999,0.502841,-0.585369,-0.592,0.611,0.47,0.574,-0.027
50410,1680.803,0.88,1,-0.325554,0.516427,-0.792034,-0.590562,0.568598,-0.572655,-0.591,0.672,0.46,0.571,-0.016
50411,1680.837,0.88,1,-0.315994,0.47247,-0.822751,-0.590521,0.506387,-0.628376,-0.558,0.593,0.471,0.569,-0.018
50412,1680.87,0.88,1,-0.350098,0.517639,-0.780693,-0.589351,0.565828,-0.576632,-0.605,0.674,0.461,0.576,-0.014
50413,1680.903,0.88,1,-0.327723,0.468672,-0.820332,-0.606506,0.496713,-0.620827,-0.575,0.59,0.472,0.572,-0.02
50414,1680.937,0.88,1,-0.32695,0.492194,-0.806752,-0.590351,0.50927,-0.626203,-0.569,0.61,0.476,0.574,-0.024
50415,1680.97,0.88,1,-0.338065,0.465756,-0.817792,-0.590481,0.508421,-0.62677,-0.571,0.593,0.473,0.577,-0.027
50416,1681.003,0.88,1,-0.368416,0.502257,-0.782309,-0.592984,0.549673,-0.588412,-0.612,0.655,0.457,0.571,-0.017
50417,1681.037,0.88,1,-0.336729,0.470956,-0.815361,-0.601839,0.501115,-0.621831,-0.579,0.595,0.474,0.572,-0.023
50418,1681.07,0.88,1,-0.369141,0.492638,-0.788063,-0.606778,0.536486,-0.586518,-0.617,0.643,0.458,0.571,-0.016
50419,1681.104,0.88,1,-0.345181,0.470133,-0.812296,-0.625344,0.504764,-0.595112,-0.604,0.606,0.476,0.569,-0.022
50420,1681.137,0.88,1,-0.366684,0.497542,-0.786126,-0.602999,0.539242,-0.587886,-0.615,0.646,0.467,0.573,-0.02
50421,1681.17,0.88,1,-0.331142,0.490012,-0.80637,-0.609411,0.507618,-0.60905,-0.587,0.614,0.487,0.566,-0.027
50422,1681.204,0.88,1,-0.304288,0.451118,-0.838988,-0.633532,0.481756,-0.605433,-0.576,0.573,0.458,0.58,-0.029
50423,1681.237,0.88,1,-0.364998,0.505912,-0.781556,-0.5927,0.546412,-0.591728,-0.609,0.654,0.469,0.588,-0.026
50424,1681.27,0.88,1,-0.328488,0.486629,-0.809498,-0.61466,0.512167,-0.599899,-0.59,0.617,0.483,0.573,-0.028
50425,1681.304,0.88,1,-0.331133,0.457433,-0.825291,-0.60348,0.505453,-0.616708,-0.575,0.589,0.479,0.579,-0.031
50426,1681.337,0.88,1,-0.324512,0.459771,-0.826621,-0.602991,0.506916,-0.615985,-0.571,0.59,0.477,0.577,-0.029
50427,1681.37,0.93,1,-0.290391,0.476634,-0.829755,-0.601049,0.494981,-0.627483,-0.549,0.588,0.476,0.558,-0.023
50428,1681.404,0.98,1,-0.283164,0.473189,-0.834212,-0.614476,0.494522,-0.614709,-0.555,0.589,0.465,0.564,-0.026
50429,1681.437,0.88,1,-0.268266,0.471217,-0.840231,-0.606229,0.479489,-0.634489,-0.535,0.573,0.467,0.571,-0.029
50430,1681.47,0.93,1,-0.295662,0.473249,-0.829831,-0.597371,0.502479,-0.62503,-0.551,0.591,0.467,0.562,-0.022
50431,1681.504,0.88,1,-0.292617,0.463925,-0.836151,-0.638649,0.48132,-0.600382,-0.575,0.582,0.462,0.567,-0.026
50432,1681.537,0.93,1,-0.293824,0.476163,-0.828816,-0.607798,0.495399,-0.620614,-0.556,0.591,0.473,0.567,-0.022
50433,1681.57,0.88,1,-0.287037,0.46239,-0.838931,-0.589576,0.474678,-0.653514,-0.531,0.561,0.459,0.577,-0.024
50434,1681.604,0.93,1,-0.303405,0.468683,-0.829627,-0.623052,0.501529,-0.600229,-0.575,0.596,0.467,0.565,-0.017
50435,1681.637,0.88,1,-0.280794,0.466247,-0.838909,-0.607243,0.487126,-0.627666,-0.544,0.576,0.461,0.576,-0.023
50436,1681.67,0.88,1,-0.302067,0.474649,-0.826719,-0.600411,0.50195,-0.622538,-0.557,0.593,0.47,0.57,-0.019
50437,1681.704,0.88,1,-0.329092,0.465021,-0.82186,-0.5886,0.511068,-0.626386,-0.565,0.593,0.478,0.584,-0.022
50438,1681.737,0.88,1,-0.328973,0.465854,-0.821436,-0.595967,0.506635,-0.623012,-0.57,0.593,0.482,0.578,-0.022
50439,1681.77,0.88,1,-0.331757,0.465983,-0.820242,-0.606839,0.501108,-0.616958,-0.579,0.592,0.481,0.579,-0.023
50440,1681.804,0.88,1,-0.330064,0.468438,-0.819527,-0.610463,0.499412,-0.614754,-0.58,0.594,0.483,0.576,-0.022
50441,1681.837,0.88,1,-0.333873,0.471925,-0.815975,-0.595109,0.50732,-0.623275,-0.573,0.597,0.486,0.578,-0.025
50442,1681.87,0.88,1,-0.336928,0.467754,-0.81712,-0.603836,0.50243,-0.618827,-0.58,0.594,0.487,0.577,-0.022
50443,1681.904,0.88,1,-0.34032,0.47396,-0.812123,-0.59639,0.506761,-0.622505,-0.578,0.6,0.487,0.579,-0.024
50444,1681.937,0.88,1,-0.414847,0.400143,-0.817183,-0.567966,0.533744,-0.626524,-0.598,0.574,0.491,0.591,-0.025
50445,1681.97,0.88,1,-0.407071,0.420471,-0.810862,-0.581987,0.534563,-0.612808,-0.607,0.591,0.496,0.586,-0.026
50446,1682.004,0.88,1,-0.415436,0.391454,-0.821083,-0.590666,0.534844,-0.604198,-0.615,0.576,0.489,0.585,-0.023
50447,1682.037,0.88,1,-0.41755,0.386764,-0.822232,-0.584197,0.521311,-0.622052,-0.606,0.561,0.486,0.589,-0.02
50448,1682.07,0.88,1,-0.42415,0.39253,-0.816098,-0.583622,0.518658,-0.624804,-0.61,0.564,0.488,0.594,-0.023
50449,1682.104,0.88,1,-0.354204,0.47059,-0.808136,-0.605067,0.52363,-0.599755,-0.598,0.615,0.487,0.582,-0.019
50450,1682.137,0.88,1,-0.417454,0.401278,-0.815296,-0.584287,0.520163,-0.622928,-0.608,0.57,0.486,0.585,-0.021
50451,1682.171,0.88,1,-0.355801,0.476262,-0.804102,-0.587703,0.518628,-0.620991,-0.585,0.609,0.488,0.58,-0.02
50452,1682.204,0.88,1,-0.347365,0.480826,-0.805074,-0.58022,0.520097,-0.626772,-0.575,0.61,0.485,0.575,-0.019
50453,1682.237,0.88,1,-0.350897,0.473073,-0.80813,-0.614692,0.524921,-0.588737,-0.605,0.62,0.48,0.568,-0.015
50454,1682.271,0.88,1,-0.348342,0.479047,-0.805712,-0.580754,0.520194,-0.626197,-0.576,0.609,0.483,0.578,-0.016
50455,1682.304,0.88,1,-0.343876,0.479793,-0.807185,-0.592187,0.529846,-0.607106,-0.585,0.62,0.48,0.576,-0.012
50456,1682.337,0.88,1,-0.331784,0.49999,-0.799956,-0.580788,0.521928,-0.624721,-0.57,0.622,0.485,0.571,-0.012
50457,1682.371,0.88,1,-0.372238,0.449324,-0.812125,-0.613071,0.526313,-0.589184,-0.613,0.608,0.478,0.569,-0.009
50458,1682.404,0.88,1,-0.425002,0.394097,-0.814899,-0.597836,0.509394,-0.618959,-0.62,0.562,0.478,0.58,-0.01
50459,1682.437,0.88,1,-0.420507,0.386085,-0.821043,-0.617697,0.520404,-0.589602,-0.634,0.571,0.481,0.574,-0.008
50460,1682.471,0.93,1,-0.3339,0.491739,-0.804179,-0.614354,0.513972,-0.598667,-0.594,0.622,0.477,0.561,-0.002
50461,1682.504,0.88,1,-0.371807,0.445964,-0.814172,-0.599769,0.481839,-0.638833,-0.589,0.568,0.459,0.599,-0.012
50462,1682.537,0.88,1,-0.340218,0.493067,-0.80071,-0.636849,0.507794,-0.580145,-0.616,0.627,0.457,0.58,-0.001
50463,1682.571,0.93,1,-0.329126,0.496444,-0.803256,-0.618295,0.503515,-0.603476,-0.593,0.618,0.462,0.571,0.005
50464,1682.604,0.88,1,-0.340308,0.447333,-0.827093,-0.591508,0.474994,-0.651536,-0.562,0.558,0.448,0.582,-0.001
50465,1682.637,0.88,1,-0.335769,0.487556,-0.805945,-0.602991,0.486283,-0.632401,-0.578,0.595,0.456,0.581,0.005
50466,1682.671,0.98,1,-0.333958,0.491402,-0.80436,-0.611339,0.484945,-0.625374,-0.584,0.599,0.453,0.572,0.011
50467,1682.704,0.88,1,-0.321679,0.475275,-0.818924,-0.591796,0.479446,-0.648004,-0.557,0.577,0.453,0.573,0.005
50468,1682.737,0.88,1,-0.329764,0.501395,-0.799912,-0.598171,0.475484,-0.645064,-0.571,0.594,0.457,0.581,0.008
50469,1682.771,0.88,1,-0.339491,0.49238,-0.801441,-0.595493,0.47887,-0.645037,-0.574,0.591,0.456,0.576,0.01
50470,1682.804,0.88,1,-0.339694,0.483826,-0.806548,-0.621358,0.476556,-0.621939,-0.592,0.592,0.454,0.573,0.011
50471,1682.837,0.88,1,-0.337081,0.485851,-0.806428,-0.592176,0.480896,-0.646581,-0.569,0.587,0.451,0.571,0.011
50472,1682.871,0.88,1,-0.339073,0.481167,-0.808398,-0.609392,0.483634,-0.628283,-0.583,0.591,0.447,0.572,0.013
50473,1682.904,0.88,1,-0.335166,0.490595,-0.804351,-0.602478,0.484933,-0.633924,-0.578,0.596,0.446,0.573,0.015
50474,1682.937,0.88,1,-0.336806,0.485869,-0.806531,-0.587608,0.487051,-0.646141,-0.567,0.59,0.445,0.572,0.016
50475,1682.971,0.88,1,-0.339792,0.482603,-0.80724,-0.593775,0.481468,-0.644686,-0.571,0.586,0.445,0.573,0.016
50476,1683.004,0.98,1,-0.342176,0.483321,-0.805801,-0.600761,0.482644,-0.637291,-0.579,0.59,0.445,0.57,0.018
50477,1683.037,0.88,1,-0.404282,0.397612,-0.823687,-0.587389,0.483428,-0.649055,-0.593,0.539,0.448,0.581,0.007
50478,1683.071,0.88,1,-0.381847,0.51614,-0.766676,-0.602155,0.543497,-0.584825,-0.629,0.665,0.437,0.584,0.02
50479,1683.104,0.88,1,-0.354863,0.535063,-0.766668,-0.584315,0.601993,-0.544224,-0.622,0.715,0.43,0.587,0.014
50480,1683.137,0.88,1,-0.339254,0.54467,-0.766969,-0.58792,0.606648,-0.535097,-0.619,0.724,0.424,0.592,0.014
50481,1683.171,0.88,1,-0.340168,0.52728,-0.778628,-0.588609,0.592025,-0.550496,-0.61,0.7,0.426,0.596,0.011
50482,1683.204,0.88,1,-0.323157,0.496703,-0.805515,-0.59675,0.5828,-0.551574,-0.596,0.672,0.417,0.609,0.006
50483,1683.237,0.88,1,-0.3309,0.504376,-0.797565,-0.598202,0.579064,-0.553931,-0.602,0.676,0.418,0.623,0.006
50484,1683.271,0.88,1,-0.324512,0.520623,-0.789711,-0.59722,0.578069,-0.556026,-0.601,0.685,0.42,0.637,0.002
50485,1683.304,0.88,1,-0.323996,0.521525,-0.789328,-0.589684,0.575416,-0.566718,-0.593,0.68,0.421,0.644,-0.001
50486,1683.338,0.88,1,-0.32246,0.516185,-0.793456,-0.590812,0.575554,-0.565401,-0.592,0.677,0.42,0.637,-0.001
50487,1683.371,0.88,1,-0.328195,0.504238,-0.798769,-0.601654,0.567863,-0.561734,-0.6,0.667,0.414,0.633,0.001
50488,1683.404,0.88,1,-0.337919,0.512691,-0.789277,-0.590253,0.571425,-0.570154,-0.599,0.673,0.416,0.635,0.0
50489,1683.438,0.88,1,-0.325229,0.514284,-0.79356,-0.589187,0.572704,-0.569972,-0.591,0.673,0.416,0.637,-0.002
50490,1683.471,0.88,1,-0.338266,0.511164,-0.790119,-0.585674,0.565624,-0.580564,-0.593,0.666,0.411,0.637,0.001
50491,1683.504,0.88,1,-0.333443,0.515559,-0.789313,-0.606365,0.554165,-0.570283,-0.605,0.667,0.41,0.643,0.001
50492,1683.538,0.88,1,-0.334856,0.517689,-0.787318,-0.601121,0.555727,-0.5743,-0.602,0.668,0.409,0.642,0.005
50493,1683.571,0.88,1,-0.328576,0.51928,-0.788914,-0.596996,0.558953,-0.575472,-0.596,0.669,0.419,0.649,0.0
50494,1683.604,0.88,1,-0.358086,0.498322,-0.789588,-0.598656,0.55712,-0.575525,-0.611,0.658,0.402,0.665,0.008
50495,1683.638,0.88,1,-0.351788,0.518229,-0.779541,-0.596954,0.572661,-0.561877,-0.616,0.683,0.407,0.668,0.005
50496,1683.671,0.88,1,-0.346382,0.511065,-0.786659,-0.607275,0.55869,-0.564873,-0.614,0.67,0.398,0.677,0.009
50497,1683.704,0.88,1,-0.350306,0.511054,-0.784927,-0.608047,0.556105,-0.566592,-0.617,0.668,0.395,0.681,0.011
50498,1683.738,0.88,1,-0.400325,0.459989,-0.792559,-0.611678,0.54202,-0.57625,-0.637,0.632,0.375,0.676,0.022
50499,1683.771,0.88,1,-0.360872,0.476638,-0.801615,-0.604735,0.555995,-0.570232,-0.613,0.645,0.375,0.673,0.022
50500,1683.804,0.93,1,-0.35374,0.481809,-0.801703,-0.608709,0.554318,-0.567631,-0.613,0.648,0.376,0.683,0.024
50501,1683.838,0.93,1,-0.371731,0.484929,-0.791618,-0.618421,0.538502,-0.572339,-0.628,0.644,0.375,0.697,0.027
50502,1683.871,0.93,1,-0.402115,0.468522,-0.786632,-0.627997,0.523534,-0.575788,-0.647,0.629,0.369,0.711,0.033
50503,1683.904,0.93,1,-0.409639,0.458544,-0.788628,-0.62664,0.516197,-0.583835,-0.647,0.618,0.357,0.714,0.038
50504,1683.938,0.93,1,-0.398406,0.461178,-0.792835,-0.625314,0.516975,-0.584567,-0.639,0.618,0.35,0.713,0.039
50505,1683.971,0.93,1,-0.379774,0.454542,-0.805706,-0.621731,0.50948,-0.594879,-0.621,0.603,0.337,0.708,0.044
50506,1684.004,0.93,1,-0.394653,0.444192,-0.804327,-0.631923,0.493901,-0.597274,-0.632,0.59,0.322,0.7,0.047
50507,1684.038,0.93,1,-0.380963,0.439456,-0.813478,-0.629425,0.486517,-0.605909,-0.619,0.578,0.323,0.711,0.046
50508,1684.071,0.93,1,-0.398582,0.434212,-0.807832,-0.626116,0.489268,-0.607121,-0.627,0.578,0.31,0.705,0.05
50509,1684.104,0.93,1,-0.391657,0.436055,-0.810222,-0.619235,0.483206,-0.618918,-0.616,0.572,0.306,0.698,0.051
50510,1684.138,0.93,1,-0.361412,0.441226,-0.821402,-0.615954,0.491051,-0.616012,-0.597,0.575,0.313,0.709,0.046
50511,1684.171,0.93,1,-0.367899,0.44194,-0.818132,-0.617679,0.485799,-0.618443,-0.601,0.573,0.31,0.707,0.048
50512,1684.204,0.93,1,-0.373156,0.448812,-0.811987,-0.615748,0.487453,-0.619066,-0.605,0.579,0.31,0.698,0.047
50513,1684.238,0.93,1,-0.377037,0.446647,-0.811388,-0.614331,0.495454,-0.614104,-0.608,0.584,0.318,0.707,0.041
50514,1684.271,0.93,1,-0.376171,0.449221,-0.810367,-0.622297,0.497182,-0.604613,-0.615,0.59,0.319,0.703,0.04
50515,1684.304,0.93,1,-0.375224,0.449415,-0.810699,-0.624066,0.497133,-0.602827,-0.615,0.59,0.323,0.713,0.04
50516,1684.338,0.93,1,-0.373555,0.447083,-0.812757,-0.625679,0.497683,-0.600698,-0.615,0.589,0.324,0.713,0.036
50517,1684.371,0.93,1,-0.368494,0.448102,-0.814504,-0.621982,0.499647,-0.602903,-0.61,0.589,0.323,0.715,0.037
50518,1684.405,0.93,1,-0.369578,0.448034,-0.81405,-0.620197,0.49687,-0.607022,-0.608,0.587,0.322,0.709,0.039
50519,1684.438,0.93,1,-0.37296,0.448179,-0.812426,-0.625115,0.496142,-0.602556,-0.614,0.588,0.322,0.712,0.04
50520,1684.471,0.93,1,-0.378884,0.474507,-0.794538,-0.616808,0.515479,-0.594836,-0.622,0.619,0.33,0.725,0.036
50521,1684.505,0.93,1,-0.405796,0.44345,-0.799175,-0.641957,0.440729,-0.627415,-0.633,0.555,0.33,0.728,0.04
50522,1684.538,0.93,1,-0.42199,0.436434,-0.794638,-0.63429,0.432835,-0.64057,-0.634,0.545,0.327,0.732,0.043
50523,1684.571,0.93,1,-0.417087,0.443016,-0.793584,-0.631416,0.437497,-0.640243,-0.631,0.551,0.321,0.73,0.049
50524,1684.605,0.93,1,-0.430016,0.441303,-0.787615,-0.599482,0.417446,-0.682906,-0.611,0.529,0.325,0.73,0.048
50525,1684.638,0.93,1,-0.433121,0.440436,-0.786398,-0.615805,0.422828,-0.664831,-0.626,0.537,0.324,0.733,0.048
50526,1684.671,0.93,1,-0.383916,0.462963,-0.79892,-0.612281,0.42968,-0.663692,-0.598,0.548,0.327,0.737,0.048
50527,1684.705,0.93,1,-0.389439,0.421925,-0.818728,-0.621108,0.412063,-0.666655,-0.597,0.512,0.313,0.73,0.052
50528,1684.738,0.93,1,-0.40886,0.4631,-0.786366,-0.625495,0.442826,-0.642387,-0.627,0.565,0.328,0.731,0.047
50529,1684.771,0.93,1,-0.40802,0.428281,-0.806285,-0.621876,0.444803,-0.644531,-0.617,0.542,0.318,0.719,0.049
50530,1684.805,0.93,1,-0.402112,0.465899,-0.788191,-0.594275,0.492724,-0.635657,-0.611,0.593,0.332,0.698,0.036
50531,1684.838,0.93,1,-0.373785,0.439819,-0.816605,-0.606131,0.498569,-0.619705,-0.599,0.579,0.32,0.669,0.038
50532,1684.871,0.98,1,-0.375289,0.440006,-0.815814,-0.59203,0.50774,-0.625861,-0.591,0.582,0.32,0.668,0.037
50533,1684.905,0.98,1,-0.410947,0.448117,-0.793923,-0.598755,0.502345,-0.623813,-0.619,0.591,0.316,0.662,0.044
50534,1684.938,0.98,1,-0.393458,0.430577,-0.812277,-0.594732,0.498293,-0.63087,-0.6,0.572,0.313,0.669,0.044
50535,1684.971,0.98,1,-0.391445,0.429565,-0.813784,-0.603472,0.505595,-0.6166,-0.608,0.579,0.304,0.675,0.053
50536,1685.005,0.98,1,-0.401111,0.442206,-0.802224,-0.598859,0.496639,-0.628265,-0.61,0.581,0.295,0.664,0.062
50537,1685.038,0.98,1,-0.36376,0.412409,-0.835223,-0.598358,0.475942,-0.644552,-0.577,0.541,0.275,0.65,0.073
50538,1685.071,0.98,1,-0.380485,0.394639,-0.836356,-0.610594,0.480667,-0.629392,-0.595,0.538,0.274,0.653,0.074
50539,1685.105,0.98,1,-0.350702,0.421896,-0.836069,-0.597927,0.497496,-0.628475,-0.575,0.561,0.267,0.635,0.082
50540,1685.138,0.88,1,-0.392062,0.404128,-0.826419,-0.604858,0.487995,-0.629291,-0.6,0.55,0.267,0.646,0.089
50541,1685.171,0.88,1,-0.40162,0.403733,-0.82201,-0.622146,0.493406,-0.607853,-0.621,0.56,0.258,0.647,0.097
50542,1685.205,0.88,1,-0.400024,0.399052,-0.825069,-0.641304,0.481668,-0.597265,-0.632,0.554,0.258,0.667,0.105
50543,1685.238,0.88,1,-0.423033,0.442792,-0.790556,-0.661421,0.475007,-0.580423,-0.669,0.59,0.266,0.737,0.118
50544,1685.271,0.88,1,-0.442869,0.443372,-0.779287,-0.662613,0.470606,-0.582644,-0.682,0.591,0.261,0.754,0.131
50545,1685.305,0.93,1,-0.469381,0.419252,-0.777116,-0.679006,0.453577,-0.577251,-0.703,0.572,0.251,0.756,0.146
50546,1685.338,0.93,1,-0.481498,0.409298,-0.775006,-0.69725,0.454789,-0.554084,-0.726,0.576,0.243,0.754,0.158
50547,1685.371,0.93,1,-0.488085,0.400934,-0.775258,-0.703033,0.450006,-0.550672,-0.732,0.571,0.239,0.758,0.169
50548,1685.405,0.93,1,-0.492915,0.401818,-0.771736,-0.716091,0.447216,-0.535921,-0.746,0.576,0.237,0.765,0.181
50549,1685.438,0.93,1,-0.509724,0.401944,-0.760672,-0.722779,0.443037,-0.530385,-0.762,0.58,0.235,0.774,0.192
50550,1685.471,0.93,1,-0.514474,0.41052,-0.752854,-0.727575,0.438867,-0.527286,-0.77,0.586,0.233,0.784,0.202
50551,1685.505,0.93,1,-0.508924,0.419364,-0.751752,-0.728283,0.439663,-0.525643,-0.769,0.592,0.238,0.792,0.209
50552,1685.538,0.93,1,-0.519271,0.414856,-0.747162,-0.727854,0.427613,-0.536075,-0.771,0.581,0.234,0.805,0.22
50553,1685.572,0.93,1,-0.535452,0.405726,-0.740728,-0.729505,0.426992,-0.534322,-0.781,0.579,0.233,0.81,0.227
50554,1685.605,0.93,1,-0.513538,0.441599,-0.735709,-0.741082,0.428841,-0.516617,-0.786,0.607,0.238,0.816,0.231
50555,1685.638,0.93,1,-0.512211,0.445088,-0.734532,-0.744443,0.425008,-0.51495,-0.788,0.608,0.237,0.824,0.239
50556,1685.672,0.93,1,-0.502299,0.463313,-0.730094,-0.749707,0.419884,-0.511504,-0.79,0.618,0.241,0.834,0.243
50557,1685.705,0.93,1,-0.506889,0.471895,-0.721373,-0.756687,0.415697,-0.5046,-0.801,0.627,0.249,0.835,0.245
50558,1685.738,0.88,1,-0.512189,0.491774,-0.704145,-0.75839,0.400402,-0.514318,-0.806,0.632,0.264,0.864,0.238
50559,1685.772,0.93,1,-0.534668,0.470352,-0.702067,-0.767397,0.3648,-0.527278,-0.814,0.597,0.279,0.874,0.235
50560,1685.805,0.93,1,-0.555035,0.453507,-0.697329,-0.774879,0.365274,-0.515886,-0.831,0.594,0.277,0.877,0.239
50561,1685.838,0.88,1,-0.549925,0.485234,-0.679801,-0.758463,0.403772,-0.511568,-0.832,0.641,0.289,0.863,0.234
50562,1685.872,0.93,1,-0.573427,0.476542,-0.666401,-0.766595,0.40851,-0.495431,-0.857,0.651,0.288,0.863,0.242
50563,1685.905,0.93,1,-0.567962,0.449356,-0.689564,-0.751601,0.35389,-0.556649,-0.814,0.573,0.302,0.863,0.245
50564,1685.938,0.93,1,-0.577632,0.432607,-0.692237,-0.741454,0.335723,-0.580979,-0.803,0.543,0.298,0.866,0.252
50565,1685.972,0.93,1,-0.593869,0.439657,-0.673811,-0.751268,0.329066,-0.572112,-0.824,0.553,0.295,0.879,0.256
50566,1686.005,0.93,1,-0.581,0.434782,-0.688043,-0.760758,0.353025,-0.544629,-0.828,0.569,0.288,0.875,0.263
50567,1686.038,0.93,1,-0.573902,0.446967,-0.68619,-0.760532,0.376268,-0.529162,-0.832,0.595,0.29,0.879,0.26
50568,1686.072,0.93,1,-0.576474,0.434832,-0.691808,-0.768822,0.339506,-0.541893,-0.829,0.561,0.288,0.877,0.263
50569,1686.105,0.93,1,-0.575195,0.436348,-0.691918,-0.770765,0.364407,-0.522618,-0.837,0.583,0.287,0.873,0.262
50570,1686.138,0.93,1,-0.591947,0.442302,-0.673772,-0.775546,0.354803,-0.522152,-0.852,0.588,0.287,0.885,0.261
50571,1686.172,0.93,1,-0.586198,0.417749,-0.69416,-0.747169,0.339329,-0.571484,-0.811,0.539,0.297,0.875,0.257
50572,1686.205,0.93,1,-0.597541,0.426263,-0.67915,-0.757111,0.331591,-0.562876,-0.829,0.548,0.296,0.876,0.258
50573,1686.238,0.93,1,-0.587574,0.433045,-0.683541,-0.769847,0.334045,-0.543829,-0.836,0.559,0.294,0.878,0.259
50574,1686.272,0.93,1,-0.593571,0.426706,-0.682345,-0.769782,0.332458,-0.544892,-0.838,0.554,0.286,0.87,0.266
50575,1686.305,0.88,1,-0.601352,0.417115,-0.681462,-0.767513,0.364668,-0.5272,-0.847,0.574,0.272,0.87,0.275
50576,1686.338,0.88,1,-0.603566,0.425006,-0.674595,-0.784012,0.394624,-0.479164,-0.877,0.618,0.25,0.859,0.29
50577,1686.372,0.88,1,-0.592271,0.431303,-0.680582,-0.78658,0.380969,-0.485957,-0.869,0.608,0.23,0.863,0.31
50578,1686.405,0.88,1,-0.586192,0.4309,-0.686079,-0.783134,0.357985,-0.508476,-0.853,0.584,0.208,0.872,0.329
50579,1686.438,0.88,1,-0.583314,0.433419,-0.686944,-0.788031,0.344969,-0.509906,-0.853,0.577,0.196,0.868,0.341
50580,1686.472,0.88,1,-0.587012,0.427601,-0.68744,-0.787176,0.346167,-0.510414,-0.854,0.574,0.203,0.868,0.341
50581,1686.505,0.88,1,-0.585904,0.419869,-0.693128,-0.784287,0.365404,-0.501372,-0.854,0.582,0.217,0.865,0.331
50582,1686.538,0.88,1,-0.584141,0.419192,-0.695023,-0.79161,0.367612,-0.488073,-0.861,0.587,0.214,0.864,0.335
50583,1686.572,0.88,1,-0.584869,0.407459,-0.70136,-0.796564,0.368998,-0.47888,-0.864,0.582,0.203,0.877,0.342
50584,1686.605,0.88,1,-0.568893,0.436509,-0.697008,-0.795931,0.37463,-0.475549,-0.861,0.605,0.221,0.886,0.336
50585,1686.639,0.88,1,-0.565484,0.44738,-0.692877,-0.798135,0.37828,-0.468919,-0.865,0.618,0.231,0.896,0.332
50586,1686.672,0.88,1,-0.563442,0.444874,-0.696147,-0.818234,0.361878,-0.446696,-0.88,0.615,0.23,0.909,0.335
50587,1686.705,0.88,1,-0.56965,0.449174,-0.688289,-0.821163,0.358895,-0.443719,-0.888,0.62,0.244,0.895,0.331
50588,1686.739,0.88,1,-0.606922,0.448301,-0.656256,-0.823281,0.360609,-0.438371,-0.918,0.636,0.281,0.866,0.317
50589,1686.772,0.88,1,-0.61462,0.454364,-0.644822,-0.804586,0.383211,-0.453642,-0.912,0.651,0.338,0.855,0.281
50590,1686.805,0.88,1,-0.601032,0.343202,-0.721784,-0.71629,0.375271,-0.588304,-0.788,0.502,0.356,0.866,0.267
50591,1686.839,0.88,1,-0.586032,0.453287,-0.671638,-0.724191,0.443133,-0.528375,-0.829,0.642,0.354,0.873,0.264
50592,1686.872,0.88,1,-0.586647,0.361543,-0.72466,-0.769644,0.45186,-0.451077,-0.857,0.605,0.355,0.871,0.267
50593,1686.905,0.88,1,-0.542344,0.472876,-0.694443,-0.758266,0.48388,-0.436912,-0.855,0.702,0.352,0.829,0.279
50594,1686.939,0.98,1,-0.418355,0.52012,-0.744617,-0.740665,0.512256,-0.434752,-0.777,0.719,0.375,0.788,0.269
50595,1686.972,0.98,1,-0.359696,0.580024,-0.730884,-0.67918,0.410102,-0.608712,-0.66,0.637,0.43,0.699,0.234
50596,1687.005,0.98,1,-0.313048,0.587583,-0.746155,-0.66035,0.402716,-0.633844,-0.614,0.622,0.45,0.648,0.228
50597,1687.039,0.98,1,-0.304975,0.59196,-0.746038,-0.657546,0.409388,-0.632483,-0.61,0.628,0.466,0.627,0.228
50598,1687.072,0.98,1,-0.298129,0.600446,-0.742014,-0.654836,0.400751,-0.640772,-0.603,0.627,0.474,0.62,0.23
50599,1687.105,0.98,1,-0.294074,0.607024,-0.73827,-0.638221,0.392402,-0.66234,-0.587,0.62,0.481,0.618,0.232
50600,1687.139,0.98,1,-0.303267,0.613895,-0.728809,-0.672283,0.398179,-0.62409,-0.625,0.642,0.482,0.621,0.235
50601,1687.172,0.98,1,-0.302836,0.610172,-0.732107,-0.664185,0.36876,-0.650288,-0.61,0.616,0.482,0.629,0.234
50602,1687.205,0.98,1,-0.305496,0.601028,-0.738538,-0.681594,0.395461,-0.615662,-0.63,0.634,0.473,0.624,0.238
50603,1687.239,0.98,1,-0.310588,0.605726,-0.732551,-0.666239,0.381797,-0.64059,-0.618,0.623,0.469,0.625,0.24
50604,1687.272,0.98,1,-0.312882,0.604392,-0.732677,-0.666898,0.407786,-0.623664,-0.626,0.641,0.457,0.621,0.246
50605,1687.305,0.98,1,-0.320346,0.608678,-0.725872,-0.673074,0.405,-0.618827,-0.636,0.646,0.456,0.624,0.246
50606,1687.339,0.98,1,-0.314706,0.601238,-0.734488,-0.677809,0.391271,-0.62248,-0.632,0.632,0.464,0.635,0.237
50607,1687.372,0.98,1,-0.31927,0.605575,-0.728934,-0.680314,0.381195,-0.62599,-0.636,0.629,0.476,0.645,0.227
50608,1687.405,0.98,1,-0.304593,0.619766,-0.723266,-0.680692,0.37468,-0.629503,-0.629,0.634,0.477,0.657,0.223
50609,1687.439,0.98,1,-0.320553,0.612534,-0.722528,-0.671231,0.392892,-0.628558,-0.633,0.64,0.475,0.654,0.227
50610,1687.472,0.98,1,-0.315284,0.604113,-0.731876,-0.668462,0.387199,-0.635008,-0.624,0.627,0.465,0.663,0.233
50611,1687.505,0.98,1,-0.331188,0.595704,-0.731746,-0.671593,0.380599,-0.635694,-0.633,0.62,0.444,0.663,0.251
50612,1687.539,0.98,1,-0.343796,0.596107,-0.725576,-0.677379,0.374701,-0.633053,-0.645,0.62,0.433,0.673,0.26
50613,1687.572,0.98,1,-0.354631,0.595094,-0.721179,-0.674572,0.383814,-0.630586,-0.651,0.627,0.431,0.674,0.264
50614,1687.605,0.98,1,-0.342527,0.59584,-0.726395,-0.688103,0.37976,-0.618301,-0.654,0.628,0.429,0.679,0.269
50615,1687.639,0.98,1,-0.348287,0.598704,-0.721284,-0.69021,0.382331,-0.614356,-0.661,0.634,0.435,0.685,0.267
50616,1687.672,0.98,1,-0.351214,0.607351,-0.712583,-0.69222,0.38702,-0.609137,-0.668,0.645,0.449,0.695,0.263
50617,1687.705,0.98,1,-0.350464,0.60839,-0.712066,-0.693932,0.389586,-0.605542,-0.67,0.648,0.45,0.708,0.269
50618,1687.739,0.98,1,-0.363653,0.611745,-0.702513,-0.704578,0.375772,-0.601968,-0.686,0.648,0.464,0.723,0.267
50619,1687.772,0.98,1,-0.364417,0.615926,-0.698452,-0.716834,0.370895,-0.590411,-0.698,0.653,0.467,0.726,0.272
50620,1687.806,0.98,1,-0.373933,0.618554,-0.691061,-0.717126,0.375098,-0.587394,-0.706,0.661,0.473,0.729,0.275
50621,1687.839,0.98,1,-0.380168,0.623267,-0.683382,-0.716688,0.377551,-0.586356,-0.712,0.668,0.476,0.732,0.28
50622,1687.872,0.98,1,-0.401685,0.620669,-0.673364,-0.727683,0.381047,-0.570333,-0.737,0.678,0.481,0.731,0.284
50623,1687.906,0.98,1,-0.406042,0.624803,-0.666896,-0.730297,0.386637,-0.563185,-0.746,0.688,0.494,0.733,0.283
50624,1687.939,0.98,1,-0.409901,0.623893,-0.665386,-0.747599,0.396834,-0.532558,-0.768,0.706,0.492,0.724,0.29
50625,1687.972,0.98,1,-0.404817,0.630971,-0.661815,-0.764688,0.382738,-0.518424,-0.781,0.71,0.497,0.728,0.292
50626,1688.006,0.98,1,-0.406692,0.632416,-0.659282,-0.756286,0.400058,-0.517672,-0.779,0.72,0.492,0.738,0.298
50627,1688.039,0.98,1,-0.414328,0.63752,-0.649538,-0.746906,0.40987,-0.523582,-0.78,0.729,0.484,0.741,0.308
50628,1688.072,0.98,1,-0.413642,0.643525,-0.644031,-0.746939,0.408574,-0.524547,-0.782,0.733,0.491,0.745,0.308
50629,1688.106,0.98,1,-0.411728,0.646949,-0.641823,-0.754661,0.417145,-0.506436,-0.793,0.747,0.49,0.746,0.314
50630,1688.139,0.98,1,-0.415883,0.642305,-0.643806,-0.754743,0.412112,-0.510418,-0.792,0.74,0.485,0.743,0.321
50631,1688.172,0.98,1,-0.410557,0.64019,-0.649307,-0.755699,0.40346,-0.515886,-0.786,0.73,0.482,0.742,0.326
50632,1688.206,0.98,1,-0.415739,0.6431,-0.643105,-0.754264,0.407651,-0.514691,-0.791,0.737,0.482,0.739,0.326
50633,1688.239,0.98,1,-0.417287,0.641724,-0.643477,-0.750053,0.390804,-0.533565,-0.781,0.72,0.472,0.741,0.333
50634,1688.272,0.98,1,-0.412619,0.643615,-0.644597,-0.742019,0.383942,-0.549542,-0.769,0.711,0.467,0.741,0.336
50635,1688.306,0.98,1,-0.430044,0.62672,-0.649834,-0.727927,0.37162,-0.576212,-0.757,0.683,0.475,0.737,0.327
50636,1688.339,0.98,1,-0.424046,0.632014,-0.648647,-0.756751,0.330714,-0.563876,-0.772,0.671,0.49,0.731,0.311
50637,1688.372,0.98,1,-0.428653,0.623752,-0.653598,-0.757579,0.330901,-0.562653,-0.773,0.665,0.502,0.731,0.294
50638,1688.406,0.93,1,-0.419052,0.634305,-0.649656,-0.75545,0.335649,-0.562703,-0.77,0.675,0.509,0.725,0.282
50639,1688.439,0.98,1,-0.432072,0.63355,-0.641816,-0.748872,0.350785,-0.562264,-0.776,0.685,0.522,0.721,0.274
50640,1688.472,0.98,1,-0.438941,0.637449,-0.633237,-0.742647,0.358672,-0.565535,-0.778,0.693,0.531,0.717,0.263
50641,1688.506,0.98,1,-0.440373,0.631144,-0.638536,-0.750907,0.356004,-0.556237,-0.784,0.691,0.541,0.715,0.251
50642,1688.539,0.98,1,-0.424202,0.646375,-0.634234,-0.749255,0.354157,-0.559633,-0.777,0.698,0.541,0.711,0.248
50643,1688.572,0.98,1,-0.409634,0.642934,-0.647175,-0.751323,0.349643,-0.559699,-0.766,0.688,0.537,0.708,0.252
50644,1688.606,0.98,1,-0.416025,0.634191,-0.651709,-0.748442,0.354282,-0.560642,-0.765,0.684,0.53,0.707,0.255
50645,1688.639,0.98,1,-0.407543,0.629122,-0.661902,-0.744599,0.355472,-0.564988,-0.754,0.676,0.52,0.702,0.258
50646,1688.672,0.98,1,-0.40466,0.621551,-0.670764,-0.746021,0.356145,-0.562684,-0.751,0.67,0.512,0.708,0.26
50647,1688.706,0.98,1,-0.408238,0.619371,-0.670612,-0.740425,0.367169,-0.562991,-0.75,0.675,0.502,0.705,0.265
50648,1688.739,0.98,1,-0.409846,0.622427,-0.666792,-0.744747,0.365297,-0.558489,-0.756,0.678,0.497,0.71,0.27
50649,1688.772,0.98,1,-0.412901,0.625641,-0.661881,-0.749205,0.355944,-0.558566,-0.761,0.677,0.495,0.715,0.274
50650,1688.806,0.98,1,-0.412918,0.626963,-0.660618,-0.753059,0.347822,-0.5585,-0.763,0.674,0.492,0.717,0.285
50651,1688.839,0.98,1,-0.41295,0.632015,-0.655767,-0.755293,0.352851,-0.552293,-0.769,0.684,0.491,0.72,0.295
50652,1688.873,0.98,1,-0.409916,0.632894,-0.656821,-0.754742,0.347908,-0.55617,-0.765,0.68,0.481,0.72,0.303
50653,1688.906,0.98,1,-0.41936,0.626823,-0.656681,-0.746043,0.352519,-0.564934,-0.762,0.676,0.471,0.721,0.308
50654,1688.939,0.98,1,-0.422398,0.624378,-0.657063,-0.744565,0.355715,-0.564881,-0.762,0.676,0.459,0.717,0.313
50655,1688.973,0.98,1,-0.422826,0.620102,-0.660827,-0.742335,0.350758,-0.570884,-0.758,0.668,0.446,0.716,0.318
50656,1689.006,0.98,1,-0.420903,0.625409,-0.657042,-0.734137,0.349987,-0.581852,-0.75,0.667,0.441,0.714,0.317
50657,1689.039,0.98,1,-0.408331,0.62693,-0.663494,-0.727891,0.353363,-0.58763,-0.737,0.665,0.434,0.712,0.316
50658,1689.073,0.98,1,-0.411361,0.62591,-0.662585,-0.728118,0.356724,-0.585314,-0.74,0.667,0.431,0.711,0.311
50659,1689.106,0.98,1,-0.413927,0.61834,-0.668072,-0.725064,0.349757,-0.593256,-0.734,0.655,0.418,0.714,0.308
50660,1689.139,0.98,1,-0.418725,0.603555,-0.678521,-0.715367,0.354932,-0.601892,-0.725,0.643,0.397,0.712,0.31
50661,1689.173,0.98,1,-0.412731,0.585192,-0.698,-0.703948,0.35409,-0.615693,-0.705,0.621,0.37,0.712,0.318
50662,1689.206,0.98,1,-0.414931,0.559951,-0.717138,-0.71289,0.333505,-0.616897,-0.702,0.59,0.324,0.734,0.343
50663,1689.239,0.98,1,-0.466894,0.527747,-0.709573,-0.688001,0.402621,-0.603781,-0.721,0.616,0.24,0.719,0.39
50664,1689.273,0.98,1,-0.498367,0.480163,-0.721854,-0.667073,0.41307,-0.619989,-0.715,0.587,0.18,0.705,0.425
50665,1689.306,0.98,1,-0.491527,0.433373,-0.755374,-0.672462,0.363538,-0.644698,-0.694,0.517,0.153,0.675,0.443
50666,1689.339,0.98,1,-0.489412,0.431214,-0.757977,-0.652984,0.386934,-0.651071,-0.681,0.526,0.117,0.603,0.458
50689,1690.106,0.98,1,-0.310094,0.388817,-0.867561,-0.519073,0.352434,-0.778687,-0.467,0.423,0.155,0.413,0.218
50690,1690.14,0.98,1,-0.31332,0.395342,-0.863444,-0.54912,0.352558,-0.75774,-0.489,0.432,0.147,0.439,0.216
50691,1690.173,0.98,1,-0.330721,0.394237,-0.857439,-0.567493,0.354254,-0.743274,-0.511,0.437,0.142,0.434,0.222
50692,1690.206,0.98,1,-0.318651,0.403805,-0.857557,-0.548742,0.373109,-0.748112,-0.495,0.451,0.164,0.424,0.188
50693,1690.24,0.98,1,-0.276402,0.449822,-0.849271,-0.54432,0.417706,-0.727487,-0.48,0.503,0.192,0.435,0.163
50694,1690.273,0.98,1,-0.277304,0.45874,-0.844192,-0.545015,0.435455,-0.716475,-0.485,0.52,0.216,0.441,0.145
50695,1690.306,0.98,1,-0.278254,0.461099,-0.842593,-0.533109,0.444964,-0.719584,-0.479,0.526,0.227,0.442,0.136
50696,1690.34,0.98,1,-0.277106,0.452679,-0.847522,-0.534259,0.439455,-0.722113,-0.477,0.517,0.223,0.44,0.132
50697,1690.373,0.98,1,-0.289537,0.442174,-0.848911,-0.521211,0.434344,-0.734632,-0.473,0.506,0.217,0.442,0.13
50698,1690.406,0.98,1,-0.278457,0.431986,-0.857817,-0.543059,0.419451,-0.727426,-0.478,0.493,0.206,0.459,0.136
50699,1690.44,0.98,1,-0.261741,0.459172,-0.848913,-0.526033,0.399924,-0.750567,-0.458,0.493,0.192,0.457,0.157
50742,1691.873,0.93,1,0.141921,0.591735,-0.793542,-0.128284,0.452589,-0.882443,0.008,0.557,0.287,0.046,0.092
50743,1691.907,0.98,1,0.214662,0.620609,-0.754165,-0.061967,0.509499,-0.858237,0.094,0.611,0.287,-0.019,0.095
50744,1691.94,0.98,1,0.290674,0.57786,-0.762618,-0.052368,0.557963,-0.828212,0.149,0.62,0.279,-0.04,0.089
50745,1691.973,0.98,1,0.315732,0.565657,-0.761804,-0.021372,0.517448,-0.855448,0.18,0.59,0.279,-0.059,0.095
50746,1692.007,0.98,1,0.307826,0.572391,-0.760007,-0.009305,0.364884,-0.931006,0.175,0.506,0.286,-0.078,0.107
50747,1692.04,0.98,1,0.292351,0.571229,-0.76696,-0.003842,0.310563,-0.950545,0.166,0.474,0.292,-0.088,0.121
50748,1692.073,0.98,1,0.28994,0.582112,-0.759658,-0.007005,0.312318,-0.949952,0.164,0.482,0.295,-0.096,0.133
50749,1692.107,0.98,1,0.271139,0.59674,-0.755239,-0.00911,0.31761,-0.948178,0.153,0.493,0.301,-0.103,0.144
50750,1692.14,0.98,1,0.283047,0.588439,-0.757379,-0.005508,0.355316,-0.93473,0.163,0.509,0.3,-0.114,0.154
50751,1692.174,0.98,1,0.288522,0.584019,-0.758734,-0.000467,0.369551,-0.92921,0.169,0.514,0.303,-0.12,0.158
50752,1692.207,0.98,1,0.28461,0.573223,-0.768383,0.013115,0.341284,-0.939869,0.173,0.492,0.294,-0.118,0.156
50753,1692.24,0.98,1,0.278081,0.56734,-0.775111,0.027442,0.307794,-0.951057,0.175,0.469,0.286,-0.122,0.152
50754,1692.274,0.98,1,0.275362,0.577042,-0.768894,0.029501,0.311766,-0.949701,0.176,0.477,0.281,-0.113,0.145
50755,1692.307,0.98,1,0.282427,0.569394,-0.772027,0.018184,0.297091,-0.954676,0.172,0.465,0.279,-0.114,0.143
50756,1692.34,0.98,1,0.261101,0.577143,-0.773778,0.001874,0.325963,-0.945381,0.152,0.484,0.28,-0.111,0.141
50757,1692.374,0.98,1,0.204031,0.584905,-0.785021,-0.09144,0.43124,-0.897591,0.067,0.543,0.277,-0.112,0.141
50758,1692.407,0.98,1,0.203375,0.582951,-0.786643,-0.085224,0.449732,-0.889088,0.07,0.552,0.281,-0.108,0.138
50759,1692.44,0.98,1,0.195272,0.579829,-0.790991,-0.095524,0.454319,-0.885703,0.059,0.553,0.283,-0.099,0.141
50760,1692.474,0.98,1,0.192714,0.58783,-0.785695,-0.107416,0.468817,-0.87674,0.051,0.566,0.286,-0.089,0.144
50761,1692.507,0.98,1,0.164879,0.579576,-0.798064,-0.147261,0.491135,-0.858545,0.011,0.574,0.286,-0.082,0.149
50762,1692.54,0.98,1,0.169667,0.584665,-0.793334,-0.219125,0.472412,-0.853704,-0.03,0.571,0.29,-0.08,0.156
50763,1692.574,0.98,1,0.155848,0.599269,-0.785231,-0.216535,0.476893,-0.851872,-0.037,0.582,0.301,-0.066,0.161
50764,1692.607,0.98,1,0.108551,0.598455,-0.793768,-0.172563,0.526447,-0.832512,-0.039,0.605,0.313,-0.062,0.156
50765,1692.64,0.98,1,0.104332,0.598014,-0.794666,-0.204152,0.516388,-0.831664,-0.061,0.601,0.31,-0.033,0.149
50766,1692.674,0.98,1,0.097788,0.592557,-0.799571,-0.211402,0.510731,-0.833345,-0.069,0.594,0.299,-0.043,0.151
50767,1692.707,0.98,1,0.106072,0.596806,-0.795344,-0.22684,0.479716,-0.847594,-0.073,0.58,0.287,-0.029,0.146
50768,1692.74,0.93,1,0.073195,0.577392,-0.813179,-0.184478,0.478404,-0.858544,-0.066,0.563,0.27,-0.022,0.141
50769,1692.774,0.93,1,0.073179,0.566319,-0.820931,-0.191937,0.475812,-0.858349,-0.071,0.555,0.266,0.004,0.128
50770,1692.807,0.98,1,0.067733,0.510325,-0.85731,-0.181343,0.477853,-0.859518,-0.066,0.522,0.277,-0.011,0.11
50771,1692.84,0.88,1,0.029494,0.534651,-0.844558,-0.218083,0.409643,-0.885795,-0.109,0.5,0.28,0.033,0.126
50772,1692.874,0.93,1,0.060278,0.589321,-0.805647,-0.201554,0.507585,-0.837695,-0.086,0.589,0.341,-0.003,0.115
50773,1692.907,0.98,1,0.02996,0.62386,-0.780961,-0.2144,0.548321,-0.808317,-0.116,0.635,0.316,0.02,0.115
50774,1692.94,0.98,1,0.04474,0.585176,-0.809671,-0.319702,0.4328,-0.842897,-0.165,0.552,0.298,0.011,0.126
50775,1692.974,0.98,1,0.018074,0.576622,-0.816811,-0.325259,0.40235,-0.855757,-0.182,0.53,0.295,0.042,0.118
50776,1693.007,0.98,1,0.002285,0.591158,-0.806553,-0.316398,0.402812,-0.858857,-0.186,0.538,0.299,0.077,0.103
50777,1693.04,0.98,1,-0.009324,0.589766,-0.807521,-0.308992,0.411324,-0.857518,-0.189,0.541,0.3,0.119,0.094
50778,1693.074,0.98,1,-0.002375,0.578974,-0.815342,-0.307524,0.42694,-0.850383,-0.184,0.543,0.3,0.146,0.094
50779,1693.107,0.93,1,0.002487,0.58198,-0.813199,-0.325383,0.43269,-0.840777,-0.193,0.55,0.3,0.167,0.098
50780,1693.14,0.98,1,-0.011885,0.579808,-0.814667,-0.349861,0.426697,-0.833982,-0.216,0.548,0.302,0.182,0.101
50781,1693.174,0.93,1,-0.052702,0.572713,-0.81806,-0.365127,0.439228,-0.82083,-0.25,0.553,0.282,0.193,0.115
50782,1693.207,0.93,1,-0.050981,0.594957,-0.802139,-0.359336,0.485454,-0.797002,-0.251,0.594,0.293,0.192,0.126
50783,1693.24,0.98,1,-0.064054,0.582094,-0.810595,-0.352669,0.439667,-0.826025,-0.249,0.558,0.284,0.179,0.135
50784,1693.274,0.93,1,0.001245,0.576164,-0.817333,-0.338835,0.432536,-0.835526,-0.201,0.548,0.294,0.171,0.12
50785,1693.307,0.98,1,-0.021524,0.588617,-0.808125,-0.332047,0.447866,-0.830157,-0.213,0.564,0.285,0.168,0.119
50786,1693.341,0.98,1,-0.033532,0.60065,-0.798809,-0.334505,0.440617,-0.833044,-0.222,0.568,0.286,0.162,0.121
50787,1693.374,0.98,1,-0.009059,0.595769,-0.803105,-0.319587,0.437818,-0.840345,-0.197,0.561,0.29,0.153,0.122
50788,1693.407,0.98,1,0.008982,0.596574,-0.802508,-0.324316,0.447838,-0.833223,-0.19,0.568,0.297,0.138,0.122
50789,1693.441,0.98,1,0.018353,0.594237,-0.80408,-0.32384,0.434039,-0.840677,-0.184,0.559,0.301,0.114,0.123
50790,1693.474,0.98,1,0.092274,0.585553,-0.805365,-0.299484,0.438312,-0.847462,-0.125,0.555,0.301,0.058,0.129
50791,1693.507,0.98,1,0.094294,0.616764,-0.78148,-0.292855,0.484269,-0.824451,-0.123,0.601,0.299,0.015,0.131
50792,1693.541,0.98,1,0.143099,0.611094,-0.778516,-0.255666,0.497419,-0.828981,-0.07,0.604,0.3,-0.047,0.127
50793,1693.574,0.98,1,0.155123,0.524755,-0.837,-0.207968,0.356954,-0.910677,-0.03,0.467,0.305,-0.099,0.116
50794,1693.607,0.98,1,0.086442,0.548066,-0.831957,-0.192556,0.369706,-0.908977,-0.061,0.485,0.31,-0.116,0.109
50795,1693.641,0.98,1,0.118021,0.589085,-0.799406,-0.207936,0.378821,-0.901808,-0.053,0.517,0.311,-0.119,0.116
50796,1693.674,0.98,1,0.108541,0.594963,-0.79639,-0.197312,0.359001,-0.912242,-0.052,0.509,0.318,-0.107,0.124
50797,1693.707,0.98,1,0.153822,0.638342,-0.754227,-0.177951,0.376169,-0.909302,-0.015,0.548,0.319,-0.108,0.133
50798,1693.741,0.88,1,0.175022,0.608217,-0.774235,-0.111318,0.410051,-0.905244,0.038,0.545,0.325,-0.17,0.134
50799,1693.774,0.88,1,0.193959,0.521682,-0.8308,-0.069126,0.392182,-0.917287,0.071,0.482,0.327,-0.216,0.13
50800,1693.807,0.88,1,0.182541,0.529084,-0.828703,-0.153071,0.382126,-0.911345,0.017,0.482,0.333,-0.183,0.135
50801,1693.841,0.88,1,0.157154,0.585655,-0.79518,-0.150131,0.400731,-0.903812,0.004,0.526,0.338,-0.172,0.141
50802,1693.874,0.88,1,0.123169,0.566419,-0.814861,-0.195736,0.396555,-0.896901,-0.042,0.512,0.34,-0.14,0.147
50803,1693.907,0.93,1,0.001958,0.491534,-0.870856,-0.21831,0.392392,-0.893515,-0.122,0.464,0.353,-0.138,0.153
50804,1693.941,0.88,1,0.067667,0.528629,-0.846152,-0.194177,0.371575,-0.90787,-0.072,0.474,0.353,-0.181,0.177
50805,1693.974,0.88,1,0.085735,0.503414,-0.859781,-0.149053,0.396887,-0.905684,-0.036,0.472,0.352,-0.183,0.188
50806,1694.007,0.88,1,0.093226,0.48187,-0.871269,-0.188801,0.407938,-0.893275,-0.054,0.467,0.339,-0.163,0.204
50807,1694.041,0.98,1,0.053456,0.484463,-0.873177,-0.259643,0.414374,-0.872284,-0.118,0.476,0.338,-0.093,0.211
50808,1694.074,0.98,1,-0.005241,0.534704,-0.845023,-0.247346,0.421138,-0.872618,-0.146,0.508,0.327,-0.054,0.236
50809,1694.107,0.98,1,0.001707,0.607947,-0.793976,-0.25338,0.426915,-0.868068,-0.15,0.557,0.319,-0.07,0.254
50810,1694.141,0.98,1,0.003724,0.617791,-0.786333,-0.251664,0.420768,-0.871562,-0.148,0.56,0.308,-0.075,0.272
50811,1694.174,0.98,1,0.025377,0.630134,-0.776071,-0.254696,0.372921,-0.892222,-0.137,0.541,0.274,-0.055,0.295
50812,1694.207,0.98,1,0.041366,0.621169,-0.782584,-0.186904,0.375248,-0.907885,-0.086,0.533,0.243,-0.057,0.299
50813,1694.241,0.98,1,0.059579,0.612752,-0.788026,-0.23918,0.31515,-0.918408,-0.105,0.498,0.217,-0.071,0.299
50814,1694.274,0.98,1,0.052472,0.591741,-0.804419,-0.236602,0.309713,-0.920922,-0.106,0.481,0.211,-0.076,0.302
50815,1694.307,0.98,1,0.040377,0.580409,-0.813323,-0.244547,0.318464,-0.915848,-0.118,0.479,0.205,-0.085,0.307
50816,1694.341,0.98,1,0.025566,0.583852,-0.811458,-0.249321,0.343125,-0.905596,-0.13,0.495,0.211,-0.072,0.305
50817,1694.374,0.98,1,-0.029523,0.589417,-0.80729,-0.262602,0.355766,-0.896923,-0.17,0.506,0.222,-0.065,0.308
50818,1694.408,0.98,1,-0.030385,0.583035,-0.811879,-0.205636,0.364409,-0.908251,-0.136,0.503,0.231,-0.06,0.303
50819,1694.441,0.98,1,-0.022782,0.589219,-0.807652,-0.192509,0.393739,-0.898838,-0.125,0.523,0.239,-0.054,0.301
50820,1694.474,0.98,1,-0.024506,0.585557,-0.810261,-0.228733,0.423956,-0.876323,-0.149,0.539,0.246,-0.038,0.301
50821,1694.508,0.98,1,-0.024767,0.580041,-0.814211,-0.319032,0.455952,-0.830859,-0.206,0.562,0.255,-0.007,0.3
50822,1694.541,0.98,1,-0.027854,0.57302,-0.819068,-0.304881,0.433259,-0.848136,-0.197,0.543,0.259,-0.016,0.311
50823,1694.574,0.98,1,-0.037962,0.568996,-0.821463,-0.319473,0.416872,-0.850973,-0.211,0.533,0.259,-0.019,0.32
50824,1694.608,0.98,1,-0.048346,0.565609,-0.823256,-0.321378,0.418015,-0.849694,-0.218,0.532,0.265,-0.019,0.324
50825,1694.641,0.98,1,-0.035294,0.570045,-0.820855,-0.336359,0.410076,-0.847762,-0.219,0.531,0.271,-0.018,0.33
50826,1694.674,0.98,1,-0.042938,0.564273,-0.824471,-0.352929,0.422797,-0.834676,-0.234,0.537,0.284,0.0,0.333
50827,1694.708,0.98,1,-0.041039,0.586535,-0.808883,-0.374415,0.406924,-0.833203,-0.248,0.544,0.295,0.018,0.336
50828,1694.741,0.98,1,-0.066189,0.585052,-0.80829,-0.380355,0.395192,-0.836154,-0.265,0.538,0.297,0.026,0.336
50829,1694.774,0.98,1,-0.036681,0.597484,-0.801042,-0.346202,0.429929,-0.83385,-0.23,0.561,0.299,0.022,0.332
50830,1694.808,0.98,1,-0.053883,0.59717,-0.800303,-0.382018,0.397321,-0.834385,-0.261,0.547,0.3,0.035,0.329
50831,1694.841,0.98,1,-0.045491,0.603524,-0.796046,-0.363133,0.417131,-0.833148,-0.246,0.56,0.307,0.037,0.324
50832,1694.874,0.98,1,-0.03491,0.613343,-0.789045,-0.336046,0.444931,-0.830126,-0.225,0.579,0.315,0.036,0.319
50833,1694.908,0.98,1,-0.031501,0.616493,-0.78673,-0.342014,0.437005,-0.831897,-0.227,0.577,0.318,0.045,0.311
50834,1694.941,0.98,1,-0.021519,0.622185,-0.782574,-0.331041,0.449489,-0.829681,-0.215,0.587,0.325,0.046,0.306
50835,1694.974,0.98,1,-0.027599,0.616911,-0.786549,-0.327021,0.457748,-0.826755,-0.216,0.588,0.333,0.051,0.301
50836,1695.008,0.98,1,-0.037198,0.620282,-0.783496,-0.330917,0.4558,-0.826281,-0.225,0.589,0.332,0.055,0.297
50837,1695.041,0.98,1,-0.05583,0.626148,-0.777703,-0.350793,0.444623,-0.824169,-0.249,0.589,0.33,0.057,0.294
50838,1695.074,0.98,1,-0.06225,0.613458,-0.787271,-0.348059,0.457463,-0.81828,-0.25,0.588,0.331,0.063,0.286
50839,1695.108,0.98,1,-0.056365,0.638448,-0.767599,-0.350582,0.463603,-0.813735,-0.252,0.609,0.324,0.094,0.282
50840,1695.141,0.98,1,-0.077183,0.620442,-0.780445,-0.348567,0.476029,-0.807402,-0.262,0.604,0.324,0.102,0.272
50841,1695.174,0.98,1,-0.131126,0.578656,-0.804962,-0.362782,0.425092,-0.829268,-0.293,0.551,0.319,0.109,0.26
50842,1695.208,0.98,1,-0.121045,0.576344,-0.808193,-0.355402,0.423387,-0.833327,-0.282,0.547,0.315,0.118,0.25
50843,1695.241,0.98,1,-0.112915,0.586589,-0.801975,-0.375395,0.434482,-0.818721,-0.293,0.562,0.305,0.127,0.246
50844,1695.274,0.98,1,-0.09906,0.591594,-0.800127,-0.367229,0.452421,-0.812685,-0.281,0.574,0.302,0.135,0.245
50845,1695.308,0.98,1,-0.102173,0.591315,-0.799942,-0.366206,0.458988,-0.809458,-0.283,0.578,0.3,0.132,0.251
50846,1695.341,0.98,1,-0.099911,0.567849,-0.817046,-0.361562,0.436151,-0.824042,-0.274,0.549,0.314,0.13,0.256
50847,1695.374,0.98,1,-0.121943,0.580972,-0.804737,-0.364251,0.441523,-0.819987,-0.291,0.562,0.333,0.136,0.257
50848,1695.408,0.98,1,-0.103095,0.527912,-0.843018,-0.369725,0.366263,-0.853906,-0.272,0.485,0.339,0.13,0.265
50849,1695.441,0.93,1,-0.125259,0.577997,-0.806368,-0.41803,0.359678,-0.834196,-0.32,0.519,0.345,0.185,0.265
50850,1695.474,0.93,1,-0.251358,0.611069,-0.750609,-0.493566,0.362521,-0.790551,-0.45,0.563,0.354,0.254,0.267
50851,1695.508,0.93,1,-0.24505,0.602274,-0.759748,-0.496998,0.313472,-0.809153,-0.442,0.528,0.353,0.313,0.266
50852,1695.541,0.93,1,-0.261326,0.599585,-0.756443,-0.530188,0.288875,-0.797152,-0.471,0.519,0.349,0.384,0.262
50853,1695.575,0.93,1,-0.260741,0.599982,-0.75633,-0.530011,0.280546,-0.800239,-0.47,0.515,0.318,0.425,0.268
50854,1695.608,0.93,1,-0.254462,0.60208,-0.756802,-0.556158,0.259903,-0.789392,-0.483,0.509,0.294,0.454,0.273
50855,1695.641,0.93,1,-0.296144,0.580172,-0.758748,-0.57637,0.259329,-0.774949,-0.517,0.501,0.267,0.488,0.297
50856,1695.675,0.98,1,-0.267006,0.581599,-0.768408,-0.559569,0.262348,-0.786165,-0.489,0.497,0.268,0.5,0.305
50857,1695.708,0.98,1,-0.252605,0.583212,-0.772046,-0.551945,0.302256,-0.777173,-0.479,0.519,0.276,0.503,0.297
50858,1695.741,0.98,1,-0.277333,0.549733,-0.78796,-0.550371,0.30281,-0.778073,-0.486,0.499,0.265,0.503,0.287
50859,1695.775,0.98,1,-0.259535,0.550456,-0.793498,-0.535282,0.311752,-0.785037,-0.466,0.5,0.263,0.502,0.265
50860,1695.808,0.98,1,-0.251649,0.546178,-0.798976,-0.507238,0.324938,-0.798201,-0.444,0.499,0.266,0.496,0.242
50861,1695.841,0.98,1,-0.239984,0.543103,-0.80464,-0.492817,0.337521,-0.802004,-0.428,0.501,0.272,0.481,0.22
50862,1695.875,0.98,1,-0.221853,0.552165,-0.803676,-0.47293,0.34471,-0.810871,-0.406,0.507,0.277,0.47,0.2
50863,1695.908,0.98,1,-0.210908,0.553865,-0.805451,-0.45427,0.357008,-0.816201,-0.389,0.512,0.282,0.461,0.179
50864,1695.941,0.98,1,-0.178749,0.552669,-0.814006,-0.443147,0.357655,-0.822012,-0.363,0.508,0.283,0.446,0.16
50865,1695.975,0.98,1,-0.176229,0.554645,-0.813211,-0.432364,0.367498,-0.823412,-0.356,0.513,0.293,0.449,0.136
50866,1696.008,0.98,1,-0.169341,0.564952,-0.80756,-0.425542,0.374624,-0.823754,-0.35,0.523,0.308,0.45,0.112
50867,1696.041,0.98,1,-0.149607,0.545873,-0.824403,-0.411442,0.389978,-0.823792,-0.328,0.516,0.304,0.451,0.089
50868,1696.075,0.98,1,-0.161993,0.539477,-0.826271,-0.429228,0.404185,-0.807711,-0.347,0.524,0.31,0.448,0.069
50869,1696.108,0.98,1,-0.176752,0.477118,-0.860881,-0.440676,0.396839,-0.805185,-0.355,0.483,0.281,0.432,0.06
50870,1696.141,0.98,1,-0.179892,0.464249,-0.867244,-0.438932,0.371211,-0.818255,-0.352,0.46,0.285,0.428,0.048
50871,1696.175,0.98,1,-0.152301,0.469887,-0.869489,-0.423116,0.382046,-0.821592,-0.328,0.467,0.29,0.409,0.039
50872,1696.208,0.98,1,-0.170979,0.47898,-0.861014,-0.411556,0.394872,-0.8214,-0.333,0.479,0.308,0.408,0.029
50873,1696.241,0.98,1,-0.144126,0.481348,-0.864599,-0.407031,0.397983,-0.822152,-0.316,0.481,0.302,0.386,0.023
50874,1696.275,0.98,1,-0.152982,0.479808,-0.863933,-0.410355,0.398813,-0.820095,-0.323,0.481,0.316,0.382,0.016
50875,1696.308,0.98,1,-0.168863,0.481362,-0.860103,-0.411336,0.389715,-0.823969,-0.332,0.477,0.318,0.377,0.012
50876,1696.341,0.98,1,-0.152813,0.475734,-0.866213,-0.429445,0.371825,-0.822996,-0.332,0.465,0.315,0.372,0.01
50877,1696.375,0.98,1,-0.13331,0.47432,-0.870201,-0.42245,0.37275,-0.826192,-0.317,0.463,0.315,0.372,0.008
50878,1696.408,0.98,1,-0.162189,0.475727,-0.86451,-0.415304,0.375143,-0.828728,-0.329,0.466,0.3,0.362,0.008
50879,1696.441,0.98,1,-0.153919,0.477818,-0.864869,-0.402687,0.370698,-0.836915,-0.316,0.463,0.298,0.371,0.008
50880,1696.475,0.98,1,-0.156718,0.471579,-0.867786,-0.425855,0.359563,-0.830278,-0.33,0.455,0.299,0.366,0.007
50881,1696.508,0.98,1,-0.133175,0.480913,-0.866595,-0.420644,0.369734,-0.828466,-0.316,0.465,0.314,0.365,0.004
50882,1696.541,0.98,1,-0.126579,0.484558,-0.865553,-0.427838,0.368624,-0.82527,-0.317,0.467,0.318,0.365,0.004
50883,1696.575,0.98,1,-0.120871,0.486311,-0.865386,-0.421397,0.370881,-0.82757,-0.31,0.469,0.323,0.361,0.005
50884,1696.608,0.98,1,-0.109761,0.511563,-0.852207,-0.420458,0.389694,-0.819362,-0.307,0.494,0.336,0.371,-0.001
50885,1696.642,0.98,1,-0.096307,0.519484,-0.849035,-0.417923,0.40113,-0.815129,-0.3,0.505,0.355,0.36,-0.016
50886,1696.675,0.98,1,-0.095977,0.525646,-0.845272,-0.425687,0.416938,-0.803089,-0.307,0.519,0.355,0.351,-0.022
50887,1696.708,0.98,1,-0.088562,0.532364,-0.84187,-0.430847,0.422511,-0.797405,-0.307,0.527,0.364,0.348,-0.03
50888,1696.742,0.98,1,-0.076611,0.524442,-0.847993,-0.434625,0.432914,-0.789738,-0.303,0.529,0.367,0.355,-0.037
50889,1696.775,0.98,1,-0.075475,0.519874,-0.850902,-0.431562,0.429896,-0.79306,-0.299,0.524,0.368,0.363,-0.04
50890,1696.808,0.98,1,-0.072507,0.513274,-0.855156,-0.446526,0.434023,-0.782457,-0.307,0.524,0.372,0.366,-0.045
50891,1696.842,0.98,1,-0.06704,0.515802,-0.854081,-0.454965,0.43725,-0.77577,-0.31,0.529,0.376,0.367,-0.047
50892,1696.875,0.98,1,-0.077573,0.521705,-0.849592,-0.460404,0.431267,-0.77591,-0.32,0.53,0.383,0.367,-0.05
50893,1696.908,0.98,1,-0.086241,0.514499,-0.853143,-0.45793,0.433436,-0.776166,-0.322,0.527,0.386,0.364,-0.053
50894,1696.942,0.98,1,-0.069794,0.507795,-0.858646,-0.47421,0.427132,-0.769859,-0.322,0.521,0.392,0.366,-0.057
50895,1696.975,0.98,1,-0.072887,0.514075,-0.854643,-0.458994,0.437022,-0.773522,-0.316,0.529,0.396,0.363,-0.061
50896,1697.008,0.98,1,-0.083467,0.51733,-0.851706,-0.453514,0.454368,-0.76673,-0.32,0.541,0.407,0.371,-0.068
50897,1697.042,0.98,1,-0.065014,0.506707,-0.859663,-0.453365,0.44808,-0.770509,-0.308,0.53,0.405,0.371,-0.071
50898,1697.075,0.98,1,-0.038126,0.519728,-0.85348,-0.461563,0.444584,-0.767662,-0.299,0.537,0.415,0.38,-0.075
50899,1697.108,0.98,1,-0.060081,0.539893,-0.839587,-0.439814,0.460346,-0.771133,-0.301,0.556,0.416,0.374,-0.076
50900,1697.142,0.98,1,-0.073534,0.538451,-0.839442,-0.444153,0.459657,-0.769054,-0.311,0.555,0.417,0.374,-0.078
50901,1697.175,0.98,1,-0.060865,0.541944,-0.838207,-0.447788,0.456091,-0.769069,-0.306,0.556,0.414,0.366,-0.077
50902,1697.208,0.98,1,-0.06311,0.544686,-0.836262,-0.440661,0.463049,-0.769028,-0.304,0.561,0.419,0.368,-0.085
50903,1697.242,0.98,1,-0.06658,0.557159,-0.827733,-0.443642,0.476331,-0.759138,-0.311,0.577,0.43,0.381,-0.094
50904,1697.275,0.98,1,-0.062781,0.557364,-0.827891,-0.448018,0.470802,-0.760017,-0.311,0.575,0.428,0.374,-0.101
50905,1697.308,0.98,1,-0.063188,0.56393,-0.823402,-0.447311,0.470433,-0.760661,-0.312,0.578,0.433,0.375,-0.107
50906,1697.342,0.98,1,-0.062545,0.552298,-0.831297,-0.430048,0.469798,-0.77094,-0.298,0.568,0.422,0.365,-0.106
50907,1697.375,0.98,1,-0.047566,0.542119,-0.838955,-0.410842,0.479565,-0.775388,-0.277,0.564,0.421,0.359,-0.11
50908,1697.408,0.98,1,-0.053366,0.558484,-0.827797,-0.387314,0.502004,-0.773292,-0.269,0.585,0.433,0.364,-0.116
50909,1697.442,0.98,1,-0.061544,0.545436,-0.83589,-0.39601,0.497496,-0.771799,-0.277,0.575,0.432,0.366,-0.12
50910,1697.475,0.98,1,-0.051669,0.558094,-0.828167,-0.383865,0.506868,-0.771837,-0.266,0.587,0.427,0.357,-0.125
50911,1697.508,0.98,1,-0.012536,0.598689,-0.800884,-0.373627,0.547516,-0.748752,-0.244,0.637,0.464,0.373,-0.133
50912,1697.542,0.98,1,-0.023811,0.587906,-0.808578,-0.385785,0.538841,-0.74888,-0.257,0.626,0.475,0.379,-0.133
50913,1697.575,0.98,1,-0.08052,0.593908,-0.800493,-0.417886,0.513606,-0.749386,-0.311,0.62,0.46,0.387,-0.13
50914,1697.608,0.98,1,-0.100596,0.58432,-0.805264,-0.397826,0.479241,-0.782345,-0.304,0.59,0.434,0.391,-0.119
50915,1697.642,0.98,1,-0.111339,0.576783,-0.809274,-0.393758,0.461425,-0.79501,-0.305,0.574,0.406,0.394,-0.105
50916,1697.675,0.98,1,-0.115772,0.564764,-0.817091,-0.387968,0.447421,-0.805789,-0.301,0.558,0.378,0.383,-0.086
50917,1697.708,0.98,1,-0.090745,0.555095,-0.826822,-0.341637,0.479165,-0.808508,-0.258,0.564,0.364,0.367,-0.07
50918,1697.742,0.98,1,-0.041517,0.513017,-0.857374,-0.313355,0.497787,-0.808713,-0.21,0.545,0.327,0.336,-0.056
50919,1697.775,0.98,1,-0.043684,0.475566,-0.878595,-0.346429,0.499128,-0.794266,-0.229,0.528,0.265,0.281,-0.047
50920,1697.809,0.98,1,-0.084026,0.517991,-0.851249,-0.250671,0.592104,-0.765883,-0.204,0.602,0.248,0.242,-0.05
51029,1701.443,0.98,1,-0.142326,0.258147,-0.955564,-0.232572,0.415255,-0.879473,-0.202,0.352,0.206,0.102,-0.035
51030,1701.476,0.98,1,-0.212286,0.29983,-0.930074,-0.266163,0.469822,-0.841679,-0.264,0.41,0.208,0.123,-0.04
51031,1701.51,0.98,1,-0.224134,0.306602,-0.925072,-0.260167,0.482458,-0.83639,-0.268,0.421,0.211,0.152,-0.045
51032,1701.543,0.93,1,-0.228105,0.317806,-0.920308,-0.290501,0.475787,-0.830202,-0.288,0.426,0.215,0.179,-0.048
51033,1701.576,0.98,1,-0.246951,0.343101,-0.906254,-0.313265,0.476995,-0.821182,-0.314,0.443,0.234,0.214,-0.047
51034,1701.61,0.98,1,-0.250358,0.356584,-0.900094,-0.341081,0.455248,-0.822443,-0.331,0.44,0.228,0.225,-0.032
51035,1701.643,0.98,1,-0.245997,0.356221,-0.901439,-0.372949,0.43309,-0.820574,-0.345,0.43,0.223,0.236,-0.023
51036,1701.676,0.98,1,-0.283845,0.356031,-0.890322,-0.374035,0.456094,-0.807513,-0.37,0.446,0.221,0.248,-0.017
51037,1701.71,0.98,1,-0.309907,0.347981,-0.884798,-0.355402,0.478181,-0.803139,-0.375,0.455,0.228,0.26,-0.016
51038,1701.743,0.98,1,-0.319487,0.352511,-0.879582,-0.369368,0.472989,-0.799906,-0.389,0.457,0.23,0.268,-0.015
51039,1701.776,0.98,1,-0.322491,0.350962,-0.879105,-0.374468,0.46589,-0.801698,-0.393,0.452,0.231,0.276,-0.014
51040,1701.81,0.98,1,-0.320498,0.347001,-0.881403,-0.401981,0.456984,-0.793459,-0.407,0.448,0.229,0.279,-0.012
51041,1701.843,0.98,1,-0.325864,0.350775,-0.877935,-0.422916,0.450778,-0.786092,-0.423,0.449,0.231,0.283,-0.012
51042,1701.876,0.98,1,-0.325651,0.354207,-0.876635,-0.407383,0.447828,-0.79592,-0.413,0.447,0.234,0.283,-0.012
51043,1701.91,0.98,1,-0.329519,0.354475,-0.87508,-0.419276,0.44655,-0.790443,-0.423,0.448,0.234,0.283,-0.014
51044,1701.943,0.98,1,-0.325974,0.353985,-0.876604,-0.428314,0.446978,-0.785339,-0.426,0.449,0.237,0.281,-0.016
51045,1701.976,0.98,1,-0.327026,0.353017,-0.876603,-0.419595,0.448748,-0.789028,-0.421,0.449,0.237,0.284,-0.018
51046,1702.01,0.98,1,-0.323317,0.354054,-0.87756,-0.424262,0.451423,-0.784996,-0.423,0.451,0.239,0.286,-0.018
51047,1702.043,0.98,1,-0.324796,0.35184,-0.877905,-0.40715,0.448154,-0.795856,-0.412,0.446,0.239,0.288,-0.014
51048,1702.076,0.98,1,-0.325245,0.335792,-0.884002,-0.422443,0.45351,-0.784774,-0.421,0.442,0.236,0.29,-0.006
51049,1702.11,0.98,1,-0.246301,0.369724,-0.895902,-0.37405,0.497905,-0.782418,-0.354,0.477,0.233,0.296,0.002
51050,1702.143,0.98,1,-0.117165,0.371312,-0.921086,-0.353924,0.563875,-0.746179,-0.275,0.511,0.227,0.287,0.01
51051,1702.176,0.98,1,-0.057093,0.416792,-0.907207,-0.333977,0.559672,-0.758437,-0.231,0.53,0.222,0.246,0.016
51283,1709.912,0.98,1,-0.027674,0.383279,-0.923218,-0.206932,0.392325,-0.896248,-0.128,0.403,0.205,0.159,0.039
51284,1709.945,0.98,1,-0.028502,0.387125,-0.921587,-0.200679,0.394112,-0.896886,-0.125,0.406,0.206,0.158,0.04
51285,1709.979,0.98,1,-0.028958,0.386406,-0.921874,-0.219074,0.392625,-0.893226,-0.136,0.405,0.207,0.158,0.04
51286,1710.012,0.98,1,-0.037798,0.385478,-0.921943,-0.208165,0.396635,-0.894063,-0.135,0.407,0.206,0.156,0.04
51287,1710.046,0.98,1,-0.034833,0.384347,-0.922531,-0.209112,0.396301,-0.89399,-0.133,0.406,0.205,0.157,0.04
51288,1710.079,0.98,1,-0.036096,0.382468,-0.923263,-0.214669,0.394648,-0.893404,-0.137,0.404,0.204,0.157,0.04
51289,1710.112,0.98,1,-0.037061,0.383812,-0.922667,-0.216494,0.396138,-0.892303,-0.139,0.406,0.204,0.155,0.039
51290,1710.146,0.98,1,-0.035176,0.379068,-0.9247,-0.20457,0.399187,-0.893757,-0.131,0.404,0.204,0.154,0.038
51291,1710.179,0.98,1,-0.03894,0.388157,-0.92077,-0.212502,0.395685,-0.893463,-0.138,0.408,0.206,0.154,0.036
51292,1710.212,0.98,1,-0.032718,0.392448,-0.919192,-0.216966,0.399256,-0.890797,-0.137,0.412,0.206,0.153,0.035
51293,1710.246,0.98,1,-0.029902,0.395465,-0.917994,-0.210344,0.401125,-0.891546,-0.132,0.415,0.207,0.153,0.033
51294,1710.279,0.98,1,-0.030929,0.396615,-0.917464,-0.212241,0.397687,-0.892636,-0.134,0.414,0.209,0.154,0.032
51295,1710.312,0.98,1,-0.031654,0.395598,-0.917878,-0.221381,0.397904,-0.890316,-0.139,0.414,0.209,0.152,0.031
51296,1710.346,0.98,1,-0.028408,0.399083,-0.916475,-0.224354,0.39904,-0.889063,-0.139,0.416,0.21,0.151,0.028
51297,1710.379,0.98,1,-0.029506,0.391222,-0.919823,-0.224154,0.398633,-0.889295,-0.139,0.412,0.21,0.149,0.028
51298,1710.412,0.98,1,-0.032923,0.40297,-0.914621,-0.237211,0.39995,-0.885308,-0.149,0.42,0.212,0.149,0.026
51299,1710.446,0.98,1,-0.033562,0.400741,-0.915576,-0.230441,0.405047,-0.884779,-0.146,0.421,0.215,0.148,0.024
51300,1710.479,0.98,1,-0.027622,0.401312,-0.915525,-0.233698,0.404913,-0.883986,-0.144,0.421,0.218,0.151,0.023
51301,1710.512,0.98,1,-0.025313,0.409562,-0.911931,-0.235866,0.405153,-0.8833,-0.144,0.426,0.223,0.154,0.02
51302,1710.546,0.98,1,-0.017449,0.411077,-0.911434,-0.225602,0.413991,-0.881881,-0.135,0.431,0.233,0.165,0.021
51303,1710.579,0.98,1,-0.016808,0.413912,-0.910162,-0.226079,0.41818,-0.87978,-0.135,0.435,0.238,0.167,0.02
51304,1710.612,0.98,1,-0.022019,0.413755,-0.910122,-0.218116,0.417268,-0.88222,-0.133,0.434,0.237,0.167,0.017
51305,1710.646,0.98,1,-0.021191,0.412585,-0.910672,-0.215745,0.419405,-0.88179,-0.131,0.435,0.236,0.166,0.014
51306,1710.679,0.98,1,-0.02351,0.415322,-0.90937,-0.216204,0.417388,-0.882634,-0.133,0.435,0.235,0.164,0.011
51307,1710.712,0.98,1,-0.03566,0.433399,-0.900496,-0.229854,0.429152,-0.873496,-0.149,0.453,0.233,0.165,0.009
51308,1710.746,0.98,1,-0.12998,0.467153,-0.87457,-0.25626,0.481609,-0.838084,-0.222,0.506,0.234,0.168,0.006
51309,1710.779,0.98,1,-0.136934,0.466666,-0.873769,-0.263807,0.494156,-0.828381,-0.231,0.514,0.224,0.177,0.015
51310,1710.812,0.98,1,-0.129994,0.47664,-0.869434,-0.259444,0.485633,-0.834775,-0.225,0.514,0.232,0.189,0.017
51311,1710.846,0.98,1,-0.136146,0.476513,-0.868562,-0.266584,0.484663,-0.833088,-0.232,0.514,0.238,0.211,0.017
51312,1710.879,0.98,1,-0.126522,0.490361,-0.862287,-0.287902,0.493178,-0.820907,-0.241,0.529,0.25,0.239,0.016
51313,1710.912,0.98,1,-0.13406,0.512303,-0.848277,-0.32499,0.508551,-0.797344,-0.272,0.555,0.276,0.268,0.011
51314,1710.946,0.98,1,-0.137618,0.506667,-0.851087,-0.329449,0.508965,-0.795247,-0.276,0.553,0.283,0.281,0.012
51315,1710.979,0.98,1,-0.135429,0.510602,-0.849084,-0.351324,0.505758,-0.787896,-0.289,0.556,0.289,0.3,0.017
51316,1711.012,0.98,1,-0.150117,0.501664,-0.851938,-0.333407,0.504784,-0.796262,-0.285,0.548,0.282,0.304,0.027
51317,1711.046,0.98,1,-0.1439,0.503475,-0.851942,-0.3281,0.507128,-0.796977,-0.279,0.55,0.28,0.309,0.038
51318,1711.079,0.98,1,-0.152822,0.492052,-0.857047,-0.33042,0.50368,-0.798204,-0.284,0.542,0.275,0.309,0.048
51319,1711.113,0.98,1,-0.157451,0.493405,-0.85543,-0.315115,0.498883,-0.807353,-0.277,0.538,0.273,0.309,0.053
51320,1711.146,0.98,1,-0.147314,0.496392,-0.855508,-0.320358,0.495623,-0.807297,-0.274,0.538,0.273,0.311,0.052
51321,1711.179,0.98,1,-0.143437,0.497234,-0.855678,-0.338742,0.490222,-0.803079,-0.283,0.537,0.27,0.311,0.05
51322,1711.213,0.98,1,-0.1432,0.48959,-0.860113,-0.348834,0.485037,-0.801906,-0.288,0.53,0.26,0.322,0.049
51323,1711.246,0.98,1,-0.151673,0.486053,-0.860667,-0.354981,0.477695,-0.803614,-0.296,0.525,0.255,0.333,0.046
51324,1711.279,0.98,1,-0.204354,0.491252,-0.846706,-0.365517,0.487552,-0.7929,-0.335,0.538,0.25,0.34,0.043
51325,1711.313,0.98,1,-0.221261,0.489056,-0.843722,-0.366163,0.450273,-0.814358,-0.34,0.515,0.248,0.346,0.039
51326,1711.346,0.93,1,-0.230141,0.485762,-0.84325,-0.357159,0.447729,-0.819741,-0.339,0.512,0.251,0.352,0.035
51327,1711.379,0.93,1,-0.223908,0.485621,-0.845007,-0.358826,0.459629,-0.812395,-0.338,0.518,0.26,0.362,0.028
51328,1711.413,0.93,1,-0.227472,0.485686,-0.844018,-0.358707,0.473209,-0.804613,-0.342,0.527,0.269,0.383,0.017
51329,1711.446,0.93,1,-0.220246,0.484327,-0.846711,-0.359094,0.483846,-0.798088,-0.339,0.532,0.28,0.402,0.006
51330,1711.479,0.93,1,-0.265718,0.493854,-0.827951,-0.386727,0.504022,-0.772272,-0.387,0.558,0.288,0.423,-0.0
51331,1711.513,0.98,1,-0.285827,0.489567,-0.823788,-0.424499,0.525599,-0.737256,-0.427,0.577,0.291,0.457,-0.005
51332,1711.546,0.93,1,-0.28801,0.481414,-0.827823,-0.433273,0.524896,-0.732638,-0.433,0.573,0.294,0.473,-0.006
51333,1711.579,0.93,1,-0.267323,0.452296,-0.850863,-0.434016,0.517746,-0.737272,-0.416,0.548,0.28,0.467,-0.004
51334,1711.613,0.93,1,-0.305957,0.447965,-0.84007,-0.443609,0.516348,-0.732527,-0.445,0.55,0.274,0.473,0.002
51335,1711.646,0.93,1,-0.37846,0.424586,-0.822493,-0.443672,0.490898,-0.749783,-0.482,0.527,0.275,0.482,0.007
51336,1711.679,0.98,1,-0.370129,0.42779,-0.824621,-0.443622,0.489224,-0.750906,-0.477,0.527,0.274,0.486,0.01
51337,1711.713,0.98,1,-0.380708,0.426884,-0.820263,-0.452239,0.505719,-0.734662,-0.492,0.54,0.272,0.48,0.009
51338,1711.746,0.98,1,-0.391735,0.402963,-0.827142,-0.467665,0.500551,-0.728518,-0.505,0.526,0.273,0.492,0.007
51339,1711.779,0.98,1,-0.391918,0.412582,-0.822299,-0.471494,0.511128,-0.718638,-0.511,0.54,0.274,0.491,0.006
51340,1711.813,0.98,1,-0.38442,0.415731,-0.82425,-0.466414,0.51576,-0.718644,-0.504,0.543,0.279,0.496,-0.002
51341,1711.846,0.98,1,-0.382807,0.422555,-0.821527,-0.453398,0.528807,-0.717492,-0.498,0.554,0.287,0.507,-0.012
51342,1711.879,0.88,1,-0.326775,0.455647,-0.828012,-0.462354,0.54052,-0.702898,-0.476,0.577,0.294,0.516,-0.03
51343,1711.913,0.88,1,-0.266853,0.484185,-0.833279,-0.480114,0.446554,-0.755036,-0.44,0.53,0.301,0.586,-0.025
51344,1711.946,0.88,1,-0.292502,0.480511,-0.826772,-0.475735,0.443243,-0.759745,-0.451,0.527,0.304,0.585,-0.04
51345,1711.979,0.88,1,-0.291049,0.481699,-0.826593,-0.482788,0.45024,-0.751132,-0.456,0.534,0.311,0.603,-0.06
51346,1712.013,0.88,1,-0.291451,0.485089,-0.824466,-0.483146,0.46404,-0.742453,-0.459,0.545,0.325,0.601,-0.079
51347,1712.046,0.88,1,-0.303256,0.473384,-0.827009,-0.479484,0.481636,-0.733568,-0.465,0.549,0.336,0.61,-0.093
51348,1712.079,0.88,1,-0.286827,0.452563,-0.844344,-0.475857,0.484145,-0.734278,-0.45,0.536,0.331,0.601,-0.101
51349,1712.113,0.88,1,-0.2868,0.447802,-0.846888,-0.469381,0.492018,-0.733212,-0.446,0.537,0.329,0.592,-0.107
51350,1712.146,0.88,1,-0.272249,0.454172,-0.848297,-0.46977,0.496223,-0.730122,-0.439,0.542,0.343,0.585,-0.114
51351,1712.179,0.88,1,-0.293903,0.446057,-0.845372,-0.453679,0.533354,-0.713939,-0.447,0.561,0.352,0.589,-0.117
51352,1712.213,0.88,1,-0.275697,0.443762,-0.852682,-0.444453,0.561393,-0.698069,-0.435,0.575,0.353,0.583,-0.122
51353,1712.246,0.88,1,-0.285123,0.458767,-0.841569,-0.446137,0.559363,-0.698624,-0.443,0.584,0.352,0.576,-0.122
51354,1712.28,0.88,1,-0.267057,0.453456,-0.850328,-0.389229,0.479039,-0.78678,-0.381,0.518,0.375,0.572,-0.128
51355,1712.313,0.88,1,-0.193957,0.495785,-0.846509,-0.460839,0.621197,-0.633831,-0.416,0.646,0.35,0.54,-0.133
51356,1712.346,0.88,1,-0.230262,0.501007,-0.834249,-0.441509,0.642241,-0.626574,-0.431,0.664,0.354,0.548,-0.133
51357,1712.38,0.88,1,-0.239932,0.450155,-0.860112,-0.381673,0.472676,-0.794294,-0.359,0.509,0.355,0.548,-0.134
51358,1712.413,0.88,1,-0.224445,0.47356,-0.851684,-0.395303,0.516445,-0.759618,-0.367,0.551,0.361,0.552,-0.138
51359,1712.446,0.88,1,-0.22745,0.484561,-0.84467,-0.414419,0.516,-0.749667,-0.383,0.56,0.362,0.546,-0.136
51360,1712.48,0.93,1,-0.255519,0.504474,-0.824752,-0.410794,0.531762,-0.740592,-0.402,0.585,0.366,0.55,-0.137
51361,1712.513,0.88,1,-0.199316,0.485482,-0.851223,-0.414335,0.53745,-0.734489,-0.369,0.573,0.353,0.537,-0.134
51362,1712.546,0.88,1,-0.2116,0.48924,-0.846091,-0.419321,0.51813,-0.74546,-0.377,0.564,0.356,0.54,-0.135
51363,1712.58,0.88,1,-0.219623,0.482519,-0.847904,-0.435643,0.50843,-0.742775,-0.391,0.557,0.353,0.54,-0.133
51364,1712.613,0.88,1,-0.205554,0.486618,-0.849088,-0.437877,0.509163,-0.740956,-0.385,0.56,0.361,0.548,-0.132
51365,1712.646,0.88,1,-0.219377,0.478214,-0.850403,-0.438561,0.508672,-0.740889,-0.392,0.555,0.365,0.554,-0.131
51366,1712.68,0.88,1,-0.204356,0.473173,-0.85694,-0.432723,0.515006,-0.739945,-0.38,0.554,0.371,0.56,-0.134
51367,1712.713,0.88,1,-0.211125,0.455099,-0.86505,-0.438841,0.511246,-0.738949,-0.385,0.542,0.36,0.553,-0.132
51368,1712.746,0.93,1,-0.211801,0.451933,-0.866543,-0.438095,0.517291,-0.735175,-0.385,0.544,0.368,0.557,-0.135
51369,1712.78,0.93,1,-0.206605,0.447266,-0.870211,-0.442921,0.516944,-0.732523,-0.385,0.542,0.364,0.554,-0.134
51370,1712.813,0.93,1,-0.221718,0.440481,-0.869953,-0.448008,0.514599,-0.731079,-0.396,0.538,0.365,0.556,-0.131
51371,1712.846,0.93,1,-0.231629,0.43568,-0.869788,-0.446333,0.514979,-0.731835,-0.4,0.536,0.365,0.56,-0.129
51372,1712.88,0.93,1,-0.218586,0.422177,-0.879765,-0.442843,0.542811,-0.713615,-0.393,0.545,0.361,0.572,-0.129
51373,1712.913,0.93,1,-0.226469,0.436204,-0.870883,-0.446103,0.516327,-0.731026,-0.398,0.536,0.372,0.571,-0.128
51374,1712.946,0.93,1,-0.22989,0.453562,-0.861064,-0.458537,0.518199,-0.721951,-0.41,0.551,0.375,0.576,-0.124
51375,1712.98,0.93,1,-0.229248,0.463359,-0.856005,-0.45329,0.518858,-0.724786,-0.408,0.556,0.37,0.573,-0.12
51376,1713.013,0.93,1,-0.219721,0.476936,-0.851032,-0.449454,0.513392,-0.73104,-0.4,0.559,0.368,0.575,-0.116
51377,1713.046,0.93,1,-0.21201,0.48198,-0.850146,-0.470993,0.501092,-0.725997,-0.409,0.558,0.369,0.575,-0.112
51378,1713.08,0.93,1,-0.221531,0.472606,-0.852976,-0.479291,0.496814,-0.723503,-0.418,0.551,0.351,0.576,-0.104
51379,1713.113,0.88,1,-0.217445,0.474004,-0.853252,-0.47409,0.496615,-0.727057,-0.412,0.551,0.34,0.568,-0.096
51380,1713.146,0.88,1,-0.282057,0.466923,-0.838109,-0.468292,0.484113,-0.739146,-0.444,0.543,0.331,0.582,-0.088
51381,1713.18,0.88,1,-0.306345,0.469789,-0.82792,-0.465026,0.483271,-0.741755,-0.457,0.546,0.323,0.591,-0.079
51382,1713.213,0.88,1,-0.321687,0.457541,-0.828959,-0.470132,0.469449,-0.747391,-0.465,0.532,0.313,0.601,-0.07
51383,1713.246,0.88,1,-0.318202,0.451767,-0.833459,-0.461542,0.460839,-0.758028,-0.456,0.521,0.294,0.589,-0.061
51384,1713.28,0.88,1,-0.339186,0.324929,-0.882822,-0.499486,0.523089,-0.690574,-0.49,0.494,0.275,0.59,-0.055
51385,1713.313,0.88,1,-0.290069,0.368906,-0.883045,-0.512559,0.466732,-0.720725,-0.464,0.48,0.269,0.58,-0.042
51473,1716.247,0.88,1,-0.139155,0.335819,-0.931591,-0.348201,0.415223,-0.840444,-0.268,0.401,0.049,0.435,0.049
51735,1724.983,0.98,1,-0.088069,0.385763,-0.918385,-0.214002,0.410701,-0.8863,-0.166,0.416,0.21,0.143,0.066
51736,1725.017,0.93,1,-0.050301,0.484535,-0.873324,-0.218219,0.47543,-0.85226,-0.154,0.508,0.227,0.155,0.068
51737,1725.05,0.93,1,-0.021441,0.533669,-0.845421,-0.247038,0.53626,-0.807092,-0.161,0.575,0.243,0.166,0.07
51738,1725.083,0.93,1,-0.014843,0.530501,-0.847554,-0.284007,0.538006,-0.793655,-0.18,0.577,0.259,0.179,0.069
51739,1725.117,0.98,1,0.00243,0.478572,-0.878045,-0.27913,0.485279,-0.828607,-0.161,0.514,0.298,0.207,0.068
51740,1725.15,0.98,1,0.007696,0.493638,-0.869633,-0.31729,0.480661,-0.817491,-0.181,0.524,0.343,0.215,0.071
51741,1725.183,0.98,1,-0.013313,0.493995,-0.869363,-0.311938,0.471596,-0.824798,-0.19,0.518,0.393,0.219,0.067
51742,1725.217,0.98,1,0.090119,0.515241,-0.852294,-0.309437,0.471391,-0.825856,-0.13,0.531,0.415,0.221,0.055
51743,1725.25,0.98,1,0.025165,0.539587,-0.841554,-0.302636,0.479661,-0.823612,-0.165,0.549,0.456,0.223,0.049
51744,1725.283,0.98,1,0.099549,0.524475,-0.845586,-0.310468,0.487221,-0.816226,-0.126,0.547,0.462,0.214,0.039
51745,1725.317,0.98,1,0.098898,0.541858,-0.834631,-0.300036,0.51449,-0.803292,-0.122,0.573,0.471,0.211,0.027
51746,1725.35,0.93,1,0.08638,0.568277,-0.818291,-0.309112,0.518196,-0.797447,-0.137,0.592,0.479,0.215,0.011
51747,1725.383,0.98,1,0.065891,0.563639,-0.823389,-0.295425,0.521337,-0.800582,-0.14,0.589,0.482,0.227,0.006
51748,1725.417,0.98,1,0.079143,0.558762,-0.825543,-0.300516,0.51199,-0.804709,-0.135,0.581,0.485,0.226,-0.004
51749,1725.45,0.98,1,0.081402,0.540323,-0.837511,-0.313285,0.498599,-0.80824,-0.14,0.563,0.489,0.226,-0.013
51750,1725.483,0.98,1,0.063689,0.540725,-0.838785,-0.31077,0.48638,-0.816613,-0.148,0.555,0.496,0.228,-0.019
51751,1725.517,0.98,1,0.005544,0.541259,-0.840838,-0.315666,0.505949,-0.802727,-0.186,0.567,0.489,0.229,-0.023
51752,1725.55,0.98,1,0.038829,0.534994,-0.843963,-0.313936,0.507167,-0.802637,-0.166,0.564,0.49,0.233,-0.026
51753,1725.584,0.98,1,0.07228,0.526133,-0.847325,-0.303001,0.496217,-0.813609,-0.138,0.552,0.487,0.232,-0.025
51754,1725.617,0.98,1,0.069442,0.528524,-0.846073,-0.301682,0.493692,-0.815633,-0.139,0.551,0.488,0.228,-0.027
51755,1725.65,0.98,1,0.063542,0.525832,-0.848212,-0.308188,0.495296,-0.81222,-0.146,0.551,0.482,0.224,-0.029
51756,1725.684,0.98,1,-0.024242,0.58496,-0.8107,-0.341064,0.516842,-0.785207,-0.225,0.604,0.483,0.214,-0.029
51757,1725.717,0.98,1,-0.099286,0.644049,-0.758514,-0.305206,0.602326,-0.737599,-0.264,0.695,0.442,0.199,-0.03
51758,1725.75,0.98,1,-0.099699,0.605586,-0.78951,-0.269598,0.622509,-0.73471,-0.238,0.678,0.419,0.203,-0.035
51759,1725.784,0.98,1,-0.116825,0.582293,-0.804542,-0.288102,0.613111,-0.73559,-0.257,0.66,0.406,0.225,-0.045
51760,1725.817,0.98,1,-0.134124,0.563893,-0.814884,-0.289543,0.618403,-0.730577,-0.268,0.653,0.402,0.252,-0.057
51761,1725.85,0.98,1,-0.17622,0.548451,-0.817403,-0.323709,0.618532,-0.715982,-0.315,0.651,0.407,0.282,-0.074
51762,1725.884,0.98,1,-0.212154,0.514384,-0.830903,-0.375096,0.605356,-0.70203,-0.366,0.631,0.412,0.309,-0.082
51763,1725.917,0.98,1,-0.245176,0.493284,-0.834601,-0.393755,0.595224,-0.700475,-0.394,0.617,0.402,0.33,-0.071
51764,1725.95,0.98,1,-0.239766,0.459239,-0.855343,-0.395318,0.583278,-0.709585,-0.386,0.588,0.385,0.337,-0.052
51765,1725.984,0.98,1,-0.29826,0.374271,-0.878045,-0.404039,0.569722,-0.71566,-0.415,0.535,0.367,0.348,-0.033
51766,1726.017,0.98,1,-0.332117,0.334956,-0.881761,-0.400963,0.561024,-0.72421,-0.428,0.509,0.359,0.373,-0.019
51767,1726.05,0.98,1,-0.336042,0.324398,-0.884218,-0.401173,0.548402,-0.7337,-0.428,0.495,0.349,0.384,-0.002
51768,1726.084,0.98,1,-0.32285,0.306078,-0.895591,-0.399473,0.528782,-0.748873,-0.414,0.47,0.336,0.381,0.011
51769,1726.117,0.98,1,-0.306529,0.307029,-0.900984,-0.395175,0.528465,-0.751373,-0.402,0.468,0.327,0.38,0.022
51770,1726.15,0.98,1,-0.293125,0.31378,-0.903117,-0.401217,0.514649,-0.757734,-0.396,0.463,0.323,0.379,0.025
51771,1726.184,0.98,1,-0.276948,0.308145,-0.910135,-0.387354,0.514953,-0.76471,-0.378,0.457,0.319,0.369,0.022
51772,1726.217,0.98,1,-0.277853,0.316403,-0.907021,-0.392984,0.507116,-0.76707,-0.381,0.457,0.324,0.361,0.015
51773,1726.25,0.98,1,-0.283877,0.31988,-0.903931,-0.379705,0.518024,-0.766469,-0.378,0.465,0.334,0.359,0.005
51774,1726.284,0.98,1,-0.263792,0.323582,-0.908685,-0.400402,0.500578,-0.767528,-0.377,0.457,0.335,0.353,-0.001
51775,1726.317,0.98,1,-0.265622,0.324482,-0.907831,-0.394155,0.497622,-0.772667,-0.374,0.455,0.333,0.347,-0.009
51776,1726.35,0.98,1,-0.257338,0.322559,-0.910897,-0.395212,0.478581,-0.784072,-0.368,0.442,0.334,0.346,-0.016
51777,1726.384,0.98,1,-0.249679,0.324461,-0.912352,-0.393194,0.476862,-0.78613,-0.362,0.441,0.339,0.341,-0.026
51778,1726.417,0.98,1,-0.245117,0.325108,-0.913358,-0.380538,0.480464,-0.790155,-0.352,0.442,0.344,0.344,-0.038
51779,1726.45,0.98,1,-0.247275,0.332148,-0.910238,-0.382868,0.490781,-0.782654,-0.356,0.452,0.351,0.355,-0.044
51780,1726.484,0.98,1,-0.279858,0.352948,-0.892808,-0.372922,0.506985,-0.777107,-0.373,0.476,0.349,0.353,-0.047
51781,1726.517,0.98,1,-0.247233,0.391914,-0.88616,-0.394501,0.513859,-0.761786,-0.371,0.503,0.353,0.359,-0.05
51782,1726.55,0.98,1,-0.30222,0.352902,-0.885507,-0.412754,0.516896,-0.749968,-0.412,0.489,0.364,0.376,-0.054
51783,1726.584,0.98,1,-0.318608,0.352716,-0.879819,-0.426602,0.526417,-0.735456,-0.432,0.498,0.38,0.392,-0.061
51784,1726.617,0.98,1,-0.319727,0.353103,-0.879257,-0.428611,0.54675,-0.719275,-0.438,0.513,0.391,0.405,-0.065
51785,1726.65,0.98,1,-0.324684,0.360831,-0.874289,-0.427402,0.56797,-0.703376,-0.445,0.532,0.398,0.412,-0.065
51786,1726.684,0.98,1,-0.328531,0.365447,-0.870928,-0.450488,0.571825,-0.685621,-0.464,0.542,0.409,0.42,-0.066
51787,1726.717,0.98,1,-0.34571,0.360219,-0.866445,-0.442703,0.584134,-0.680295,-0.471,0.548,0.414,0.426,-0.067
51788,1726.751,0.98,1,-0.346643,0.357846,-0.867055,-0.455015,0.581296,-0.674579,-0.48,0.547,0.422,0.437,-0.067
51789,1726.784,0.98,1,-0.356686,0.365893,-0.859591,-0.45979,0.596377,-0.657972,-0.494,0.565,0.433,0.451,-0.07
51790,1726.817,0.98,1,-0.369977,0.365435,-0.854151,-0.456595,0.599673,-0.657201,-0.5,0.568,0.444,0.458,-0.074
51791,1726.851,0.98,1,-0.379169,0.36252,-0.851358,-0.455392,0.596313,-0.661081,-0.504,0.565,0.447,0.461,-0.077
51792,1726.884,0.98,1,-0.373114,0.358097,-0.855893,-0.470546,0.590044,-0.656075,-0.509,0.56,0.447,0.465,-0.079
51793,1726.917,0.98,1,-0.356249,0.392746,-0.847843,-0.47586,0.582041,-0.659383,-0.504,0.574,0.441,0.458,-0.079
51794,1726.951,0.98,1,-0.305072,0.440631,-0.84426,-0.503133,0.561376,-0.657049,-0.494,0.589,0.444,0.458,-0.079
51795,1726.984,0.98,1,-0.332608,0.442638,-0.832733,-0.510401,0.570887,-0.6431,-0.519,0.602,0.452,0.461,-0.08
51796,1727.017,0.98,1,-0.287193,0.505643,-0.813539,-0.515188,0.558856,-0.649817,-0.502,0.629,0.458,0.47,-0.081
51797,1727.051,0.98,1,-0.285912,0.51552,-0.80777,-0.514046,0.550827,-0.65753,-0.5,0.629,0.461,0.475,-0.081
51798,1727.084,0.98,1,-0.281376,0.515213,-0.809558,-0.531969,0.538621,-0.653373,-0.507,0.624,0.463,0.486,-0.08
51799,1727.117,0.98,1,-0.295752,0.511596,-0.806722,-0.527334,0.536841,-0.658575,-0.512,0.621,0.466,0.503,-0.083
51800,1727.151,0.98,1,-0.297145,0.503026,-0.811585,-0.55738,0.544276,-0.62697,-0.536,0.629,0.466,0.502,-0.08
51801,1727.184,0.98,1,-0.28966,0.502993,-0.814307,-0.530533,0.563928,-0.632867,-0.516,0.635,0.464,0.501,-0.074
51802,1727.217,0.98,1,-0.307798,0.505633,-0.805975,-0.510857,0.56271,-0.64991,-0.512,0.633,0.469,0.496,-0.066
51803,1727.251,0.98,1,-0.326782,0.503526,-0.799797,-0.53249,0.541843,-0.650277,-0.535,0.625,0.468,0.496,-0.055
51804,1727.284,0.98,1,-0.375348,0.528129,-0.761704,-0.563963,0.567746,-0.599675,-0.604,0.678,0.462,0.507,-0.048
51805,1727.317,0.98,1,-0.276765,0.510587,-0.814065,-0.504151,0.591859,-0.628916,-0.496,0.652,0.478,0.526,-0.057
51806,1727.351,0.98,1,-0.213967,0.592598,-0.77656,-0.534044,0.63295,-0.560509,-0.51,0.742,0.482,0.543,-0.058
51807,1727.384,0.98,1,-0.27597,0.592759,-0.756622,-0.474488,0.643521,-0.600618,-0.505,0.739,0.489,0.558,-0.055
51808,1727.417,0.98,1,-0.323863,0.514027,-0.794285,-0.467596,0.599658,-0.649434,-0.501,0.657,0.516,0.585,-0.055
51809,1727.451,0.98,1,-0.374145,0.554216,-0.743546,-0.521676,0.597557,-0.608917,-0.585,0.705,0.529,0.583,-0.043
51810,1727.484,0.98,1,-0.405225,0.547178,-0.732386,-0.575299,0.579476,-0.577268,-0.643,0.71,0.532,0.587,-0.03
51811,1727.517,0.98,1,-0.418148,0.527914,-0.739229,-0.613091,0.538343,-0.578192,-0.664,0.68,0.534,0.59,-0.018
51812,1727.551,0.98,1,-0.41113,0.514586,-0.752445,-0.608138,0.526917,-0.593739,-0.648,0.658,0.539,0.591,-0.01
51813,1727.584,0.98,1,-0.414799,0.510833,-0.752989,-0.604485,0.526326,-0.597978,-0.646,0.655,0.545,0.594,-0.009
51814,1727.617,0.98,1,-0.429873,0.487724,-0.759825,-0.599655,0.538044,-0.592386,-0.651,0.649,0.552,0.6,-0.008
51815,1727.651,0.98,1,-0.433875,0.493055,-0.754088,-0.604113,0.528686,-0.59627,-0.655,0.648,0.558,0.605,-0.004
51816,1727.684,0.88,1,-0.433323,0.532905,-0.726803,-0.626561,0.560338,-0.541704,-0.696,0.711,0.549,0.627,0.005
51817,1727.717,0.88,1,-0.448083,0.545264,-0.708455,-0.645917,0.537319,-0.542292,-0.719,0.713,0.538,0.629,0.018
51818,1727.751,0.88,1,-0.44178,0.550255,-0.708554,-0.665783,0.531621,-0.523558,-0.732,0.721,0.531,0.623,0.029
51819,1727.784,0.88,1,-0.464512,0.541624,-0.700622,-0.664972,0.529698,-0.526528,-0.744,0.718,0.528,0.63,0.034
51820,1727.818,0.88,1,-0.432295,0.587074,-0.684445,-0.635389,0.582593,-0.50682,-0.731,0.776,0.532,0.645,0.03
51821,1727.851,0.88,1,-0.426067,0.604103,-0.673444,-0.615271,0.57771,-0.536369,-0.711,0.774,0.531,0.652,0.029
51822,1727.884,0.88,1,-0.436755,0.590097,-0.678993,-0.621636,0.582422,-0.523788,-0.722,0.773,0.541,0.66,0.026
51823,1727.918,0.88,1,-0.433837,0.580652,-0.688933,-0.626246,0.588049,-0.511873,-0.723,0.772,0.542,0.671,0.022
51824,1727.951,0.88,1,-0.440824,0.576777,-0.687752,-0.645053,0.586275,-0.49009,-0.745,0.779,0.545,0.683,0.02
51825,1727.984,0.88,1,-0.444482,0.576477,-0.685646,-0.64791,0.583059,-0.490158,-0.749,0.778,0.544,0.696,0.02
51826,1728.018,0.88,1,-0.450344,0.57461,-0.683384,-0.656398,0.567133,-0.497496,-0.753,0.769,0.549,0.703,0.022
51827,1728.051,0.88,1,-0.451258,0.574064,-0.68324,-0.657182,0.565675,-0.49812,-0.754,0.767,0.551,0.709,0.024
51828,1728.084,0.88,1,-0.450567,0.581946,-0.676999,-0.665134,0.561742,-0.491979,-0.762,0.774,0.551,0.713,0.029
51829,1728.118,0.88,1,-0.45431,0.584491,-0.672289,-0.668129,0.556143,-0.494275,-0.766,0.774,0.557,0.705,0.035
51830,1728.151,0.93,1,-0.456926,0.591311,-0.664508,-0.682602,0.552053,-0.478845,-0.784,0.785,0.548,0.708,0.042
51831,1728.184,0.93,1,-0.457449,0.593324,-0.662349,-0.674657,0.564223,-0.47591,-0.783,0.794,0.547,0.703,0.055
51832,1728.218,0.93,1,-0.467725,0.59006,-0.658074,-0.679902,0.547043,-0.488342,-0.786,0.781,0.546,0.705,0.063
51833,1728.251,0.93,1,-0.482037,0.579813,-0.656854,-0.679368,0.544398,-0.492026,-0.791,0.775,0.551,0.711,0.067
51834,1728.284,0.93,1,-0.492367,0.571782,-0.656232,-0.681539,0.55346,-0.478735,-0.802,0.781,0.554,0.716,0.07
51835,1728.318,0.93,1,-0.49101,0.572574,-0.656558,-0.677342,0.539435,-0.500218,-0.79,0.766,0.561,0.728,0.069
51836,1728.351,0.93,1,-0.484694,0.58616,-0.649221,-0.68218,0.535224,-0.498162,-0.794,0.774,0.566,0.737,0.066
51837,1728.384,0.93,1,-0.478967,0.591711,-0.648436,-0.682732,0.549888,-0.481146,-0.799,0.791,0.573,0.734,0.066
51838,1728.418,0.93,1,-0.49323,0.580529,-0.64785,-0.687751,0.539042,-0.486242,-0.806,0.779,0.564,0.74,0.075
51839,1728.451,0.88,1,-0.478211,0.575084,-0.663772,-0.680892,0.538832,-0.496031,-0.785,0.765,0.557,0.739,0.083
51840,1728.484,0.88,1,-0.480746,0.565826,-0.669869,-0.683464,0.535803,-0.495774,-0.785,0.757,0.545,0.742,0.09
51841,1728.518,0.88,1,-0.482239,0.566892,-0.667891,-0.691076,0.533674,-0.487448,-0.793,0.761,0.536,0.739,0.093
51842,1728.551,0.88,1,-0.482605,0.57312,-0.662288,-0.697733,0.531718,-0.480048,-0.802,0.769,0.534,0.738,0.096
51843,1728.584,0.88,1,-0.483106,0.576441,-0.659033,-0.698259,0.538474,-0.471678,-0.807,0.778,0.538,0.738,0.094
51844,1728.618,0.93,1,-0.4887,0.574066,-0.656978,-0.694807,0.535361,-0.480241,-0.805,0.773,0.541,0.736,0.094
51845,1728.651,0.93,1,-0.483014,0.579064,-0.656797,-0.690287,0.540582,-0.480911,-0.801,0.777,0.546,0.731,0.096
51846,1728.684,0.93,1,-0.487788,0.575791,-0.656146,-0.690547,0.540848,-0.480237,-0.804,0.777,0.548,0.739,0.093
51847,1728.718,0.93,1,-0.484869,0.577411,-0.656885,-0.697682,0.533991,-0.477591,-0.806,0.775,0.549,0.742,0.095
51848,1728.751,0.93,1,-0.493078,0.56932,-0.657837,-0.693731,0.533973,-0.483331,-0.805,0.769,0.545,0.742,0.098
51849,1728.784,0.93,1,-0.486512,0.576542,-0.656434,-0.695313,0.534593,-0.480365,-0.805,0.774,0.544,0.741,0.097
51850,1728.818,0.93,1,-0.478644,0.569665,-0.668119,-0.696547,0.542259,-0.46987,-0.801,0.774,0.543,0.739,0.096
51851,1728.851,0.93,1,-0.481525,0.57593,-0.660635,-0.699417,0.543769,-0.463823,-0.81,0.783,0.539,0.735,0.104
51852,1728.884,0.93,1,-0.467865,0.576604,-0.669799,-0.693916,0.551935,-0.462438,-0.798,0.784,0.544,0.726,0.109
51853,1728.918,0.93,1,-0.478116,0.570255,-0.667993,-0.696464,0.54737,-0.46403,-0.804,0.779,0.547,0.724,0.112
51854,1728.951,0.93,1,-0.471783,0.579054,-0.664919,-0.689143,0.553248,-0.467974,-0.798,0.785,0.557,0.722,0.106
51855,1728.985,0.93,1,-0.464349,0.592163,-0.658576,-0.687617,0.558838,-0.463553,-0.799,0.798,0.572,0.725,0.095
51856,1729.018,0.93,1,-0.468369,0.593599,-0.654424,-0.683212,0.550089,-0.480233,-0.793,0.789,0.574,0.732,0.087
51857,1729.051,0.93,1,-0.473327,0.597586,-0.647188,-0.676273,0.546913,-0.493499,-0.789,0.787,0.582,0.73,0.08
51858,1729.085,0.93,1,-0.487146,0.594082,-0.640121,-0.685274,0.542963,-0.485377,-0.806,0.791,0.587,0.734,0.076
51859,1729.118,0.93,1,-0.491184,0.577349,-0.652231,-0.692176,0.531362,-0.488413,-0.804,0.771,0.58,0.739,0.072
51860,1729.151,0.88,1,-0.480431,0.5833,-0.654941,-0.693823,0.534561,-0.482551,-0.801,0.777,0.589,0.737,0.067
51861,1729.185,0.88,1,-0.49283,0.577201,-0.65112,-0.68645,0.542777,-0.483922,-0.805,0.779,0.582,0.734,0.068
51862,1729.218,0.88,1,-0.443987,0.606193,-0.659853,-0.676285,0.553203,-0.48642,-0.774,0.791,0.561,0.724,0.076
51863,1729.251,0.88,1,-0.450533,0.583507,-0.675677,-0.668947,0.556076,-0.493243,-0.764,0.773,0.563,0.713,0.077
51864,1729.285,0.88,1,-0.455489,0.592072,-0.664816,-0.68353,0.553568,-0.475761,-0.785,0.788,0.552,0.717,0.082
51865,1729.318,0.93,1,-0.460193,0.593806,-0.660013,-0.679719,0.563267,-0.469801,-0.79,0.797,0.542,0.719,0.089
51866,1729.351,0.93,1,-0.460141,0.586831,-0.666257,-0.686264,0.555845,-0.469124,-0.79,0.789,0.539,0.718,0.09
51867,1729.385,0.93,1,-0.46493,0.587493,-0.662338,-0.680945,0.551786,-0.481504,-0.786,0.783,0.533,0.723,0.093
51868,1729.418,0.93,1,-0.461951,0.587478,-0.664433,-0.684087,0.55491,-0.473392,-0.789,0.787,0.527,0.717,0.096
51869,1729.451,0.93,1,-0.463199,0.58077,-0.669442,-0.677683,0.558143,-0.478772,-0.782,0.781,0.53,0.706,0.095
51870,1729.485,0.93,1,-0.463508,0.583574,-0.666785,-0.676402,0.55901,-0.479572,-0.783,0.784,0.522,0.704,0.1
51871,1729.518,0.93,1,-0.464488,0.569864,-0.677869,-0.684011,0.557451,-0.470507,-0.785,0.776,0.519,0.701,0.104
51872,1729.551,0.93,1,-0.46208,0.58034,-0.670588,-0.687174,0.549098,-0.475692,-0.787,0.778,0.517,0.701,0.106
51873,1729.585,0.93,1,-0.458683,0.56857,-0.68289,-0.69093,0.546408,-0.473344,-0.783,0.767,0.511,0.699,0.109
51874,1729.618,0.93,1,-0.459256,0.577056,-0.675345,-0.687071,0.548762,-0.476229,-0.783,0.774,0.508,0.701,0.11
51875,1729.651,0.93,1,-0.455964,0.576312,-0.678204,-0.685152,0.55649,-0.469985,-0.782,0.779,0.508,0.695,0.111
51876,1729.685,0.93,1,-0.447777,0.581908,-0.678881,-0.684735,0.556187,-0.47095,-0.778,0.78,0.512,0.691,0.114
51877,1729.718,0.93,1,-0.447214,0.593279,-0.669343,-0.683282,0.556472,-0.472721,-0.78,0.789,0.515,0.691,0.116
51878,1729.751,0.93,1,-0.453949,0.584336,-0.672668,-0.676725,0.554627,-0.484181,-0.774,0.778,0.513,0.696,0.12
51879,1729.785,0.93,1,-0.446484,0.59389,-0.669288,-0.680378,0.557709,-0.475445,-0.778,0.788,0.515,0.685,0.124
51880,1729.818,0.93,1,-0.458051,0.589366,-0.66546,-0.683758,0.535859,-0.495309,-0.777,0.77,0.512,0.683,0.127
51881,1729.851,0.93,1,-0.462333,0.593244,-0.659022,-0.691305,0.540729,-0.47928,-0.792,0.783,0.511,0.668,0.132
51882,1729.885,0.98,1,-0.454591,0.522981,-0.720998,-0.674615,0.506436,-0.537045,-0.731,0.686,0.526,0.653,0.125
51883,1729.918,0.98,1,-0.498313,0.415109,-0.761163,-0.720443,0.47876,-0.501748,-0.768,0.616,0.569,0.651,0.101
51884,1729.951,0.98,1,-0.492888,0.411641,-0.766559,-0.720378,0.473483,-0.506822,-0.761,0.607,0.57,0.653,0.097
51885,1729.985,0.98,1,-0.490137,0.406692,-0.770952,-0.721348,0.467545,-0.510939,-0.757,0.599,0.565,0.653,0.098
51886,1730.018,0.98,1,-0.499633,0.39899,-0.768878,-0.745695,0.449851,-0.4915,-0.779,0.593,0.558,0.662,0.098
51887,1730.052,0.98,1,-0.502011,0.402002,-0.765754,-0.748267,0.441322,-0.495309,-0.781,0.589,0.56,0.666,0.1
51888,1730.085,0.98,1,-0.503602,0.389954,-0.770922,-0.747981,0.433596,-0.502512,-0.777,0.574,0.552,0.663,0.106
51889,1730.118,0.98,1,-0.505658,0.393177,-0.767933,-0.748291,0.428693,-0.506244,-0.777,0.573,0.557,0.67,0.106
51890,1730.152,0.98,1,-0.507902,0.399223,-0.763319,-0.756067,0.439891,-0.484622,-0.792,0.592,0.567,0.663,0.105
51891,1730.185,0.98,1,-0.501164,0.408039,-0.763111,-0.75214,0.432682,-0.497063,-0.783,0.588,0.564,0.659,0.11
51892,1730.218,0.98,1,-0.504184,0.40819,-0.761038,-0.750602,0.436732,-0.495844,-0.785,0.592,0.561,0.665,0.113
51893,1730.252,0.98,1,-0.499751,0.413994,-0.760827,-0.755419,0.429462,-0.494878,-0.785,0.591,0.548,0.669,0.119
51894,1730.285,0.98,1,-0.4886,0.471633,-0.734052,-0.754089,0.426036,-0.499843,-0.789,0.629,0.533,0.664,0.129
51895,1730.318,0.98,1,-0.491541,0.47093,-0.732539,-0.762723,0.433004,-0.480377,-0.802,0.64,0.52,0.669,0.136
51896,1730.352,0.98,1,-0.474476,0.557749,-0.68102,-0.696524,0.530408,-0.483241,-0.788,0.752,0.508,0.668,0.147
51897,1730.385,0.98,1,-0.475542,0.548262,-0.687945,-0.693325,0.533908,-0.483987,-0.784,0.746,0.502,0.671,0.15
51898,1730.418,0.98,1,-0.476453,0.545362,-0.689617,-0.697814,0.531348,-0.480339,-0.787,0.744,0.499,0.674,0.152
51899,1730.452,0.93,1,-0.479555,0.535856,-0.6949,-0.69795,0.523277,-0.488925,-0.783,0.73,0.497,0.677,0.156
51900,1730.485,0.93,1,-0.491646,0.466704,-0.735168,-0.698434,0.462231,-0.546381,-0.748,0.627,0.473,0.691,0.174
51901,1730.518,0.93,1,-0.501193,0.456428,-0.735173,-0.709953,0.474563,-0.520343,-0.767,0.638,0.468,0.685,0.179
51902,1730.552,0.93,1,-0.50368,0.458437,-0.732217,-0.703344,0.478744,-0.525463,-0.765,0.64,0.473,0.681,0.183
51903,1730.585,0.98,1,-0.503053,0.455752,-0.734322,-0.699858,0.484736,-0.524623,-0.763,0.642,0.47,0.678,0.183
51904,1730.618,0.98,1,-0.501149,0.454822,-0.736197,-0.748892,0.44135,-0.494338,-0.793,0.629,0.495,0.679,0.164
51905,1730.652,0.98,1,-0.499959,0.454858,-0.736984,-0.727258,0.440646,-0.526239,-0.771,0.617,0.501,0.681,0.157
51906,1730.685,0.98,1,-0.497028,0.449309,-0.742351,-0.73255,0.438435,-0.520716,-0.772,0.613,0.504,0.683,0.154
51907,1730.718,0.93,1,-0.502701,0.457273,-0.733616,-0.750408,0.422667,-0.508173,-0.79,0.616,0.505,0.686,0.152
51908,1730.752,0.98,1,-0.48794,0.462783,-0.740099,-0.694226,0.481591,-0.534902,-0.748,0.638,0.48,0.675,0.176
51909,1730.785,0.93,1,-0.511034,0.397619,-0.762065,-0.739829,0.440561,-0.508487,-0.778,0.583,0.507,0.689,0.156
51910,1730.818,0.98,1,-0.476262,0.496074,-0.726006,-0.719811,0.47468,-0.506509,-0.77,0.667,0.475,0.683,0.177
51911,1730.852,0.98,1,-0.527715,0.443178,-0.724645,-0.746004,0.453425,-0.487733,-0.81,0.637,0.516,0.679,0.144
51912,1730.885,0.98,1,-0.45354,0.511182,-0.730064,-0.680445,0.540904,-0.494386,-0.747,0.71,0.525,0.685,0.121
51913,1730.918,0.98,1,-0.389103,0.594372,-0.70379,-0.621436,0.575425,-0.531698,-0.686,0.758,0.539,0.657,0.113
51914,1730.952,0.98,1,-0.337494,0.625894,-0.703104,-0.584811,0.521133,-0.621624,-0.608,0.714,0.557,0.643,0.099
51915,1730.985,0.98,1,-0.306525,0.66435,-0.681676,-0.569539,0.52465,-0.632746,-0.588,0.735,0.566,0.607,0.093
51916,1731.018,0.98,1,-0.264315,0.668408,-0.695247,-0.556271,0.527412,-0.642183,-0.55,0.73,0.579,0.573,0.087
51917,1731.052,0.98,1,-0.239516,0.660062,-0.712005,-0.551368,0.525157,-0.648231,-0.527,0.717,0.595,0.557,0.077
51918,1731.085,0.98,1,-0.226992,0.649323,-0.725848,-0.541123,0.521161,-0.659983,-0.506,0.701,0.597,0.54,0.082
51919,1731.118,0.98,1,-0.215659,0.653743,-0.725335,-0.532949,0.525575,-0.663127,-0.494,0.704,0.594,0.529,0.089
51920,1731.152,0.98,1,-0.209059,0.65985,-0.721729,-0.552246,0.516596,-0.654334,-0.505,0.707,0.599,0.527,0.094
51921,1731.185,0.98,1,-0.193847,0.662206,-0.723814,-0.551587,0.500457,-0.667304,-0.492,0.696,0.596,0.524,0.102
51922,1731.219,0.98,1,-0.192889,0.661974,-0.724282,-0.541241,0.52894,-0.653667,-0.49,0.713,0.6,0.521,0.103
51923,1731.252,0.98,1,-0.193543,0.661999,-0.724085,-0.549326,0.502338,-0.667756,-0.49,0.697,0.604,0.521,0.102
51924,1731.285,0.98,1,-0.191018,0.66173,-0.725,-0.555864,0.526139,-0.643578,-0.5,0.715,0.599,0.523,0.1
51925,1731.319,0.98,1,-0.191608,0.65907,-0.727264,-0.53708,0.518287,-0.665525,-0.482,0.702,0.603,0.523,0.097
51926,1731.352,0.98,1,-0.188587,0.656438,-0.730427,-0.544397,0.513187,-0.66353,-0.484,0.698,0.599,0.519,0.098
51927,1731.385,0.98,1,-0.189241,0.659615,-0.72739,-0.548452,0.508468,-0.663822,-0.488,0.698,0.598,0.522,0.099
51928,1731.419,0.98,1,-0.193028,0.658915,-0.727029,-0.544518,0.525095,-0.654046,-0.491,0.709,0.597,0.525,0.094
51929,1731.452,0.98,1,-0.194262,0.65817,-0.727375,-0.539469,0.528679,-0.655341,-0.488,0.709,0.599,0.53,0.093
51930,1731.485,0.98,1,-0.19257,0.661751,-0.72457,-0.546738,0.520919,-0.655531,-0.492,0.709,0.6,0.53,0.094
51931,1731.519,0.98,1,-0.197224,0.656685,-0.72792,-0.537986,0.529282,-0.656073,-0.488,0.708,0.593,0.53,0.098
51932,1731.552,0.98,1,-0.195517,0.653291,-0.731426,-0.544323,0.51325,-0.663541,-0.488,0.696,0.591,0.535,0.099
51933,1731.585,0.98,1,-0.200617,0.652219,-0.731002,-0.545511,0.516211,-0.660261,-0.492,0.699,0.593,0.538,0.099
51934,1731.619,0.98,1,-0.210154,0.654254,-0.72649,-0.552267,0.512816,-0.657283,-0.504,0.701,0.588,0.54,0.104
51935,1731.652,0.98,1,-0.213603,0.651581,-0.727885,-0.555586,0.517883,-0.650478,-0.509,0.704,0.585,0.54,0.106
51936,1731.685,0.98,1,-0.214087,0.650148,-0.729023,-0.559517,0.513014,-0.650966,-0.511,0.7,0.584,0.539,0.108
51937,1731.719,0.98,1,-0.213418,0.654446,-0.725364,-0.556088,0.517432,-0.650408,-0.51,0.706,0.581,0.539,0.11
51938,1731.752,0.98,1,-0.219776,0.654061,-0.723812,-0.559744,0.498696,-0.661808,-0.512,0.694,0.58,0.535,0.114
51939,1731.785,0.98,1,-0.209525,0.650936,-0.729645,-0.56262,0.496443,-0.661062,-0.507,0.69,0.578,0.532,0.115
51940,1731.819,0.98,1,-0.215218,0.651986,-0.727046,-0.563324,0.504166,-0.654586,-0.513,0.697,0.575,0.528,0.119
51941,1731.852,0.98,1,-0.217645,0.65339,-0.72506,-0.558151,0.501218,-0.661247,-0.51,0.694,0.579,0.526,0.119
51942,1731.885,0.98,1,-0.204942,0.649842,-0.731918,-0.539765,0.502586,-0.675323,-0.487,0.686,0.581,0.525,0.12
51943,1731.919,0.98,1,-0.208175,0.645193,-0.735111,-0.535564,0.496923,-0.682817,-0.483,0.678,0.575,0.52,0.124
51944,1731.952,0.98,1,-0.203636,0.650355,-0.731827,-0.538281,0.493194,-0.683384,-0.483,0.68,0.574,0.519,0.126
51945,1731.985,0.98,1,-0.206132,0.650394,-0.731094,-0.546642,0.490692,-0.67853,-0.49,0.681,0.571,0.523,0.13
51946,1732.019,0.98,1,-0.208297,0.656258,-0.725216,-0.545258,0.492308,-0.678474,-0.493,0.686,0.572,0.523,0.13
51947,1732.052,0.98,1,-0.213599,0.654136,-0.72559,-0.556291,0.480344,-0.678093,-0.502,0.68,0.578,0.526,0.129
51948,1732.085,0.98,1,-0.224743,0.653093,-0.72316,-0.55694,0.480695,-0.677311,-0.509,0.681,0.579,0.523,0.129
51949,1732.119,0.98,1,-0.211915,0.658308,-0.722304,-0.572825,0.471911,-0.670202,-0.513,0.682,0.58,0.523,0.13
51950,1732.152,0.98,1,-0.215034,0.66079,-0.719108,-0.555707,0.477091,-0.680863,-0.503,0.682,0.588,0.519,0.127
51951,1732.185,0.98,1,-0.21757,0.666916,-0.712662,-0.571539,0.474594,-0.669406,-0.519,0.69,0.591,0.52,0.125
51952,1732.219,0.98,1,-0.201947,0.669726,-0.714622,-0.523948,0.516339,-0.677401,-0.481,0.706,0.596,0.505,0.124
51953,1732.252,0.98,1,-0.145427,0.68337,-0.715441,-0.483967,0.564063,-0.669036,-0.427,0.733,0.603,0.472,0.12
51954,1732.286,0.98,1,-0.134517,0.678754,-0.721941,-0.451797,0.539517,-0.710493,-0.389,0.705,0.606,0.417,0.119
51955,1732.319,0.93,1,-0.125586,0.640424,-0.757684,-0.333166,0.588305,-0.736816,-0.298,0.688,0.569,0.338,0.138
51956,1732.352,0.93,1,-0.04782,0.636677,-0.769646,-0.279077,0.611323,-0.74054,-0.213,0.691,0.584,0.283,0.125
51957,1732.386,0.93,1,0.040457,0.705272,-0.707781,-0.262353,0.66496,-0.699285,-0.156,0.772,0.616,0.245,0.112
51958,1732.419,0.98,1,0.065772,0.734112,-0.675835,-0.276331,0.668854,-0.690127,-0.153,0.799,0.609,0.204,0.124
51959,1732.452,0.93,1,0.048657,0.726134,-0.68583,-0.259803,0.644753,-0.718885,-0.149,0.773,0.586,0.16,0.153
51960,1732.486,0.93,1,0.062803,0.731931,-0.678478,-0.257184,0.649826,-0.71525,-0.139,0.781,0.581,0.133,0.169
51961,1732.519,0.98,1,0.044408,0.729962,-0.682043,-0.230475,0.639229,-0.733667,-0.131,0.769,0.57,0.111,0.186
51962,1732.552,0.98,1,0.018449,0.69365,-0.720076,-0.211204,0.636189,-0.742062,-0.131,0.738,0.554,0.08,0.191
51963,1732.586,0.98,1,0.003758,0.675982,-0.736908,-0.22369,0.622448,-0.750014,-0.147,0.718,0.541,0.082,0.175
51964,1732.619,0.98,1,0.008068,0.674082,-0.738613,-0.216827,0.618912,-0.75494,-0.139,0.714,0.521,0.075,0.171
51965,1732.652,0.98,1,0.006411,0.661339,-0.75006,-0.208781,0.606343,-0.767306,-0.133,0.696,0.499,0.056,0.171
51966,1732.686,0.98,1,-0.026069,0.639909,-0.768009,-0.208269,0.556912,-0.804035,-0.148,0.651,0.485,0.035,0.179
51967,1732.719,0.98,1,-0.03065,0.608851,-0.792692,-0.195496,0.552043,-0.810573,-0.14,0.627,0.468,0.015,0.187
51968,1732.752,0.98,1,0.007789,0.616863,-0.787032,-0.209899,0.531693,-0.820515,-0.125,0.62,0.451,0.003,0.187
51969,1732.786,0.98,1,0.039253,0.608581,-0.79252,-0.243393,0.509733,-0.825186,-0.126,0.605,0.419,-0.008,0.185
51970,1732.819,0.98,1,0.055368,0.603593,-0.795367,-0.237434,0.490764,-0.838317,-0.111,0.59,0.383,-0.024,0.182
51971,1732.852,0.98,1,0.076859,0.587505,-0.805562,-0.251733,0.494248,-0.832076,-0.106,0.584,0.358,-0.03,0.183
51972,1732.886,0.98,1,0.074543,0.578351,-0.812375,-0.238306,0.507185,-0.828235,-0.099,0.585,0.341,-0.033,0.183
51973,1732.919,0.98,1,0.083386,0.582979,-0.808197,-0.228266,0.554353,-0.800367,-0.09,0.615,0.339,-0.043,0.187
51974,1732.952,0.98,1,0.086679,0.618225,-0.781207,-0.211411,0.581174,-0.785838,-0.079,0.653,0.338,-0.041,0.195
51975,1732.986,0.98,1,0.074485,0.641747,-0.763291,-0.217062,0.592262,-0.775957,-0.092,0.676,0.349,-0.037,0.203
51976,1733.019,0.98,1,0.072554,0.647047,-0.75899,-0.22048,0.574783,-0.788044,-0.095,0.668,0.373,-0.017,0.21
51977,1733.052,0.98,1,0.072121,0.593074,-0.801911,-0.191143,0.552808,-0.81109,-0.074,0.618,0.392,-0.045,0.214
51978,1733.086,0.98,1,0.054972,0.609684,-0.790736,-0.207317,0.552793,-0.807118,-0.095,0.629,0.399,-0.031,0.217
51979,1733.119,0.98,1,0.051112,0.604643,-0.794855,-0.215153,0.55334,-0.804689,-0.102,0.627,0.408,-0.028,0.223
51980,1733.152,0.98,1,0.049981,0.616547,-0.78573,-0.220943,0.553634,-0.802916,-0.107,0.635,0.408,-0.029,0.23
51981,1733.186,0.98,1,0.045075,0.622208,-0.781553,-0.208887,0.566087,-0.797441,-0.103,0.645,0.411,-0.042,0.234
51982,1733.219,0.98,1,0.053143,0.59805,-0.799695,-0.210098,0.572842,-0.792282,-0.098,0.634,0.423,-0.051,0.234
51983,1733.252,0.98,1,0.023079,0.606111,-0.795045,-0.198379,0.5843,-0.786918,-0.11,0.645,0.445,-0.049,0.234
51984,1733.286,0.98,1,0.015789,0.640117,-0.768115,-0.210535,0.580695,-0.786427,-0.125,0.666,0.45,-0.05,0.238
51985,1733.319,0.98,1,0.011819,0.643431,-0.765413,-0.217513,0.571093,-0.791543,-0.131,0.662,0.446,-0.057,0.239
51986,1733.353,0.98,1,0.022662,0.627689,-0.778134,-0.20827,0.570624,-0.794363,-0.117,0.651,0.431,-0.065,0.231
51987,1733.386,0.98,1,0.041372,0.623915,-0.780396,-0.218888,0.549906,-0.806035,-0.111,0.637,0.403,-0.064,0.225
51988,1733.419,0.98,1,0.054979,0.586104,-0.808368,-0.208183,0.55649,-0.80435,-0.095,0.616,0.402,-0.071,0.218
51989,1733.453,0.98,1,0.04129,0.604279,-0.795703,-0.191887,0.555911,-0.808791,-0.094,0.626,0.407,-0.069,0.215
51990,1733.486,0.98,1,0.065827,0.583345,-0.809553,-0.186074,0.561923,-0.805989,-0.074,0.617,0.428,-0.067,0.216
51991,1733.519,0.98,1,0.065487,0.569586,-0.819319,-0.204875,0.537883,-0.817746,-0.085,0.595,0.435,-0.062,0.216
51992,1733.553,0.98,1,0.051239,0.576391,-0.815566,-0.197478,0.550457,-0.811172,-0.09,0.606,0.436,-0.063,0.214
51993,1733.586,0.98,1,0.060161,0.572325,-0.817817,-0.201806,0.528135,-0.824832,-0.086,0.59,0.436,-0.067,0.214
51994,1733.619,0.98,1,0.070826,0.577246,-0.813493,-0.200406,0.53945,-0.817821,-0.079,0.6,0.435,-0.074,0.213
51995,1733.653,0.98,1,0.074626,0.582602,-0.809324,-0.204685,0.528582,-0.823836,-0.079,0.597,0.433,-0.07,0.212
51996,1733.686,0.98,1,0.027064,0.508651,-0.860547,-0.257878,0.481592,-0.837597,-0.135,0.528,0.438,-0.079,0.217
51997,1733.719,0.98,1,-0.006932,0.523703,-0.851873,-0.252096,0.479795,-0.840384,-0.152,0.535,0.455,-0.07,0.213
51998,1733.753,0.98,1,-0.061013,0.56603,-0.822124,-0.287481,0.553223,-0.781856,-0.214,0.609,0.477,-0.021,0.191
51999,1733.786,0.98,1,-0.123327,0.518159,-0.846346,-0.309125,0.497163,-0.810722,-0.255,0.55,0.492,0.058,0.164
52000,1733.819,0.98,1,-0.148107,0.571028,-0.80746,-0.336928,0.55398,-0.761305,-0.3,0.622,0.537,0.152,0.129
52001,1733.853,0.98,1,-0.141234,0.572334,-0.807767,-0.360802,0.526264,-0.76998,-0.308,0.608,0.493,0.2,0.127
52002,1733.886,0.98,1,-0.172216,0.572532,-0.801591,-0.366465,0.567241,-0.737523,-0.337,0.637,0.485,0.222,0.112
52003,1733.919,0.98,1,-0.177503,0.579972,-0.795063,-0.414923,0.600823,-0.683265,-0.381,0.674,0.489,0.244,0.092
52004,1733.953,0.98,1,-0.173361,0.580346,-0.795704,-0.411983,0.637927,-0.65063,-0.385,0.7,0.523,0.267,0.069
52005,1733.986,0.98,1,-0.186786,0.562086,-0.805711,-0.397797,0.666335,-0.630678,-0.387,0.708,0.543,0.283,0.054
52006,1734.019,0.88,1,-0.172549,0.579753,-0.796312,-0.383569,0.695055,-0.608089,-0.377,0.737,0.571,0.284,0.04
52007,1734.053,0.88,1,-0.175725,0.656049,-0.733976,-0.369831,0.709181,-0.600239,-0.388,0.797,0.582,0.288,0.042
52008,1734.086,0.98,1,-0.193674,0.679381,-0.707766,-0.3634,0.723833,-0.58652,-0.406,0.826,0.605,0.284,0.047
52009,1734.119,0.98,1,-0.089216,0.685225,-0.722846,-0.356309,0.726398,-0.587699,-0.328,0.823,0.606,0.278,0.06
52010,1734.153,0.98,1,-0.061638,0.737443,-0.672591,-0.33601,0.711522,-0.617118,-0.299,0.843,0.608,0.259,0.084
52011,1734.186,0.98,1,0.055309,0.754427,-0.654049,-0.258725,0.724324,-0.639075,-0.156,0.852,0.595,0.209,0.117
52012,1734.219,0.88,1,0.072475,0.769983,-0.633935,-0.151199,0.737266,-0.658466,-0.061,0.862,0.57,0.158,0.155
52013,1734.253,0.88,1,0.104249,0.754421,-0.64806,-0.137931,0.687169,-0.713284,-0.025,0.814,0.567,0.09,0.206
52014,1734.286,0.88,1,0.18234,0.750309,-0.635444,-0.191735,0.619798,-0.760978,-0.007,0.776,0.518,0.015,0.269
52015,1734.319,0.88,1,0.165256,0.699705,-0.695056,-0.254974,0.534053,-0.806087,-0.06,0.688,0.47,-0.046,0.298
52016,1734.353,0.98,1,0.148689,0.694094,-0.704361,-0.258703,0.526141,-0.810092,-0.073,0.678,0.415,-0.051,0.298
52017,1734.386,0.98,1,0.151604,0.670774,-0.726002,-0.263652,0.49243,-0.829458,-0.072,0.642,0.39,-0.071,0.304
52018,1734.419,0.98,1,0.141039,0.635234,-0.759332,-0.224709,0.479672,-0.848187,-0.052,0.606,0.345,-0.13,0.274
52019,1734.453,0.98,1,0.123579,0.623498,-0.771996,-0.194077,0.479052,-0.856063,-0.043,0.595,0.332,-0.14,0.254
52020,1734.486,0.98,1,0.116156,0.632833,-0.765526,-0.199711,0.469445,-0.860079,-0.051,0.596,0.331,-0.119,0.256
52021,1734.52,0.98,1,0.112259,0.645864,-0.755154,-0.213472,0.466953,-0.858128,-0.063,0.604,0.344,-0.122,0.263
52022,1734.553,0.98,1,0.122793,0.645849,-0.753526,-0.220889,0.470819,-0.854129,-0.061,0.607,0.35,-0.125,0.271
52023,1734.586,0.98,1,0.13142,0.645829,-0.752086,-0.205078,0.471463,-0.85771,-0.046,0.607,0.341,-0.127,0.277
52024,1734.62,0.98,1,0.144249,0.634459,-0.759378,-0.198914,0.448087,-0.87158,-0.034,0.586,0.336,-0.133,0.28
52025,1734.653,0.98,1,0.145642,0.633159,-0.760196,-0.202614,0.448777,-0.870372,-0.035,0.586,0.33,-0.129,0.28
52026,1734.686,0.98,1,0.142575,0.627391,-0.765541,-0.217876,0.453327,-0.864306,-0.046,0.586,0.325,-0.117,0.279
52027,1734.72,0.98,1,0.120049,0.624797,-0.771503,-0.23185,0.468491,-0.852503,-0.069,0.593,0.327,-0.12,0.28
52028,1734.753,0.98,1,0.114233,0.624519,-0.772611,-0.23169,0.466319,-0.853737,-0.072,0.591,0.33,-0.118,0.28
52029,1734.786,0.98,1,0.119108,0.627631,-0.769346,-0.239008,0.46571,-0.85205,-0.074,0.593,0.328,-0.119,0.282
52030,1734.82,0.98,1,0.128511,0.635528,-0.761308,-0.247628,0.462944,-0.851096,-0.074,0.598,0.335,-0.119,0.284
52031,1734.853,0.98,1,0.120066,0.635383,-0.762806,-0.244786,0.464188,-0.85124,-0.077,0.598,0.343,-0.113,0.284
52032,1734.886,0.98,1,0.1313,0.639064,-0.757864,-0.241774,0.461581,-0.853515,-0.068,0.599,0.346,-0.112,0.285
52033,1734.92,0.98,1,0.117172,0.643099,-0.756766,-0.254656,0.491715,-0.832687,-0.086,0.62,0.348,-0.114,0.283
52034,1734.953,0.98,1,0.102543,0.649905,-0.753066,-0.245494,0.507254,-0.826091,-0.09,0.632,0.352,-0.111,0.279
52035,1734.986,0.98,1,0.110069,0.658522,-0.744468,-0.228979,0.513361,-0.827061,-0.076,0.641,0.355,-0.117,0.279
52036,1735.02,0.98,1,0.120392,0.651865,-0.748718,-0.242692,0.493294,-0.835321,-0.077,0.626,0.361,-0.117,0.278
52037,1735.053,0.98,1,0.110571,0.62629,-0.771709,-0.242482,0.483704,-0.840971,-0.082,0.603,0.368,-0.117,0.277
52038,1735.086,0.98,1,0.113551,0.627971,-0.769909,-0.247722,0.469178,-0.847647,-0.083,0.596,0.372,-0.115,0.273
52039,1735.12,0.98,1,0.110373,0.600984,-0.791604,-0.237503,0.463413,-0.853722,-0.077,0.574,0.376,-0.119,0.267
52040,1735.153,0.98,1,0.130267,0.637102,-0.759692,-0.234936,0.481749,-0.844229,-0.065,0.609,0.38,-0.123,0.261
52041,1735.186,0.98,1,0.185206,0.657121,-0.730678,-0.207264,0.513643,-0.832594,-0.014,0.643,0.394,-0.138,0.258
52042,1735.22,0.98,1,0.188152,0.635358,-0.748945,-0.253222,0.436782,-0.863192,-0.04,0.587,0.409,-0.154,0.262
52043,1735.253,0.98,1,0.196657,0.637913,-0.744576,-0.201157,0.462436,-0.863533,-0.003,0.6,0.434,-0.177,0.267
52044,1735.286,0.98,1,0.168676,0.621883,-0.764729,-0.198226,0.393472,-0.897712,-0.018,0.548,0.451,-0.193,0.277
52045,1735.32,0.98,1,0.162756,0.632959,-0.756884,-0.177979,0.387288,-0.904617,-0.009,0.551,0.456,-0.189,0.278
52046,1735.353,0.98,1,0.228353,0.678687,-0.698025,-0.17469,0.386095,-0.905767,0.033,0.586,0.451,-0.205,0.285
52047,1735.386,0.98,1,0.2269,0.677224,-0.699917,-0.199396,0.404699,-0.892446,0.017,0.597,0.435,-0.201,0.278
52048,1735.42,0.98,1,0.126843,0.626285,-0.769206,-0.213104,0.415212,-0.884413,-0.052,0.562,0.429,-0.178,0.265
52049,1735.453,0.98,1,0.035083,0.568351,-0.822038,-0.213079,0.49587,-0.841849,-0.107,0.569,0.433,-0.172,0.25
52050,1735.486,0.98,1,-0.074417,0.600075,-0.796475,-0.19365,0.550982,-0.811738,-0.165,0.621,0.431,-0.146,0.235
52051,1735.52,0.98,1,-0.086572,0.578752,-0.810895,-0.222737,0.513766,-0.828513,-0.186,0.588,0.416,-0.097,0.226
52052,1735.553,0.98,1,-0.094403,0.59364,-0.799174,-0.275429,0.472473,-0.837203,-0.222,0.577,0.409,-0.03,0.223
52053,1735.587,0.98,1,-0.125456,0.573557,-0.809502,-0.312025,0.441474,-0.841273,-0.259,0.551,0.395,0.051,0.22
52054,1735.62,0.98,1,-0.137403,0.567664,-0.811713,-0.340842,0.421065,-0.840554,-0.282,0.539,0.385,0.155,0.219
52055,1735.653,0.98,1,-0.102463,0.604134,-0.790268,-0.398646,0.423472,-0.813482,-0.303,0.57,0.375,0.209,0.239
52056,1735.687,0.98,1,-0.136237,0.589256,-0.796377,-0.400547,0.405056,-0.821883,-0.32,0.551,0.363,0.243,0.25
52057,1735.72,0.98,1,-0.123315,0.589018,-0.798656,-0.414477,0.401778,-0.816568,-0.321,0.55,0.354,0.272,0.255
52058,1735.753,0.93,1,-0.138203,0.591417,-0.794434,-0.410415,0.381516,-0.828254,-0.326,0.54,0.358,0.298,0.253
52059,1735.787,0.98,1,-0.135879,0.5986,-0.78944,-0.435046,0.383361,-0.81472,-0.342,0.549,0.373,0.323,0.243
52060,1735.82,0.98,1,-0.140496,0.602806,-0.785421,-0.455194,0.402592,-0.794178,-0.361,0.567,0.386,0.363,0.233
52061,1735.853,0.98,1,-0.143579,0.61245,-0.777361,-0.459436,0.394619,-0.795735,-0.366,0.569,0.389,0.382,0.234
52062,1735.887,0.93,1,-0.1539,0.618941,-0.770212,-0.465064,0.400332,-0.789589,-0.378,0.579,0.396,0.387,0.234
52063,1735.92,0.93,1,-0.148058,0.623773,-0.767454,-0.469015,0.417634,-0.778208,-0.38,0.593,0.404,0.383,0.233
52064,1735.953,0.93,1,-0.155599,0.621131,-0.768105,-0.474885,0.418822,-0.773998,-0.388,0.593,0.411,0.389,0.232
52065,1735.987,0.93,1,-0.157696,0.623211,-0.76599,-0.485782,0.417632,-0.767854,-0.397,0.596,0.415,0.393,0.231
52066,1736.02,0.93,1,-0.172333,0.617428,-0.767518,-0.474835,0.407152,-0.78023,-0.396,0.585,0.403,0.39,0.234
52067,1736.053,0.93,1,-0.170472,0.609969,-0.773871,-0.476044,0.403432,-0.781425,-0.394,0.577,0.399,0.392,0.235
52068,1736.087,0.98,1,-0.1639,0.621085,-0.766414,-0.482366,0.411515,-0.773291,-0.397,0.591,0.404,0.4,0.231
52069,1736.12,0.98,1,-0.162654,0.612771,-0.77334,-0.470836,0.409119,-0.781623,-0.387,0.581,0.412,0.386,0.223
52070,1736.153,0.98,1,-0.155861,0.620472,-0.768584,-0.457955,0.420584,-0.78319,-0.377,0.591,0.411,0.378,0.217
52071,1736.187,0.98,1,-0.154078,0.624339,-0.765807,-0.452725,0.423345,-0.784741,-0.373,0.594,0.409,0.378,0.214
52072,1736.22,0.98,1,-0.150715,0.622074,-0.768316,-0.449671,0.42859,-0.78365,-0.369,0.595,0.405,0.38,0.212
52073,1736.253,0.98,1,-0.132493,0.616919,-0.775794,-0.448774,0.42854,-0.784191,-0.357,0.59,0.402,0.383,0.205
52074,1736.287,0.98,1,-0.133722,0.615456,-0.776745,-0.462134,0.421753,-0.7801,-0.366,0.588,0.407,0.394,0.198
52075,1736.32,0.98,1,-0.136998,0.613361,-0.77783,-0.455087,0.421305,-0.784473,-0.362,0.585,0.406,0.397,0.194
52076,1736.353,0.98,1,-0.139539,0.610911,-0.779305,-0.4637,0.416677,-0.781897,-0.369,0.582,0.41,0.403,0.191
52077,1736.387,0.98,1,-0.131462,0.596808,-0.791542,-0.456525,0.41216,-0.788485,-0.356,0.568,0.404,0.397,0.191
52078,1736.42,0.98,1,-0.121042,0.593971,-0.795328,-0.451554,0.410741,-0.79208,-0.346,0.564,0.399,0.401,0.19
52079,1736.453,0.98,1,-0.126326,0.593118,-0.795143,-0.439478,0.412581,-0.797894,-0.341,0.563,0.4,0.396,0.189
52080,1736.487,0.98,1,-0.13978,0.585551,-0.798493,-0.451776,0.402722,-0.796061,-0.355,0.555,0.399,0.398,0.19
52081,1736.52,0.98,1,-0.10863,0.584195,-0.804311,-0.440476,0.398382,-0.804533,-0.329,0.548,0.397,0.4,0.189
52082,1736.553,0.98,1,-0.100511,0.581585,-0.807252,-0.443754,0.403499,-0.80017,-0.326,0.55,0.4,0.397,0.188
52083,1736.587,0.98,1,-0.106246,0.585038,-0.804017,-0.450183,0.404204,-0.796213,-0.335,0.554,0.402,0.4,0.185
52084,1736.62,0.98,1,-0.093472,0.600437,-0.79419,-0.458225,0.414807,-0.786107,-0.336,0.571,0.419,0.396,0.183
52085,1736.653,0.98,1,-0.087575,0.606009,-0.790622,-0.45266,0.408058,-0.792835,-0.329,0.57,0.432,0.391,0.183
52086,1736.687,0.98,1,-0.084232,0.602643,-0.793553,-0.440363,0.421721,-0.792611,-0.319,0.573,0.445,0.385,0.183
52087,1736.72,0.98,1,-0.076126,0.608111,-0.790193,-0.436066,0.427948,-0.791648,-0.313,0.58,0.457,0.379,0.18
52088,1736.754,0.98,1,-0.070211,0.611209,-0.788349,-0.426989,0.432562,-0.794085,-0.304,0.583,0.461,0.376,0.175
52089,1736.787,0.98,1,-0.061921,0.603385,-0.795042,-0.42539,0.436568,-0.79275,-0.298,0.58,0.468,0.372,0.169
52090,1736.82,0.98,1,-0.065564,0.611239,-0.788726,-0.410273,0.458218,-0.788487,-0.293,0.596,0.48,0.372,0.16
52091,1736.854,0.98,1,-0.052573,0.60077,-0.797692,-0.413375,0.461678,-0.78484,-0.286,0.591,0.484,0.365,0.154
52092,1736.887,0.98,1,-0.047417,0.605836,-0.794176,-0.404556,0.47241,-0.783047,-0.279,0.6,0.489,0.365,0.146
52093,1736.92,0.98,1,-0.037403,0.601882,-0.797709,-0.410188,0.473951,-0.779177,-0.277,0.599,0.492,0.36,0.139
52094,1736.954,0.98,1,-0.017487,0.607149,-0.794396,-0.407241,0.484115,-0.77446,-0.264,0.608,0.494,0.354,0.132
52095,1736.987,0.98,1,-0.029772,0.606274,-0.794698,-0.396397,0.483977,-0.780151,-0.264,0.606,0.499,0.348,0.125
52096,1737.02,0.98,1,-0.030632,0.60751,-0.793721,-0.410909,0.483046,-0.773188,-0.275,0.608,0.504,0.351,0.116
52097,1737.054,0.98,1,-0.03468,0.607172,-0.793813,-0.413656,0.474816,-0.776813,-0.278,0.603,0.498,0.344,0.112
52098,1737.087,0.98,1,-0.038827,0.609951,-0.791487,-0.415535,0.485959,-0.768879,-0.283,0.612,0.507,0.341,0.105
52099,1737.12,0.98,1,-0.039378,0.618698,-0.784641,-0.416706,0.487429,-0.767313,-0.286,0.619,0.509,0.338,0.102
52100,1737.154,0.98,1,-0.0526,0.615129,-0.78667,-0.421526,0.485035,-0.766197,-0.296,0.616,0.507,0.337,0.104
52101,1737.187,0.98,1,-0.055612,0.610646,-0.789949,-0.432515,0.487117,-0.758715,-0.305,0.617,0.496,0.341,0.105
52102,1737.22,0.98,1,-0.063453,0.613913,-0.786819,-0.41343,0.487968,-0.768741,-0.297,0.616,0.496,0.346,0.106
52103,1737.254,0.98,1,-0.065214,0.614298,-0.786375,-0.413199,0.499224,-0.761605,-0.3,0.624,0.503,0.346,0.102
52104,1737.287,0.98,1,-0.054757,0.613715,-0.787627,-0.41833,0.505121,-0.754886,-0.298,0.628,0.499,0.35,0.097
52105,1737.32,0.98,1,-0.036274,0.613705,-0.788701,-0.430951,0.506327,-0.746936,-0.295,0.63,0.504,0.344,0.092
52106,1737.354,0.98,1,-0.035638,0.595828,-0.802321,-0.41523,0.510073,-0.753266,-0.282,0.618,0.498,0.347,0.089
52107,1737.387,0.98,1,-0.046104,0.600717,-0.798131,-0.418591,0.515437,-0.747734,-0.292,0.625,0.507,0.352,0.08
52108,1737.42,0.98,1,-0.047663,0.602305,-0.796842,-0.423449,0.515544,-0.744919,-0.297,0.627,0.506,0.355,0.075
52109,1737.454,0.98,1,-0.062351,0.599642,-0.797835,-0.431369,0.513322,-0.741904,-0.31,0.626,0.508,0.359,0.068
52110,1737.487,0.98,1,-0.080873,0.591787,-0.802027,-0.425789,0.505114,-0.750709,-0.315,0.615,0.515,0.365,0.06
52111,1737.52,0.98,1,-0.067446,0.600005,-0.797148,-0.414984,0.518724,-0.747472,-0.303,0.627,0.511,0.369,0.053
52112,1737.554,0.98,1,-0.081022,0.592044,-0.801823,-0.423252,0.507278,-0.750684,-0.314,0.616,0.509,0.378,0.047
52113,1737.587,0.98,1,-0.082873,0.590956,-0.802436,-0.429843,0.501086,-0.751097,-0.319,0.613,0.506,0.386,0.045
52114,1737.62,0.98,1,-0.102917,0.579753,-0.808266,-0.444865,0.49447,-0.746723,-0.339,0.605,0.502,0.395,0.042
52115,1737.654,0.98,1,-0.109249,0.576591,-0.809696,-0.449473,0.489364,-0.747326,-0.345,0.6,0.495,0.397,0.044
52116,1737.687,0.98,1,-0.169603,0.594545,-0.785971,-0.449206,0.502587,-0.738661,-0.386,0.624,0.491,0.397,0.051
52117,1737.72,0.98,1,-0.166656,0.59665,-0.785006,-0.437625,0.499217,-0.747841,-0.376,0.621,0.493,0.398,0.056
52118,1737.754,0.98,1,-0.110286,0.592445,-0.798027,-0.441677,0.50273,-0.743091,-0.344,0.618,0.487,0.394,0.06
52119,1737.787,0.98,1,-0.076861,0.586489,-0.806302,-0.448127,0.495898,-0.74382,-0.327,0.61,0.491,0.383,0.066
52120,1737.821,0.98,1,-0.067663,0.612031,-0.787934,-0.417842,0.513287,-0.749629,-0.306,0.632,0.517,0.381,0.063
52121,1737.854,0.98,1,-0.056482,0.612169,-0.788707,-0.425245,0.512322,-0.746118,-0.304,0.632,0.523,0.374,0.062
52122,1737.887,0.98,1,-0.084922,0.60573,-0.791126,-0.420984,0.516902,-0.745376,-0.318,0.631,0.535,0.373,0.057
52123,1737.921,0.98,1,-0.084748,0.615585,-0.7835,-0.387005,0.523937,-0.75876,-0.297,0.636,0.549,0.372,0.049
52124,1737.954,0.98,1,-0.092963,0.620625,-0.778577,-0.391242,0.521538,-0.758239,-0.305,0.639,0.548,0.368,0.042
52125,1737.987,0.98,1,-0.071519,0.614846,-0.785398,-0.386388,0.508873,-0.769255,-0.286,0.626,0.539,0.361,0.038
52126,1738.021,0.98,1,-0.054848,0.589514,-0.805894,-0.372565,0.49125,-0.787318,-0.262,0.596,0.529,0.358,0.038
52127,1738.054,0.98,1,-0.063907,0.577399,-0.813957,-0.374946,0.48303,-0.791263,-0.267,0.584,0.499,0.356,0.04
52128,1738.087,0.98,1,-0.064228,0.570462,-0.818809,-0.392989,0.461177,-0.795535,-0.276,0.569,0.489,0.363,0.04
52129,1738.121,0.98,1,-0.09037,0.569992,-0.816665,-0.401594,0.465375,-0.788764,-0.297,0.573,0.473,0.368,0.039
52130,1738.154,0.98,1,-0.088184,0.574113,-0.814013,-0.418875,0.463863,-0.780624,-0.308,0.577,0.465,0.369,0.038
52131,1738.187,0.98,1,-0.128008,0.567927,-0.813064,-0.434149,0.451262,-0.779665,-0.339,0.569,0.453,0.37,0.032
52132,1738.221,0.98,1,-0.097258,0.569016,-0.816555,-0.412524,0.462857,-0.784594,-0.308,0.572,0.453,0.362,0.021
52133,1738.254,0.98,1,-0.077132,0.613702,-0.785761,-0.357323,0.527649,-0.770653,-0.272,0.633,0.443,0.327,0.016
52134,1738.287,0.98,1,-0.103887,0.632789,-0.767324,-0.320146,0.61946,-0.716782,-0.278,0.701,0.407,0.28,0.019
52135,1738.321,0.98,1,-0.065389,0.603649,-0.794564,-0.294511,0.623972,-0.723825,-0.233,0.68,0.38,0.256,0.018
52136,1738.354,0.98,1,-0.061646,0.601417,-0.796553,-0.278595,0.627936,-0.726692,-0.22,0.679,0.372,0.247,0.014
52137,1738.387,0.98,1,-0.034696,0.584715,-0.810496,-0.292972,0.582864,-0.757916,-0.206,0.64,0.343,0.24,0.002
52138,1738.421,0.98,1,-0.057533,0.578677,-0.813525,-0.286973,0.541454,-0.790236,-0.212,0.61,0.323,0.255,0.002
52139,1738.454,0.98,1,-0.059378,0.576562,-0.814893,-0.281546,0.540846,-0.792602,-0.209,0.607,0.315,0.258,0.016
52140,1738.487,0.98,1,-0.052314,0.560654,-0.826396,-0.297731,0.532464,-0.792362,-0.213,0.594,0.295,0.26,0.021
52141,1738.521,0.98,1,-0.045952,0.558031,-0.828547,-0.281734,0.532515,-0.798157,-0.199,0.591,0.282,0.255,0.037
52142,1738.554,0.98,1,-0.048452,0.544031,-0.837665,-0.297971,0.531089,-0.793195,-0.209,0.583,0.259,0.248,0.037
52143,1738.587,0.98,1,-0.073072,0.542175,-0.837082,-0.321525,0.509334,-0.798249,-0.237,0.571,0.275,0.263,0.036
52144,1738.621,0.98,1,-0.083159,0.515155,-0.853053,-0.38627,0.382392,-0.839388,-0.271,0.488,0.278,0.295,0.038
52145,1738.654,0.98,1,-0.082551,0.464143,-0.881905,-0.422476,0.3735,-0.82584,-0.288,0.456,0.258,0.32,0.057
52146,1738.687,0.98,1,-0.135184,0.552825,-0.822259,-0.411729,0.406692,-0.815525,-0.322,0.53,0.301,0.353,0.055
52147,1738.721,0.98,1,-0.160217,0.503702,-0.84889,-0.44877,0.391613,-0.803271,-0.353,0.497,0.283,0.371,0.059
52148,1738.754,0.98,1,-0.168503,0.547217,-0.819854,-0.44014,0.426824,-0.789999,-0.361,0.544,0.303,0.386,0.058
52149,1738.787,0.98,1,-0.19399,0.563988,-0.802674,-0.422155,0.393255,-0.816783,-0.364,0.534,0.291,0.392,0.066
52150,1738.821,0.98,1,-0.152811,0.552638,-0.819292,-0.434027,0.387873,-0.813127,-0.345,0.523,0.301,0.403,0.067
52151,1738.854,0.98,1,-0.167931,0.553623,-0.81566,-0.426063,0.37927,-0.821356,-0.348,0.518,0.279,0.392,0.079
52152,1738.887,0.98,1,-0.164194,0.538706,-0.826339,-0.425984,0.37198,-0.824723,-0.343,0.504,0.278,0.384,0.084
52153,1738.921,0.98,1,-0.155042,0.553444,-0.818329,-0.427284,0.379195,-0.820755,-0.341,0.517,0.287,0.382,0.085
52154,1738.954,0.93,1,-0.146581,0.560422,-0.815132,-0.416953,0.388811,-0.82157,-0.332,0.526,0.294,0.383,0.083
52155,1738.988,0.98,1,-0.146751,0.56316,-0.813213,-0.42143,0.390755,-0.818356,-0.335,0.529,0.299,0.388,0.084
52156,1739.021,0.98,1,-0.136781,0.570902,-0.809544,-0.423807,0.399948,-0.812668,-0.333,0.539,0.307,0.39,0.082
52157,1739.054,0.98,1,-0.146954,0.570926,-0.807742,-0.426455,0.40365,-0.809446,-0.341,0.542,0.313,0.398,0.08
52158,1739.088,0.98,1,-0.128883,0.587184,-0.799127,-0.427636,0.41265,-0.804268,-0.334,0.558,0.326,0.413,0.08
52159,1739.121,0.98,1,-0.134023,0.593134,-0.79387,-0.439795,0.413561,-0.797212,-0.346,0.564,0.331,0.418,0.083
52160,1739.154,0.98,1,-0.101492,0.596353,-0.79628,-0.415423,0.439714,-0.796288,-0.314,0.577,0.345,0.42,0.089
52161,1739.188,0.98,1,-0.082429,0.60429,-0.792489,-0.383044,0.507544,-0.771801,-0.289,0.618,0.34,0.4,0.099
52162,1739.221,0.98,1,-0.063968,0.612335,-0.788006,-0.377723,0.580746,-0.721152,-0.285,0.669,0.36,0.356,0.091
52163,1739.254,0.93,1,-0.073394,0.620171,-0.781026,-0.38981,0.577819,-0.717059,-0.3,0.675,0.373,0.347,0.09
52164,1739.288,0.98,1,-0.091939,0.611287,-0.786051,-0.392525,0.605899,-0.691962,-0.317,0.689,0.372,0.344,0.086
52165,1739.321,0.98,1,-0.134414,0.604341,-0.785306,-0.417071,0.604703,-0.678517,-0.36,0.69,0.361,0.354,0.097
52166,1739.354,0.98,1,-0.14684,0.593719,-0.791161,-0.427064,0.587121,-0.687681,-0.37,0.674,0.34,0.359,0.118
52167,1739.388,0.93,1,-0.155371,0.586431,-0.794958,-0.423239,0.58159,-0.69471,-0.37,0.665,0.325,0.346,0.134
52168,1739.421,0.93,1,-0.164629,0.580167,-0.797686,-0.433206,0.577364,-0.692086,-0.382,0.661,0.324,0.341,0.144
52169,1739.454,0.93,1,-0.189777,0.569586,-0.799723,-0.457114,0.560059,-0.690928,-0.409,0.648,0.32,0.338,0.152
52170,1739.488,0.93,1,-0.182488,0.568812,-0.801967,-0.470324,0.532457,-0.703765,-0.409,0.631,0.309,0.333,0.159
52171,1739.521,0.93,1,-0.17567,0.566506,-0.805116,-0.455685,0.483703,-0.74725,-0.386,0.595,0.302,0.329,0.165
52172,1739.554,0.93,1,-0.175357,0.557844,-0.811209,-0.454457,0.474739,-0.753719,-0.383,0.583,0.298,0.328,0.169
52173,1739.588,0.93,1,-0.173372,0.552823,-0.815064,-0.458772,0.460292,-0.760039,-0.382,0.572,0.291,0.325,0.176
52174,1739.621,0.93,1,-0.166944,0.554727,-0.815112,-0.471664,0.445963,-0.760691,-0.385,0.566,0.293,0.323,0.177
52175,1739.654,0.93,1,-0.164138,0.558649,-0.813,-0.470246,0.445342,-0.761931,-0.383,0.568,0.298,0.319,0.177
52176,1739.688,0.93,1,-0.167502,0.550373,-0.817944,-0.47772,0.440498,-0.760096,-0.388,0.561,0.297,0.316,0.178
52177,1739.721,0.93,1,-0.176771,0.546378,-0.818672,-0.488957,0.433558,-0.756934,-0.4,0.556,0.301,0.314,0.176
52178,1739.754,0.93,1,-0.166243,0.541972,-0.82379,-0.488566,0.437329,-0.755014,-0.393,0.555,0.303,0.315,0.172
52179,1739.788,0.93,1,-0.175044,0.542966,-0.821309,-0.488707,0.439461,-0.753684,-0.399,0.558,0.309,0.315,0.169
52180,1739.821,0.93,1,-0.183787,0.534448,-0.824977,-0.487665,0.43425,-0.75737,-0.401,0.549,0.304,0.316,0.167
52181,1739.854,0.93,1,-0.176515,0.556285,-0.812028,-0.479622,0.442649,-0.757644,-0.396,0.567,0.31,0.316,0.163
52182,1739.888,0.93,1,-0.18116,0.545859,-0.818058,-0.47657,0.444365,-0.758565,-0.395,0.561,0.316,0.314,0.165
52183,1739.921,0.93,1,-0.190067,0.521665,-0.831709,-0.478109,0.43755,-0.761552,-0.397,0.542,0.311,0.305,0.172
52184,1739.954,0.93,1,-0.200825,0.513396,-0.834322,-0.493462,0.429916,-0.756087,-0.412,0.535,0.302,0.299,0.186
52185,1739.988,0.98,1,-0.204941,0.517161,-0.83099,-0.464288,0.446733,-0.764766,-0.397,0.543,0.316,0.297,0.193
52186,1740.021,0.98,1,-0.198717,0.518849,-0.831449,-0.482661,0.458256,-0.746351,-0.408,0.554,0.328,0.302,0.202
52187,1740.055,0.98,1,-0.215253,0.523337,-0.82449,-0.48275,0.465166,-0.742006,-0.419,0.563,0.337,0.307,0.208
52188,1740.088,0.98,1,-0.224687,0.529625,-0.817932,-0.487904,0.478456,-0.730088,-0.431,0.577,0.342,0.313,0.212
52189,1740.121,0.98,1,-0.225918,0.529247,-0.817838,-0.481853,0.475955,-0.73572,-0.427,0.574,0.351,0.32,0.217
52190,1740.155,0.93,1,-0.224713,0.531641,-0.816616,-0.486147,0.479311,-0.7307,-0.431,0.579,0.354,0.319,0.221
52191,1740.188,0.93,1,-0.226234,0.531895,-0.81603,-0.474996,0.474757,-0.740935,-0.423,0.574,0.357,0.319,0.225
52192,1740.221,0.93,1,-0.235386,0.538169,-0.809301,-0.47049,0.475375,-0.743409,-0.427,0.578,0.362,0.323,0.229
52193,1740.255,0.98,1,-0.286077,0.563778,-0.7748,-0.478505,0.495025,-0.725247,-0.471,0.615,0.366,0.326,0.228
52194,1740.288,0.98,1,-0.306472,0.586831,-0.749469,-0.469506,0.477632,-0.742584,-0.48,0.62,0.399,0.359,0.215
52195,1740.321,0.98,1,-0.348629,0.615426,-0.706901,-0.500285,0.556839,-0.663058,-0.555,0.708,0.405,0.388,0.212
52196,1740.355,0.98,1,-0.3821,0.605457,-0.698156,-0.536613,0.540188,-0.648262,-0.599,0.705,0.412,0.436,0.21
52197,1740.388,0.93,1,-0.384011,0.608188,-0.694725,-0.55855,0.562056,-0.610013,-0.626,0.731,0.424,0.473,0.204
52198,1740.421,0.98,1,-0.397434,0.597301,-0.696619,-0.585462,0.563089,-0.583237,-0.655,0.736,0.42,0.497,0.205
52199,1740.455,0.98,1,-0.39098,0.588062,-0.708037,-0.609129,0.562895,-0.558669,-0.668,0.738,0.425,0.509,0.206
52200,1740.488,0.98,1,-0.395633,0.567378,-0.722189,-0.616148,0.550769,-0.56304,-0.667,0.716,0.414,0.524,0.21
52201,1740.521,0.98,1,-0.384,0.538462,-0.750069,-0.620384,0.535301,-0.573215,-0.649,0.682,0.409,0.531,0.212
52202,1740.555,0.98,1,-0.378337,0.5377,-0.753485,-0.626778,0.528088,-0.572951,-0.648,0.677,0.404,0.528,0.216
52203,1740.588,0.98,1,-0.368908,0.555439,-0.745247,-0.62531,0.528823,-0.573875,-0.646,0.688,0.407,0.528,0.218
52204,1740.621,0.98,1,-0.338701,0.6096,-0.716708,-0.589203,0.530118,-0.609766,-0.61,0.71,0.413,0.516,0.215
52205,1740.655,0.98,1,-0.293804,0.579084,-0.760487,-0.560682,0.535021,-0.631972,-0.55,0.675,0.42,0.505,0.208
52206,1740.688,0.98,1,-0.174047,0.612671,-0.770936,-0.521179,0.559556,-0.644414,-0.457,0.692,0.423,0.472,0.207
52207,1740.721,0.98,1,-0.13268,0.653433,-0.745266,-0.497514,0.561559,-0.661159,-0.421,0.713,0.43,0.435,0.208
52208,1740.755,0.93,1,-0.114612,0.654285,-0.747513,-0.470098,0.574664,-0.669902,-0.391,0.714,0.439,0.391,0.207
52209,1740.788,0.93,1,-0.139683,0.661792,-0.736559,-0.433909,0.610475,-0.662604,-0.389,0.738,0.469,0.331,0.178
52210,1740.821,0.98,1,-0.131442,0.653464,-0.745458,-0.403135,0.609605,-0.682542,-0.358,0.724,0.476,0.307,0.159
52211,1740.855,0.98,1,-0.103354,0.673672,-0.731768,-0.368448,0.648043,-0.666548,-0.325,0.757,0.484,0.28,0.142
52212,1740.888,0.98,1,-0.09831,0.666294,-0.73918,-0.369013,0.638054,-0.675808,-0.319,0.745,0.475,0.252,0.133
52213,1740.921,0.98,1,-0.081702,0.665491,-0.741921,-0.368413,0.640682,-0.673646,-0.308,0.745,0.475,0.232,0.122
52214,1740.955,0.98,1,-0.072395,0.637736,-0.766845,-0.372173,0.630189,-0.681432,-0.298,0.719,0.489,0.219,0.11
52215,1740.988,0.98,1,-0.075379,0.63298,-0.77049,-0.404973,0.5894,-0.699002,-0.316,0.694,0.49,0.213,0.111
52216,1741.021,0.98,1,-0.06724,0.640803,-0.764755,-0.400538,0.578874,-0.710263,-0.307,0.691,0.494,0.214,0.11
52217,1741.055,0.98,1,-0.069117,0.647015,-0.759338,-0.404998,0.583926,-0.703567,-0.313,0.7,0.5,0.218,0.11
52218,1741.088,0.98,1,-0.080873,0.651597,-0.754242,-0.412138,0.591536,-0.692985,-0.328,0.71,0.505,0.221,0.112
52219,1741.121,0.98,1,-0.077757,0.650766,-0.755287,-0.42379,0.58307,-0.693132,-0.333,0.706,0.511,0.223,0.113
52220,1741.155,0.98,1,-0.082409,0.648194,-0.757003,-0.417369,0.592086,-0.689375,-0.333,0.709,0.517,0.223,0.113
52221,1741.188,0.98,1,-0.0745,0.645192,-0.76038,-0.421591,0.584198,-0.693523,-0.329,0.702,0.52,0.221,0.114
52222,1741.222,0.98,1,-0.081632,0.652538,-0.753346,-0.423501,0.584308,-0.692265,-0.336,0.708,0.522,0.216,0.115
52223,1741.255,0.93,1,-0.087222,0.648494,-0.756206,-0.433021,0.58239,-0.687978,-0.346,0.706,0.531,0.214,0.112
52224,1741.288,0.98,1,-0.102851,0.629781,-0.769933,-0.416748,0.554341,-0.720435,-0.335,0.671,0.536,0.213,0.113
52225,1741.322,0.98,1,-0.106377,0.628683,-0.770352,-0.431092,0.535807,-0.725996,-0.345,0.661,0.536,0.212,0.115
52226,1741.355,0.98,1,-0.115432,0.621715,-0.774691,-0.433929,0.51865,-0.736687,-0.349,0.646,0.541,0.218,0.112
52227,1741.388,0.98,1,-0.129622,0.621862,-0.772325,-0.432625,0.516259,-0.73913,-0.356,0.645,0.546,0.226,0.109
52228,1741.422,0.98,1,-0.124553,0.627884,-0.768276,-0.43801,0.520562,-0.732913,-0.359,0.653,0.545,0.232,0.109
52229,1741.455,0.98,1,-0.112122,0.636326,-0.763229,-0.438836,0.540436,-0.71788,-0.356,0.671,0.545,0.234,0.108
52230,1741.488,0.98,1,-0.09476,0.638058,-0.764135,-0.448488,0.545865,-0.707736,-0.354,0.677,0.537,0.232,0.113
52231,1741.522,0.98,1,-0.110014,0.634264,-0.765249,-0.431264,0.585908,-0.686092,-0.357,0.699,0.537,0.231,0.112
52232,1741.555,0.98,1,-0.119939,0.630761,-0.766652,-0.428431,0.585091,-0.68856,-0.36,0.696,0.539,0.232,0.114
52233,1741.588,0.98,1,-0.121836,0.628224,-0.768434,-0.435898,0.583404,-0.685298,-0.366,0.695,0.549,0.237,0.113
52234,1741.622,0.98,1,-0.118802,0.628339,-0.768815,-0.444234,0.578767,-0.683875,-0.37,0.693,0.552,0.243,0.112
52235,1741.655,0.98,1,-0.121993,0.634576,-0.763172,-0.449182,0.572191,-0.686173,-0.375,0.694,0.559,0.247,0.112
52236,1741.688,0.98,1,-0.14353,0.652849,-0.743766,-0.444004,0.58421,-0.679382,-0.392,0.716,0.553,0.248,0.12
52237,1741.722,0.98,1,-0.104123,0.626876,-0.77213,-0.446031,0.573036,-0.687522,-0.36,0.688,0.573,0.25,0.113
52238,1741.755,0.98,1,-0.107063,0.640696,-0.760293,-0.450947,0.583366,-0.675523,-0.371,0.706,0.577,0.248,0.113
52239,1741.788,0.98,1,-0.048734,0.639758,-0.76703,-0.455275,0.485578,-0.746283,-0.321,0.639,0.586,0.247,0.114
52240,1741.822,0.98,1,-0.069689,0.643486,-0.762279,-0.4467,0.481653,-0.753969,-0.328,0.638,0.59,0.242,0.116
52241,1741.855,0.98,1,-0.053938,0.645326,-0.762001,-0.437395,0.475028,-0.763567,-0.312,0.633,0.593,0.24,0.117
52242,1741.888,0.98,1,-0.047439,0.65201,-0.756725,-0.43351,0.471667,-0.767854,-0.306,0.635,0.589,0.235,0.12
52243,1741.922,0.98,1,-0.055057,0.650768,-0.757278,-0.439958,0.470873,-0.764667,-0.314,0.635,0.592,0.233,0.121
52244,1741.955,0.98,1,-0.044862,0.657541,-0.752082,-0.443089,0.479365,-0.757549,-0.313,0.645,0.594,0.235,0.123
52245,1741.988,0.98,1,-0.038997,0.662406,-0.748129,-0.447739,0.487823,-0.749372,-0.314,0.655,0.603,0.241,0.121
52246,1742.022,0.98,1,-0.047479,0.663514,-0.746655,-0.439447,0.49808,-0.747531,-0.315,0.661,0.612,0.249,0.119
52247,1742.055,0.98,1,-0.068065,0.663926,-0.744694,-0.445287,0.492413,-0.74783,-0.331,0.659,0.62,0.258,0.111
52248,1742.088,0.98,1,-0.074452,0.671405,-0.737341,-0.448704,0.495958,-0.743432,-0.34,0.668,0.621,0.262,0.107
52249,1742.122,0.98,1,-0.127991,0.688994,-0.713376,-0.434986,0.51694,-0.737266,-0.37,0.694,0.615,0.268,0.106
52250,1742.155,0.98,1,-0.126804,0.690515,-0.712116,-0.435581,0.516761,-0.737039,-0.37,0.695,0.612,0.271,0.104
52251,1742.188,0.98,1,-0.14624,0.688123,-0.710704,-0.440225,0.522286,-0.730355,-0.386,0.699,0.619,0.27,0.101
52252,1742.222,0.98,1,-0.147828,0.686755,-0.711698,-0.428081,0.530609,-0.731574,-0.38,0.701,0.632,0.276,0.093
52253,1742.255,0.98,1,-0.153177,0.694345,-0.703151,-0.434316,0.538948,-0.721737,-0.391,0.713,0.638,0.28,0.089
52254,1742.289,0.98,1,-0.143922,0.692991,-0.706434,-0.437111,0.533732,-0.723923,-0.386,0.709,0.63,0.277,0.096
52255,1742.322,0.98,1,-0.136283,0.694264,-0.7067,-0.428982,0.524431,-0.73549,-0.374,0.702,0.625,0.275,0.1
52256,1742.355,0.98,1,-0.152364,0.691367,-0.706255,-0.434536,0.536019,-0.723783,-0.389,0.709,0.636,0.276,0.096
52257,1742.389,0.98,1,-0.144144,0.6931,-0.706283,-0.435271,0.544242,-0.717175,-0.387,0.716,0.637,0.277,0.095
52258,1742.422,0.98,1,-0.1456,0.697477,-0.701659,-0.434871,0.544189,-0.717457,-0.388,0.719,0.643,0.279,0.092
52259,1742.455,0.98,1,-0.155683,0.699757,-0.697211,-0.434029,0.543295,-0.718645,-0.395,0.72,0.649,0.28,0.09
52260,1742.489,0.98,1,-0.162444,0.710182,-0.685021,-0.422811,0.600533,-0.678669,-0.405,0.766,0.674,0.287,0.083
52261,1742.522,0.98,1,-0.167393,0.719485,-0.674033,-0.43697,0.607175,-0.663623,-0.424,0.781,0.698,0.298,0.072
52262,1742.555,0.98,1,-0.169781,0.730045,-0.661973,-0.440167,0.611608,-0.657411,-0.433,0.794,0.689,0.299,0.076
52263,1742.589,0.98,1,-0.164167,0.740076,-0.652178,-0.43765,0.618497,-0.652629,-0.432,0.806,0.693,0.296,0.074
52264,1742.622,0.98,1,-0.156112,0.74444,-0.649183,-0.432657,0.61207,-0.661951,-0.422,0.802,0.684,0.291,0.076
52265,1742.655,0.98,1,-0.160683,0.740053,-0.653071,-0.43016,0.612088,-0.663559,-0.422,0.799,0.685,0.288,0.072
52266,1742.689,0.98,1,-0.149903,0.730804,-0.665924,-0.421665,0.610581,-0.670365,-0.404,0.787,0.664,0.278,0.079
52267,1742.722,0.98,1,-0.113517,0.698145,-0.7069,-0.41972,0.59592,-0.684627,-0.366,0.749,0.646,0.27,0.083
52268,1742.755,0.98,1,-0.12122,0.646408,-0.753301,-0.408316,0.568777,-0.713983,-0.346,0.692,0.617,0.239,0.085
52269,1742.789,0.98,1,-0.150639,0.67477,-0.722491,-0.437324,0.648823,-0.622716,-0.412,0.777,0.576,0.225,0.079
52270,1742.822,0.98,1,-0.219969,0.598798,-0.7701,-0.390511,0.626899,-0.674166,-0.4,0.704,0.564,0.254,0.072
52271,1742.855,0.98,1,-0.197488,0.550074,-0.811429,-0.37616,0.578519,-0.723754,-0.358,0.634,0.517,0.263,0.071
52272,1742.889,0.98,1,-0.207341,0.533514,-0.819984,-0.381535,0.557291,-0.737467,-0.361,0.611,0.483,0.274,0.069
52273,1742.922,0.98,1,-0.189072,0.53809,-0.821408,-0.403344,0.545325,-0.734802,-0.364,0.608,0.475,0.284,0.062
52274,1742.955,0.98,1,-0.160279,0.548652,-0.820543,-0.413898,0.534179,-0.737117,-0.353,0.607,0.454,0.288,0.063
52275,1742.989,0.98,1,-0.154415,0.537177,-0.829214,-0.419543,0.53295,-0.734811,-0.352,0.6,0.423,0.29,0.066
52276,1743.022,0.98,1,-0.13915,0.537448,-0.831737,-0.398815,0.530093,-0.748296,-0.328,0.594,0.391,0.291,0.068
52277,1743.055,0.98,1,-0.144165,0.526099,-0.838115,-0.372772,0.530364,-0.761416,-0.313,0.584,0.368,0.291,0.065
52278,1743.089,0.98,1,-0.152702,0.509312,-0.846926,-0.384791,0.525011,-0.759144,-0.323,0.572,0.347,0.295,0.059
52279,1743.122,0.98,1,-0.174206,0.461927,-0.869641,-0.392075,0.511113,-0.76488,-0.334,0.537,0.334,0.296,0.056
52280,1743.155,0.98,1,-0.16196,0.469779,-0.8678,-0.399843,0.501471,-0.767237,-0.331,0.536,0.316,0.298,0.055
52281,1743.189,0.98,1,-0.146447,0.467215,-0.871931,-0.392724,0.484125,-0.781915,-0.315,0.522,0.289,0.292,0.058
52282,1743.222,0.98,1,-0.139582,0.437391,-0.888373,-0.367882,0.477078,-0.79816,-0.292,0.497,0.261,0.284,0.06
52283,1743.255,0.98,1,-0.120231,0.398167,-0.909399,-0.362761,0.448288,-0.816972,-0.273,0.456,0.228,0.274,0.061
52333,1744.923,0.98,1,0.011103,0.472008,-0.881524,-0.24005,0.405865,-0.881844,-0.129,0.462,0.139,0.163,0.03
52334,1744.956,0.98,1,-0.152673,0.383628,-0.91078,-0.195295,0.423333,-0.884674,-0.191,0.422,0.134,0.198,0.025
52335,1744.989,0.98,1,-0.146422,0.468728,-0.871123,-0.332452,0.544421,-0.770118,-0.284,0.553,0.16,0.227,0.042
52336,1745.023,0.98,1,-0.18937,0.503266,-0.843126,-0.339862,0.458223,-0.821295,-0.308,0.524,0.168,0.259,0.056
52337,1745.056,0.98,1,-0.226538,0.438558,-0.869682,-0.356794,0.441843,-0.823087,-0.332,0.48,0.159,0.264,0.068
52338,1745.089,0.98,1,-0.269647,0.294815,-0.91672,-0.400292,0.408166,-0.820467,-0.368,0.385,0.17,0.267,0.077
52376,1746.356,0.98,1,0.084895,0.407181,-0.909394,-0.153169,0.402707,-0.902423,-0.038,0.42,0.233,0.089,0.062
52377,1746.39,0.98,1,0.090391,0.41536,-0.905155,-0.154291,0.402242,-0.902439,-0.035,0.425,0.236,0.082,0.062
52378,1746.423,0.98,1,0.09095,0.410863,-0.907149,-0.147347,0.399436,-0.904842,-0.031,0.421,0.24,0.074,0.062
52379,1746.456,0.98,1,0.090119,0.414099,-0.90576,-0.140503,0.394552,-0.908068,-0.028,0.419,0.239,0.067,0.062
52380,1746.49,0.98,1,0.093522,0.413288,-0.905785,-0.140132,0.394493,-0.908151,-0.026,0.419,0.242,0.058,0.063
52381,1746.523,0.98,1,0.092421,0.413989,-0.905578,-0.127044,0.396823,-0.909061,-0.019,0.42,0.242,0.046,0.062
52382,1746.556,0.98,1,0.089152,0.411621,-0.906984,-0.115885,0.400599,-0.908896,-0.015,0.421,0.246,0.034,0.061
52383,1746.59,0.98,1,0.087791,0.404664,-0.910241,-0.111397,0.399354,-0.910004,-0.013,0.416,0.244,0.023,0.061
52384,1746.623,0.98,1,0.073478,0.404103,-0.911758,-0.0992,0.413195,-0.905223,-0.014,0.423,0.242,0.016,0.062
52385,1746.656,0.98,1,0.037351,0.427979,-0.903017,-0.081054,0.418776,-0.904465,-0.024,0.438,0.239,0.014,0.06
52386,1746.69,0.98,1,0.030336,0.425798,-0.90431,-0.075236,0.419335,-0.904709,-0.025,0.437,0.238,0.019,0.058
52387,1746.723,0.98,1,0.02723,0.424193,-0.905162,-0.076727,0.410821,-0.908482,-0.027,0.431,0.236,0.025,0.058
52388,1746.757,0.98,1,0.016941,0.420135,-0.907303,-0.076403,0.407217,-0.91013,-0.033,0.427,0.234,0.033,0.056
52389,1746.79,0.98,1,0.018647,0.4107,-0.91158,-0.089621,0.405751,-0.909579,-0.039,0.421,0.228,0.042,0.055
52390,1746.823,0.98,1,0.012991,0.406203,-0.91369,-0.096668,0.410486,-0.906728,-0.046,0.422,0.224,0.051,0.053
52391,1746.857,0.98,1,0.007275,0.402317,-0.915472,-0.100226,0.410726,-0.906233,-0.051,0.42,0.221,0.06,0.049
52392,1746.89,0.98,1,0.017037,0.400718,-0.916043,-0.105982,0.402699,-0.909176,-0.049,0.415,0.218,0.068,0.047
52393,1746.923,0.98,1,0.018472,0.403534,-0.914778,-0.11161,0.404142,-0.907862,-0.051,0.417,0.216,0.075,0.045
52394,1746.957,0.98,1,0.013993,0.399549,-0.916605,-0.136259,0.401106,-0.905841,-0.067,0.414,0.214,0.08,0.044
52395,1746.99,0.98,1,-0.012101,0.388629,-0.921315,-0.176758,0.39386,-0.902015,-0.103,0.405,0.212,0.085,0.042
52417,1747.723,0.98,1,0.229506,0.139986,-0.963188,0.018543,0.445275,-0.895202,0.133,0.305,0.217,0.053,0.018
52418,1747.757,0.98,1,0.315241,0.373719,-0.872328,0.068099,0.476707,-0.876421,0.216,0.453,0.214,-0.013,0.029
52419,1747.79,0.98,1,0.306448,0.555115,-0.773264,0.056707,0.482164,-0.874244,0.217,0.562,0.211,-0.082,0.047
52420,1747.824,0.98,1,0.371208,0.545235,-0.751614,0.048368,0.382128,-0.922843,0.246,0.506,0.204,-0.157,0.049
52421,1747.857,0.98,1,0.392971,0.535536,-0.747512,0.009207,0.374961,-0.926995,0.236,0.498,0.224,-0.215,0.062
52422,1747.89,0.98,1,0.389562,0.52306,-0.758057,0.044999,0.452868,-0.890442,0.258,0.535,0.271,-0.259,0.083
52423,1747.924,0.98,1,0.42833,0.48329,-0.763521,0.032633,0.455583,-0.889595,0.272,0.517,0.312,-0.309,0.112
52424,1747.957,0.98,1,0.419804,0.510922,-0.750149,-0.078923,0.364144,-0.927993,0.2,0.481,0.331,-0.322,0.147
52425,1747.99,0.98,1,0.379871,0.57702,-0.723012,-0.065251,0.355386,-0.932439,0.188,0.513,0.332,-0.318,0.168
52426,1748.024,0.98,1,0.363783,0.574814,-0.732974,-0.07623,0.360462,-0.929654,0.171,0.512,0.331,-0.309,0.175
52427,1748.057,0.98,1,0.380572,0.58169,-0.718889,-0.048105,0.399862,-0.915312,0.201,0.541,0.325,-0.304,0.168
52428,1748.09,0.98,1,0.214513,0.53574,-0.81668,-0.056808,0.467989,-0.881906,0.093,0.534,0.314,-0.293,0.15
52429,1748.124,0.98,1,0.252207,0.574728,-0.778511,-0.036841,0.461055,-0.886607,0.129,0.556,0.285,-0.252,0.132
52430,1748.157,0.98,1,0.164855,0.55055,-0.818363,0.003814,0.416687,-0.909042,0.097,0.51,0.263,-0.176,0.112
52472,1749.557,0.98,1,-0.028388,0.538307,-0.84227,-0.359267,0.432427,-0.827003,-0.228,0.527,0.183,0.157,0.075
52473,1749.591,0.98,1,-0.149427,0.536929,-0.830289,-0.308711,0.425928,-0.85046,-0.266,0.52,0.183,0.177,0.067
52474,1749.624,0.98,1,-0.172861,0.486932,-0.856164,-0.315627,0.419772,-0.850982,-0.279,0.488,0.184,0.201,0.057
52475,1749.657,0.98,1,-0.221459,0.412851,-0.883465,-0.341183,0.478986,-0.808806,-0.321,0.485,0.195,0.225,0.058
52476,1749.691,0.98,1,-0.246503,0.393498,-0.885661,-0.37166,0.438589,-0.818235,-0.348,0.454,0.191,0.231,0.075
52477,1749.724,0.98,1,-0.267436,0.392218,-0.880138,-0.376758,0.408924,-0.831165,-0.36,0.438,0.186,0.237,0.081
52478,1749.757,0.98,1,-0.291775,0.366073,-0.883662,-0.378784,0.403209,-0.833034,-0.372,0.421,0.185,0.242,0.08
52479,1749.791,0.98,1,-0.284843,0.375354,-0.882028,-0.386815,0.399984,-0.830895,-0.374,0.425,0.185,0.249,0.078
52480,1749.824,0.98,1,-0.280971,0.383766,-0.879647,-0.398626,0.400508,-0.82504,-0.379,0.431,0.188,0.251,0.075
52499,1750.458,0.98,1,-0.231942,0.272352,-0.933824,-0.296675,0.41994,-0.857691,-0.287,0.369,0.21,0.173,0.038
52500,1750.491,0.98,1,-0.247181,0.304585,-0.919853,-0.316503,0.412333,-0.854288,-0.308,0.384,0.212,0.184,0.038
52501,1750.524,0.98,1,-0.250792,0.34523,-0.904389,-0.35177,0.433916,-0.829443,-0.334,0.422,0.223,0.202,0.041
52502,1750.558,0.98,1,-0.256815,0.427731,-0.866656,-0.353602,0.448829,-0.820682,-0.347,0.479,0.214,0.2,0.059
52503,1750.591,0.98,1,-0.249381,0.421232,-0.871994,-0.351289,0.475629,-0.806457,-0.344,0.491,0.214,0.21,0.05
52504,1750.624,0.98,1,-0.247926,0.431956,-0.867149,-0.354641,0.461424,-0.813214,-0.344,0.489,0.204,0.206,0.055
52505,1750.658,0.98,1,-0.248999,0.429407,-0.868106,-0.360532,0.451416,-0.816236,-0.347,0.482,0.199,0.208,0.051
52506,1750.691,0.98,1,-0.253549,0.435599,-0.863693,-0.354961,0.4373,-0.8263,-0.346,0.477,0.2,0.218,0.044
52507,1750.724,0.98,1,-0.260067,0.424379,-0.867334,-0.367965,0.437777,-0.820337,-0.356,0.472,0.199,0.223,0.04
52508,1750.758,0.98,1,-0.26123,0.424686,-0.866834,-0.377492,0.436006,-0.816945,-0.363,0.473,0.201,0.229,0.037
52509,1750.791,0.98,1,-0.267717,0.419235,-0.867508,-0.384468,0.448589,-0.806816,-0.371,0.478,0.205,0.236,0.035
52510,1750.824,0.98,1,-0.271315,0.416192,-0.867855,-0.392886,0.433123,-0.8112,-0.377,0.468,0.204,0.23,0.038
52511,1750.858,0.98,1,-0.273989,0.418671,-0.86582,-0.378591,0.435327,-0.816798,-0.37,0.47,0.202,0.222,0.043
52512,1750.891,0.98,1,-0.267782,0.413335,-0.870314,-0.374699,0.425451,-0.823767,-0.362,0.46,0.199,0.21,0.048
52513,1750.924,0.98,1,-0.254988,0.420521,-0.870714,-0.354836,0.417544,-0.836509,-0.343,0.456,0.195,0.197,0.053
52514,1750.958,0.98,1,-0.232689,0.436482,-0.869103,-0.330276,0.465057,-0.821364,-0.321,0.49,0.19,0.183,0.062
52515,1750.991,0.98,1,-0.138904,0.474245,-0.869366,-0.300968,0.483118,-0.822201,-0.254,0.515,0.185,0.174,0.052
52516,1751.024,0.98,1,-0.07099,0.518558,-0.852091,-0.247939,0.475303,-0.844164,-0.186,0.53,0.197,0.16,0.055
52517,1751.058,0.98,1,0.04872,0.536747,-0.842335,-0.305912,0.452165,-0.837833,-0.152,0.532,0.202,0.116,0.07
52518,1751.091,0.98,1,0.173767,0.545444,-0.819936,-0.192788,0.458031,-0.867779,-0.011,0.536,0.201,0.059,0.094
52519,1751.124,0.98,1,0.217729,0.502427,-0.836756,-0.076576,0.3954,-0.915312,0.08,0.474,0.191,0.0,0.12
52520,1751.158,0.98,1,0.263554,0.48784,-0.832197,-0.07666,0.369509,-0.92606,0.106,0.454,0.197,-0.047,0.147
52521,1751.191,0.98,1,0.245193,0.425387,-0.871164,-0.031664,0.377989,-0.925269,0.118,0.421,0.212,-0.08,0.173
52642,1755.226,0.98,1,0.166695,0.512587,-0.842299,-0.183221,0.431477,-0.883322,-0.01,0.501,0.181,-0.007,0.059
52643,1755.259,0.98,1,0.137796,0.517956,-0.844235,-0.063706,0.44768,-0.891922,0.043,0.508,0.172,-0.077,0.066
52644,1755.292,0.98,1,0.319774,0.55911,-0.764945,0.11602,0.462254,-0.879125,0.259,0.556,0.192,-0.148,0.067
52645,1755.326,0.98,1,0.458281,0.49667,-0.737087,0.156481,0.489317,-0.857952,0.368,0.554,0.197,-0.201,0.058
52646,1755.359,0.98,1,0.47421,0.489863,-0.731546,0.15265,0.474021,-0.86718,0.374,0.543,0.199,-0.238,0.056
52647,1755.392,0.98,1,0.467339,0.477862,-0.743802,0.153631,0.414215,-0.89712,0.362,0.498,0.208,-0.264,0.065
52648,1755.426,0.98,1,0.468591,0.476774,-0.743713,0.166848,0.399581,-0.901386,0.369,0.489,0.212,-0.294,0.073
52649,1755.459,0.98,1,0.462585,0.476018,-0.747945,0.159143,0.399552,-0.902791,0.36,0.488,0.222,-0.316,0.084
52650,1755.492,0.98,1,0.46115,0.476097,-0.748781,0.147805,0.39712,-0.905787,0.353,0.486,0.229,-0.329,0.096
52651,1755.526,0.98,1,0.47522,0.45676,-0.752021,0.171859,0.358955,-0.917396,0.37,0.455,0.23,-0.331,0.104
52652,1755.559,0.98,1,0.482059,0.456698,-0.747694,0.169184,0.354877,-0.919478,0.372,0.453,0.23,-0.34,0.108
52653,1755.592,0.98,1,0.477606,0.455668,-0.751172,0.154009,0.376483,-0.913533,0.363,0.464,0.23,-0.336,0.108
52654,1755.626,0.98,1,0.475815,0.407478,-0.779463,0.173493,0.296451,-0.939158,0.361,0.389,0.234,-0.333,0.109
52683,1756.593,0.93,1,0.513963,0.442863,-0.734653,0.275685,0.352789,-0.894169,0.451,0.454,0.231,-0.43,0.051
52684,1756.626,0.93,1,0.480242,0.488774,-0.728332,0.252868,0.386105,-0.887119,0.426,0.496,0.236,-0.421,0.054
52685,1756.659,0.93,1,0.40757,0.505847,-0.760267,0.193027,0.402471,-0.894851,0.348,0.502,0.259,-0.393,0.056
52686,1756.693,0.98,1,0.409538,0.534374,-0.739407,0.171611,0.409174,-0.896173,0.341,0.523,0.27,-0.371,0.066
52687,1756.726,0.93,1,0.475407,0.521972,-0.70819,0.13198,0.295579,-0.946158,0.352,0.459,0.242,-0.388,0.095
52688,1756.76,0.93,1,0.424116,0.493138,-0.759566,0.223077,0.368254,-0.902566,0.371,0.478,0.266,-0.427,0.085
52689,1756.793,0.93,1,0.47458,0.394983,-0.786615,0.20517,0.380823,-0.901598,0.383,0.431,0.277,-0.425,0.077
52690,1756.826,0.98,1,0.466745,0.388387,-0.794547,0.208857,0.391664,-0.89609,0.38,0.432,0.292,-0.436,0.076
52691,1756.86,0.93,1,0.458991,0.387313,-0.799573,0.198046,0.379506,-0.903744,0.368,0.423,0.296,-0.428,0.077
52692,1756.893,0.93,1,0.474644,0.383335,-0.792318,0.206626,0.415786,-0.885679,0.386,0.444,0.301,-0.439,0.073
52693,1756.926,0.93,1,0.468887,0.357473,-0.807687,0.206929,0.402662,-0.891652,0.379,0.421,0.304,-0.451,0.073
52694,1756.96,0.93,1,0.443377,0.345572,-0.827041,0.172691,0.417409,-0.892159,0.344,0.418,0.297,-0.451,0.071
52695,1756.993,0.93,1,0.404016,0.374605,-0.834531,0.075824,0.422422,-0.903222,0.269,0.43,0.303,-0.445,0.068
52696,1757.026,0.93,1,0.393179,0.365606,-0.843648,0.103553,0.406956,-0.907559,0.276,0.415,0.301,-0.453,0.063
52697,1757.06,0.93,1,0.400979,0.357873,-0.843293,0.1547,0.400603,-0.903097,0.308,0.41,0.295,-0.479,0.066
52700,1757.16,0.98,1,0.343282,0.464922,-0.816091,0.028463,0.38354,-0.923086,0.211,0.454,0.309,-0.334,0.04
52701,1757.193,0.98,1,0.338138,0.502933,-0.795438,0.0079,0.402926,-0.915198,0.2,0.487,0.318,-0.317,0.052
52702,1757.226,0.98,1,0.297538,0.493013,-0.817563,0.026957,0.403039,-0.914786,0.185,0.477,0.316,-0.309,0.054
52703,1757.26,0.98,1,0.29622,0.498449,-0.814741,0.033789,0.410792,-0.911103,0.189,0.485,0.315,-0.302,0.051
52704,1757.293,0.98,1,0.292413,0.465785,-0.835188,0.003418,0.371906,-0.928264,0.166,0.443,0.312,-0.297,0.052
52705,1757.326,0.98,1,0.304202,0.476657,-0.824778,0.007474,0.379447,-0.925183,0.176,0.455,0.316,-0.299,0.05
52706,1757.36,0.98,1,0.326671,0.484049,-0.811778,0.026197,0.411705,-0.910941,0.202,0.479,0.318,-0.303,0.049
52707,1757.393,0.98,1,0.335458,0.53351,-0.776424,0.006129,0.410088,-0.912025,0.2,0.51,0.314,-0.301,0.049
52708,1757.426,0.98,1,0.361792,0.535384,-0.763198,0.035953,0.450638,-0.891983,0.236,0.537,0.322,-0.297,0.043
52709,1757.46,0.98,1,0.378162,0.534753,-0.755667,0.044481,0.458653,-0.887501,0.252,0.544,0.322,-0.287,0.035
52710,1757.493,0.98,1,0.373705,0.540727,-0.75363,0.048524,0.473042,-0.879702,0.253,0.555,0.327,-0.277,0.029
52711,1757.526,0.98,1,0.359823,0.574356,-0.735284,0.10052,0.528012,-0.843267,0.284,0.61,0.339,-0.261,0.019
52712,1757.56,0.98,1,0.35802,0.573573,-0.736774,0.11814,0.519296,-0.846389,0.292,0.604,0.34,-0.25,0.014
52713,1757.593,0.98,1,0.351828,0.573145,-0.740083,0.124931,0.539103,-0.832923,0.294,0.615,0.345,-0.238,0.008
52714,1757.626,0.98,1,0.361612,0.528212,-0.768264,0.14404,0.509391,-0.848394,0.303,0.571,0.348,-0.226,0.006
52715,1757.66,0.98,1,0.35622,0.491367,-0.794774,0.143238,0.50054,-0.853781,0.294,0.542,0.351,-0.217,0.001
52716,1757.693,0.98,1,0.357502,0.48387,-0.798788,0.142444,0.496631,-0.856194,0.293,0.535,0.354,-0.212,-0.002
52717,1757.726,0.98,1,0.343997,0.484533,-0.804297,0.143276,0.504431,-0.851482,0.286,0.538,0.36,-0.208,-0.005
52718,1757.76,0.98,1,0.343121,0.492263,-0.799965,0.148426,0.502114,-0.851969,0.289,0.542,0.364,-0.201,-0.008
52719,1757.793,0.98,1,0.345321,0.482688,-0.804839,0.145047,0.507884,-0.849126,0.288,0.54,0.364,-0.196,-0.011
52720,1757.826,0.98,1,0.357342,0.489387,-0.795492,0.145479,0.512362,-0.846358,0.297,0.548,0.364,-0.194,-0.013
52721,1757.86,0.98,1,0.352002,0.484467,-0.800866,0.146924,0.508547,-0.848406,0.294,0.542,0.367,-0.191,-0.016
52722,1757.893,0.98,1,0.360509,0.488684,-0.794495,0.14515,0.507539,-0.849315,0.298,0.545,0.368,-0.189,-0.017
52723,1757.927,0.98,1,0.362393,0.499819,-0.786672,0.146562,0.512057,-0.846356,0.302,0.555,0.369,-0.191,-0.018
52724,1757.96,0.98,1,0.383735,0.50193,-0.775122,0.154428,0.514698,-0.843349,0.321,0.561,0.369,-0.193,-0.018
52725,1757.993,0.98,1,0.38768,0.498381,-0.775449,0.159595,0.516312,-0.841398,0.326,0.56,0.368,-0.196,-0.018
52726,1758.027,0.98,1,0.389712,0.504285,-0.770598,0.168284,0.51738,-0.839046,0.334,0.566,0.367,-0.202,-0.018
52727,1758.06,0.98,1,0.397681,0.49239,-0.774211,0.167994,0.513181,-0.841679,0.337,0.557,0.364,-0.209,-0.017
52728,1758.093,0.98,1,0.403978,0.500638,-0.765613,0.165396,0.514912,-0.841136,0.341,0.564,0.367,-0.217,-0.018
52729,1758.127,0.98,1,0.41889,0.496328,-0.760388,0.17081,0.52259,-0.835298,0.354,0.568,0.366,-0.217,-0.02
52730,1758.16,0.98,1,0.408992,0.488374,-0.770854,0.172783,0.518397,-0.837503,0.347,0.559,0.365,-0.221,-0.02
52731,1758.193,0.98,1,0.416682,0.471855,-0.777,0.174975,0.503203,-0.846269,0.35,0.541,0.365,-0.22,-0.021
52732,1758.227,0.98,1,0.416043,0.472414,-0.777003,0.175128,0.495367,-0.850848,0.348,0.536,0.369,-0.222,-0.021
52733,1758.26,0.98,1,0.415209,0.4723,-0.777518,0.176133,0.486051,-0.855997,0.347,0.531,0.37,-0.223,-0.021
52734,1758.293,0.98,1,0.432913,0.467388,-0.770801,0.176365,0.487723,-0.854998,0.359,0.531,0.368,-0.225,-0.021
52735,1758.327,0.98,1,0.420246,0.467786,-0.777541,0.179844,0.486955,-0.854711,0.352,0.529,0.37,-0.224,-0.02
52736,1758.36,0.98,1,0.429664,0.469167,-0.771539,0.177204,0.484697,-0.856544,0.357,0.53,0.371,-0.229,-0.02
52737,1758.393,0.98,1,0.435603,0.463364,-0.771715,0.182214,0.476556,-0.860054,0.362,0.523,0.37,-0.233,-0.016
52738,1758.427,0.98,1,0.433373,0.462603,-0.773425,0.184945,0.467008,-0.864696,0.361,0.516,0.365,-0.236,-0.016
52739,1758.46,0.98,1,0.437793,0.439803,-0.784162,0.197562,0.416089,-0.887603,0.363,0.473,0.36,-0.242,-0.013
52740,1758.493,0.98,1,0.443125,0.40516,-0.799678,0.191365,0.405175,-0.893987,0.358,0.446,0.356,-0.24,-0.01
52741,1758.527,0.98,1,0.444445,0.403337,-0.799867,0.199292,0.401559,-0.893887,0.363,0.444,0.351,-0.248,-0.006
52742,1758.56,0.98,1,0.445172,0.398188,-0.80204,0.198785,0.398091,-0.895549,0.363,0.439,0.341,-0.245,-0.005
52743,1758.593,0.98,1,0.439618,0.390358,-0.808923,0.195941,0.395691,-0.897238,0.357,0.432,0.336,-0.244,-0.002
52744,1758.627,0.98,1,0.446916,0.383113,-0.808388,0.20108,0.396427,-0.895775,0.363,0.429,0.331,-0.241,-0.001
52745,1758.66,0.98,1,0.447963,0.366852,-0.815321,0.205994,0.387938,-0.898371,0.365,0.415,0.328,-0.239,-0.001
52746,1758.693,0.98,1,0.44129,0.364869,-0.819838,0.197564,0.381157,-0.903154,0.355,0.409,0.326,-0.237,-0.001
52747,1758.727,0.98,1,0.44254,0.368498,-0.817537,0.197319,0.374692,-0.905909,0.355,0.407,0.323,-0.238,0.002
52748,1758.76,0.98,1,0.438939,0.364346,-0.821331,0.19938,0.372045,-0.906549,0.354,0.403,0.324,-0.237,0.003
52749,1758.793,0.98,1,0.435279,0.369884,-0.820803,0.200097,0.376488,-0.904554,0.353,0.408,0.325,-0.238,0.005
52750,1758.827,0.98,1,0.439404,0.370615,-0.818272,0.197662,0.376585,-0.905049,0.354,0.409,0.326,-0.238,0.006
52785,1759.994,0.93,1,0.497227,0.457577,-0.737149,0.201697,0.321193,-0.925286,0.398,0.438,0.208,-0.391,0.103
52786,1760.027,0.88,1,0.511971,0.542106,-0.666338,0.180637,0.376037,-0.908827,0.414,0.528,0.233,-0.416,0.092
52787,1760.061,0.88,1,0.541699,0.486619,-0.685393,0.185252,0.395868,-0.899428,0.43,0.508,0.247,-0.424,0.08
52788,1760.094,0.93,1,0.551123,0.413957,-0.724502,0.213019,0.399432,-0.891671,0.442,0.466,0.269,-0.455,0.088
52789,1760.127,0.93,1,0.563393,0.369672,-0.738872,0.188396,0.385813,-0.903136,0.429,0.431,0.28,-0.45,0.09
52790,1760.161,0.93,1,0.523319,0.39966,-0.752601,0.240644,0.416103,-0.876897,0.438,0.464,0.305,-0.447,0.103
52791,1760.194,0.93,1,0.518428,0.45734,-0.722546,0.239859,0.404723,-0.882421,0.441,0.493,0.32,-0.448,0.111
52792,1760.227,0.93,1,0.524128,0.472861,-0.708302,0.24524,0.361315,-0.899616,0.446,0.479,0.324,-0.455,0.115
52793,1760.261,0.93,1,0.504658,0.450493,-0.736462,0.224722,0.320761,-0.920116,0.415,0.436,0.328,-0.467,0.119
52794,1760.294,0.93,1,0.501116,0.432335,-0.749646,0.180755,0.331409,-0.926011,0.386,0.428,0.333,-0.467,0.12
52795,1760.327,0.93,1,0.489318,0.42368,-0.762275,0.156128,0.379832,-0.911785,0.368,0.448,0.344,-0.467,0.118
52796,1760.361,0.93,1,0.481714,0.446056,-0.754311,0.108289,0.422527,-0.899858,0.343,0.484,0.355,-0.449,0.107
52797,1760.394,0.93,1,0.472513,0.463735,-0.749454,0.128654,0.397777,-0.908417,0.348,0.479,0.369,-0.444,0.099
52798,1760.427,0.93,1,0.486298,0.46012,-0.742835,0.196076,0.399915,-0.895334,0.395,0.483,0.378,-0.448,0.096
52799,1760.461,0.93,1,0.486761,0.469001,-0.736955,0.258926,0.427713,-0.866036,0.435,0.51,0.386,-0.466,0.093
52800,1760.494,0.93,1,0.491028,0.476048,-0.729568,0.267539,0.42759,-0.863475,0.444,0.516,0.392,-0.472,0.092
52801,1760.527,0.93,1,0.49434,0.491982,-0.716646,0.261092,0.43648,-0.860997,0.447,0.532,0.393,-0.477,0.094
52802,1760.561,0.93,1,0.492088,0.476126,-0.728803,0.265467,0.427128,-0.864343,0.444,0.516,0.396,-0.481,0.093
52803,1760.594,0.93,1,0.477619,0.448258,-0.755609,0.265708,0.396296,-0.878834,0.427,0.477,0.39,-0.47,0.09
52804,1760.627,0.93,1,0.453209,0.396372,-0.79843,0.242555,0.371156,-0.896331,0.39,0.425,0.365,-0.448,0.097
52819,1761.127,0.93,1,0.291412,0.388398,-0.8742,0.119512,0.434509,-0.892703,0.229,0.436,0.318,-0.427,0.069
52820,1761.161,0.93,1,0.356208,0.468023,-0.808746,0.186236,0.422281,-0.887127,0.31,0.483,0.302,-0.415,0.05
52821,1761.194,0.93,1,0.260688,0.528865,-0.807678,0.198568,0.407227,-0.89148,0.264,0.504,0.241,-0.403,0.058
52822,1761.228,0.88,1,0.265423,0.498452,-0.825285,0.104766,0.272261,-0.956503,0.205,0.408,0.232,-0.381,0.049
52823,1761.261,0.93,1,0.271611,0.623651,-0.732998,0.026533,0.340057,-0.94003,0.176,0.523,0.248,-0.338,0.034
52884,1763.295,0.88,1,-0.33042,0.394647,-0.857366,-0.589057,0.351739,-0.727525,-0.526,0.44,0.2,0.654,-0.121
52885,1763.328,0.88,1,-0.33845,0.359733,-0.869508,-0.548671,0.464774,-0.694943,-0.516,0.485,0.194,0.651,-0.129
52886,1763.361,0.88,1,-0.346928,0.389762,-0.853069,-0.603757,0.390649,-0.694889,-0.551,0.467,0.21,0.652,-0.132
52887,1763.395,0.88,1,-0.294994,0.350295,-0.888972,-0.638065,0.338811,-0.691434,-0.533,0.411,0.211,0.654,-0.13
52903,1763.928,0.98,1,-0.19899,0.267568,-0.942768,-0.555736,0.406714,-0.72508,-0.425,0.384,0.181,0.516,-0.062
52904,1763.962,0.77,1,-0.19623,0.392607,-0.898529,-0.366251,0.400899,-0.839726,-0.313,0.428,0.18,0.514,-0.039
52905,1763.995,0.93,1,0.032949,0.453275,-0.890761,-0.216427,0.510734,-0.832052,-0.106,0.51,0.152,0.158,-0.105
52906,1764.028,0.88,1,-0.041166,0.471875,-0.880704,-0.258629,0.471491,-0.843094,-0.172,0.501,0.209,0.215,-0.096
52907,1764.062,0.98,1,0.237873,0.520868,-0.819825,0.083383,0.433028,-0.897515,0.185,0.507,0.162,-0.118,-0.004
52908,1764.095,0.98,1,0.062966,0.486489,-0.871415,-0.004422,0.426445,-0.904503,0.033,0.475,0.119,-0.12,0.013
52909,1764.128,0.98,1,0.427326,0.565047,-0.705772,0.127005,0.402858,-0.906408,0.331,0.541,0.189,-0.306,0.043
52910,1764.162,0.88,1,0.478747,0.548972,-0.68515,0.126875,0.357957,-0.925078,0.36,0.513,0.227,-0.366,0.079
52911,1764.195,0.88,1,0.467224,0.537232,-0.702199,0.154471,0.364829,-0.918171,0.366,0.508,0.268,-0.411,0.092
52912,1764.228,0.88,1,0.459028,0.540029,-0.705451,0.190342,0.399348,-0.896823,0.385,0.53,0.292,-0.438,0.109
52913,1764.262,0.88,1,0.41079,0.564887,-0.715649,0.142871,0.454955,-0.878979,0.334,0.569,0.328,-0.456,0.129
52914,1764.295,0.88,1,0.403342,0.591535,-0.698142,0.134888,0.481021,-0.86627,0.331,0.601,0.35,-0.454,0.153
52915,1764.328,0.88,1,0.410795,0.597572,-0.68859,0.145713,0.485999,-0.861727,0.345,0.61,0.37,-0.458,0.168
52916,1764.362,0.88,1,0.41818,0.616331,-0.667279,0.135251,0.503796,-0.853169,0.349,0.635,0.377,-0.466,0.176
52917,1764.395,0.88,1,0.413781,0.641455,-0.646003,0.134584,0.509102,-0.850119,0.351,0.656,0.387,-0.449,0.183
52918,1764.428,0.88,1,0.410813,0.654813,-0.634392,0.114617,0.506406,-0.854644,0.339,0.662,0.4,-0.431,0.192
52919,1764.462,0.88,1,0.39095,0.666107,-0.635185,0.115446,0.514167,-0.849885,0.329,0.672,0.418,-0.415,0.195
52920,1764.495,0.88,1,0.387786,0.66317,-0.640178,0.116079,0.519786,-0.846374,0.327,0.672,0.429,-0.415,0.198
52921,1764.529,0.88,1,0.388116,0.668327,-0.63459,0.113072,0.521017,-0.846024,0.326,0.677,0.435,-0.419,0.202
52922,1764.562,0.88,1,0.399813,0.664796,-0.631027,0.092447,0.510474,-0.854909,0.32,0.669,0.43,-0.416,0.202
52923,1764.595,0.88,1,0.394927,0.671414,-0.627085,0.089083,0.526459,-0.845521,0.318,0.683,0.437,-0.411,0.204
52924,1764.629,0.88,1,0.398669,0.667925,-0.628442,0.093323,0.524215,-0.846457,0.322,0.68,0.439,-0.411,0.203
52925,1764.662,0.88,1,0.396612,0.667644,-0.63004,0.096078,0.527576,-0.844057,0.323,0.681,0.445,-0.412,0.202
52926,1764.695,0.88,1,0.400024,0.674992,-0.619972,0.093373,0.526581,-0.844981,0.325,0.687,0.448,-0.409,0.201
52927,1764.729,0.88,1,0.395064,0.680982,-0.616594,0.073445,0.537591,-0.840001,0.311,0.697,0.456,-0.402,0.203
52928,1764.762,0.88,1,0.372414,0.672385,-0.639692,0.059676,0.536447,-0.841821,0.284,0.684,0.454,-0.401,0.202
52929,1764.795,0.88,1,0.369556,0.673886,-0.639771,0.088392,0.541485,-0.836051,0.301,0.689,0.466,-0.4,0.199
52930,1764.829,0.88,1,0.369942,0.670258,-0.643349,0.105385,0.54332,-0.832885,0.312,0.688,0.465,-0.404,0.195
52931,1764.862,0.88,1,0.364294,0.656176,-0.66085,0.1015,0.535565,-0.838372,0.301,0.672,0.459,-0.405,0.192
52932,1764.895,0.88,1,0.373851,0.658973,-0.652679,0.082115,0.540439,-0.837367,0.297,0.678,0.461,-0.409,0.195
52933,1764.929,0.88,1,0.376281,0.655715,-0.654562,0.090638,0.565458,-0.819782,0.307,0.692,0.48,-0.422,0.202
52934,1764.962,0.88,1,0.398133,0.638088,-0.659039,0.147222,0.568408,-0.809468,0.356,0.688,0.484,-0.451,0.211
52935,1764.995,0.88,1,0.418924,0.624387,-0.659275,0.167109,0.555507,-0.814547,0.378,0.675,0.485,-0.45,0.211
52936,1765.029,0.88,1,0.423394,0.613151,-0.666921,0.169643,0.549186,-0.818301,0.38,0.664,0.469,-0.457,0.207
52937,1765.062,0.88,1,0.42536,0.605295,-0.67282,0.17361,0.544127,-0.820844,0.381,0.656,0.464,-0.448,0.204
52938,1765.095,0.88,1,0.436708,0.599779,-0.670486,0.192031,0.543045,-0.817451,0.4,0.655,0.464,-0.452,0.198
52939,1765.129,0.88,1,0.431102,0.59276,-0.680284,0.192961,0.543084,-0.817206,0.395,0.649,0.464,-0.47,0.193
52940,1765.162,0.88,1,0.434319,0.596147,-0.67526,0.192227,0.551031,-0.812043,0.399,0.657,0.462,-0.465,0.187
52941,1765.195,0.88,1,0.435717,0.592362,-0.677685,0.19726,0.553554,-0.809114,0.402,0.657,0.46,-0.461,0.184
52942,1765.229,0.88,1,0.445377,0.592837,-0.670957,0.209126,0.550454,-0.808249,0.417,0.658,0.461,-0.462,0.185
52943,1765.262,0.88,1,0.440442,0.580435,-0.684913,0.202068,0.539988,-0.817057,0.404,0.641,0.454,-0.455,0.18
52944,1765.295,0.88,1,0.44439,0.57864,-0.683881,0.181446,0.537969,-0.823205,0.394,0.638,0.458,-0.452,0.178
52945,1765.329,0.98,1,0.44043,0.587679,-0.678715,0.17986,0.542091,-0.820846,0.392,0.646,0.463,-0.447,0.174
52946,1765.362,0.88,1,0.435747,0.591187,-0.678692,0.171989,0.541808,-0.822717,0.385,0.646,0.463,-0.463,0.172
52947,1765.395,0.88,1,0.450722,0.587008,-0.672511,0.184895,0.533908,-0.82508,0.401,0.643,0.468,-0.46,0.159
52948,1765.429,0.88,1,0.465011,0.564844,-0.681701,0.212274,0.518807,-0.828118,0.422,0.623,0.468,-0.458,0.143
52949,1765.462,0.88,1,0.455331,0.571873,-0.682375,0.203346,0.536162,-0.819256,0.413,0.636,0.478,-0.445,0.137
52950,1765.495,0.88,1,0.456481,0.575953,-0.678162,0.192044,0.554224,-0.809911,0.411,0.65,0.485,-0.445,0.146
52951,1765.529,0.88,1,0.470873,0.582999,-0.66211,0.231092,0.545299,-0.805758,0.446,0.655,0.485,-0.459,0.149
52952,1765.562,0.88,1,0.468617,0.588175,-0.659127,0.231795,0.542719,-0.807297,0.446,0.657,0.488,-0.454,0.146
52953,1765.595,0.88,1,0.479775,0.580277,-0.658099,0.247055,0.535162,-0.807815,0.46,0.65,0.484,-0.458,0.139
52954,1765.629,0.88,1,0.468851,0.584764,-0.66199,0.247728,0.531584,-0.809969,0.453,0.649,0.48,-0.456,0.134
52955,1765.662,0.88,1,0.48418,0.578455,-0.656475,0.265178,0.525684,-0.808293,0.473,0.646,0.487,-0.454,0.129
52956,1765.696,0.88,1,0.487721,0.577727,-0.654492,0.269038,0.535451,-0.800569,0.48,0.653,0.484,-0.448,0.121
52957,1765.729,0.88,1,0.49537,0.570348,-0.655218,0.266039,0.516431,-0.813955,0.478,0.637,0.481,-0.453,0.12
52958,1765.762,0.88,1,0.496765,0.570163,-0.654323,0.255216,0.524637,-0.812171,0.474,0.641,0.478,-0.457,0.118
52959,1765.796,0.93,1,0.483842,0.571643,-0.662662,0.251663,0.522858,-0.814423,0.462,0.638,0.477,-0.438,0.112
52960,1765.829,0.88,1,0.500899,0.583745,-0.639017,0.254592,0.527334,-0.810618,0.48,0.654,0.479,-0.451,0.111
52961,1765.862,0.93,1,0.507241,0.585443,-0.632427,0.25598,0.529252,-0.80893,0.487,0.658,0.482,-0.455,0.11
52962,1765.896,0.88,1,0.503918,0.586516,-0.634086,0.247956,0.555278,-0.793841,0.485,0.675,0.485,-0.445,0.109
52963,1765.929,0.98,1,0.490087,0.592522,-0.639321,0.226333,0.536423,-0.813034,0.458,0.661,0.477,-0.437,0.111
52964,1765.962,0.98,1,0.501975,0.586705,-0.635451,0.249835,0.532728,-0.808568,0.48,0.659,0.481,-0.447,0.109
52965,1765.996,0.88,1,0.494832,0.58115,-0.64607,0.250346,0.537457,-0.805275,0.474,0.657,0.476,-0.449,0.101
52966,1766.029,0.93,1,0.497873,0.578585,-0.646036,0.238439,0.522787,-0.818438,0.466,0.645,0.47,-0.453,0.096
52967,1766.062,0.93,1,0.491665,0.582879,-0.646929,0.231767,0.526829,-0.817762,0.459,0.648,0.471,-0.448,0.098
52968,1766.096,0.93,1,0.503434,0.57445,-0.645416,0.246194,0.522655,-0.816223,0.474,0.644,0.465,-0.453,0.094
52969,1766.129,0.93,1,0.502048,0.577493,-0.643777,0.266338,0.533611,-0.802697,0.488,0.655,0.476,-0.44,0.089
52970,1766.162,0.93,1,0.501729,0.580127,-0.641654,0.264207,0.52574,-0.808574,0.486,0.651,0.471,-0.44,0.09
52971,1766.196,0.93,1,0.511156,0.580077,-0.634216,0.228934,0.518439,-0.8239,0.47,0.646,0.46,-0.436,0.088
52972,1766.229,0.93,1,0.505346,0.572193,-0.645926,0.248341,0.514283,-0.820878,0.475,0.638,0.453,-0.445,0.093
52973,1766.262,0.88,1,0.520983,0.574096,-0.631657,0.245864,0.514433,-0.821529,0.486,0.643,0.463,-0.438,0.086
52974,1766.296,0.93,1,0.515993,0.572631,-0.63706,0.270902,0.529579,-0.80384,0.5,0.653,0.453,-0.445,0.088
52975,1766.329,0.88,1,0.522804,0.575695,-0.62869,0.283906,0.534197,-0.79626,0.515,0.662,0.461,-0.441,0.086
52976,1766.362,0.88,1,0.51642,0.580402,-0.629637,0.254515,0.534716,-0.805792,0.493,0.66,0.463,-0.439,0.087
52977,1766.396,0.88,1,0.507189,0.580887,-0.636655,0.248747,0.532217,-0.80924,0.482,0.656,0.469,-0.421,0.081
52978,1766.429,0.98,1,0.502021,0.579529,-0.641967,0.273249,0.542811,-0.794161,0.495,0.663,0.469,-0.43,0.08
52979,1766.462,0.88,1,0.508199,0.576329,-0.639984,0.276923,0.538347,-0.795925,0.5,0.66,0.463,-0.437,0.082
52980,1766.496,0.88,1,0.516238,0.577795,-0.63218,0.279979,0.537975,-0.795107,0.509,0.664,0.461,-0.441,0.082
52981,1766.529,0.93,1,0.502202,0.570811,-0.64959,0.283959,0.52919,-0.799579,0.497,0.649,0.456,-0.449,0.084
52982,1766.562,0.88,1,0.51355,0.564498,-0.646226,0.284032,0.525694,-0.801855,0.503,0.645,0.452,-0.452,0.086
52983,1766.596,0.93,1,0.519522,0.564533,-0.641404,0.29146,0.52763,-0.797908,0.513,0.649,0.451,-0.464,0.088
52984,1766.629,0.88,1,0.527356,0.559096,-0.639771,0.291169,0.523661,-0.800625,0.517,0.645,0.447,-0.466,0.085
52985,1766.662,0.88,1,0.527672,0.561997,-0.636963,0.28751,0.520806,-0.803803,0.515,0.644,0.442,-0.463,0.088
52986,1766.696,0.88,1,0.525077,0.567119,-0.634563,0.291524,0.518436,-0.803889,0.516,0.646,0.451,-0.456,0.095
52987,1766.729,0.88,1,0.524645,0.568897,-0.633327,0.291041,0.51993,-0.803099,0.516,0.649,0.45,-0.46,0.095
52988,1766.763,0.88,1,0.528487,0.559715,-0.638295,0.280441,0.513322,-0.811081,0.509,0.637,0.443,-0.461,0.099
52989,1766.796,0.88,1,0.518428,0.558093,-0.647893,0.281954,0.508333,-0.813695,0.501,0.63,0.44,-0.461,0.102
52990,1766.829,0.88,1,0.520372,0.556819,-0.64743,0.290964,0.498428,-0.816646,0.506,0.625,0.441,-0.466,0.103
52991,1766.863,0.88,1,0.519292,0.541968,-0.660762,0.289979,0.508625,-0.810687,0.503,0.62,0.446,-0.467,0.107
52992,1766.896,0.88,1,0.519935,0.549702,-0.653831,0.290418,0.503545,-0.813695,0.505,0.623,0.446,-0.47,0.112
52993,1766.929,0.88,1,0.515108,0.5407,-0.665061,0.2835,0.517212,-0.807539,0.497,0.623,0.449,-0.466,0.115
52994,1766.963,0.88,1,0.526301,0.529634,-0.665203,0.297775,0.503532,-0.81104,0.509,0.611,0.436,-0.466,0.113
52995,1766.996,0.88,1,0.515854,0.526145,-0.676067,0.296307,0.489088,-0.820363,0.497,0.596,0.429,-0.471,0.116
52996,1767.029,0.88,1,0.51575,0.528906,-0.673988,0.284857,0.493481,-0.821786,0.491,0.6,0.433,-0.465,0.116
52997,1767.063,0.88,1,0.508328,0.528815,-0.679674,0.27964,0.487055,-0.827393,0.482,0.593,0.431,-0.462,0.117
52998,1767.096,0.88,1,0.509022,0.527503,-0.680175,0.281283,0.485716,-0.827623,0.483,0.592,0.431,-0.461,0.116
52999,1767.129,0.88,1,0.500542,0.527448,-0.686481,0.281948,0.479821,-0.830829,0.476,0.586,0.427,-0.471,0.117
53000,1767.163,0.88,1,0.50854,0.52778,-0.68032,0.283511,0.480086,-0.830144,0.483,0.588,0.43,-0.469,0.117
53001,1767.196,0.88,1,0.528202,0.527688,-0.665243,0.302896,0.471349,-0.828302,0.508,0.59,0.431,-0.481,0.119
53002,1767.229,0.88,1,0.522994,0.529537,-0.667883,0.299619,0.498457,-0.813492,0.507,0.607,0.428,-0.47,0.119
53003,1767.263,0.88,1,0.522387,0.513855,-0.680489,0.293174,0.459686,-0.838295,0.493,0.57,0.423,-0.465,0.115
53004,1767.296,0.88,1,0.521813,0.511443,-0.682742,0.300164,0.462214,-0.834422,0.497,0.571,0.42,-0.462,0.113
53005,1767.329,0.88,1,0.518613,0.517245,-0.680807,0.293066,0.457743,-0.839395,0.49,0.57,0.418,-0.459,0.115
53006,1767.363,0.88,1,0.521539,0.513621,-0.681316,0.293515,0.453977,-0.841281,0.491,0.566,0.415,-0.464,0.116
53007,1767.396,0.88,1,0.523203,0.51517,-0.678865,0.293538,0.461312,-0.837274,0.494,0.572,0.407,-0.473,0.116
53008,1767.429,0.88,1,0.516476,0.519712,-0.680553,0.282933,0.467054,-0.837741,0.485,0.576,0.405,-0.472,0.114
53009,1767.463,0.98,1,0.508382,0.52201,-0.684875,0.28243,0.480895,-0.830044,0.481,0.585,0.399,-0.474,0.113
53010,1767.496,0.98,1,0.510734,0.519905,-0.684726,0.286837,0.47384,-0.832587,0.484,0.58,0.397,-0.478,0.114
53011,1767.529,0.88,1,0.511863,0.520014,-0.6838,0.291505,0.450408,-0.843894,0.484,0.566,0.39,-0.471,0.111
53012,1767.563,0.98,1,0.508013,0.518355,-0.687918,0.287218,0.446956,-0.847193,0.478,0.561,0.383,-0.467,0.107
53013,1767.596,0.88,1,0.509255,0.523791,-0.682863,0.280347,0.452298,-0.846659,0.477,0.568,0.387,-0.472,0.107
53014,1767.629,0.88,1,0.511491,0.511031,-0.690814,0.277696,0.442806,-0.85253,0.473,0.554,0.382,-0.464,0.1
53015,1767.663,0.88,1,0.508229,0.511662,-0.692752,0.273022,0.435727,-0.857672,0.467,0.549,0.375,-0.453,0.094
53016,1767.696,0.88,1,0.492924,0.531691,-0.688717,0.271057,0.429826,-0.861265,0.458,0.555,0.383,-0.446,0.088
53017,1767.729,0.88,1,0.494266,0.532732,-0.686948,0.257233,0.380441,-0.888311,0.445,0.525,0.394,-0.437,0.084
53018,1767.763,0.88,1,0.486179,0.538849,-0.687947,0.260339,0.39195,-0.882383,0.444,0.535,0.396,-0.437,0.08
53019,1767.796,0.88,1,0.475993,0.55032,-0.685987,0.265826,0.407817,-0.873511,0.444,0.551,0.401,-0.439,0.082
53020,1767.829,0.88,1,0.464699,0.568239,-0.679087,0.24445,0.446648,-0.860668,0.432,0.583,0.406,-0.441,0.091
53021,1767.863,0.88,1,0.455187,0.568144,-0.685578,0.205305,0.495471,-0.844013,0.408,0.608,0.408,-0.443,0.099
53022,1767.896,0.88,1,0.461205,0.569622,-0.68031,0.219384,0.511612,-0.830737,0.423,0.621,0.416,-0.457,0.103
53023,1767.93,0.88,1,0.448388,0.570021,-0.688494,0.218305,0.513478,-0.82987,0.414,0.62,0.42,-0.438,0.1
53024,1767.963,0.88,1,0.460914,0.572194,-0.678345,0.226201,0.529006,-0.817915,0.43,0.634,0.408,-0.454,0.097
53025,1767.996,0.88,1,0.475898,0.561119,-0.67725,0.228481,0.494399,-0.838669,0.435,0.608,0.39,-0.457,0.092
53026,1768.03,0.88,1,0.466389,0.562827,-0.682427,0.235336,0.500965,-0.832857,0.434,0.612,0.388,-0.448,0.087
53027,1768.063,0.88,1,0.468545,0.565424,-0.678794,0.234321,0.506305,-0.829909,0.436,0.618,0.386,-0.448,0.09
53028,1768.096,0.88,1,0.467512,0.565726,-0.679254,0.233333,0.484237,-0.84325,0.431,0.604,0.385,-0.441,0.091
53029,1768.13,0.88,1,0.463142,0.561758,-0.685513,0.23459,0.482781,-0.843736,0.428,0.599,0.38,-0.436,0.09
53030,1768.163,0.88,1,0.4562,0.566212,-0.686503,0.231679,0.480462,-0.845861,0.422,0.599,0.377,-0.431,0.091
53031,1768.196,0.88,1,0.459802,0.574318,-0.677305,0.213591,0.488874,-0.845802,0.416,0.609,0.379,-0.426,0.092
53032,1768.23,0.88,1,0.442491,0.588817,-0.676385,0.205566,0.475096,-0.855585,0.4,0.607,0.384,-0.425,0.097
53033,1768.263,0.88,1,0.426948,0.606927,-0.67034,0.186494,0.494201,-0.849109,0.384,0.627,0.407,-0.428,0.11
53034,1768.296,0.88,1,0.447713,0.604439,-0.658943,0.195263,0.47729,-0.856777,0.401,0.62,0.412,-0.433,0.119
53035,1768.33,0.88,1,0.455447,0.592391,-0.664561,0.193334,0.4489,-0.872416,0.399,0.595,0.399,-0.443,0.121
53036,1768.363,0.88,1,0.461894,0.58145,-0.669754,0.207639,0.455758,-0.865546,0.411,0.594,0.391,-0.455,0.116
53037,1768.396,0.88,1,0.443227,0.582032,-0.681754,0.193733,0.540727,-0.818585,0.401,0.642,0.386,-0.448,0.113
53038,1768.43,0.88,1,0.458711,0.579467,-0.673648,0.175571,0.562596,-0.807874,0.405,0.657,0.391,-0.447,0.11
53039,1768.463,0.88,1,0.453151,0.57795,-0.678696,0.176653,0.568746,-0.803319,0.402,0.659,0.393,-0.444,0.106
53040,1768.496,0.88,1,0.435194,0.565273,-0.700766,0.176564,0.561004,-0.808765,0.385,0.641,0.392,-0.459,0.107
53041,1768.53,0.88,1,0.445692,0.578153,-0.683446,0.200959,0.550465,-0.810311,0.409,0.647,0.387,-0.465,0.11
53042,1768.563,0.88,1,0.447888,0.574324,-0.685236,0.201425,0.558212,-0.804877,0.411,0.65,0.387,-0.467,0.107
53043,1768.596,0.88,1,0.460607,0.576392,-0.674991,0.217161,0.559191,-0.800092,0.431,0.656,0.39,-0.475,0.107
53044,1768.63,0.88,1,0.477631,0.560373,-0.676647,0.230377,0.547781,-0.804278,0.446,0.642,0.394,-0.467,0.106
53045,1768.663,0.88,1,0.454675,0.541917,-0.706822,0.238672,0.546547,-0.802697,0.431,0.625,0.402,-0.467,0.107
53046,1768.696,0.88,1,0.466742,0.569874,-0.67631,0.22835,0.547693,-0.804916,0.439,0.646,0.396,-0.451,0.107
53047,1768.73,0.88,1,0.463627,0.553971,-0.691495,0.228587,0.551372,-0.802332,0.434,0.637,0.403,-0.444,0.103
53048,1768.763,0.88,1,0.432792,0.570405,-0.698089,0.222021,0.572105,-0.789558,0.415,0.655,0.401,-0.456,0.102
53049,1768.796,0.88,1,0.471156,0.556118,-0.68465,0.246213,0.530275,-0.811287,0.447,0.628,0.385,-0.48,0.102
53050,1768.83,0.88,1,0.468202,0.546732,-0.69417,0.229249,0.536824,-0.811951,0.434,0.624,0.382,-0.48,0.092
53051,1768.863,0.98,1,0.426918,0.519699,-0.740036,0.195144,0.574325,-0.795028,0.385,0.619,0.378,-0.471,0.082
53052,1768.896,0.98,1,0.394973,0.553463,-0.733264,0.174453,0.478748,-0.860445,0.343,0.575,0.375,-0.423,0.083
53053,1768.93,0.98,1,0.318351,0.550835,-0.771513,0.094552,0.524081,-0.846404,0.25,0.586,0.406,-0.418,0.085
53054,1768.963,0.98,1,0.230948,0.606767,-0.76059,0.057433,0.585448,-0.808673,0.182,0.65,0.413,-0.32,0.097
53055,1768.997,0.98,1,0.252411,0.701866,-0.666088,0.112681,0.491209,-0.863722,0.234,0.662,0.44,-0.252,0.111
53101,1770.53,0.98,1,0.005012,0.623266,-0.781994,-0.266463,0.597659,-0.756175,-0.168,0.671,0.29,0.049,0.131
53102,1770.564,0.98,1,0.089754,0.583527,-0.807118,-0.143496,0.483564,-0.863467,-0.032,0.568,0.283,-0.033,0.129
53103,1770.597,0.98,1,0.068535,0.594946,-0.800838,-0.067884,0.517789,-0.852811,0.0,0.592,0.276,-0.093,0.132
53104,1770.63,0.98,1,0.205539,0.569267,-0.796046,0.06617,0.388477,-0.919079,0.157,0.509,0.281,-0.156,0.126
53105,1770.664,0.98,1,0.446161,0.563648,-0.695156,0.093356,0.470494,-0.877451,0.33,0.582,0.314,-0.246,0.126
53106,1770.697,0.88,1,0.452415,0.603889,-0.656231,0.082821,0.477618,-0.874655,0.336,0.615,0.357,-0.32,0.133
53107,1770.73,0.88,1,0.452204,0.592959,-0.666267,-0.023776,0.365669,-0.930441,0.262,0.541,0.356,-0.37,0.14
53108,1770.764,0.88,1,0.504541,0.565489,-0.652427,0.115879,0.46415,-0.878144,0.385,0.592,0.347,-0.471,0.133
53109,1770.797,0.88,1,0.498057,0.548991,-0.671229,0.169052,0.459388,-0.872,0.408,0.579,0.344,-0.49,0.123
53110,1770.83,0.93,1,0.48562,0.534271,-0.691902,0.170332,0.447569,-0.877878,0.396,0.559,0.339,-0.476,0.116
53111,1770.864,0.93,1,0.505643,0.504848,-0.69961,0.178541,0.454067,-0.872895,0.41,0.548,0.354,-0.494,0.119
53112,1770.897,0.93,1,0.513216,0.511024,-0.689539,0.164056,0.431675,-0.886985,0.406,0.539,0.353,-0.493,0.124
53113,1770.93,0.93,1,0.509505,0.502178,-0.698728,0.179101,0.426087,-0.886776,0.41,0.53,0.351,-0.495,0.128
53114,1770.964,0.93,1,0.506132,0.517702,-0.689794,0.128186,0.406433,-0.904644,0.379,0.525,0.355,-0.478,0.133
53115,1770.997,0.93,1,0.500687,0.534064,-0.68124,0.086467,0.398364,-0.913143,0.353,0.529,0.351,-0.47,0.136
53116,1771.03,0.93,1,0.501069,0.533712,-0.681235,0.078767,0.390883,-0.917064,0.348,0.524,0.351,-0.466,0.139
53117,1771.064,0.93,1,0.497758,0.535624,-0.682161,0.068728,0.348952,-0.934617,0.337,0.501,0.35,-0.465,0.144
53118,1771.097,0.93,1,0.446813,0.546979,-0.707935,0.07116,0.387308,-0.9192,0.308,0.521,0.363,-0.471,0.147
53119,1771.13,0.93,1,0.44561,0.55142,-0.705244,0.068918,0.360374,-0.930259,0.305,0.509,0.363,-0.472,0.149
53120,1771.164,0.93,1,0.462229,0.557694,-0.689435,0.098734,0.429665,-0.897574,0.34,0.557,0.369,-0.469,0.147
53121,1771.197,0.93,1,0.461637,0.549353,-0.696493,0.084309,0.413283,-0.906691,0.328,0.541,0.37,-0.46,0.148
53122,1771.231,0.93,1,0.453952,0.543834,-0.705814,0.090416,0.382506,-0.919518,0.323,0.518,0.373,-0.461,0.154
53123,1771.264,0.93,1,0.467675,0.537125,-0.701981,0.1117,0.39272,-0.912849,0.344,0.522,0.37,-0.46,0.153
53124,1771.297,0.93,1,0.46192,0.523494,-0.71595,0.113488,0.359559,-0.926195,0.337,0.493,0.368,-0.458,0.154
53125,1771.331,0.93,1,0.456621,0.510884,-0.728351,0.141511,0.345688,-0.927618,0.347,0.477,0.37,-0.466,0.157
53126,1771.364,0.93,1,0.451665,0.502763,-0.73704,0.145196,0.322515,-0.935362,0.343,0.458,0.375,-0.468,0.157
53127,1771.397,0.93,1,0.450618,0.51958,-0.725934,0.125782,0.316552,-0.940199,0.333,0.465,0.365,-0.448,0.154
53128,1771.431,0.93,1,0.434143,0.557378,-0.707708,0.102236,0.384315,-0.917524,0.319,0.525,0.373,-0.438,0.147
53129,1771.464,0.93,1,0.299462,0.534847,-0.790102,0.067539,0.412394,-0.908499,0.213,0.509,0.368,-0.404,0.133
53130,1771.497,0.98,1,0.177696,0.496406,-0.849709,0.004891,0.468319,-0.883546,0.105,0.508,0.383,-0.265,0.115
53131,1771.531,0.98,1,0.045701,0.38479,-0.921872,-0.083314,0.477191,-0.874842,-0.021,0.447,0.418,-0.175,0.111
53132,1771.564,0.98,1,-0.024516,0.312416,-0.949629,-0.128359,0.515573,-0.847177,-0.085,0.432,0.419,-0.089,0.104
53133,1771.597,0.98,1,-0.061378,0.233185,-0.970494,-0.16392,0.496865,-0.852206,-0.123,0.381,0.388,0.008,0.098
53134,1771.631,0.98,1,-0.048551,0.241029,-0.969303,-0.175797,0.505972,-0.844445,-0.123,0.391,0.362,0.063,0.104
53135,1771.664,0.98,1,-0.063277,0.277815,-0.958548,-0.186467,0.496862,-0.84756,-0.137,0.405,0.343,0.089,0.11
53136,1771.697,0.98,1,-0.080232,0.259878,-0.962303,-0.222308,0.480632,-0.848276,-0.166,0.388,0.329,0.107,0.113
53137,1771.731,0.98,1,-0.132895,0.273061,-0.952773,-0.245196,0.492494,-0.835062,-0.208,0.405,0.326,0.126,0.108
53138,1771.764,0.98,1,-0.187012,0.262222,-0.946713,-0.284823,0.50781,-0.813022,-0.262,0.412,0.328,0.151,0.094
53139,1771.797,0.98,1,-0.198115,0.267056,-0.943097,-0.312541,0.518452,-0.795943,-0.286,0.424,0.328,0.175,0.081
53140,1771.831,0.98,1,-0.206639,0.277925,-0.938114,-0.33994,0.524574,-0.780553,-0.308,0.437,0.337,0.208,0.074
53141,1771.864,0.98,1,-0.21103,0.28331,-0.935522,-0.360561,0.528819,-0.76834,-0.324,0.445,0.344,0.23,0.07
53142,1771.897,0.98,1,-0.216988,0.291147,-0.931745,-0.366933,0.537078,-0.759544,-0.332,0.455,0.35,0.249,0.061
53143,1771.931,0.98,1,-0.270612,0.306961,-0.912439,-0.389388,0.565714,-0.726874,-0.383,0.489,0.354,0.276,0.051
53144,1771.964,0.98,1,-0.363081,0.345272,-0.865424,-0.408495,0.560929,-0.720062,-0.453,0.519,0.355,0.3,0.039
53145,1771.997,0.98,1,-0.360085,0.341596,-0.86813,-0.406684,0.556088,-0.724827,-0.449,0.513,0.35,0.325,0.032
53146,1772.031,0.98,1,-0.355015,0.373234,-0.857123,-0.399247,0.555948,-0.729056,-0.444,0.53,0.347,0.339,0.025
53147,1772.064,0.98,1,-0.34195,0.36462,-0.866096,-0.420781,0.561341,-0.712628,-0.45,0.53,0.355,0.369,0.015
53148,1772.097,0.98,1,-0.326962,0.365803,-0.871369,-0.419796,0.567379,-0.708415,-0.442,0.534,0.358,0.386,0.007
53149,1772.131,0.98,1,-0.325403,0.363195,-0.873042,-0.413076,0.572726,-0.708063,-0.437,0.534,0.354,0.393,0.003
53150,1772.164,0.98,1,-0.352838,0.353062,-0.866517,-0.425598,0.573055,-0.700339,-0.461,0.534,0.361,0.413,-0.004
53151,1772.197,0.98,1,-0.329784,0.378426,-0.864891,-0.441672,0.557519,-0.702921,-0.457,0.538,0.357,0.413,-0.008
53152,1772.231,0.98,1,-0.312398,0.388941,-0.866679,-0.463956,0.530403,-0.70952,-0.458,0.528,0.359,0.408,-0.013
53153,1772.264,0.98,1,-0.3059,0.363091,-0.880108,-0.423149,0.505474,-0.751958,-0.42,0.489,0.368,0.401,-0.022
53154,1772.298,0.98,1,-0.207364,0.316015,-0.925816,-0.310969,0.533986,-0.78623,-0.294,0.461,0.373,0.343,-0.027
53155,1772.331,0.98,1,-0.116757,0.285833,-0.95114,-0.176837,0.447983,-0.876379,-0.159,0.382,0.363,0.232,-0.017
53156,1772.364,0.98,1,-0.048094,0.286439,-0.956891,-0.15045,0.404118,-0.902249,-0.106,0.356,0.358,0.158,-0.003
53159,1772.464,0.98,1,0.486351,0.425638,-0.763082,0.178467,0.436533,-0.88181,0.384,0.483,0.289,-0.217,0.003
53160,1772.498,0.98,1,0.512401,0.457452,-0.726762,0.1981,0.424055,-0.883705,0.415,0.501,0.291,-0.27,-0.013
53161,1772.531,0.98,1,0.527423,0.445776,-0.723262,0.230896,0.396514,-0.888518,0.44,0.482,0.28,-0.301,-0.019
53162,1772.564,0.98,1,0.518646,0.434573,-0.73631,0.245889,0.379776,-0.891801,0.439,0.464,0.277,-0.315,-0.02
53163,1772.598,0.98,1,0.524435,0.418278,-0.741628,0.246009,0.385726,-0.88921,0.441,0.458,0.271,-0.322,-0.021
53164,1772.631,0.98,1,0.50557,0.415639,-0.756071,0.234721,0.395077,-0.888155,0.423,0.458,0.27,-0.315,-0.018
53165,1772.664,0.98,1,0.502769,0.422729,-0.754005,0.235571,0.391604,-0.889468,0.422,0.46,0.274,-0.309,-0.01
53166,1772.698,0.98,1,0.510058,0.411378,-0.755387,0.247682,0.375659,-0.893048,0.431,0.445,0.268,-0.309,-0.005
53167,1772.731,0.98,1,0.506484,0.378954,-0.774511,0.243654,0.370542,-0.896288,0.422,0.422,0.266,-0.304,-0.002
53218,1774.431,0.98,1,-0.396801,0.219697,-0.891225,-0.645072,0.414275,-0.642073,-0.597,0.392,0.175,0.567,0.158
53219,1774.465,0.98,1,-0.362839,0.244883,-0.8991,-0.621782,0.427795,-0.656032,-0.564,0.408,0.193,0.54,0.142
53220,1774.498,0.98,1,-0.339771,0.252897,-0.905869,-0.604807,0.427761,-0.671736,-0.539,0.407,0.203,0.535,0.129
53221,1774.532,0.98,1,-0.351478,0.252244,-0.901574,-0.606352,0.418112,-0.676402,-0.546,0.402,0.202,0.524,0.13
53222,1774.565,0.98,1,-0.368211,0.241351,-0.89787,-0.608239,0.406278,-0.681897,-0.554,0.389,0.204,0.52,0.135
53223,1774.598,0.98,1,-0.364275,0.237616,-0.900468,-0.593384,0.405694,-0.695203,-0.541,0.383,0.205,0.509,0.142
53224,1774.632,0.98,1,-0.327637,0.38495,-0.862826,-0.579341,0.421943,-0.697372,-0.527,0.477,0.206,0.5,0.149
53225,1774.665,0.98,1,-0.265655,0.511229,-0.817357,-0.604262,0.430071,-0.67075,-0.529,0.564,0.228,0.514,0.153
53226,1774.698,0.98,1,-0.323519,0.451428,-0.831594,-0.605686,0.472221,-0.640431,-0.563,0.56,0.249,0.486,0.161
53227,1774.732,0.98,1,-0.330034,0.443702,-0.833191,-0.622615,0.493033,-0.607675,-0.584,0.576,0.257,0.464,0.172
53228,1774.765,0.88,1,-0.245784,0.545216,-0.801454,-0.604087,0.548377,-0.57824,-0.552,0.67,0.259,0.444,0.171
53229,1774.798,0.98,1,-0.005877,0.565811,-0.824514,-0.294729,0.42715,-0.854797,-0.177,0.534,0.247,0.277,0.138
53230,1774.832,0.98,1,0.050648,0.549106,-0.834217,-0.257642,0.427548,-0.8665,-0.121,0.521,0.234,0.217,0.172
53231,1774.865,0.98,1,0.059154,0.537017,-0.841495,-0.255687,0.438586,-0.861549,-0.115,0.52,0.227,0.177,0.193
53232,1774.898,0.98,1,0.06339,0.540307,-0.839077,-0.285765,0.454087,-0.843886,-0.131,0.534,0.227,0.146,0.202
53233,1774.932,0.98,1,0.013822,0.52583,-0.850478,-0.263361,0.435189,-0.860959,-0.145,0.512,0.216,0.135,0.206
53234,1774.965,0.98,1,-0.020975,0.506766,-0.861828,-0.25956,0.443635,-0.857798,-0.162,0.505,0.202,0.124,0.211
53235,1774.998,0.98,1,-0.007879,0.513461,-0.858077,-0.240971,0.435541,-0.867316,-0.143,0.503,0.191,0.113,0.215
53236,1775.032,0.98,1,0.008063,0.520937,-0.853557,-0.223797,0.421028,-0.879005,-0.124,0.498,0.183,0.108,0.218
53237,1775.065,0.98,1,-0.00991,0.526004,-0.850424,-0.23402,0.441329,-0.866293,-0.141,0.513,0.2,0.114,0.216
53238,1775.098,0.98,1,-0.027985,0.522872,-0.851952,-0.22291,0.44787,-0.865866,-0.145,0.514,0.192,0.12,0.216
53239,1775.132,0.98,1,0.002454,0.5343,-0.845291,-0.234572,0.441117,-0.866252,-0.135,0.518,0.203,0.13,0.202
53240,1775.165,0.98,1,0.005206,0.511064,-0.859527,-0.230825,0.433412,-0.871134,-0.13,0.5,0.19,0.12,0.198
53241,1775.198,0.98,1,-0.026202,0.43376,-0.900647,-0.283795,0.385234,-0.878097,-0.173,0.431,0.149,0.095,0.22
53260,1775.832,0.98,1,-0.144394,0.558123,-0.817098,-0.516692,0.46144,-0.721181,-0.406,0.585,0.409,0.479,0.01
53261,1775.865,0.98,1,-0.155923,0.581952,-0.798135,-0.499826,0.455433,-0.736719,-0.404,0.594,0.438,0.463,0.021
53262,1775.899,0.98,1,-0.146002,0.595641,-0.78987,-0.482245,0.471556,-0.738292,-0.39,0.61,0.449,0.439,0.039
53263,1775.932,0.98,1,-0.139754,0.595029,-0.791461,-0.471884,0.457805,-0.753486,-0.377,0.598,0.448,0.416,0.053
53264,1775.965,0.98,1,-0.128426,0.60207,-0.788047,-0.471788,0.463605,-0.74999,-0.372,0.606,0.453,0.409,0.055
53265,1775.999,0.98,1,-0.1129,0.614995,-0.780407,-0.468681,0.471936,-0.746736,-0.364,0.619,0.462,0.396,0.05
53266,1776.032,0.98,1,-0.10365,0.598209,-0.794609,-0.459367,0.451832,-0.764742,-0.346,0.593,0.467,0.391,0.042
53267,1776.065,0.98,1,-0.088997,0.600818,-0.794416,-0.444012,0.46045,-0.768661,-0.329,0.596,0.465,0.378,0.039
53268,1776.099,0.98,1,-0.088253,0.590815,-0.801966,-0.435344,0.460616,-0.773504,-0.321,0.588,0.468,0.364,0.034
53269,1776.132,0.98,1,-0.068855,0.577791,-0.813275,-0.43524,0.441075,-0.784869,-0.306,0.568,0.462,0.339,0.035
53270,1776.165,0.98,1,-0.094297,0.569818,-0.816343,-0.418108,0.440829,-0.794264,-0.308,0.56,0.469,0.337,0.021
53271,1776.199,0.98,1,-0.093597,0.56582,-0.819199,-0.413213,0.447032,-0.793359,-0.305,0.561,0.468,0.329,0.013
53272,1776.232,0.98,1,-0.103429,0.56862,-0.816072,-0.44022,0.477294,-0.760524,-0.332,0.586,0.459,0.319,0.011
53273,1776.265,0.98,1,-0.12085,0.56706,-0.814763,-0.409916,0.494248,-0.766608,-0.324,0.591,0.467,0.317,0.004
53274,1776.299,0.98,1,-0.085134,0.572631,-0.815381,-0.420887,0.503899,-0.754281,-0.312,0.601,0.466,0.312,0.001
53275,1776.332,0.98,1,-0.086578,0.56589,-0.819923,-0.429553,0.509332,-0.745698,-0.318,0.602,0.471,0.311,-0.004
53276,1776.365,0.98,1,-0.086908,0.58601,-0.80563,-0.403889,0.563411,-0.720723,-0.311,0.645,0.453,0.298,-0.002
53277,1776.399,0.98,1,-0.06615,0.576735,-0.814249,-0.414904,0.531284,-0.738642,-0.3,0.62,0.467,0.304,-0.009
53278,1776.432,0.98,1,-0.064062,0.585835,-0.807894,-0.404056,0.546055,-0.733869,-0.295,0.633,0.474,0.306,-0.013
53279,1776.465,0.98,1,-0.059676,0.586437,-0.807793,-0.410563,0.549618,-0.72757,-0.297,0.637,0.475,0.305,-0.015
53280,1776.499,0.98,1,-0.054113,0.588314,-0.80682,-0.38698,0.557603,-0.734388,-0.279,0.639,0.487,0.313,-0.02
53281,1776.532,0.98,1,-0.060889,0.591049,-0.804335,-0.401823,0.559463,-0.724941,-0.294,0.645,0.489,0.314,-0.02
53282,1776.565,0.98,1,-0.058199,0.582341,-0.810858,-0.406527,0.549235,-0.730121,-0.293,0.633,0.487,0.317,-0.02
53283,1776.599,0.98,1,-0.073098,0.576729,-0.813659,-0.412499,0.541584,-0.732483,-0.304,0.626,0.492,0.324,-0.022
53284,1776.632,0.98,1,-0.066452,0.571915,-0.817617,-0.410301,0.553878,-0.724481,-0.3,0.631,0.492,0.33,-0.021
53285,1776.665,0.98,1,-0.072963,0.587853,-0.805671,-0.431098,0.536031,-0.725827,-0.318,0.633,0.478,0.328,-0.003
53286,1776.699,0.98,1,-0.055221,0.56587,-0.822643,-0.415381,0.521713,-0.745167,-0.292,0.606,0.488,0.345,-0.013
53287,1776.732,0.98,1,-0.050367,0.57943,-0.813464,-0.432738,0.506003,-0.746122,-0.3,0.608,0.486,0.351,-0.001
53288,1776.766,0.98,1,-0.058412,0.577812,-0.814077,-0.436273,0.499525,-0.748425,-0.307,0.604,0.482,0.356,0.01
53289,1776.799,0.98,1,-0.056706,0.582066,-0.811162,-0.437435,0.508988,-0.741337,-0.308,0.613,0.477,0.351,0.024
53290,1776.832,0.98,1,-0.080014,0.580449,-0.810356,-0.419616,0.453178,-0.786481,-0.303,0.574,0.486,0.374,0.029
53291,1776.866,0.98,1,-0.085419,0.578426,-0.81125,-0.431092,0.443399,-0.785848,-0.313,0.569,0.482,0.383,0.036
53292,1776.899,0.98,1,-0.232691,0.550383,-0.801831,-0.489021,0.468564,-0.735735,-0.439,0.585,0.484,0.399,0.041
53293,1776.932,0.98,1,-0.297833,0.544824,-0.783876,-0.510678,0.475578,-0.716264,-0.494,0.597,0.48,0.454,0.04
53294,1776.966,0.98,1,-0.362398,0.580534,-0.729142,-0.549033,0.500015,-0.669737,-0.577,0.658,0.447,0.497,0.061
53295,1776.999,0.98,1,-0.356905,0.560285,-0.747462,-0.558752,0.477998,-0.677727,-0.571,0.63,0.419,0.554,0.076
53296,1777.032,0.98,1,-0.34333,0.525538,-0.778417,-0.586703,0.476419,-0.654832,-0.576,0.61,0.41,0.605,0.082
53297,1777.066,0.98,1,-0.313435,0.548456,-0.775212,-0.597822,0.521402,-0.608892,-0.582,0.658,0.39,0.63,0.099
53298,1777.099,0.98,1,-0.352514,0.545803,-0.760153,-0.606805,0.515951,-0.604635,-0.613,0.661,0.391,0.668,0.109
53299,1777.132,0.88,1,-0.368977,0.497492,-0.785085,-0.596231,0.441913,-0.67024,-0.586,0.573,0.372,0.7,0.117
53300,1777.166,0.88,1,-0.390798,0.485909,-0.781773,-0.605678,0.412397,-0.680502,-0.598,0.551,0.383,0.735,0.117
53301,1777.199,0.88,1,-0.412212,0.489832,-0.76821,-0.614676,0.425091,-0.664433,-0.622,0.568,0.398,0.746,0.109
53302,1777.232,0.88,1,-0.415883,0.48938,-0.766517,-0.611832,0.418723,-0.671069,-0.621,0.563,0.402,0.744,0.106
53303,1777.266,0.93,1,-0.395917,0.4953,-0.773258,-0.599849,0.421799,-0.679903,-0.601,0.563,0.409,0.73,0.103
53304,1777.299,0.93,1,-0.40746,0.494126,-0.767995,-0.598747,0.434393,-0.672908,-0.61,0.572,0.422,0.729,0.093
53305,1777.332,0.88,1,-0.377349,0.488997,-0.786441,-0.593055,0.436033,-0.676876,-0.586,0.564,0.419,0.726,0.089
53306,1777.366,0.93,1,-0.387593,0.47405,-0.7906,-0.612036,0.43514,-0.660353,-0.603,0.56,0.417,0.726,0.085
53307,1777.399,0.88,1,-0.380091,0.492903,-0.782673,-0.58606,0.460786,-0.66649,-0.588,0.582,0.416,0.725,0.077
53308,1777.432,0.88,1,-0.406542,0.500656,-0.764243,-0.586547,0.443682,-0.677576,-0.603,0.58,0.428,0.741,0.068
53309,1777.466,0.88,1,-0.425006,0.48216,-0.766088,-0.622436,0.447566,-0.642073,-0.64,0.584,0.427,0.744,0.068
53310,1777.499,0.93,1,-0.457947,0.421064,-0.782937,-0.600531,0.4511,-0.660205,-0.633,0.544,0.43,0.711,0.075
53311,1777.532,0.93,1,-0.47346,0.42754,-0.770094,-0.634602,0.520057,-0.571683,-0.69,0.615,0.426,0.71,0.08
53312,1777.566,0.93,1,-0.450255,0.427167,-0.784091,-0.629453,0.527074,-0.570948,-0.673,0.614,0.425,0.705,0.083
53313,1777.599,0.88,1,-0.343498,0.511022,-0.78795,-0.608316,0.464685,-0.643444,-0.587,0.598,0.426,0.737,0.078
53314,1777.632,0.88,1,-0.340154,0.518074,-0.78479,-0.618218,0.465074,-0.63365,-0.594,0.606,0.422,0.733,0.086
53315,1777.666,0.88,1,-0.358882,0.539318,-0.7618,-0.622012,0.466127,-0.629147,-0.614,0.626,0.425,0.721,0.094
53316,1777.699,0.88,1,-0.359847,0.533892,-0.76516,-0.616677,0.446405,-0.648407,-0.605,0.606,0.417,0.716,0.104
53317,1777.732,0.88,1,-0.345229,0.514531,-0.784904,-0.625779,0.43158,-0.649723,-0.595,0.583,0.406,0.712,0.112
53318,1777.766,0.88,1,-0.360683,0.535498,-0.763643,-0.626095,0.436582,-0.646066,-0.611,0.604,0.406,0.711,0.116
53319,1777.799,0.98,1,-0.368391,0.538133,-0.75809,-0.62122,0.437514,-0.650129,-0.613,0.606,0.404,0.701,0.123
53320,1777.832,0.98,1,-0.3453,0.52293,-0.779302,-0.622345,0.427529,-0.655671,-0.593,0.585,0.393,0.68,0.124
53321,1777.866,0.98,1,-0.31732,0.513274,-0.797407,-0.617979,0.41948,-0.664935,-0.569,0.568,0.384,0.666,0.134
53322,1777.899,0.98,1,-0.317983,0.55285,-0.770223,-0.6427,0.434234,-0.631172,-0.601,0.614,0.393,0.645,0.14
53323,1777.933,0.98,1,-0.317579,0.499071,-0.80627,-0.596326,0.447855,-0.666199,-0.555,0.572,0.407,0.595,0.142
53324,1777.966,0.88,1,-0.300245,0.593608,-0.746647,-0.544602,0.532189,-0.648215,-0.545,0.679,0.44,0.546,0.14
53325,1777.999,0.82,1,-0.420717,0.525676,-0.739366,-0.557074,0.486373,-0.673134,-0.605,0.622,0.405,0.472,0.158
53326,1778.033,0.98,1,-0.044494,0.634278,-0.771824,-0.285642,0.573624,-0.767701,-0.211,0.665,0.455,0.275,0.076
53327,1778.066,0.93,1,0.014352,0.458811,-0.888418,-0.181867,0.511411,-0.839871,-0.097,0.512,0.471,0.201,0.115
53328,1778.099,0.93,1,0.100704,0.459055,-0.882682,-0.179349,0.372593,-0.910499,-0.044,0.434,0.508,0.143,0.141
53329,1778.133,0.98,1,0.107339,0.630729,-0.768543,-0.151586,0.3825,-0.911436,-0.026,0.543,0.513,0.081,0.173
53330,1778.166,0.98,1,0.157215,0.648101,-0.74515,-0.126831,0.347053,-0.92923,0.018,0.536,0.47,0.01,0.221
53331,1778.199,0.98,1,0.125048,0.643602,-0.755076,-0.146774,0.384761,-0.911272,-0.013,0.553,0.475,-0.015,0.233
53332,1778.233,0.98,1,0.125491,0.63225,-0.764534,-0.128252,0.378059,-0.916855,-0.002,0.541,0.505,-0.013,0.253
53333,1778.266,0.98,1,0.020566,0.457373,-0.889037,-0.09744,0.44827,-0.888572,-0.043,0.471,0.503,-0.008,0.284
53334,1778.299,0.98,1,-0.0898,0.542126,-0.835485,-0.197473,0.549568,-0.811776,-0.173,0.585,0.518,-0.038,0.307
53339,1778.466,0.98,1,0.253404,0.767583,-0.58873,-0.045612,0.484146,-0.873798,0.141,0.708,0.647,-0.199,0.333
53340,1778.499,0.98,1,0.272599,0.778428,-0.565455,-0.007568,0.425649,-0.904857,0.178,0.686,0.657,-0.228,0.37
53341,1778.533,0.88,1,0.280613,0.80599,-0.521187,-0.002434,0.498239,-0.867037,0.198,0.754,0.72,-0.217,0.384
53368,1779.433,0.98,1,-0.305823,0.31681,-0.897833,-0.475589,0.568643,-0.671164,-0.462,0.514,0.403,0.362,0.002
53369,1779.466,0.98,1,-0.286684,0.353011,-0.890615,-0.496034,0.550411,-0.671564,-0.464,0.524,0.406,0.374,0.003
53370,1779.5,0.98,1,-0.267734,0.408961,-0.872393,-0.491534,0.572138,-0.656546,-0.461,0.571,0.401,0.403,-0.001
53371,1779.533,0.98,1,-0.210077,0.569847,-0.794445,-0.481083,0.567941,-0.667835,-0.442,0.661,0.395,0.414,-0.005
53372,1779.566,0.98,1,-0.210753,0.544958,-0.811545,-0.456732,0.57344,-0.680119,-0.421,0.643,0.398,0.413,-0.015
53373,1779.6,0.98,1,-0.210366,0.560929,-0.80069,-0.443158,0.583646,-0.680418,-0.416,0.658,0.406,0.417,-0.026
53374,1779.633,0.98,1,-0.302716,0.573419,-0.761284,-0.532473,0.537055,-0.654251,-0.533,0.665,0.418,0.433,-0.039
53375,1779.666,0.98,1,-0.33379,0.534886,-0.776197,-0.565401,0.537715,-0.625448,-0.57,0.653,0.409,0.44,-0.042
53376,1779.7,0.98,1,-0.336976,0.497091,-0.799592,-0.565398,0.52834,-0.633389,-0.562,0.621,0.398,0.447,-0.043
53377,1779.733,0.98,1,-0.352795,0.482988,-0.80141,-0.574446,0.531674,-0.622362,-0.577,0.619,0.397,0.468,-0.045
53378,1779.766,0.98,1,-0.329703,0.489274,-0.807408,-0.56159,0.538263,-0.628402,-0.556,0.621,0.397,0.487,-0.054
53379,1779.8,0.98,1,-0.30295,0.489255,-0.817833,-0.539493,0.541196,-0.645023,-0.523,0.614,0.39,0.488,-0.057
53380,1779.833,0.98,1,-0.306363,0.497861,-0.811342,-0.509568,0.559894,-0.653345,-0.508,0.625,0.385,0.48,-0.059
53381,1779.866,0.98,1,-0.307227,0.505088,-0.806534,-0.507127,0.556298,-0.658297,-0.507,0.627,0.379,0.475,-0.061
53382,1779.9,0.98,1,-0.319081,0.517979,-0.793653,-0.498282,0.562993,-0.659358,-0.512,0.64,0.379,0.48,-0.063
53383,1779.933,0.98,1,-0.311062,0.52715,-0.790793,-0.49294,0.577271,-0.650975,-0.509,0.654,0.382,0.493,-0.066
53384,1779.966,0.98,1,-0.343838,0.557553,-0.755586,-0.51009,0.543861,-0.66635,-0.541,0.659,0.392,0.516,-0.07
53385,1780.0,0.98,1,-0.32984,0.51516,-0.791085,-0.565995,0.481276,-0.669345,-0.55,0.599,0.387,0.512,-0.059
53386,1780.033,0.98,1,-0.267156,0.496556,-0.825869,-0.558347,0.470294,-0.683427,-0.5,0.57,0.382,0.525,-0.047
53387,1780.066,0.98,1,-0.238477,0.493997,-0.83612,-0.540079,0.460654,-0.704353,-0.468,0.555,0.37,0.525,-0.03
53388,1780.1,0.98,1,-0.23729,0.505764,-0.829395,-0.526612,0.467932,-0.709732,-0.461,0.564,0.361,0.532,-0.018
53389,1780.133,0.98,1,-0.237382,0.500068,-0.832815,-0.489243,0.451036,-0.746463,-0.431,0.542,0.355,0.536,-0.009
53390,1780.167,0.88,1,-0.218643,0.50816,-0.833048,-0.48051,0.446059,-0.755077,-0.415,0.541,0.351,0.535,-0.001
53391,1780.2,0.93,1,-0.288181,0.477537,-0.830006,-0.532735,0.508358,-0.676584,-0.499,0.579,0.352,0.55,0.013
53392,1780.233,0.93,1,-0.293959,0.480438,-0.826298,-0.525212,0.539784,-0.657865,-0.504,0.602,0.36,0.557,0.014
53393,1780.267,0.93,1,-0.290959,0.482722,-0.826028,-0.515769,0.546098,-0.660121,-0.497,0.606,0.362,0.551,0.013
53394,1780.3,0.93,1,-0.297084,0.462007,-0.835638,-0.540889,0.528256,-0.654511,-0.512,0.587,0.354,0.553,0.012
53395,1780.333,0.93,1,-0.309791,0.462667,-0.830644,-0.546076,0.524115,-0.653532,-0.523,0.587,0.353,0.556,0.015
53396,1780.367,0.93,1,-0.325534,0.464467,-0.823588,-0.551871,0.538589,-0.636679,-0.541,0.602,0.357,0.569,0.013
53397,1780.4,0.93,1,-0.337517,0.458777,-0.821953,-0.546071,0.546196,-0.635198,-0.545,0.604,0.361,0.571,0.012
53398,1780.433,0.93,1,-0.307656,0.49441,-0.812962,-0.556924,0.560561,-0.612868,-0.545,0.637,0.367,0.574,0.01
53399,1780.467,0.93,1,-0.313163,0.510829,-0.800614,-0.57515,0.573821,-0.583037,-0.571,0.665,0.382,0.583,0.003
53400,1780.5,0.93,1,-0.307183,0.504105,-0.807166,-0.554085,0.584989,-0.592265,-0.552,0.661,0.388,0.571,0.001
53401,1780.533,0.93,1,-0.305217,0.496609,-0.81254,-0.548617,0.610207,-0.571548,-0.553,0.675,0.394,0.557,0.0
53402,1780.567,0.93,1,-0.254013,0.510293,-0.821632,-0.547596,0.608601,-0.574233,-0.521,0.676,0.396,0.557,0.001
53403,1780.6,0.93,1,-0.22558,0.521855,-0.822667,-0.528313,0.586225,-0.614187,-0.483,0.657,0.398,0.559,0.001
53404,1780.633,0.93,1,-0.228937,0.512367,-0.827688,-0.50209,0.590723,-0.631626,-0.464,0.647,0.402,0.56,0.0
53405,1780.667,0.93,1,-0.223428,0.507746,-0.83203,-0.480169,0.600019,-0.639855,-0.446,0.645,0.405,0.549,0.006
53406,1780.7,0.93,1,-0.225545,0.512725,-0.828398,-0.52298,0.576615,-0.6277,-0.475,0.642,0.404,0.55,0.011
53407,1780.733,0.88,1,-0.143258,0.495947,-0.856454,-0.490594,0.579761,-0.650535,-0.398,0.62,0.41,0.525,0.013
53408,1780.767,0.88,1,-0.133976,0.503896,-0.853311,-0.493926,0.590998,-0.637777,-0.399,0.633,0.423,0.531,0.014
53409,1780.8,0.88,1,-0.177669,0.525882,-0.831794,-0.498169,0.594552,-0.631138,-0.433,0.654,0.44,0.531,0.016
53410,1780.833,0.88,1,-0.177589,0.550994,-0.815394,-0.544443,0.596313,-0.589909,-0.475,0.685,0.445,0.533,0.019
53411,1780.867,0.88,1,-0.168562,0.548179,-0.819199,-0.453174,0.527654,-0.718481,-0.384,0.61,0.448,0.538,0.017
53412,1780.9,0.88,1,-0.159888,0.545885,-0.822463,-0.557025,0.579153,-0.595235,-0.468,0.671,0.451,0.535,0.02
53413,1780.933,0.88,1,-0.179227,0.565211,-0.805241,-0.439193,0.534172,-0.722336,-0.385,0.624,0.459,0.539,0.013
53414,1780.967,0.88,1,-0.177102,0.553769,-0.813618,-0.431551,0.540864,-0.721963,-0.377,0.619,0.458,0.539,0.016
53415,1781.0,0.88,1,-0.185035,0.559505,-0.807909,-0.55319,0.572555,-0.605113,-0.481,0.675,0.458,0.533,0.025
53416,1781.033,0.88,1,-0.170814,0.562509,-0.808953,-0.505628,0.606009,-0.61408,-0.444,0.688,0.467,0.52,0.03
53417,1781.067,0.88,1,-0.172874,0.559904,-0.810323,-0.507895,0.612468,-0.605744,-0.448,0.692,0.468,0.514,0.038
53418,1781.1,0.88,1,-0.131389,0.557862,-0.819468,-0.500573,0.602744,-0.621391,-0.413,0.678,0.468,0.501,0.044
53419,1781.133,0.88,1,-0.108678,0.536204,-0.837063,-0.474355,0.588043,-0.655128,-0.372,0.646,0.453,0.481,0.054
53420,1781.167,0.88,1,-0.13617,0.545191,-0.827179,-0.454033,0.522178,-0.721931,-0.364,0.603,0.454,0.522,0.044
53421,1781.2,0.88,1,-0.130404,0.549955,-0.824951,-0.448338,0.616022,-0.647696,-0.374,0.67,0.456,0.491,0.059
53422,1781.234,0.88,1,-0.112957,0.548754,-0.828318,-0.464249,0.517961,-0.718463,-0.357,0.604,0.448,0.529,0.05
53423,1781.267,0.88,1,-0.120783,0.555543,-0.822668,-0.452963,0.50688,-0.733415,-0.353,0.599,0.446,0.531,0.061
53424,1781.3,0.88,1,-0.112313,0.562044,-0.819447,-0.453135,0.513437,-0.728733,-0.35,0.607,0.452,0.508,0.071
53425,1781.334,0.98,1,-0.093602,0.559439,-0.823569,-0.419914,0.516118,-0.746522,-0.316,0.601,0.455,0.467,0.08
53426,1781.367,0.98,1,-0.130055,0.560911,-0.817597,-0.401905,0.579056,-0.709342,-0.335,0.641,0.489,0.395,0.073
53427,1781.4,0.88,1,-0.162164,0.62518,-0.763448,-0.451129,0.606267,-0.654922,-0.408,0.715,0.483,0.352,0.078
53428,1781.434,0.98,1,0.070515,0.603076,-0.794561,-0.171012,0.647868,-0.742309,-0.065,0.683,0.442,0.14,0.04
53429,1781.467,0.98,1,0.184176,0.640443,-0.745595,-0.024241,0.610934,-0.79131,0.104,0.683,0.428,0.006,0.094
53430,1781.5,0.82,1,-0.030062,0.496149,-0.867717,0.060148,0.447286,-0.892366,0.017,0.492,0.383,-0.025,0.119
53431,1781.534,0.77,1,-0.153086,0.48558,-0.860684,0.090841,0.450075,-0.888358,-0.036,0.491,0.361,-0.058,0.14
53432,1781.567,0.98,1,0.412411,0.588703,-0.695231,0.103029,0.520495,-0.847626,0.322,0.623,0.382,-0.167,0.114
53433,1781.6,0.98,1,0.382018,0.593903,-0.708055,0.133777,0.524637,-0.840749,0.321,0.625,0.389,-0.225,0.121
53434,1781.634,0.98,1,0.410973,0.548851,-0.727917,0.149503,0.535166,-0.831412,0.345,0.607,0.387,-0.237,0.115
53435,1781.667,0.98,1,0.403369,0.529084,-0.746568,0.143281,0.528019,-0.837058,0.332,0.589,0.372,-0.239,0.107
53436,1781.7,0.98,1,0.420654,0.516199,-0.746049,0.13695,0.507915,-0.850451,0.336,0.57,0.355,-0.233,0.096
53437,1781.734,0.98,1,0.430346,0.508728,-0.745653,0.120844,0.497304,-0.859119,0.331,0.56,0.337,-0.223,0.085
53438,1781.767,0.98,1,0.416099,0.525163,-0.742338,0.098898,0.486557,-0.868033,0.31,0.561,0.322,-0.217,0.075
53439,1781.8,0.98,1,0.409181,0.531457,-0.741704,0.071871,0.48383,-0.872206,0.29,0.562,0.306,-0.21,0.062
53440,1781.834,0.98,1,0.386261,0.538886,-0.748601,0.055514,0.482763,-0.87399,0.266,0.562,0.295,-0.206,0.05
53441,1781.867,0.98,1,0.383859,0.532439,-0.754427,0.050629,0.481595,-0.87493,0.261,0.557,0.288,-0.197,0.035
53442,1781.9,0.98,1,0.361138,0.539278,-0.760762,0.028298,0.511267,-0.858956,0.236,0.575,0.28,-0.189,0.019
53443,1781.934,0.98,1,0.35952,0.532522,-0.766267,0.040059,0.518406,-0.854196,0.242,0.575,0.275,-0.179,0.007
53444,1781.967,0.98,1,0.334422,0.522462,-0.784344,-0.00388,0.513917,-0.857831,0.199,0.563,0.27,-0.166,-0.002
53445,1782.0,0.98,1,0.316127,0.514138,-0.797324,-0.019635,0.510488,-0.859661,0.177,0.554,0.267,-0.157,-0.01
53446,1782.034,0.98,1,0.32612,0.511285,-0.795131,-0.020914,0.497858,-0.867006,0.182,0.546,0.269,-0.154,-0.014
53447,1782.067,0.98,1,0.28055,0.512182,-0.811764,-0.043219,0.506823,-0.860966,0.141,0.547,0.264,-0.145,-0.022
53448,1782.1,0.98,1,0.260163,0.515639,-0.816353,-0.050029,0.475404,-0.878344,0.123,0.529,0.264,-0.127,-0.028
53449,1782.134,0.98,1,0.282347,0.504509,-0.815935,-0.081807,0.486502,-0.869841,0.118,0.531,0.266,-0.12,-0.025
53450,1782.167,0.98,1,0.257648,0.503907,-0.824436,-0.092848,0.509511,-0.85544,0.098,0.543,0.27,-0.111,-0.022
53451,1782.2,0.98,1,0.249758,0.513322,-0.821049,-0.099473,0.507146,-0.8561,0.089,0.547,0.274,-0.101,-0.019
53452,1782.234,0.98,1,0.244955,0.530515,-0.811511,-0.094935,0.502063,-0.859604,0.09,0.553,0.277,-0.09,-0.013
53453,1782.267,0.98,1,0.21767,0.529786,-0.819724,-0.129035,0.515393,-0.847184,0.053,0.56,0.279,-0.083,-0.008
53454,1782.3,0.98,1,0.198695,0.534797,-0.821287,-0.145931,0.52006,-0.841571,0.032,0.565,0.281,-0.076,-0.002
53455,1782.334,0.98,1,0.186423,0.538808,-0.821543,-0.18079,0.502895,-0.845229,0.003,0.559,0.283,-0.068,0.007
53456,1782.367,0.98,1,0.191993,0.546501,-0.815154,-0.18339,0.503917,-0.844059,0.005,0.564,0.284,-0.06,0.014
53457,1782.401,0.98,1,0.184198,0.551149,-0.813822,-0.197505,0.49989,-0.843268,-0.008,0.565,0.288,-0.051,0.019
53458,1782.434,0.98,1,0.125925,0.534087,-0.835999,-0.227822,0.443882,-0.866641,-0.06,0.521,0.289,-0.053,0.031
53459,1782.467,0.98,1,0.117959,0.548607,-0.827717,-0.210565,0.495221,-0.842864,-0.055,0.558,0.301,-0.048,0.039
53460,1782.501,0.98,1,0.126249,0.572295,-0.810271,-0.202474,0.52445,-0.827017,-0.047,0.59,0.316,-0.024,0.048
53461,1782.534,0.98,1,0.129739,0.574826,-0.807925,-0.179548,0.521517,-0.834136,-0.03,0.589,0.322,-0.007,0.056
53462,1782.567,0.98,1,0.138145,0.57734,-0.804733,-0.213694,0.529562,-0.820913,-0.046,0.598,0.328,0.002,0.062
53463,1782.601,0.98,1,0.204421,0.588516,-0.782215,-0.218496,0.534301,-0.816567,-0.009,0.612,0.331,0.001,0.074
53464,1782.634,0.98,1,0.246586,0.575871,-0.779466,-0.209551,0.472576,-0.856014,0.023,0.57,0.328,-0.021,0.094
53465,1782.667,0.98,1,0.224122,0.572498,-0.788679,-0.185365,0.483179,-0.855674,0.024,0.571,0.33,-0.029,0.098
53466,1782.701,0.98,1,0.201376,0.580851,-0.788708,-0.144848,0.477501,-0.86661,0.034,0.569,0.331,-0.04,0.092
53467,1782.734,0.98,1,0.207833,0.568489,-0.796006,-0.178992,0.44598,-0.876963,0.017,0.545,0.327,-0.061,0.092
53468,1782.767,0.98,1,0.194683,0.538532,-0.819806,-0.201561,0.303641,-0.931222,-0.004,0.448,0.319,-0.057,0.099
53469,1782.801,0.98,1,0.212771,0.566346,-0.796229,-0.229439,0.343395,-0.910735,-0.01,0.49,0.315,-0.066,0.103
53470,1782.834,0.98,1,0.218593,0.552602,-0.804269,-0.232988,0.357472,-0.904395,-0.008,0.489,0.314,-0.07,0.11
53471,1782.867,0.98,1,0.21967,0.546819,-0.807919,-0.220409,0.350221,-0.910365,-0.0,0.481,0.306,-0.072,0.11
53472,1782.901,0.98,1,0.210827,0.543847,-0.81227,-0.121543,0.231677,-0.96517,0.05,0.411,0.301,-0.074,0.103
53473,1782.934,0.98,1,0.22182,0.54385,-0.809335,-0.11052,0.257641,-0.959899,0.063,0.425,0.298,-0.077,0.095
53474,1782.967,0.98,1,0.225781,0.542441,-0.809185,-0.143191,0.2477,-0.958197,0.047,0.42,0.289,-0.082,0.099
53475,1783.001,0.98,1,0.212272,0.536514,-0.816758,-0.143589,0.266537,-0.953069,0.039,0.426,0.289,-0.073,0.1
53476,1783.034,0.98,1,0.210245,0.53859,-0.815915,-0.137599,0.239525,-0.96109,0.041,0.413,0.284,-0.075,0.106
53477,1783.067,0.98,1,0.197444,0.549979,-0.811504,-0.087587,0.270707,-0.958669,0.062,0.434,0.282,-0.055,0.104
53478,1783.101,0.98,1,0.177034,0.548014,-0.81752,-0.145471,0.240675,-0.959643,0.018,0.418,0.302,-0.046,0.11
53479,1783.134,0.98,1,0.1764,0.564525,-0.806346,-0.163618,0.232552,-0.958722,0.007,0.424,0.323,-0.03,0.128
53480,1783.167,0.98,1,0.15444,0.574788,-0.803596,-0.16799,0.228606,-0.958915,-0.008,0.428,0.321,-0.019,0.13
53481,1783.201,0.98,1,0.136618,0.570678,-0.80973,-0.177922,0.237735,-0.954896,-0.023,0.43,0.313,-0.02,0.126
53482,1783.234,0.98,1,0.106466,0.565534,-0.817824,-0.181032,0.231278,-0.955896,-0.042,0.422,0.318,-0.007,0.123
53483,1783.267,0.98,1,0.118321,0.567646,-0.814726,-0.192569,0.219679,-0.956378,-0.042,0.418,0.314,-0.001,0.137
53484,1783.301,0.98,1,0.126343,0.559234,-0.819326,-0.194827,0.239861,-0.951057,-0.039,0.424,0.322,0.015,0.135
53485,1783.334,0.98,1,0.136097,0.52695,-0.838929,-0.206899,0.232699,-0.950286,-0.04,0.402,0.302,0.009,0.131
53486,1783.367,0.98,1,0.12982,0.523582,-0.842027,-0.202035,0.207597,-0.957123,-0.04,0.386,0.282,-0.011,0.13
53487,1783.401,0.98,1,0.042955,0.534221,-0.844253,-0.252685,0.255474,-0.933211,-0.117,0.418,0.244,-0.018,0.144
53488,1783.434,0.98,1,-0.06081,0.493157,-0.867812,-0.224635,0.270131,-0.936252,-0.157,0.4,0.197,0.007,0.157
53489,1783.468,0.98,1,-0.148622,0.494002,-0.856664,-0.261482,0.251383,-0.931898,-0.225,0.395,0.156,0.059,0.176
53490,1783.501,0.98,1,-0.17139,0.472737,-0.864375,-0.429632,0.328578,-0.841102,-0.339,0.439,0.14,0.132,0.178
53491,1783.534,0.88,1,-0.198949,0.437919,-0.876725,-0.449781,0.38668,-0.805093,-0.368,0.456,0.133,0.227,0.159
53492,1783.568,0.98,1,-0.215166,0.420055,-0.881622,-0.469305,0.442122,-0.764383,-0.394,0.483,0.191,0.286,0.115
53493,1783.601,0.88,1,-0.191438,0.521087,-0.831757,-0.524163,0.429055,-0.735639,-0.428,0.545,0.248,0.307,0.068
53494,1783.634,0.88,1,-0.222279,0.463907,-0.857544,-0.531494,0.424613,-0.732951,-0.443,0.509,0.24,0.288,0.04
53495,1783.668,0.98,1,-0.278393,0.47747,-0.833379,-0.453747,0.220685,-0.863372,-0.407,0.39,0.141,0.291,0.366
53496,1783.701,0.98,1,-0.26846,0.503379,-0.821303,-0.472133,0.238788,-0.84857,-0.417,0.418,0.145,0.337,0.335
53497,1783.734,0.98,1,-0.281514,0.529312,-0.800362,-0.516692,0.269658,-0.812597,-0.46,0.46,0.202,0.399,0.297
53498,1783.768,0.98,1,-0.266391,0.528172,-0.806269,-0.52452,0.266851,-0.808498,-0.455,0.458,0.214,0.421,0.288
53499,1783.801,0.98,1,-0.279599,0.530966,-0.799937,-0.529482,0.271637,-0.803655,-0.467,0.464,0.215,0.445,0.283
53500,1783.834,0.98,1,-0.277749,0.529789,-0.801361,-0.539172,0.273261,-0.796632,-0.473,0.466,0.211,0.457,0.277
53501,1783.868,0.98,1,-0.294981,0.541453,-0.787283,-0.533933,0.284495,-0.796227,-0.482,0.481,0.209,0.482,0.28
53502,1783.901,0.98,1,-0.278855,0.540325,-0.793907,-0.54033,0.297778,-0.787002,-0.478,0.487,0.211,0.474,0.281
53503,1783.934,0.98,1,-0.28117,0.551475,-0.785378,-0.505218,0.291862,-0.81214,-0.457,0.486,0.223,0.464,0.272
53504,1783.968,0.98,1,-0.256276,0.561602,-0.786719,-0.506501,0.304681,-0.806614,-0.446,0.498,0.234,0.457,0.26
53505,1784.001,0.98,1,-0.240397,0.561239,-0.791973,-0.500293,0.318357,-0.805205,-0.434,0.503,0.247,0.456,0.246
53506,1784.034,0.98,1,-0.251803,0.536973,-0.805143,-0.468465,0.337444,-0.8165,-0.418,0.495,0.252,0.462,0.235
53507,1784.068,0.98,1,-0.266805,0.549669,-0.791631,-0.476195,0.339397,-0.811201,-0.434,0.506,0.27,0.471,0.222
53508,1784.101,0.98,1,-0.250653,0.530602,-0.809713,-0.486661,0.336561,-0.806156,-0.428,0.493,0.272,0.463,0.214
53509,1784.134,0.98,1,-0.224969,0.540404,-0.810773,-0.493823,0.347239,-0.797223,-0.42,0.504,0.283,0.456,0.202
53510,1784.168,0.98,1,-0.212414,0.540745,-0.813926,-0.496186,0.358294,-0.790838,-0.416,0.511,0.29,0.45,0.193
53511,1784.201,0.98,1,-0.209803,0.558394,-0.802608,-0.493012,0.361795,-0.791229,-0.415,0.524,0.292,0.443,0.187
53512,1784.234,0.98,1,-0.221553,0.55511,-0.801727,-0.477863,0.364967,-0.799028,-0.412,0.522,0.286,0.428,0.183
53513,1784.268,0.98,1,-0.189241,0.553912,-0.810783,-0.476128,0.361406,-0.801678,-0.391,0.516,0.288,0.413,0.176
53514,1784.301,0.98,1,-0.198725,0.539324,-0.818314,-0.486296,0.356146,-0.79792,-0.401,0.506,0.29,0.399,0.168
53515,1784.334,0.98,1,-0.167084,0.537301,-0.826674,-0.483973,0.352436,-0.800973,-0.381,0.5,0.304,0.395,0.16
53516,1784.368,0.98,1,-0.156282,0.538032,-0.82831,-0.486442,0.361429,-0.795452,-0.377,0.506,0.325,0.389,0.15
53517,1784.401,0.98,1,-0.15305,0.512978,-0.844648,-0.492791,0.377524,-0.783985,-0.378,0.5,0.334,0.378,0.143
53518,1784.434,0.98,1,-0.131277,0.512432,-0.848634,-0.488772,0.399296,-0.77567,-0.365,0.511,0.349,0.368,0.136
53519,1784.468,0.98,1,-0.123414,0.517117,-0.846971,-0.48285,0.407805,-0.774952,-0.358,0.518,0.363,0.372,0.129
53520,1784.501,0.98,1,-0.1304,0.527352,-0.839581,-0.479741,0.412308,-0.7745,-0.361,0.527,0.371,0.371,0.124
53521,1784.534,0.98,1,-0.128044,0.523653,-0.842254,-0.469852,0.405714,-0.783987,-0.352,0.519,0.379,0.378,0.12
53522,1784.568,0.98,1,-0.119246,0.525965,-0.842105,-0.479632,0.411667,-0.774909,-0.355,0.525,0.383,0.385,0.116
53523,1784.601,0.98,1,-0.114266,0.530162,-0.840162,-0.467884,0.422191,-0.776428,-0.346,0.532,0.399,0.392,0.109
53524,1784.635,0.98,1,-0.106594,0.539911,-0.834945,-0.483736,0.437722,-0.757891,-0.355,0.55,0.414,0.4,0.099
53525,1784.668,0.98,1,-0.115233,0.54042,-0.833467,-0.492869,0.444264,-0.748138,-0.367,0.557,0.432,0.409,0.089
53526,1784.701,0.98,1,-0.111531,0.545804,-0.830457,-0.488965,0.451254,-0.746514,-0.364,0.564,0.447,0.416,0.078
53527,1784.735,0.98,1,-0.101245,0.558989,-0.82297,-0.497226,0.45582,-0.738237,-0.366,0.576,0.462,0.421,0.068
53528,1784.768,0.98,1,-0.098477,0.559145,-0.8232,-0.489373,0.449533,-0.747284,-0.358,0.571,0.467,0.419,0.065
53529,1784.801,0.98,1,-0.10723,0.560012,-0.821516,-0.485308,0.454733,-0.746789,-0.361,0.574,0.472,0.417,0.061
53530,1784.835,0.98,1,-0.102968,0.568585,-0.816155,-0.47767,0.464956,-0.745418,-0.356,0.585,0.472,0.412,0.057
53531,1784.868,0.98,1,-0.100978,0.566373,-0.81794,-0.483429,0.471807,-0.737357,-0.359,0.589,0.484,0.408,0.048
53532,1784.901,0.98,1,-0.108301,0.57197,-0.813094,-0.481469,0.468624,-0.740661,-0.363,0.59,0.482,0.404,0.044
53533,1784.935,0.98,1,-0.113995,0.573048,-0.811554,-0.479698,0.480091,-0.73444,-0.367,0.598,0.488,0.399,0.041
53534,1784.968,0.98,1,-0.09917,0.57777,-0.810153,-0.473003,0.479858,-0.738921,-0.354,0.599,0.488,0.388,0.043
53535,1785.001,0.98,1,-0.083224,0.604631,-0.792146,-0.444339,0.496696,-0.745558,-0.331,0.622,0.487,0.371,0.043
53536,1785.035,0.98,1,-0.060092,0.608417,-0.791339,-0.415627,0.46813,-0.779813,-0.294,0.601,0.475,0.322,0.043
53537,1785.068,0.98,1,-0.048057,0.568714,-0.82113,-0.356517,0.473103,-0.805648,-0.244,0.57,0.418,0.262,0.052
53538,1785.101,0.93,1,-0.000235,0.557054,-0.830477,-0.314565,0.44583,-0.838024,-0.186,0.541,0.356,0.205,0.068
53539,1785.135,0.88,1,-0.032887,0.54801,-0.835825,-0.31797,0.615656,-0.721015,-0.222,0.642,0.312,0.165,0.092
53540,1785.168,0.77,1,-0.059969,0.654945,-0.753294,-0.409721,0.486249,-0.77181,-0.299,0.642,0.27,0.171,0.127
53541,1785.201,0.93,1,0.157792,0.673861,-0.721813,-0.125713,0.552462,-0.824004,0.021,0.671,0.301,0.074,0.079
53542,1785.235,0.93,1,0.121155,0.698107,-0.705669,-0.112477,0.534702,-0.837522,0.006,0.674,0.258,0.06,0.096
53543,1785.268,0.88,1,0.247626,0.632144,-0.734217,-0.074823,0.539669,-0.838546,0.109,0.64,0.256,0.01,0.105
53544,1785.301,0.98,1,0.239814,0.584801,-0.774917,-0.12302,0.510628,-0.850955,0.072,0.593,0.263,-0.034,0.109
53545,1785.335,0.98,1,0.222502,0.585312,-0.779681,-0.167363,0.45629,-0.87395,0.033,0.562,0.279,-0.069,0.119
53546,1785.368,0.98,1,0.211224,0.591213,-0.778364,-0.206417,0.421035,-0.883245,0.003,0.547,0.292,-0.08,0.135
53547,1785.401,0.98,1,0.231788,0.611128,-0.756833,-0.18426,0.41761,-0.889747,0.029,0.558,0.283,-0.073,0.145
53548,1785.435,0.98,1,0.177661,0.617514,-0.766233,-0.230925,0.493114,-0.838756,-0.033,0.605,0.278,-0.062,0.176
53549,1785.468,0.98,1,0.180456,0.61445,-0.768041,-0.267622,0.474507,-0.838583,-0.054,0.596,0.27,-0.055,0.216
53550,1785.501,0.98,1,0.194308,0.624688,-0.756313,-0.265553,0.479559,-0.836364,-0.045,0.606,0.317,-0.064,0.243
53551,1785.535,0.98,1,0.202824,0.680004,-0.704597,-0.180471,0.535065,-0.82531,0.015,0.671,0.373,-0.13,0.266
53552,1785.568,0.98,1,0.200247,0.68689,-0.698629,-0.167258,0.521895,-0.836451,0.021,0.667,0.412,-0.161,0.286
53555,1785.668,0.88,1,0.048287,0.600236,-0.798364,-0.289602,0.363857,-0.88529,-0.142,0.52,0.349,0.016,-0.039
53557,1785.735,0.88,1,-0.085814,0.611955,-0.786223,-0.386146,0.507694,-0.770154,-0.294,0.624,0.444,0.176,-0.048
53558,1785.768,0.77,1,-0.123641,0.558189,-0.82045,-0.339707,0.606047,-0.71924,-0.292,0.647,0.451,0.181,-0.026
53559,1785.802,0.82,1,-0.17143,0.549676,-0.817599,-0.265645,0.482834,-0.834448,-0.259,0.559,0.438,0.209,-0.005
53560,1785.835,0.88,1,-0.149429,0.556156,-0.817534,-0.360157,0.51484,-0.777963,-0.309,0.591,0.411,0.18,0.027
53561,1785.868,0.82,1,-0.114326,0.568368,-0.814793,-0.309416,0.520288,-0.795966,-0.257,0.594,0.407,0.148,0.034
53562,1785.902,0.82,1,-0.094536,0.584246,-0.806052,-0.23801,0.520737,-0.819868,-0.202,0.597,0.421,0.134,0.022
53563,1785.935,0.82,1,-0.107861,0.578851,-0.808268,-0.30647,0.545034,-0.780393,-0.255,0.616,0.443,0.147,0.005
53564,1785.968,0.82,1,-0.118031,0.578654,-0.806987,-0.343837,0.571627,-0.744996,-0.289,0.638,0.446,0.164,-0.013
53565,1786.002,0.88,1,-0.167452,0.526354,-0.833613,-0.378628,0.574435,-0.725717,-0.337,0.615,0.443,0.177,-0.018
53566,1786.035,0.88,1,-0.198462,0.575251,-0.793536,-0.369158,0.636476,-0.677216,-0.368,0.689,0.463,0.207,-0.042
53569,1786.135,0.88,1,-0.180079,0.643017,-0.744379,-0.503085,0.676589,-0.537711,-0.49,0.8,0.512,0.337,-0.146
53570,1786.168,0.98,1,-0.288428,0.536042,-0.79339,-0.518601,0.519986,-0.678725,-0.501,0.622,0.464,0.398,0.009
53571,1786.202,0.98,1,-0.246172,0.585434,-0.772442,-0.539962,0.465669,-0.701137,-0.49,0.62,0.493,0.464,0.005
53572,1786.235,0.98,1,-0.300515,0.536632,-0.78849,-0.547897,0.449458,-0.705547,-0.516,0.583,0.456,0.52,0.031
53573,1786.268,0.98,1,-0.301532,0.562743,-0.769674,-0.567894,0.434607,-0.699009,-0.534,0.597,0.434,0.528,0.058
53574,1786.302,0.98,1,-0.263964,0.60063,-0.754696,-0.565298,0.463292,-0.682494,-0.523,0.637,0.436,0.514,0.066
53575,1786.335,0.98,1,-0.259134,0.632522,-0.729908,-0.549312,0.476519,-0.68643,-0.519,0.664,0.468,0.513,0.057
53576,1786.368,0.93,1,-0.24908,0.637086,-0.729439,-0.592595,0.464361,-0.658179,-0.545,0.671,0.488,0.532,0.046
53577,1786.402,0.93,1,-0.24654,0.608966,-0.753909,-0.575027,0.45319,-0.681148,-0.52,0.637,0.471,0.525,0.052
53578,1786.435,0.98,1,-0.253029,0.592501,-0.7648,-0.554737,0.45959,-0.693573,-0.506,0.625,0.463,0.535,0.043
53579,1786.468,0.98,1,-0.267966,0.605923,-0.749033,-0.542421,0.473395,-0.694029,-0.512,0.642,0.455,0.538,0.039
53580,1786.502,0.98,1,-0.242268,0.588524,-0.771327,-0.539972,0.482784,-0.689456,-0.492,0.633,0.45,0.547,0.03
53581,1786.535,0.98,1,-0.230329,0.583669,-0.778639,-0.523465,0.490673,-0.69658,-0.472,0.629,0.448,0.547,0.023
53582,1786.568,0.98,1,-0.217492,0.607276,-0.764142,-0.492763,0.575854,-0.652362,-0.465,0.696,0.437,0.529,0.024
53583,1786.602,0.98,1,-0.211771,0.568248,-0.79514,-0.506541,0.520604,-0.687305,-0.451,0.634,0.461,0.54,0.011
53584,1786.635,0.98,1,-0.18812,0.612042,-0.768125,-0.470609,0.599575,-0.647331,-0.436,0.708,0.445,0.509,0.017
53585,1786.668,0.98,1,-0.180535,0.61841,-0.764838,-0.463069,0.610448,-0.642589,-0.429,0.718,0.447,0.495,0.013
53586,1786.702,0.98,1,-0.16932,0.631448,-0.756706,-0.466532,0.615718,-0.635011,-0.429,0.731,0.456,0.487,0.008
53587,1786.735,0.98,1,-0.149662,0.621603,-0.768903,-0.462192,0.607357,-0.646139,-0.408,0.715,0.457,0.478,0.007
53588,1786.769,0.98,1,-0.163173,0.631447,-0.758056,-0.455775,0.60719,-0.650838,-0.414,0.721,0.453,0.471,0.01
53589,1786.802,0.98,1,-0.120964,0.628979,-0.767954,-0.452802,0.605316,-0.654648,-0.383,0.715,0.449,0.466,0.015
53590,1786.835,0.98,1,-0.126885,0.631001,-0.765336,-0.453238,0.602982,-0.656497,-0.387,0.715,0.444,0.452,0.027
53591,1786.869,0.98,1,-0.140155,0.616349,-0.7749,-0.470521,0.558731,-0.682956,-0.397,0.678,0.453,0.456,0.031
53592,1786.902,0.98,1,-0.124191,0.617827,-0.776445,-0.458872,0.546011,-0.700934,-0.376,0.667,0.463,0.449,0.034
53593,1786.935,0.98,1,-0.113824,0.608679,-0.785209,-0.456418,0.537564,-0.709019,-0.365,0.654,0.475,0.436,0.038
53594,1786.969,0.98,1,-0.093005,0.597655,-0.796341,-0.454902,0.49186,-0.742387,-0.342,0.616,0.494,0.436,0.043
53595,1787.002,0.98,1,-0.086724,0.593785,-0.799937,-0.457049,0.477576,-0.750351,-0.337,0.605,0.489,0.424,0.058
53596,1787.035,0.98,1,-0.078478,0.587082,-0.805715,-0.438354,0.469831,-0.766227,-0.318,0.592,0.485,0.414,0.075
53597,1787.069,0.98,1,-0.074441,0.582784,-0.80921,-0.42452,0.466758,-0.775835,-0.305,0.585,0.479,0.402,0.086
53598,1787.102,0.98,1,-0.099683,0.592282,-0.799541,-0.417959,0.47313,-0.775537,-0.318,0.595,0.481,0.395,0.089
53599,1787.135,0.98,1,-0.096972,0.586899,-0.803832,-0.407913,0.476701,-0.778693,-0.309,0.592,0.478,0.384,0.091
53600,1787.169,0.98,1,-0.092338,0.587935,-0.803621,-0.398856,0.49725,-0.770491,-0.302,0.604,0.476,0.378,0.09
53601,1787.202,0.98,1,-0.096685,0.586611,-0.804077,-0.40718,0.493292,-0.768679,-0.31,0.602,0.477,0.373,0.086
53602,1787.235,0.98,1,-0.097913,0.58729,-0.803432,-0.408775,0.486521,-0.77214,-0.311,0.598,0.485,0.375,0.079
53603,1787.269,0.98,1,-0.102617,0.582959,-0.805996,-0.399318,0.486094,-0.77734,-0.307,0.594,0.49,0.371,0.075
53604,1787.302,0.98,1,-0.113178,0.590814,-0.79883,-0.402035,0.505003,-0.763767,-0.318,0.612,0.494,0.367,0.071
53605,1787.335,0.98,1,-0.115978,0.586292,-0.801755,-0.403809,0.515214,-0.755972,-0.322,0.615,0.494,0.361,0.068
53606,1787.369,0.98,1,-0.109264,0.586324,-0.802674,-0.40223,0.509884,-0.760414,-0.316,0.612,0.502,0.363,0.063
53607,1787.402,0.98,1,-0.112802,0.581037,-0.806022,-0.399665,0.521566,-0.753815,-0.317,0.615,0.505,0.358,0.064
53608,1787.435,0.98,1,-0.136327,0.577223,-0.805127,-0.4179,0.512772,-0.749949,-0.342,0.611,0.509,0.36,0.059
53609,1787.469,0.98,1,-0.13383,0.585383,-0.799635,-0.401777,0.526045,-0.749568,-0.333,0.622,0.508,0.361,0.06
53610,1787.502,0.98,1,-0.140971,0.579641,-0.802585,-0.420684,0.515959,-0.746198,-0.348,0.616,0.509,0.363,0.058
53611,1787.535,0.98,1,-0.151976,0.577174,-0.802355,-0.403283,0.527079,-0.748031,-0.344,0.619,0.509,0.363,0.058
53612,1787.569,0.98,1,-0.148757,0.572914,-0.806003,-0.414662,0.523738,-0.744146,-0.349,0.616,0.51,0.369,0.054
53613,1787.602,0.98,1,-0.152643,0.570896,-0.806708,-0.413646,0.526013,-0.743106,-0.35,0.616,0.512,0.374,0.054
53614,1787.635,0.93,1,-0.105409,0.590093,-0.800424,-0.4124,0.509428,-0.755254,-0.321,0.615,0.516,0.38,0.053
53615,1787.669,0.98,1,-0.135156,0.577118,-0.805399,-0.400131,0.522022,-0.753252,-0.331,0.614,0.516,0.38,0.054
53616,1787.702,0.98,1,-0.138113,0.582768,-0.800816,-0.410089,0.523612,-0.746765,-0.34,0.621,0.518,0.385,0.055
53617,1787.735,0.98,1,-0.141742,0.579585,-0.80249,-0.404796,0.526077,-0.747919,-0.339,0.619,0.519,0.38,0.058
53618,1787.769,0.98,1,-0.132901,0.574817,-0.807417,-0.375424,0.536361,-0.755893,-0.314,0.618,0.518,0.377,0.063
53619,1787.802,0.98,1,-0.139791,0.577239,-0.80452,-0.401005,0.521891,-0.752878,-0.334,0.615,0.518,0.378,0.065
53620,1787.835,0.98,1,-0.096305,0.594732,-0.798135,-0.424301,0.504762,-0.751787,-0.324,0.617,0.515,0.377,0.069
53621,1787.869,0.98,1,-0.115972,0.595886,-0.794651,-0.42828,0.503883,-0.750119,-0.339,0.619,0.514,0.379,0.071
53622,1787.902,0.98,1,-0.111608,0.59452,-0.796297,-0.430833,0.501666,-0.750142,-0.337,0.617,0.512,0.382,0.075
53623,1787.936,0.98,1,-0.097521,0.598906,-0.794859,-0.426839,0.503705,-0.751059,-0.327,0.62,0.512,0.384,0.082
53624,1787.969,0.98,1,-0.107504,0.600277,-0.792534,-0.429805,0.506953,-0.747172,-0.336,0.623,0.512,0.387,0.089
53625,1788.002,0.98,1,-0.1268,0.601555,-0.788704,-0.449006,0.510658,-0.733227,-0.362,0.631,0.507,0.386,0.095
53626,1788.036,0.98,1,-0.118616,0.609653,-0.783743,-0.455889,0.506096,-0.732142,-0.362,0.635,0.503,0.386,0.1
53627,1788.069,0.98,1,-0.12682,0.598204,-0.791245,-0.448185,0.511306,-0.733278,-0.361,0.629,0.497,0.39,0.104
53628,1788.102,0.98,1,-0.11745,0.600483,-0.790965,-0.447529,0.491985,-0.746772,-0.352,0.618,0.493,0.395,0.108
53629,1788.136,0.98,1,-0.136119,0.592867,-0.793713,-0.453081,0.487033,-0.74667,-0.365,0.611,0.489,0.396,0.108
53630,1788.169,0.98,1,-0.149206,0.584186,-0.797787,-0.458016,0.470159,-0.754435,-0.373,0.597,0.479,0.401,0.107
53631,1788.202,0.98,1,-0.173027,0.581844,-0.794682,-0.45757,0.466989,-0.756671,-0.386,0.594,0.463,0.398,0.11
53632,1788.236,0.98,1,-0.18997,0.562911,-0.804389,-0.469153,0.439868,-0.765775,-0.397,0.568,0.438,0.406,0.109
53633,1788.269,0.98,1,-0.210166,0.539903,-0.815068,-0.485121,0.414361,-0.770041,-0.413,0.542,0.416,0.409,0.105
53634,1788.302,0.98,1,-0.220886,0.550488,-0.805092,-0.487189,0.420718,-0.765273,-0.424,0.554,0.409,0.425,0.099
53635,1788.336,0.98,1,-0.244466,0.553321,-0.796287,-0.489291,0.421337,-0.76359,-0.44,0.558,0.392,0.424,0.096
53636,1788.369,0.98,1,-0.17266,0.529854,-0.830327,-0.472972,0.406524,-0.781688,-0.381,0.526,0.371,0.411,0.094
53637,1788.402,0.98,1,-0.146309,0.513618,-0.845452,-0.46426,0.385778,-0.797269,-0.356,0.501,0.351,0.425,0.092
53638,1788.436,0.93,1,-0.133061,0.505451,-0.852534,-0.439407,0.477921,-0.760601,-0.341,0.547,0.307,0.403,0.095
53639,1788.469,0.93,1,-0.13047,0.496412,-0.858227,-0.42463,0.467872,-0.775103,-0.328,0.533,0.292,0.39,0.094
53640,1788.502,0.93,1,-0.082882,0.497137,-0.863704,-0.393264,0.48155,-0.783233,-0.281,0.536,0.272,0.348,0.097
53641,1788.536,0.98,1,-0.045137,0.551876,-0.832703,-0.292994,0.531908,-0.794499,-0.205,0.588,0.246,0.293,0.101
53642,1788.569,0.98,1,-0.042276,0.544562,-0.837655,-0.279447,0.492944,-0.823963,-0.191,0.558,0.235,0.257,0.097
53643,1788.602,0.98,1,-0.042781,0.491031,-0.870091,-0.282133,0.486286,-0.826999,-0.189,0.522,0.215,0.201,0.086
53644,1788.636,0.98,1,-0.042378,0.473469,-0.879791,-0.258639,0.490818,-0.831988,-0.174,0.513,0.208,0.177,0.063
53645,1788.669,0.98,1,-0.009742,0.460305,-0.887707,-0.221964,0.491004,-0.842405,-0.133,0.503,0.203,0.155,0.051
53646,1788.702,0.93,1,0.008604,0.446962,-0.894512,-0.21068,0.496588,-0.84203,-0.116,0.498,0.197,0.143,0.043
53647,1788.736,0.93,1,-0.012878,0.445722,-0.895079,-0.212676,0.490492,-0.845096,-0.129,0.494,0.195,0.137,0.038
53648,1788.769,0.93,1,0.015984,0.447765,-0.894009,-0.22674,0.473599,-0.851054,-0.12,0.486,0.194,0.137,0.035
53649,1788.802,0.93,1,0.016513,0.434907,-0.900324,-0.218056,0.478737,-0.850448,-0.115,0.481,0.189,0.135,0.033
53650,1788.836,0.93,1,-0.007995,0.429125,-0.90321,-0.23542,0.458731,-0.856822,-0.137,0.467,0.184,0.143,0.036
53651,1788.869,0.98,1,-0.020663,0.423646,-0.905592,-0.227521,0.457164,-0.859788,-0.14,0.463,0.185,0.145,0.039
53652,1788.902,0.98,1,-0.013471,0.432674,-0.90145,-0.237405,0.456158,-0.857647,-0.142,0.468,0.192,0.148,0.043
53653,1788.936,0.98,1,-0.006248,0.444275,-0.895869,-0.241638,0.455797,-0.856656,-0.141,0.474,0.205,0.156,0.047
53654,1788.969,0.98,1,-0.010065,0.460368,-0.887671,-0.25005,0.460181,-0.851885,-0.148,0.487,0.216,0.159,0.052
53655,1789.003,0.98,1,-0.006909,0.458888,-0.888467,-0.244556,0.450069,-0.858854,-0.143,0.48,0.217,0.156,0.058
53656,1789.036,0.98,1,-0.01905,0.458331,-0.888577,-0.245472,0.453111,-0.856991,-0.15,0.481,0.215,0.157,0.062
53657,1789.069,0.98,1,-0.013028,0.448608,-0.893634,-0.249801,0.442926,-0.861055,-0.149,0.47,0.21,0.156,0.065
53658,1789.103,0.98,1,-0.011132,0.44724,-0.894345,-0.242926,0.447028,-0.860902,-0.144,0.471,0.203,0.154,0.069
53659,1789.136,0.98,1,-0.020029,0.414155,-0.909986,-0.240112,0.445757,-0.86235,-0.146,0.452,0.212,0.161,0.076
53660,1789.169,0.93,1,-0.042961,0.437981,-0.897957,-0.235251,0.455923,-0.858366,-0.157,0.471,0.218,0.154,0.088
53661,1789.203,0.93,1,-0.069807,0.472169,-0.878739,-0.230554,0.45751,-0.858795,-0.171,0.491,0.23,0.149,0.106
53662,1789.236,0.93,1,-0.086988,0.491357,-0.866603,-0.217855,0.458014,-0.861837,-0.175,0.502,0.249,0.144,0.124
53663,1789.269,0.93,1,-0.083541,0.490741,-0.867291,-0.227284,0.449272,-0.864,-0.178,0.497,0.262,0.134,0.14
53664,1789.303,0.93,1,-0.084668,0.491691,-0.866644,-0.215739,0.445192,-0.869057,-0.171,0.495,0.267,0.125,0.152
53665,1789.336,0.93,1,-0.07057,0.487336,-0.870359,-0.200496,0.439565,-0.875548,-0.154,0.488,0.267,0.114,0.158
53666,1789.369,0.93,1,-0.058311,0.502891,-0.862381,-0.183266,0.45596,-0.870927,-0.138,0.505,0.265,0.107,0.156
53667,1789.403,0.93,1,0.159553,0.471156,-0.867499,-0.183077,0.43518,-0.881533,-0.013,0.478,0.275,0.102,0.156
53668,1789.436,0.93,1,0.197438,0.370144,-0.907751,-0.181339,0.444587,-0.877188,0.009,0.428,0.293,0.123,0.161
53669,1789.469,0.93,1,0.015028,0.274728,-0.961405,-0.16758,0.412038,-0.895623,-0.082,0.354,0.268,0.128,0.163
53670,1789.503,0.93,1,0.084598,0.320792,-0.943364,-0.167894,0.400002,-0.901005,-0.045,0.373,0.237,0.134,0.149
53671,1789.536,0.93,1,0.077418,0.291143,-0.953542,-0.189573,0.413914,-0.890358,-0.061,0.365,0.254,0.167,0.127
53672,1789.569,0.98,1,-0.294113,0.39888,-0.868557,-0.214526,0.428036,-0.877932,-0.283,0.442,0.229,0.185,0.113
53673,1789.603,0.98,1,-0.062116,0.435996,-0.897802,-0.208124,0.471509,-0.85695,-0.153,0.477,0.225,0.152,0.078
53674,1789.636,0.98,1,-0.000479,0.436775,-0.899571,-0.211081,0.469971,-0.857072,-0.12,0.477,0.241,0.112,0.061
53675,1789.669,0.98,1,0.028325,0.41328,-0.910163,-0.198566,0.457498,-0.866756,-0.096,0.456,0.238,0.108,0.066
53676,1789.703,0.98,1,0.023322,0.525918,-0.850215,-0.212152,0.509332,-0.83401,-0.112,0.551,0.302,0.115,0.073
53677,1789.736,0.98,1,0.015944,0.544662,-0.838504,-0.179904,0.516378,-0.83725,-0.098,0.564,0.326,0.1,0.094
53678,1789.769,0.98,1,0.012005,0.566393,-0.824048,-0.210907,0.528955,-0.822025,-0.12,0.587,0.343,0.093,0.105
53679,1789.803,0.98,1,0.004342,0.577122,-0.816646,-0.230679,0.536086,-0.812033,-0.138,0.6,0.352,0.092,0.105
53680,1789.836,0.98,1,0.001173,0.597941,-0.80154,-0.236901,0.547679,-0.80245,-0.146,0.62,0.362,0.092,0.104
53681,1789.869,0.98,1,0.003887,0.597317,-0.801996,-0.237805,0.562911,-0.791568,-0.146,0.629,0.376,0.095,0.1
53682,1789.903,0.98,1,0.001153,0.604201,-0.796831,-0.233026,0.574156,-0.784884,-0.146,0.64,0.392,0.101,0.095
53683,1789.936,0.98,1,-0.0099,0.615739,-0.787888,-0.268568,0.567017,-0.778693,-0.176,0.647,0.409,0.11,0.092
53684,1789.969,0.98,1,-0.027516,0.591277,-0.805999,-0.275584,0.538305,-0.796418,-0.187,0.614,0.422,0.124,0.089
53685,1790.003,0.98,1,-0.036551,0.562652,-0.825886,-0.278796,0.489159,-0.826436,-0.189,0.567,0.45,0.149,0.086
53686,1790.036,0.98,1,-0.101083,0.540598,-0.835186,-0.257113,0.479051,-0.839287,-0.211,0.547,0.46,0.159,0.094
53687,1790.069,0.98,1,-0.102752,0.554577,-0.825764,-0.269395,0.480056,-0.834849,-0.22,0.557,0.467,0.178,0.103
53688,1790.103,0.98,1,-0.102052,0.564813,-0.818884,-0.287475,0.486413,-0.825082,-0.233,0.569,0.47,0.205,0.106
53689,1790.136,0.98,1,-0.11446,0.557124,-0.822503,-0.318127,0.487153,-0.813313,-0.259,0.568,0.478,0.242,0.102
53690,1790.17,0.98,1,-0.083511,0.570958,-0.816721,-0.357711,0.472795,-0.8053,-0.266,0.572,0.479,0.305,0.102
53691,1790.203,0.98,1,-0.090773,0.579709,-0.809752,-0.368884,0.479614,-0.796175,-0.279,0.583,0.471,0.327,0.112
53692,1790.236,0.98,1,-0.113029,0.587057,-0.801616,-0.362236,0.435857,-0.823901,-0.284,0.562,0.46,0.341,0.127
53693,1790.27,0.98,1,-0.096466,0.579884,-0.808968,-0.392752,0.462868,-0.794669,-0.296,0.577,0.436,0.341,0.138
53694,1790.303,0.98,1,-0.084262,0.581291,-0.809321,-0.390395,0.463103,-0.795693,-0.288,0.577,0.423,0.344,0.143
53695,1790.336,0.93,1,-0.081741,0.583045,-0.808318,-0.389381,0.45125,-0.802967,-0.284,0.571,0.437,0.352,0.137
53696,1790.37,0.93,1,-0.07593,0.585245,-0.807293,-0.37604,0.446933,-0.811692,-0.272,0.568,0.444,0.354,0.135
53697,1790.403,0.98,1,-0.066948,0.574921,-0.815465,-0.390437,0.46611,-0.793915,-0.277,0.574,0.468,0.351,0.129
53698,1790.436,0.98,1,-0.116591,0.594312,-0.795738,-0.40053,0.485445,-0.777122,-0.318,0.602,0.493,0.355,0.115
53699,1790.47,0.98,1,-0.073651,0.588306,-0.805277,-0.411584,0.479673,-0.774927,-0.298,0.594,0.483,0.353,0.111
53700,1790.503,0.98,1,-0.106101,0.588727,-0.801338,-0.428636,0.494631,-0.75605,-0.331,0.608,0.494,0.352,0.1
53701,1790.536,0.98,1,-0.079243,0.597029,-0.798297,-0.431727,0.496855,-0.752826,-0.318,0.614,0.496,0.359,0.091
53702,1790.57,0.98,1,-0.08591,0.599662,-0.795629,-0.420076,0.491548,-0.762834,-0.314,0.611,0.505,0.366,0.081
53703,1790.603,0.98,1,-0.073571,0.611932,-0.787481,-0.40679,0.498144,-0.765751,-0.3,0.621,0.522,0.364,0.073
53704,1790.636,0.98,1,-0.123087,0.599264,-0.791032,-0.419311,0.527281,-0.739022,-0.341,0.635,0.536,0.39,0.067
53705,1790.67,0.98,1,-0.172037,0.5905,-0.788488,-0.459031,0.536384,-0.708225,-0.399,0.645,0.51,0.407,0.071
53706,1790.703,0.98,1,-0.230413,0.580184,-0.781215,-0.473156,0.522436,-0.709355,-0.441,0.637,0.483,0.432,0.072
53707,1790.736,0.98,1,-0.219102,0.566995,-0.794047,-0.473267,0.502197,-0.723752,-0.428,0.614,0.482,0.486,0.061
53708,1790.77,0.98,1,-0.323986,0.597328,-0.733643,-0.552421,0.542802,-0.632611,-0.57,0.695,0.489,0.54,0.05
53709,1790.803,0.93,1,-0.338302,0.584758,-0.737299,-0.593675,0.531733,-0.603995,-0.607,0.694,0.464,0.578,0.053
53710,1790.836,0.93,1,-0.340159,0.554169,-0.759729,-0.602451,0.517886,-0.607327,-0.604,0.665,0.454,0.632,0.04
53711,1790.87,0.93,1,-0.327505,0.532415,-0.78056,-0.617444,0.497777,-0.609082,-0.597,0.638,0.455,0.641,0.025
53712,1790.903,0.93,1,-0.349125,0.510343,-0.785915,-0.603125,0.465245,-0.64791,-0.586,0.597,0.46,0.648,0.019
53713,1790.936,0.93,1,-0.342445,0.500156,-0.795346,-0.603217,0.462351,-0.649893,-0.579,0.588,0.459,0.661,0.014
53714,1790.97,0.93,1,-0.330422,0.507333,-0.795886,-0.606082,0.488196,-0.627957,-0.582,0.61,0.449,0.659,0.017
53715,1791.003,0.93,1,-0.31714,0.498023,-0.80709,-0.590201,0.46234,-0.661744,-0.553,0.579,0.441,0.654,0.026
53716,1791.036,0.93,1,-0.277514,0.546079,-0.790433,-0.596814,0.493703,-0.632511,-0.551,0.631,0.448,0.657,0.027
53717,1791.07,0.93,1,-0.302897,0.540209,-0.785129,-0.57504,0.482178,-0.660933,-0.546,0.615,0.443,0.655,0.035
53718,1791.103,0.93,1,-0.281303,0.544222,-0.790374,-0.586965,0.49931,-0.637308,-0.546,0.631,0.446,0.651,0.034
53719,1791.136,0.93,1,-0.272775,0.55067,-0.788896,-0.575888,0.505302,-0.642668,-0.535,0.636,0.452,0.644,0.035
53720,1791.17,0.93,1,-0.274176,0.5499,-0.788947,-0.555394,0.487966,-0.67337,-0.516,0.617,0.453,0.643,0.032
53721,1791.203,0.93,1,-0.284743,0.556787,-0.780327,-0.55338,0.502913,-0.663965,-0.526,0.633,0.482,0.654,0.011
53722,1791.237,0.93,1,-0.365573,0.523395,-0.769684,-0.553805,0.517514,-0.652288,-0.574,0.632,0.496,0.625,0.003
53723,1791.27,0.93,1,-0.366246,0.517563,-0.7733,-0.564743,0.52016,-0.640702,-0.582,0.633,0.514,0.624,-0.007
53724,1791.303,0.93,1,-0.369928,0.524205,-0.767048,-0.548096,0.506979,-0.665255,-0.57,0.624,0.516,0.628,-0.01
53725,1791.337,0.93,1,-0.356841,0.537723,-0.763884,-0.540745,0.524376,-0.657742,-0.563,0.642,0.525,0.631,-0.019
53726,1791.37,0.93,1,-0.346287,0.548298,-0.761219,-0.546063,0.528459,-0.650035,-0.564,0.652,0.507,0.631,-0.01
53727,1791.403,0.93,1,-0.323193,0.538477,-0.778196,-0.494927,0.516921,-0.698456,-0.506,0.621,0.497,0.642,-0.003
53728,1791.437,0.93,1,-0.297794,0.549294,-0.780765,-0.578346,0.644515,-0.500116,-0.6,0.75,0.489,0.62,0.006
53729,1791.47,0.93,1,-0.178423,0.575916,-0.797801,-0.543855,0.645995,-0.535642,-0.496,0.742,0.476,0.601,0.02
53730,1791.503,0.88,1,-0.098432,0.500461,-0.860145,-0.527732,0.642018,-0.556158,-0.416,0.679,0.438,0.561,0.047
53731,1791.537,0.98,1,-0.073753,0.567239,-0.820244,-0.484309,0.647934,-0.5879,-0.377,0.712,0.448,0.494,0.059
53732,1791.57,0.98,1,-0.09105,0.583525,-0.806975,-0.41562,0.543306,-0.729438,-0.319,0.633,0.49,0.45,0.03
53733,1791.603,0.98,1,-0.082414,0.594047,-0.800198,-0.390364,0.534611,-0.749538,-0.296,0.629,0.541,0.402,0.002
53734,1791.637,0.93,1,-0.083044,0.59209,-0.801582,-0.397766,0.545076,-0.73802,-0.303,0.636,0.555,0.382,-0.007
53735,1791.67,0.98,1,-0.109283,0.587829,-0.80157,-0.399661,0.53849,-0.741822,-0.319,0.63,0.553,0.374,-0.005
53736,1791.703,0.93,1,-0.12144,0.58734,-0.800178,-0.41235,0.534891,-0.737468,-0.334,0.63,0.546,0.372,-0.0
53737,1791.737,0.98,1,-0.118158,0.592952,-0.796522,-0.424519,0.529344,-0.73456,-0.341,0.633,0.539,0.374,0.008
53738,1791.77,0.98,1,-0.131918,0.598373,-0.790283,-0.417423,0.52912,-0.738776,-0.345,0.635,0.536,0.379,0.015
53739,1791.803,0.98,1,-0.133863,0.601193,-0.787812,-0.424458,0.527437,-0.735966,-0.351,0.638,0.529,0.373,0.022
53740,1791.837,0.98,1,-0.133712,0.600725,-0.788194,-0.427396,0.532482,-0.730614,-0.354,0.641,0.526,0.376,0.024
53741,1791.87,0.98,1,-0.134484,0.598083,-0.79007,-0.42386,0.529499,-0.734829,-0.351,0.637,0.525,0.378,0.025
53742,1791.903,0.98,1,-0.156483,0.596627,-0.787115,-0.430679,0.524649,-0.734343,-0.368,0.635,0.528,0.377,0.025
53743,1791.937,0.98,1,-0.19333,0.568588,-0.799582,-0.467994,0.50726,-0.72365,-0.41,0.615,0.528,0.382,0.028
53744,1791.97,0.98,1,-0.205553,0.534741,-0.819634,-0.469659,0.503373,-0.725283,-0.412,0.592,0.529,0.382,0.033
53745,1792.003,0.98,1,-0.194871,0.423022,-0.884917,-0.462985,0.499674,-0.732101,-0.386,0.519,0.512,0.381,0.042
53746,1792.037,0.98,1,-0.197002,0.387473,-0.900586,-0.427176,0.529147,-0.73316,-0.365,0.511,0.498,0.38,0.051
53747,1792.07,0.98,1,-0.201411,0.380244,-0.902689,-0.442789,0.530062,-0.723168,-0.377,0.51,0.491,0.386,0.053
53748,1792.103,0.98,1,-0.207129,0.367626,-0.906614,-0.436696,0.52399,-0.731253,-0.375,0.499,0.48,0.392,0.058
53749,1792.137,0.98,1,-0.221661,0.378742,-0.898566,-0.453406,0.500773,-0.737326,-0.391,0.493,0.499,0.402,0.056
53750,1792.17,0.98,1,-0.214303,0.409065,-0.886984,-0.448481,0.501032,-0.740157,-0.387,0.51,0.504,0.403,0.054
53751,1792.203,0.98,1,-0.215112,0.46597,-0.858253,-0.479168,0.505802,-0.71733,-0.415,0.553,0.504,0.399,0.054
53752,1792.237,0.98,1,-0.151784,0.559887,-0.814548,-0.469803,0.502761,-0.725614,-0.384,0.604,0.52,0.406,0.041
53753,1792.27,0.98,1,-0.225699,0.521868,-0.822626,-0.451697,0.516237,-0.727646,-0.412,0.59,0.509,0.417,0.035
53754,1792.303,0.98,1,-0.261772,0.53315,-0.804504,-0.450431,0.507195,-0.734755,-0.433,0.594,0.521,0.467,0.018
53755,1792.337,0.98,1,-0.262106,0.554889,-0.789556,-0.48629,0.507757,-0.711129,-0.463,0.616,0.524,0.523,0.003
53756,1792.37,0.98,1,-0.248784,0.526899,-0.812702,-0.517642,0.49849,-0.695381,-0.47,0.597,0.501,0.565,0.009
53757,1792.404,0.88,1,-0.259376,0.544507,-0.797644,-0.546911,0.511559,-0.662718,-0.504,0.626,0.495,0.605,0.006
53758,1792.437,0.93,1,-0.268431,0.553594,-0.788339,-0.545668,0.468821,-0.694588,-0.502,0.604,0.444,0.645,0.037
53759,1792.47,0.93,1,-0.27712,0.537537,-0.796403,-0.541098,0.459589,-0.704266,-0.499,0.586,0.417,0.642,0.052
53760,1792.504,0.93,1,-0.298035,0.529635,-0.794142,-0.556312,0.459356,-0.692466,-0.522,0.587,0.409,0.668,0.05
53761,1792.537,0.93,1,-0.304437,0.528407,-0.792531,-0.5451,0.453872,-0.704888,-0.516,0.581,0.411,0.672,0.052
53762,1792.57,0.93,1,-0.323003,0.533085,-0.781978,-0.577815,0.459865,-0.67428,-0.554,0.598,0.411,0.691,0.05
53763,1792.604,0.93,1,-0.331429,0.522324,-0.785705,-0.579715,0.466329,-0.668183,-0.56,0.597,0.409,0.702,0.051
53764,1792.637,0.88,1,-0.333716,0.518104,-0.787529,-0.563799,0.468896,-0.679903,-0.549,0.592,0.406,0.714,0.053
53765,1792.67,0.88,1,-0.333788,0.512604,-0.79109,-0.549668,0.445957,-0.706391,-0.533,0.569,0.4,0.725,0.057
53766,1792.704,0.88,1,-0.335633,0.521199,-0.784667,-0.581751,0.457288,-0.672646,-0.562,0.591,0.4,0.716,0.06
53767,1792.737,0.88,1,-0.333689,0.513603,-0.790483,-0.575725,0.456548,-0.67831,-0.554,0.584,0.403,0.707,0.059
53768,1792.77,0.88,1,-0.342129,0.509455,-0.789559,-0.590068,0.438033,-0.678194,-0.566,0.573,0.399,0.723,0.057
53769,1792.804,0.88,1,-0.329438,0.502574,-0.799306,-0.59319,0.430273,-0.680434,-0.558,0.562,0.399,0.73,0.054
53770,1792.837,0.88,1,-0.361065,0.491178,-0.792702,-0.588642,0.434269,-0.681844,-0.572,0.56,0.408,0.707,0.049
53771,1792.87,0.98,1,-0.351607,0.487233,-0.79936,-0.609473,0.450349,-0.652479,-0.585,0.573,0.401,0.665,0.05
53772,1792.904,0.88,1,-0.381222,0.430341,-0.818215,-0.645203,0.46568,-0.605685,-0.625,0.562,0.374,0.653,0.052
53821,1794.537,0.93,1,-0.096911,0.564272,-0.819882,-0.436893,0.448719,-0.7796,-0.322,0.565,0.273,0.252,0.113
53822,1794.571,0.98,1,-0.196592,0.493035,-0.847507,-0.393093,0.489439,-0.778414,-0.348,0.544,0.262,0.266,0.11
53823,1794.604,0.98,1,-0.190891,0.492001,-0.849409,-0.428879,0.498574,-0.753317,-0.369,0.554,0.288,0.299,0.118
53824,1794.638,0.98,1,-0.100383,0.502641,-0.858647,-0.483858,0.379148,-0.788751,-0.341,0.491,0.296,0.325,0.117
53825,1794.671,0.98,1,-0.171479,0.541454,-0.823057,-0.423437,0.377378,-0.823582,-0.347,0.509,0.335,0.355,0.107
53826,1794.704,0.98,1,-0.201467,0.559899,-0.803694,-0.438907,0.451084,-0.7771,-0.385,0.569,0.344,0.375,0.105
53827,1794.738,0.98,1,-0.196024,0.542721,-0.816718,-0.454852,0.453451,-0.766481,-0.39,0.562,0.355,0.398,0.103
53828,1794.771,0.98,1,-0.204452,0.531329,-0.822125,-0.476777,0.448827,-0.755803,-0.408,0.556,0.364,0.418,0.102
53829,1794.804,0.98,1,-0.184533,0.496924,-0.847947,-0.471799,0.483847,-0.737087,-0.393,0.554,0.349,0.419,0.104
53830,1794.838,0.98,1,-0.159178,0.496002,-0.853607,-0.516174,0.411882,-0.750944,-0.398,0.515,0.373,0.463,0.097
53831,1794.871,0.98,1,-0.200207,0.490686,-0.848024,-0.51129,0.390135,-0.765753,-0.415,0.5,0.378,0.476,0.095
53832,1794.904,0.98,1,-0.251434,0.510335,-0.822399,-0.514109,0.407789,-0.754586,-0.452,0.527,0.384,0.481,0.097
53833,1794.938,0.98,1,-0.236222,0.504583,-0.830419,-0.531972,0.41009,-0.740832,-0.455,0.527,0.386,0.485,0.096
53834,1794.971,0.98,1,-0.246737,0.518177,-0.81891,-0.524575,0.439963,-0.728872,-0.462,0.554,0.394,0.486,0.095
53835,1795.004,0.98,1,-0.236982,0.514357,-0.824182,-0.523868,0.433677,-0.733135,-0.454,0.547,0.397,0.483,0.094
53836,1795.038,0.98,1,-0.229601,0.516009,-0.825238,-0.522971,0.417116,-0.743314,-0.447,0.537,0.403,0.487,0.092
53837,1795.071,0.98,1,-0.236273,0.508031,-0.828299,-0.543615,0.401209,-0.737234,-0.462,0.526,0.408,0.495,0.09
53838,1795.104,0.98,1,-0.244917,0.537891,-0.806653,-0.545699,0.42093,-0.72459,-0.477,0.559,0.413,0.495,0.088
53839,1795.138,0.98,1,-0.2581,0.522676,-0.812523,-0.547185,0.413577,-0.727697,-0.482,0.546,0.413,0.495,0.088
53840,1795.171,0.98,1,-0.223296,0.507628,-0.832138,-0.555558,0.403122,-0.727219,-0.463,0.529,0.412,0.494,0.087
53841,1795.204,0.98,1,-0.255661,0.531224,-0.807737,-0.555112,0.411156,-0.72305,-0.487,0.552,0.419,0.49,0.084
53842,1795.238,0.98,1,-0.219245,0.548744,-0.806729,-0.555041,0.426078,-0.714413,-0.471,0.57,0.428,0.487,0.08
53843,1795.271,0.98,1,-0.224857,0.558075,-0.798744,-0.543857,0.427465,-0.722145,-0.468,0.575,0.434,0.489,0.078
53844,1795.304,0.98,1,-0.210011,0.562101,-0.799961,-0.539565,0.444369,-0.715126,-0.459,0.586,0.434,0.484,0.079
53845,1795.338,0.98,1,-0.218142,0.557757,-0.800825,-0.538481,0.441514,-0.717707,-0.462,0.582,0.437,0.487,0.08
53846,1795.371,0.98,1,-0.205912,0.567537,-0.797184,-0.539508,0.445321,-0.714577,-0.458,0.59,0.435,0.48,0.082
53847,1795.404,0.98,1,-0.204418,0.568895,-0.7966,-0.538883,0.44694,-0.714038,-0.457,0.592,0.438,0.483,0.082
53848,1795.438,0.98,1,-0.148373,0.54462,-0.825454,-0.537928,0.439855,-0.719139,-0.418,0.567,0.434,0.474,0.083
53849,1795.471,0.98,1,-0.141151,0.543071,-0.827738,-0.539972,0.446067,-0.713761,-0.416,0.57,0.437,0.472,0.084
53850,1795.504,0.98,1,-0.145536,0.554803,-0.819154,-0.537642,0.44883,-0.713788,-0.419,0.58,0.442,0.475,0.084
53851,1795.538,0.98,1,-0.144518,0.542475,-0.827548,-0.534413,0.447896,-0.716793,-0.414,0.57,0.445,0.473,0.085
53852,1795.571,0.98,1,-0.145763,0.554527,-0.8193,-0.527023,0.460254,-0.714432,-0.413,0.585,0.444,0.467,0.088
53853,1795.604,0.98,1,-0.149487,0.532363,-0.833213,-0.531126,0.458282,-0.712659,-0.415,0.57,0.446,0.471,0.089
53854,1795.638,0.98,1,-0.154319,0.531542,-0.832856,-0.519897,0.460045,-0.719767,-0.41,0.568,0.447,0.473,0.09
53855,1795.671,0.98,1,-0.153101,0.551547,-0.819973,-0.516386,0.456953,-0.724251,-0.409,0.579,0.448,0.467,0.092
53856,1795.705,0.98,1,-0.186505,0.571043,-0.799454,-0.520102,0.467087,-0.715069,-0.437,0.601,0.453,0.475,0.091
53857,1795.738,0.98,1,-0.131306,0.553025,-0.822753,-0.521706,0.466724,-0.714137,-0.402,0.586,0.456,0.468,0.093
53858,1795.771,0.98,1,-0.145231,0.558681,-0.816568,-0.523897,0.462902,-0.71502,-0.412,0.588,0.45,0.472,0.094
53859,1795.805,0.98,1,-0.143906,0.545712,-0.825524,-0.516626,0.455972,-0.724698,-0.403,0.574,0.452,0.475,0.094
53860,1795.838,0.98,1,-0.201741,0.576216,-0.792008,-0.523031,0.469032,-0.711651,-0.449,0.607,0.456,0.483,0.096
53861,1795.871,0.98,1,-0.18967,0.577827,-0.793814,-0.522133,0.473459,-0.709376,-0.442,0.61,0.456,0.482,0.096
53862,1795.905,0.98,1,-0.183853,0.57173,-0.799577,-0.535799,0.477746,-0.696188,-0.448,0.612,0.456,0.482,0.097
53863,1795.938,0.98,1,-0.216704,0.569363,-0.79301,-0.525517,0.483484,-0.700053,-0.461,0.614,0.459,0.486,0.097
53864,1795.971,0.98,1,-0.217989,0.573565,-0.789623,-0.511535,0.489793,-0.705999,-0.454,0.618,0.461,0.489,0.097
53865,1796.005,0.98,1,-0.210148,0.574101,-0.791357,-0.520461,0.482534,-0.704472,-0.454,0.615,0.456,0.486,0.1
53866,1796.038,0.98,1,-0.212653,0.575127,-0.789941,-0.531415,0.488007,-0.692422,-0.465,0.622,0.456,0.487,0.102
53867,1796.071,0.98,1,-0.214624,0.569665,-0.793359,-0.534453,0.479225,-0.696207,-0.466,0.614,0.456,0.494,0.101
53868,1796.105,0.98,1,-0.223127,0.569937,-0.790813,-0.536632,0.483725,-0.691401,-0.474,0.618,0.457,0.494,0.104
53869,1796.138,0.98,1,-0.216099,0.570406,-0.792425,-0.50319,0.475961,-0.721291,-0.444,0.605,0.463,0.497,0.104
53870,1796.171,0.98,1,-0.224045,0.577446,-0.785086,-0.505563,0.491425,-0.709159,-0.454,0.621,0.468,0.499,0.105
53871,1796.205,0.98,1,-0.219928,0.579823,-0.784498,-0.528294,0.491193,-0.692557,-0.469,0.627,0.465,0.496,0.109
53872,1796.238,0.98,1,-0.214009,0.577954,-0.787508,-0.522915,0.466448,-0.713433,-0.456,0.608,0.468,0.496,0.11
53873,1796.271,0.98,1,-0.221495,0.560574,-0.797933,-0.530628,0.48348,-0.69619,-0.466,0.61,0.467,0.495,0.114
53874,1796.305,0.98,1,-0.216952,0.561162,-0.798767,-0.517578,0.462845,-0.719644,-0.451,0.593,0.472,0.492,0.117
53875,1796.338,0.98,1,-0.214171,0.575936,-0.788942,-0.510105,0.484302,-0.710806,-0.45,0.615,0.474,0.49,0.118
53876,1796.371,0.98,1,-0.209074,0.572567,-0.792752,-0.512927,0.464961,-0.721607,-0.445,0.601,0.481,0.49,0.119
53877,1796.405,0.98,1,-0.205448,0.580196,-0.788139,-0.511894,0.477914,-0.713837,-0.446,0.614,0.482,0.491,0.12
53878,1796.438,0.98,1,-0.196907,0.583092,-0.788182,-0.506519,0.469871,-0.722952,-0.436,0.609,0.489,0.492,0.118
53879,1796.471,0.98,1,-0.199451,0.590032,-0.782356,-0.501049,0.47849,-0.721108,-0.436,0.618,0.494,0.49,0.119
53880,1796.505,0.98,1,-0.205611,0.598047,-0.774638,-0.51064,0.477739,-0.714851,-0.448,0.626,0.499,0.491,0.119
53881,1796.538,0.98,1,-0.202391,0.602577,-0.77197,-0.52099,0.456913,-0.720972,-0.451,0.617,0.498,0.491,0.118
53882,1796.571,0.98,1,-0.203132,0.601317,-0.772758,-0.511796,0.460644,-0.72517,-0.445,0.617,0.501,0.491,0.12
53883,1796.605,0.98,1,-0.200818,0.602522,-0.772424,-0.515352,0.463293,-0.720952,-0.447,0.62,0.504,0.492,0.119
53884,1796.638,0.98,1,-0.202444,0.605076,-0.77,-0.513757,0.466377,-0.720101,-0.448,0.623,0.505,0.492,0.119
53885,1796.671,0.98,1,-0.205656,0.598005,-0.774659,-0.509181,0.466492,-0.723271,-0.445,0.618,0.505,0.492,0.118
53886,1796.705,0.98,1,-0.211361,0.602922,-0.769293,-0.509977,0.471164,-0.719672,-0.451,0.625,0.505,0.492,0.118
53887,1796.738,0.98,1,-0.211301,0.603498,-0.768858,-0.50139,0.479054,-0.720497,-0.446,0.629,0.505,0.493,0.117
53888,1796.771,0.98,1,-0.211304,0.602921,-0.76931,-0.51639,0.477667,-0.710757,-0.457,0.631,0.5,0.49,0.119
53889,1796.805,0.98,1,-0.205915,0.60454,-0.7695,-0.522431,0.474663,-0.708351,-0.458,0.631,0.499,0.487,0.119
53890,1796.838,0.98,1,-0.206789,0.605066,-0.768852,-0.531376,0.476634,-0.700328,-0.466,0.635,0.502,0.488,0.118
53891,1796.872,0.98,1,-0.209924,0.60937,-0.764592,-0.521788,0.477957,-0.706608,-0.462,0.636,0.502,0.486,0.117
53892,1796.905,0.98,1,-0.208,0.597249,-0.774615,-0.520966,0.472199,-0.711071,-0.456,0.624,0.506,0.489,0.115
53893,1796.938,0.98,1,-0.204548,0.598954,-0.774218,-0.508728,0.490861,-0.707284,-0.449,0.634,0.504,0.486,0.114
53894,1796.972,0.98,1,-0.209569,0.601316,-0.771039,-0.512428,0.488044,-0.706562,-0.455,0.635,0.504,0.488,0.113
53895,1797.005,0.98,1,-0.211908,0.60037,-0.771136,-0.513413,0.488251,-0.705704,-0.457,0.635,0.505,0.49,0.111
53896,1797.038,0.98,1,-0.20921,0.594259,-0.776587,-0.503481,0.479613,-0.718665,-0.445,0.623,0.502,0.494,0.109
53897,1797.072,0.98,1,-0.21929,0.590153,-0.776937,-0.509201,0.48545,-0.71067,-0.455,0.626,0.494,0.496,0.108
53898,1797.105,0.98,1,-0.22419,0.564521,-0.794389,-0.516873,0.462253,-0.72053,-0.455,0.596,0.492,0.503,0.103
53899,1797.138,0.98,1,-0.228451,0.574733,-0.785807,-0.506085,0.475988,-0.719245,-0.454,0.609,0.491,0.502,0.103
53900,1797.172,0.98,1,-0.229149,0.582148,-0.780124,-0.513222,0.496483,-0.700077,-0.465,0.63,0.491,0.5,0.102
53901,1797.205,0.98,1,-0.223943,0.577514,-0.785065,-0.52311,0.496569,-0.692658,-0.468,0.629,0.491,0.498,0.102
53902,1797.238,0.98,1,-0.221649,0.583617,-0.781193,-0.529301,0.497362,-0.687366,-0.473,0.635,0.491,0.497,0.103
53903,1797.272,0.98,1,-0.220084,0.581557,-0.783169,-0.521824,0.494501,-0.695103,-0.465,0.629,0.491,0.497,0.104
53904,1797.305,0.98,1,-0.226869,0.579208,-0.782974,-0.497904,0.511216,-0.700535,-0.454,0.634,0.497,0.5,0.101
53905,1797.338,0.98,1,-0.231401,0.581951,-0.779607,-0.497613,0.512233,-0.699999,-0.458,0.637,0.503,0.496,0.099
53906,1797.372,0.98,1,-0.232342,0.589258,-0.773817,-0.511546,0.507774,-0.693171,-0.469,0.642,0.509,0.495,0.095
53907,1797.405,0.98,1,-0.227606,0.589973,-0.774679,-0.508278,0.518458,-0.687644,-0.466,0.649,0.51,0.495,0.089
53908,1797.438,0.98,1,-0.225068,0.588066,-0.776867,-0.503332,0.523101,-0.687766,-0.462,0.649,0.512,0.493,0.087
53909,1797.472,0.98,1,-0.243628,0.58732,-0.771816,-0.518233,0.508555,-0.687609,-0.481,0.644,0.514,0.499,0.084
53910,1797.505,0.98,1,-0.248872,0.584099,-0.772587,-0.52451,0.501822,-0.687796,-0.487,0.639,0.508,0.495,0.088
53911,1797.538,0.98,1,-0.23328,0.581915,-0.779074,-0.501195,0.497994,-0.707676,-0.459,0.628,0.501,0.496,0.091
53912,1797.572,0.98,1,-0.228783,0.587175,-0.776456,-0.506133,0.505983,-0.698434,-0.462,0.638,0.501,0.493,0.092
53913,1797.605,0.98,1,-0.216476,0.58065,-0.784846,-0.522035,0.49528,-0.694389,-0.463,0.629,0.498,0.493,0.09
53914,1797.638,0.98,1,-0.222342,0.583317,-0.78122,-0.529545,0.495206,-0.688733,-0.473,0.633,0.493,0.489,0.091
53915,1797.672,0.98,1,-0.231161,0.58352,-0.778504,-0.529,0.489791,-0.69301,-0.477,0.63,0.492,0.493,0.089
53916,1797.705,0.98,1,-0.244591,0.589314,-0.76999,-0.528596,0.492918,-0.691099,-0.487,0.638,0.492,0.489,0.092
53917,1797.738,0.98,1,-0.238703,0.584018,-0.775851,-0.533185,0.48749,-0.691424,-0.484,0.631,0.487,0.49,0.094
53918,1797.772,0.98,1,-0.240351,0.5808,-0.777755,-0.531221,0.48017,-0.698026,-0.482,0.623,0.481,0.487,0.097
53919,1797.805,0.98,1,-0.265562,0.582857,-0.767955,-0.522328,0.482847,-0.702875,-0.492,0.627,0.482,0.49,0.096
53920,1797.838,0.98,1,-0.263222,0.571416,-0.777302,-0.526503,0.46515,-0.711639,-0.488,0.608,0.478,0.486,0.097
53921,1797.872,0.98,1,-0.22665,0.58639,-0.777674,-0.527165,0.469824,-0.708069,-0.47,0.618,0.477,0.48,0.097
53922,1797.905,0.98,1,-0.156256,0.58635,-0.794844,-0.484852,0.474791,-0.734501,-0.397,0.607,0.471,0.456,0.099
53923,1797.939,0.98,1,-0.09343,0.629356,-0.771481,-0.403824,0.505878,-0.762243,-0.314,0.637,0.481,0.401,0.102
53924,1797.972,0.98,1,-0.062263,0.544894,-0.83619,-0.317989,0.587667,-0.743997,-0.236,0.622,0.437,0.294,0.118
53925,1798.005,0.93,1,-0.143459,0.396049,-0.906954,-0.232763,0.560805,-0.794556,-0.218,0.512,0.436,0.23,0.1
53926,1798.039,0.93,1,-0.095731,0.391321,-0.915261,-0.148885,0.502554,-0.851629,-0.138,0.468,0.431,0.176,0.1
53927,1798.072,0.88,1,0.067957,0.406776,-0.910997,-0.101333,0.469266,-0.877224,-0.019,0.456,0.405,0.119,0.121
53928,1798.105,0.98,1,0.27242,0.50112,-0.821381,-0.013056,0.601963,-0.798417,0.159,0.598,0.375,0.035,0.143
53929,1798.139,0.98,1,0.445001,0.592169,-0.671797,0.024471,0.60417,-0.79648,0.309,0.684,0.338,-0.084,0.155
53930,1798.172,0.98,1,0.433873,0.637536,-0.636633,0.015247,0.569889,-0.82158,0.299,0.692,0.339,-0.151,0.158
53931,1798.205,0.98,1,0.325454,0.640622,-0.695473,-0.032,0.556959,-0.829923,0.19,0.666,0.384,-0.144,0.136
53932,1798.239,0.98,1,0.311179,0.628689,-0.712683,-0.080546,0.538082,-0.839035,0.148,0.645,0.384,-0.128,0.119
53933,1798.272,0.98,1,0.307635,0.613516,-0.727295,-0.069636,0.518287,-0.852367,0.15,0.622,0.354,-0.124,0.106
53934,1798.305,0.98,1,0.306945,0.606106,-0.733772,-0.061642,0.511279,-0.857202,0.153,0.612,0.333,-0.127,0.1
53935,1798.339,0.98,1,0.279335,0.611068,-0.740654,-0.085923,0.518932,-0.850486,0.121,0.618,0.339,-0.123,0.104
53936,1798.372,0.98,1,0.272856,0.618687,-0.736733,-0.114919,0.557075,-0.822473,0.101,0.646,0.338,-0.118,0.114
53937,1798.405,0.98,1,0.25918,0.627271,-0.734409,-0.129805,0.556717,-0.820498,0.083,0.651,0.335,-0.121,0.128
53938,1798.439,0.98,1,0.209729,0.648511,-0.731742,-0.148607,0.554134,-0.819055,0.039,0.66,0.356,-0.102,0.137
53939,1798.472,0.98,1,0.208898,0.635876,-0.742983,-0.161988,0.546787,-0.821452,0.03,0.647,0.356,-0.103,0.146
53940,1798.505,0.98,1,0.196047,0.623234,-0.757064,-0.143409,0.521579,-0.841064,0.033,0.622,0.358,-0.092,0.153
53941,1798.539,0.98,1,0.202336,0.623799,-0.75494,-0.155545,0.526906,-0.835569,0.029,0.626,0.35,-0.098,0.165
53942,1798.572,0.98,1,0.203613,0.623891,-0.754521,-0.143733,0.503946,-0.851692,0.037,0.612,0.334,-0.086,0.171
53943,1798.605,0.98,1,0.195716,0.618134,-0.761319,-0.146746,0.514645,-0.844752,0.03,0.614,0.329,-0.071,0.168
53944,1798.639,0.98,1,0.172271,0.621212,-0.764473,-0.176105,0.517871,-0.837136,-0.002,0.618,0.314,-0.067,0.167
53945,1798.672,0.98,1,0.173224,0.620291,-0.765005,-0.170536,0.519513,-0.837272,0.002,0.618,0.32,-0.049,0.154
53946,1798.705,0.98,1,0.147218,0.60885,-0.779505,-0.167949,0.503577,-0.847469,-0.013,0.6,0.309,-0.051,0.155
53947,1798.739,0.98,1,0.15121,0.589738,-0.793313,-0.160343,0.496576,-0.853055,-0.006,0.583,0.321,-0.062,0.162
53948,1798.772,0.98,1,0.159979,0.572728,-0.803983,-0.200455,0.475518,-0.856563,-0.024,0.563,0.335,-0.064,0.165
53949,1798.805,0.98,1,0.140824,0.611795,-0.77838,-0.182485,0.528122,-0.829329,-0.026,0.617,0.336,-0.065,0.176
53950,1798.839,0.98,1,0.128985,0.618854,-0.774844,-0.191673,0.518079,-0.83358,-0.039,0.615,0.335,-0.069,0.18
53951,1798.872,0.98,1,0.134771,0.621235,-0.771948,-0.191755,0.506449,-0.840678,-0.035,0.61,0.338,-0.066,0.186
53952,1798.905,0.98,1,0.135315,0.630303,-0.764466,-0.189876,0.499187,-0.845434,-0.034,0.612,0.348,-0.052,0.185
53953,1798.939,0.98,1,0.119587,0.610099,-0.783249,-0.189368,0.516345,-0.835181,-0.043,0.608,0.359,-0.041,0.169
53954,1798.972,0.98,1,0.076839,0.589933,-0.803788,-0.227215,0.552773,-0.801758,-0.093,0.619,0.364,-0.024,0.152
53955,1799.005,0.88,1,0.058997,0.509131,-0.858665,-0.239898,0.397307,-0.885775,-0.103,0.479,0.316,-0.046,0.155
53956,1799.039,0.93,1,0.092215,0.578705,-0.810306,-0.282679,0.40077,-0.871479,-0.113,0.527,0.335,-0.003,0.12
53957,1799.072,0.93,1,0.043074,0.573691,-0.817939,-0.315026,0.490467,-0.812527,-0.165,0.578,0.368,0.066,0.088
53958,1799.106,0.93,1,-0.112559,0.603348,-0.789494,-0.367991,0.509367,-0.7779,-0.297,0.617,0.298,0.212,0.08
53959,1799.139,0.93,1,-0.075741,0.658634,-0.748642,-0.326224,0.469613,-0.820391,-0.251,0.623,0.318,0.231,0.06
53960,1799.172,0.82,1,-0.023459,0.593288,-0.804648,-0.29208,0.429534,-0.854511,-0.188,0.552,0.301,0.197,0.053
53961,1799.206,0.98,1,-0.354843,0.560559,-0.748238,-0.564189,0.43619,-0.70102,-0.565,0.602,0.346,0.476,0.016
53962,1799.239,0.98,1,-0.378685,0.541616,-0.7505,-0.589899,0.421197,-0.688921,-0.592,0.59,0.365,0.531,0.018
53963,1799.272,0.98,1,-0.392135,0.534199,-0.748907,-0.597032,0.391804,-0.70003,-0.599,0.569,0.366,0.559,0.015
53964,1799.306,0.98,1,-0.387635,0.529208,-0.75477,-0.576902,0.388607,-0.718449,-0.58,0.557,0.372,0.567,0.007
53965,1799.339,0.98,1,-0.389505,0.518312,-0.76134,-0.574527,0.393954,-0.717439,-0.578,0.553,0.373,0.574,-0.001
53966,1799.372,0.98,1,-0.451397,0.484121,-0.749578,-0.590449,0.492379,-0.639479,-0.644,0.613,0.394,0.56,-0.014
53967,1799.406,0.98,1,-0.459781,0.467127,-0.755245,-0.582674,0.494583,-0.644887,-0.64,0.602,0.391,0.562,-0.015
53968,1799.439,0.98,1,-0.445168,0.504697,-0.739666,-0.594333,0.489816,-0.637846,-0.646,0.625,0.395,0.57,-0.02
53969,1799.472,0.98,1,-0.41663,0.515027,-0.74911,-0.56734,0.487327,-0.663805,-0.608,0.617,0.386,0.558,-0.017
53970,1799.506,0.98,1,-0.290269,0.498074,-0.817109,-0.580333,0.442609,-0.683602,-0.526,0.56,0.378,0.53,-0.017
53971,1799.539,0.98,1,-0.224384,0.574633,-0.787051,-0.479905,0.593509,-0.646095,-0.457,0.684,0.401,0.462,-0.017
53972,1799.572,0.98,1,-0.156197,0.644647,-0.748353,-0.378535,0.645927,-0.66294,-0.362,0.741,0.393,0.38,0.007
53973,1799.606,0.93,1,-0.075577,0.67658,-0.732481,-0.315519,0.639688,-0.70089,-0.266,0.743,0.389,0.287,0.032
53974,1799.639,0.88,1,-0.086646,0.606139,-0.790625,-0.371556,0.594508,-0.713096,-0.296,0.674,0.352,0.205,0.054
53975,1799.672,0.98,1,0.233469,0.509331,-0.828296,-0.108118,0.385677,-0.916277,0.072,0.474,0.307,-0.031,0.066
53976,1799.706,0.98,1,0.284346,0.495109,-0.820984,-0.116169,0.376305,-0.919184,0.096,0.464,0.328,-0.091,0.067
53977,1799.739,0.98,1,0.246585,0.502848,-0.828456,-0.059174,0.545097,-0.836282,0.112,0.562,0.344,-0.126,0.067
53978,1799.772,0.98,1,0.230733,0.565781,-0.791615,-0.019101,0.574113,-0.818554,0.131,0.616,0.331,-0.125,0.077
53979,1799.806,0.98,1,0.256249,0.577758,-0.77494,-0.019857,0.559474,-0.82861,0.146,0.617,0.334,-0.129,0.085
53980,1799.839,0.98,1,0.284218,0.585804,-0.758982,-0.008641,0.5232,-0.852166,0.169,0.603,0.347,-0.119,0.096
53981,1799.872,0.98,1,0.289918,0.586133,-0.756568,-0.045271,0.487316,-0.872052,0.149,0.583,0.343,-0.115,0.099
53982,1799.906,0.98,1,0.268073,0.581664,-0.767987,-0.03816,0.44372,-0.895353,0.137,0.552,0.333,-0.105,0.104
53983,1799.939,0.98,1,0.283854,0.560055,-0.778309,-0.000989,0.367582,-0.929991,0.164,0.497,0.305,-0.11,0.108
53984,1799.972,0.98,1,0.282693,0.563571,-0.776191,0.030102,0.347166,-0.937321,0.181,0.489,0.319,-0.108,0.101
53985,1800.006,0.98,1,0.258504,0.568626,-0.780923,0.024847,0.37173,-0.928008,0.164,0.503,0.319,-0.107,0.104
53986,1800.039,0.98,1,0.283115,0.590226,-0.755962,0.015419,0.356157,-0.934299,0.175,0.51,0.341,-0.119,0.113
53987,1800.072,0.98,1,0.286106,0.575246,-0.766313,0.025158,0.344419,-0.938479,0.181,0.495,0.338,-0.13,0.128
53988,1800.106,0.98,1,0.309853,0.575787,-0.756611,0.02222,0.361318,-0.932178,0.194,0.507,0.347,-0.129,0.138
53989,1800.139,0.98,1,0.309132,0.571518,-0.760134,0.008379,0.355782,-0.934531,0.185,0.501,0.356,-0.141,0.149
53990,1800.173,0.98,1,0.275469,0.564611,-0.77803,0.012345,0.346483,-0.937975,0.166,0.488,0.36,-0.154,0.153
53991,1800.206,0.98,1,0.25876,0.559295,-0.787548,-0.013162,0.379503,-0.925097,0.142,0.501,0.356,-0.152,0.151
53992,1800.239,0.98,1,0.260556,0.552175,-0.791968,-0.005327,0.371819,-0.92829,0.147,0.493,0.337,-0.149,0.15
53993,1800.273,0.98,1,0.277091,0.562147,-0.779238,0.017064,0.3838,-0.923258,0.171,0.507,0.334,-0.149,0.152
53994,1800.306,0.98,1,0.275385,0.56286,-0.779328,-0.008639,0.421536,-0.90677,0.157,0.528,0.323,-0.14,0.148
53995,1800.339,0.98,1,0.277059,0.54182,-0.793517,-0.02942,0.440537,-0.897252,0.145,0.526,0.328,-0.138,0.14
53996,1800.373,0.98,1,0.264815,0.539418,-0.799313,-0.035286,0.45511,-0.889736,0.135,0.532,0.33,-0.134,0.137
53997,1800.406,0.98,1,0.273135,0.544314,-0.793171,-0.045749,0.468766,-0.882137,0.135,0.544,0.33,-0.131,0.138
53998,1800.439,0.98,1,0.254968,0.543045,-0.800059,-0.053313,0.471239,-0.880393,0.119,0.543,0.326,-0.131,0.138
53999,1800.473,0.98,1,0.25726,0.534172,-0.805281,-0.067302,0.472749,-0.878623,0.112,0.539,0.321,-0.133,0.138
54000,1800.506,0.98,1,0.260795,0.541141,-0.79947,-0.07104,0.487656,-0.870141,0.113,0.552,0.32,-0.136,0.14
54001,1800.539,0.98,1,0.263482,0.538935,-0.800079,-0.081923,0.485975,-0.870125,0.108,0.55,0.319,-0.137,0.14
54002,1800.573,0.98,1,0.250296,0.543012,-0.801555,-0.08894,0.488442,-0.868052,0.096,0.553,0.32,-0.133,0.141
54003,1800.606,0.98,1,0.255373,0.545464,-0.798282,-0.089717,0.486361,-0.869139,0.099,0.554,0.325,-0.138,0.144
54004,1800.639,0.98,1,0.251647,0.548277,-0.797538,-0.084444,0.490608,-0.867279,0.1,0.558,0.328,-0.136,0.144
54005,1800.673,0.98,1,0.238272,0.551981,-0.799089,-0.087512,0.493786,-0.865169,0.09,0.561,0.326,-0.131,0.141
54006,1800.706,0.98,1,0.25912,0.560886,-0.786298,-0.093595,0.499642,-0.861161,0.1,0.572,0.326,-0.126,0.137
54007,1800.739,0.98,1,0.264279,0.561862,-0.78388,-0.09823,0.510254,-0.854395,0.101,0.579,0.33,-0.125,0.133
54008,1800.773,0.98,1,0.261827,0.557338,-0.787922,-0.081693,0.504289,-0.859662,0.109,0.572,0.331,-0.129,0.13
54009,1800.806,0.98,1,0.266745,0.561256,-0.783478,-0.079598,0.500048,-0.862332,0.113,0.573,0.327,-0.129,0.128
54010,1800.839,0.98,1,0.27157,0.55431,-0.786759,-0.051648,0.50014,-0.864403,0.132,0.568,0.325,-0.129,0.126
54011,1800.873,0.98,1,0.261309,0.553537,-0.790768,-0.071708,0.485005,-0.871566,0.114,0.558,0.319,-0.127,0.12
54012,1800.906,0.98,1,0.269943,0.54467,-0.794018,-0.068239,0.486589,-0.870962,0.121,0.555,0.311,-0.125,0.111
54013,1800.939,0.98,1,0.273392,0.537602,-0.797647,-0.070579,0.490735,-0.868445,0.121,0.553,0.297,-0.132,0.103
54014,1800.973,0.98,1,0.268929,0.536059,-0.800198,-0.073987,0.499641,-0.863067,0.117,0.557,0.294,-0.137,0.095
54015,1801.006,0.98,1,0.266904,0.525436,-0.807886,-0.071292,0.5005,-0.862796,0.117,0.551,0.3,-0.136,0.089
54016,1801.039,0.98,1,0.252103,0.549751,-0.796378,-0.081631,0.534957,-0.840927,0.104,0.585,0.309,-0.122,0.085
54017,1801.073,0.98,1,0.154117,0.536505,-0.829705,-0.132123,0.51138,-0.849137,0.013,0.558,0.322,-0.127,0.086
54018,1801.106,0.98,1,0.140681,0.532814,-0.834457,-0.131226,0.49245,-0.860391,0.006,0.544,0.336,-0.105,0.078
54019,1801.139,0.98,1,0.13932,0.53581,-0.832765,-0.123668,0.501453,-0.856301,0.009,0.551,0.338,-0.065,0.069
54020,1801.173,0.98,1,0.16944,0.533962,-0.828357,-0.104819,0.495354,-0.862344,0.038,0.547,0.332,-0.031,0.062
54021,1801.206,0.98,1,0.1883,0.561223,-0.80596,-0.101832,0.512307,-0.852744,0.052,0.574,0.33,-0.003,0.057
54022,1801.24,0.98,1,0.184526,0.5551,-0.811058,-0.110084,0.493458,-0.862775,0.044,0.56,0.331,0.016,0.049
54023,1801.273,0.93,1,0.176777,0.586605,-0.790344,-0.098838,0.529309,-0.842653,0.048,0.599,0.339,0.055,0.047
54024,1801.306,0.93,1,0.169295,0.587393,-0.791397,-0.120868,0.525098,-0.842415,0.03,0.598,0.357,0.05,0.063
54025,1801.34,0.93,1,0.167825,0.580514,-0.796767,-0.11174,0.514411,-0.850233,0.034,0.587,0.363,0.046,0.071
54026,1801.373,0.98,1,0.156705,0.582502,-0.79758,-0.122301,0.519375,-0.845749,0.021,0.591,0.36,0.046,0.071
54027,1801.406,0.93,1,0.150981,0.569992,-0.807659,-0.120829,0.507588,-0.853086,0.018,0.576,0.356,0.046,0.064
54028,1801.44,0.93,1,0.148965,0.555815,-0.817851,-0.12107,0.498599,-0.858336,0.017,0.562,0.35,0.048,0.053
54029,1801.473,0.93,1,0.145314,0.558712,-0.816532,-0.122134,0.500377,-0.85715,0.014,0.564,0.346,0.052,0.045
54030,1801.506,0.98,1,0.140871,0.54939,-0.823605,-0.123186,0.485351,-0.865598,0.01,0.55,0.341,0.059,0.038
54031,1801.54,0.98,1,0.090115,0.532828,-0.841412,-0.175819,0.415948,-0.89223,-0.049,0.501,0.344,0.07,0.031
54032,1801.573,0.98,1,0.046617,0.541767,-0.839235,-0.201042,0.406441,-0.891284,-0.089,0.501,0.34,0.087,0.024
54033,1801.606,0.98,1,0.042778,0.532333,-0.845453,-0.221562,0.393409,-0.892267,-0.103,0.489,0.338,0.104,0.019
54034,1801.64,0.98,1,0.028156,0.5296,-0.84778,-0.235934,0.396169,-0.887347,-0.119,0.49,0.338,0.123,0.012
54035,1801.673,0.98,1,0.02247,0.519016,-0.854469,-0.247059,0.399047,-0.883019,-0.129,0.486,0.342,0.143,0.003
54036,1801.706,0.98,1,0.013858,0.530584,-0.847519,-0.26119,0.406245,-0.875639,-0.143,0.498,0.344,0.157,-0.003
54037,1801.74,0.93,1,0.020959,0.534385,-0.844981,-0.287843,0.41549,-0.862853,-0.155,0.508,0.352,0.176,-0.011
54038,1801.773,0.98,1,0.011393,0.542453,-0.840009,-0.287463,0.426599,-0.857542,-0.161,0.519,0.361,0.189,-0.019
54039,1801.806,0.98,1,-0.000729,0.547198,-0.837003,-0.297306,0.437249,-0.848777,-0.175,0.529,0.373,0.204,-0.026
54040,1801.84,0.98,1,-0.002925,0.540697,-0.841212,-0.292293,0.442699,-0.847693,-0.173,0.527,0.384,0.217,-0.031
54041,1801.873,0.98,1,-0.011887,0.554737,-0.831941,-0.306044,0.444573,-0.841839,-0.188,0.538,0.413,0.261,-0.035
54042,1801.906,0.98,1,-0.03506,0.583387,-0.811437,-0.310203,0.465965,-0.828644,-0.207,0.569,0.434,0.27,-0.034
54043,1801.94,0.98,1,-0.042115,0.563979,-0.824714,-0.353104,0.471547,-0.80806,-0.237,0.565,0.448,0.285,-0.04
54044,1801.973,0.98,1,-0.096725,0.553174,-0.827431,-0.377181,0.479865,-0.792126,-0.285,0.568,0.453,0.302,-0.046
54045,1802.006,0.98,1,-0.100781,0.569623,-0.815704,-0.3809,0.483272,-0.788266,-0.292,0.581,0.457,0.328,-0.054
54046,1802.04,0.98,1,-0.109049,0.587517,-0.801831,-0.412313,0.497537,-0.763187,-0.322,0.606,0.47,0.365,-0.065
54047,1802.073,0.98,1,-0.147399,0.58508,-0.797468,-0.421041,0.50982,-0.750205,-0.352,0.616,0.471,0.396,-0.074
54048,1802.106,0.98,1,-0.189404,0.559466,-0.806923,-0.443438,0.508843,-0.737863,-0.389,0.605,0.464,0.425,-0.08
54049,1802.14,0.93,1,-0.211165,0.597711,-0.773402,-0.446094,0.520771,-0.727872,-0.413,0.64,0.461,0.437,-0.081
54050,1802.173,0.93,1,-0.218371,0.606163,-0.764775,-0.457999,0.534554,-0.710274,-0.43,0.658,0.461,0.455,-0.083
54051,1802.206,0.93,1,-0.268023,0.597909,-0.755426,-0.4702,0.536885,-0.700476,-0.469,0.662,0.466,0.485,-0.087
54052,1802.24,0.88,1,-0.283195,0.590746,-0.755526,-0.511154,0.555067,-0.656218,-0.513,0.682,0.477,0.519,-0.094
54053,1802.273,0.88,1,-0.275224,0.553782,-0.785861,-0.529262,0.518637,-0.671489,-0.504,0.634,0.438,0.594,-0.074
54054,1802.306,0.93,1,-0.308094,0.512076,-0.801783,-0.577707,0.472206,-0.66579,-0.543,0.591,0.4,0.657,-0.053
54055,1802.34,0.93,1,-0.333166,0.515632,-0.789382,-0.553912,0.473724,-0.684666,-0.542,0.591,0.392,0.663,-0.047
54056,1802.373,0.93,1,-0.312347,0.544435,-0.778479,-0.531612,0.497916,-0.685178,-0.523,0.619,0.406,0.646,-0.043
54057,1802.407,0.93,1,-0.309162,0.539873,-0.782915,-0.516631,0.486628,-0.704475,-0.507,0.604,0.41,0.645,-0.04
54058,1802.44,0.93,1,-0.30368,0.533373,-0.789489,-0.494998,0.476528,-0.726566,-0.485,0.588,0.411,0.639,-0.033
54059,1802.473,0.93,1,-0.28771,0.526431,-0.800058,-0.502549,0.47541,-0.722101,-0.479,0.582,0.419,0.636,-0.03
54060,1802.507,0.93,1,-0.275637,0.518428,-0.809479,-0.515619,0.488031,-0.704246,-0.482,0.587,0.415,0.639,-0.027
54061,1802.54,0.93,1,-0.293925,0.519099,-0.802586,-0.514025,0.492602,-0.702226,-0.493,0.592,0.426,0.649,-0.029
54062,1802.573,0.88,1,-0.281429,0.515465,-0.809379,-0.520863,0.500039,-0.691854,-0.491,0.595,0.435,0.635,-0.032
54063,1802.607,0.88,1,-0.277691,0.527358,-0.802982,-0.51505,0.506649,-0.691397,-0.488,0.605,0.448,0.628,-0.041
54064,1802.64,0.88,1,-0.26888,0.537226,-0.799432,-0.498388,0.519422,-0.694125,-0.475,0.616,0.464,0.615,-0.048
54065,1802.673,0.88,1,-0.273851,0.542297,-0.794305,-0.492325,0.516206,-0.700819,-0.474,0.616,0.475,0.616,-0.056
54066,1802.707,0.88,1,-0.270564,0.542669,-0.795176,-0.479706,0.520472,-0.706393,-0.463,0.616,0.475,0.613,-0.056
54067,1802.74,0.88,1,-0.261803,0.541293,-0.799038,-0.478625,0.521775,-0.706165,-0.457,0.615,0.476,0.609,-0.059
54068,1802.773,0.88,1,-0.254582,0.53568,-0.80513,-0.455651,0.509813,-0.729707,-0.433,0.598,0.481,0.605,-0.059
54069,1802.807,0.93,1,-0.253379,0.530257,-0.80909,-0.453627,0.500156,-0.737609,-0.429,0.588,0.475,0.604,-0.06
54070,1802.84,0.93,1,-0.238053,0.516807,-0.822339,-0.463451,0.498019,-0.732933,-0.424,0.578,0.472,0.596,-0.057
54071,1802.873,0.93,1,-0.245393,0.515166,-0.82121,-0.435498,0.50513,-0.745108,-0.41,0.577,0.47,0.595,-0.06
54072,1802.907,0.93,1,-0.244099,0.52197,-0.81729,-0.45591,0.517231,-0.724305,-0.426,0.593,0.479,0.598,-0.068
54073,1802.94,0.93,1,-0.241427,0.532395,-0.811337,-0.433249,0.526918,-0.7312,-0.412,0.602,0.487,0.596,-0.074
54074,1802.973,0.88,1,-0.237653,0.520247,-0.820283,-0.450807,0.534857,-0.714634,-0.422,0.602,0.479,0.586,-0.067
54075,1803.007,0.88,1,-0.241072,0.524829,-0.816357,-0.430957,0.545864,-0.718546,-0.413,0.609,0.482,0.591,-0.07
54076,1803.04,0.88,1,-0.226872,0.525775,-0.819811,-0.498475,0.591748,-0.633527,-0.463,0.656,0.478,0.597,-0.062
54077,1803.073,0.88,1,-0.227214,0.558135,-0.798034,-0.502829,0.600586,-0.621659,-0.475,0.685,0.479,0.611,-0.061
54078,1803.107,0.88,1,-0.228443,0.5565,-0.798825,-0.501687,0.61037,-0.612991,-0.477,0.691,0.493,0.621,-0.065
54079,1803.14,0.88,1,-0.234792,0.55009,-0.801419,-0.50853,0.589581,-0.627528,-0.48,0.673,0.498,0.621,-0.07
54080,1803.173,0.88,1,-0.234228,0.545204,-0.804916,-0.497736,0.600809,-0.62553,-0.473,0.675,0.501,0.617,-0.073
54081,1803.207,0.88,1,-0.233805,0.530045,-0.8151,-0.512411,0.606785,-0.607657,-0.483,0.674,0.495,0.615,-0.077
54082,1803.24,0.88,1,-0.235344,0.534011,-0.812063,-0.493917,0.566377,-0.659745,-0.46,0.642,0.498,0.619,-0.087
54083,1803.273,0.88,1,-0.234376,0.53805,-0.809673,-0.540729,0.603351,-0.586157,-0.507,0.685,0.501,0.624,-0.089
54084,1803.307,0.88,1,-0.230419,0.532497,-0.814465,-0.48455,0.552676,-0.678056,-0.447,0.629,0.499,0.617,-0.096
54085,1803.34,0.88,1,-0.218701,0.52517,-0.822415,-0.440295,0.531086,-0.723939,-0.403,0.599,0.501,0.607,-0.105
54086,1803.373,0.88,1,-0.205112,0.514186,-0.832792,-0.453644,0.513299,-0.728513,-0.399,0.582,0.502,0.595,-0.127
54087,1803.407,0.93,1,-0.193986,0.50905,-0.838593,-0.474905,0.532095,-0.700956,-0.41,0.595,0.504,0.579,-0.145
54088,1803.44,0.93,1,-0.262428,0.514625,-0.816267,-0.471631,0.565632,-0.67648,-0.457,0.626,0.525,0.589,-0.174
54089,1803.474,0.93,1,-0.340531,0.522991,-0.781357,-0.494609,0.607006,-0.622018,-0.537,0.678,0.533,0.591,-0.198
54090,1803.507,0.93,1,-0.300322,0.511854,-0.804868,-0.475272,0.610327,-0.633732,-0.494,0.662,0.539,0.592,-0.212
54091,1803.54,0.93,1,-0.269295,0.541049,-0.79671,-0.485158,0.600172,-0.635936,-0.485,0.673,0.536,0.578,-0.216
54092,1803.574,0.93,1,-0.259517,0.550554,-0.793436,-0.500455,0.59727,-0.626748,-0.491,0.68,0.531,0.589,-0.215
54093,1803.607,0.93,1,-0.239759,0.539247,-0.807297,-0.495412,0.588429,-0.638997,-0.47,0.662,0.526,0.589,-0.214
54094,1803.64,0.93,1,-0.261388,0.532335,-0.805168,-0.507909,0.587145,-0.630309,-0.492,0.662,0.521,0.599,-0.213
54095,1803.674,0.93,1,-0.250503,0.542586,-0.801778,-0.512952,0.581826,-0.631157,-0.49,0.665,0.521,0.606,-0.213
54096,1803.707,0.93,1,-0.264116,0.542908,-0.797178,-0.512121,0.578212,-0.63514,-0.497,0.664,0.526,0.626,-0.219
54097,1803.74,0.93,1,-0.27149,0.554073,-0.786954,-0.481527,0.549035,-0.683149,-0.473,0.644,0.522,0.613,-0.212
54098,1803.774,0.93,1,-0.241352,0.576485,-0.78065,-0.473337,0.56203,-0.678288,-0.456,0.663,0.518,0.606,-0.204
54099,1803.807,0.93,1,-0.250034,0.573466,-0.780141,-0.4602,0.565848,-0.684129,-0.452,0.661,0.512,0.611,-0.197
54100,1803.84,0.93,1,-0.23207,0.560192,-0.795191,-0.456796,0.568529,-0.684187,-0.436,0.652,0.492,0.616,-0.183
54101,1803.874,0.98,1,-0.291493,0.542054,-0.788168,-0.476708,0.555509,-0.681292,-0.482,0.642,0.468,0.623,-0.159
54102,1803.907,0.93,1,-0.307331,0.523851,-0.794435,-0.503054,0.533048,-0.680292,-0.502,0.622,0.454,0.634,-0.134
54103,1803.94,0.93,1,-0.273776,0.553477,-0.786581,-0.520801,0.519003,-0.677792,-0.497,0.632,0.444,0.661,-0.115
54104,1803.974,0.98,1,-0.299039,0.524949,-0.796871,-0.524074,0.509749,-0.682277,-0.508,0.61,0.43,0.662,-0.089
54105,1804.007,0.93,1,-0.280786,0.493875,-0.82295,-0.525916,0.492926,-0.693135,-0.489,0.577,0.403,0.656,-0.057
54106,1804.04,0.93,1,-0.295517,0.475738,-0.828458,-0.548063,0.490612,-0.677441,-0.511,0.571,0.39,0.671,-0.032
54107,1804.074,0.93,1,-0.289419,0.449824,-0.844923,-0.561086,0.460468,-0.68786,-0.507,0.536,0.365,0.677,-0.0
54108,1804.107,0.93,1,-0.285588,0.423937,-0.859486,-0.616994,0.491059,-0.614963,-0.549,0.555,0.341,0.687,0.03
54109,1804.14,0.93,1,-0.300004,0.398039,-0.866927,-0.628342,0.514262,-0.583713,-0.569,0.561,0.322,0.687,0.061
54110,1804.174,0.93,1,-0.33436,0.384531,-0.86043,-0.631398,0.499226,-0.593388,-0.586,0.546,0.305,0.7,0.087
54111,1804.207,0.93,1,-0.295675,0.410882,-0.862411,-0.555781,0.409799,-0.723307,-0.493,0.478,0.286,0.688,0.115
54112,1804.24,0.88,1,-0.234978,0.487161,-0.841106,-0.525189,0.407631,-0.747003,-0.446,0.513,0.291,0.667,0.125
54113,1804.274,0.88,1,-0.183541,0.504983,-0.843389,-0.522659,0.418694,-0.742646,-0.419,0.527,0.302,0.649,0.132
54114,1804.307,0.88,1,-0.168786,0.5011,-0.84877,-0.563285,0.520805,-0.641461,-0.457,0.601,0.31,0.626,0.149
54115,1804.34,0.93,1,-0.187668,0.459477,-0.868137,-0.523946,0.535221,-0.662585,-0.435,0.576,0.293,0.59,0.178
54116,1804.374,0.88,1,-0.14533,0.616562,-0.773777,-0.455675,0.441446,-0.772972,-0.371,0.6,0.367,0.536,0.164
54117,1804.407,0.93,1,-0.134746,0.610236,-0.780676,-0.505484,0.439641,-0.742429,-0.398,0.604,0.405,0.498,0.163
54118,1804.44,0.93,1,-0.112468,0.605922,-0.787534,-0.501362,0.440118,-0.744938,-0.381,0.599,0.42,0.461,0.17
54119,1804.474,0.98,1,-0.127945,0.613875,-0.778966,-0.504778,0.446449,-0.738839,-0.395,0.61,0.418,0.444,0.179
54120,1804.507,0.98,1,-0.130841,0.607313,-0.783615,-0.511315,0.434965,-0.74119,-0.399,0.6,0.414,0.446,0.185
54121,1804.54,0.98,1,-0.111234,0.595291,-0.795774,-0.506662,0.437384,-0.74296,-0.382,0.591,0.397,0.443,0.193
54122,1804.574,0.98,1,-0.127537,0.595451,-0.793204,-0.506311,0.431633,-0.746553,-0.391,0.588,0.393,0.444,0.197
54123,1804.607,0.98,1,-0.131404,0.58914,-0.797275,-0.505968,0.429201,-0.748186,-0.391,0.583,0.39,0.447,0.198
54124,1804.641,0.98,1,-0.134411,0.593388,-0.793615,-0.524741,0.418194,-0.741458,-0.406,0.583,0.388,0.453,0.196
54125,1804.674,0.98,1,-0.128857,0.583156,-0.802076,-0.524428,0.41115,-0.745608,-0.399,0.571,0.38,0.455,0.194
54126,1804.707,0.98,1,-0.152126,0.595042,-0.789165,-0.533489,0.402412,-0.743945,-0.421,0.577,0.382,0.458,0.192
54127,1804.741,0.98,1,-0.168975,0.600902,-0.781258,-0.539084,0.404932,-0.738524,-0.436,0.585,0.38,0.473,0.192
54128,1804.774,0.98,1,-0.148824,0.566848,-0.810268,-0.529287,0.401209,-0.747587,-0.411,0.556,0.366,0.479,0.198
54129,1804.807,0.98,1,-0.122691,0.583944,-0.802469,-0.501199,0.419623,-0.75678,-0.381,0.572,0.37,0.482,0.2
54130,1804.841,0.93,1,-0.110638,0.64007,-0.760308,-0.457782,0.495013,-0.73851,-0.362,0.648,0.355,0.444,0.211
54131,1804.874,0.93,1,-0.117729,0.643963,-0.755944,-0.455545,0.498903,-0.737275,-0.367,0.653,0.355,0.418,0.22
54132,1804.907,0.93,1,-0.123665,0.645601,-0.753595,-0.467182,0.496437,-0.731636,-0.379,0.656,0.36,0.396,0.224
54133,1804.941,0.93,1,-0.14551,0.64325,-0.751702,-0.473746,0.500956,-0.724298,-0.397,0.659,0.372,0.383,0.223
54134,1804.974,0.93,1,-0.167841,0.622613,-0.764319,-0.487578,0.448591,-0.749022,-0.409,0.616,0.393,0.388,0.218
54135,1805.007,0.93,1,-0.195761,0.600983,-0.774917,-0.496783,0.414404,-0.762546,-0.423,0.584,0.405,0.398,0.214
54136,1805.041,0.93,1,-0.207083,0.595577,-0.776147,-0.487987,0.394232,-0.778749,-0.42,0.567,0.409,0.405,0.216
54137,1805.074,0.93,1,-0.197297,0.593167,-0.78053,-0.483025,0.389311,-0.784299,-0.41,0.561,0.402,0.402,0.218
54138,1805.107,0.93,1,-0.199442,0.593017,-0.780099,-0.48667,0.407346,-0.772801,-0.416,0.572,0.389,0.392,0.221
54139,1805.141,0.93,1,-0.197321,0.573669,-0.794964,-0.475739,0.398275,-0.784251,-0.403,0.552,0.372,0.383,0.225
54140,1805.174,0.93,1,-0.19118,0.578245,-0.793147,-0.474653,0.371951,-0.79772,-0.396,0.538,0.375,0.386,0.224
54141,1805.207,0.93,1,-0.187262,0.580334,-0.792556,-0.475462,0.393658,-0.786746,-0.397,0.553,0.375,0.385,0.222
54142,1805.241,0.93,1,-0.166707,0.575823,-0.800397,-0.468483,0.427013,-0.773423,-0.384,0.567,0.371,0.372,0.221
54143,1805.274,0.93,1,-0.167546,0.58669,-0.79229,-0.462238,0.427001,-0.777178,-0.382,0.573,0.374,0.369,0.22
54144,1805.307,0.93,1,-0.170549,0.592414,-0.787374,-0.46774,0.430551,-0.77191,-0.389,0.581,0.378,0.364,0.217
54145,1805.341,0.93,1,-0.193406,0.608798,-0.769389,-0.450902,0.450316,-0.770651,-0.396,0.602,0.386,0.365,0.21
54146,1805.374,0.93,1,-0.162775,0.600408,-0.782952,-0.448654,0.447302,-0.773712,-0.374,0.592,0.383,0.362,0.207
54147,1805.407,0.93,1,-0.140349,0.589355,-0.79559,-0.441957,0.445462,-0.778612,-0.354,0.582,0.379,0.357,0.205
54148,1805.441,0.98,1,-0.142843,0.588498,-0.79578,-0.435445,0.453187,-0.777823,-0.352,0.585,0.383,0.354,0.201
54149,1805.474,0.98,1,-0.124231,0.585703,-0.800949,-0.434303,0.450792,-0.779851,-0.34,0.58,0.378,0.35,0.197
54150,1805.507,0.98,1,-0.121543,0.577142,-0.807548,-0.431868,0.458849,-0.776497,-0.336,0.579,0.379,0.347,0.189
54151,1805.541,0.93,1,-0.144794,0.6096,-0.779373,-0.444966,0.484634,-0.753083,-0.367,0.62,0.379,0.322,0.181
54152,1805.574,0.98,1,-0.113909,0.613801,-0.7812,-0.429639,0.494306,-0.755693,-0.34,0.625,0.374,0.308,0.171
54153,1805.607,0.98,1,-0.101864,0.602945,-0.791253,-0.417729,0.526309,-0.740609,-0.327,0.635,0.372,0.303,0.154
54154,1805.641,0.98,1,-0.089439,0.588181,-0.803768,-0.415794,0.501354,-0.758788,-0.313,0.609,0.371,0.303,0.142
54155,1805.674,0.98,1,-0.092927,0.58849,-0.803147,-0.406734,0.52089,-0.750494,-0.311,0.62,0.365,0.294,0.134
54156,1805.708,0.93,1,-0.100774,0.585845,-0.804133,-0.401981,0.53299,-0.744536,-0.314,0.626,0.364,0.283,0.124
54157,1805.741,0.98,1,-0.09265,0.564155,-0.820454,-0.398822,0.501634,-0.767662,-0.3,0.591,0.38,0.283,0.111
54158,1805.774,0.93,1,-0.069411,0.572103,-0.817239,-0.389329,0.508819,-0.767806,-0.282,0.599,0.393,0.268,0.101
54159,1805.808,0.98,1,-0.052894,0.573434,-0.817543,-0.388522,0.501319,-0.77313,-0.271,0.594,0.411,0.265,0.086
54160,1805.841,0.98,1,-0.033311,0.587991,-0.808181,-0.360788,0.507022,-0.78279,-0.243,0.603,0.421,0.252,0.071
54161,1805.874,0.98,1,-0.013501,0.587464,-0.809138,-0.354981,0.503663,-0.787599,-0.227,0.599,0.429,0.25,0.052
54162,1805.908,0.98,1,0.003773,0.599549,-0.800329,-0.329482,0.513411,-0.79237,-0.202,0.61,0.45,0.25,0.027
54163,1805.941,0.98,1,0.011824,0.608733,-0.793287,-0.320301,0.515388,-0.794847,-0.192,0.616,0.47,0.266,-0.002
54164,1805.974,0.98,1,0.012263,0.601015,-0.799144,-0.319505,0.511578,-0.797625,-0.19,0.609,0.472,0.272,-0.027
54165,1806.008,0.98,1,0.022143,0.600705,-0.799164,-0.318176,0.506088,-0.801648,-0.183,0.605,0.466,0.273,-0.038
54166,1806.041,0.98,1,0.012827,0.577618,-0.816206,-0.344693,0.504666,-0.791517,-0.204,0.592,0.455,0.279,-0.05
54167,1806.074,0.98,1,-0.022605,0.541008,-0.840714,-0.359355,0.482062,-0.79905,-0.229,0.558,0.437,0.286,-0.061
54168,1806.108,0.98,1,-0.078428,0.520495,-0.850255,-0.384233,0.496779,-0.778187,-0.277,0.558,0.413,0.298,-0.065
54169,1806.141,0.98,1,-0.134428,0.543506,-0.828571,-0.419122,0.486881,-0.766344,-0.334,0.574,0.386,0.306,-0.066
54170,1806.174,0.98,1,-0.136192,0.541521,-0.829582,-0.409825,0.477153,-0.777411,-0.328,0.565,0.37,0.333,-0.072
54171,1806.208,0.98,1,-0.123253,0.537659,-0.834105,-0.390665,0.472388,-0.790082,-0.306,0.556,0.353,0.352,-0.074
54172,1806.241,0.98,1,-0.156272,0.500349,-0.851604,-0.379944,0.464233,-0.800082,-0.314,0.529,0.333,0.365,-0.075
54173,1806.274,0.98,1,-0.076269,0.499423,-0.862995,-0.3732,0.445567,-0.813752,-0.262,0.513,0.331,0.392,-0.08
54174,1806.308,0.98,1,-0.105316,0.519377,-0.848031,-0.375896,0.447377,-0.811515,-0.282,0.527,0.336,0.411,-0.085
54175,1806.341,0.93,1,-0.10087,0.567196,-0.817382,-0.366531,0.466959,-0.804739,-0.281,0.568,0.351,0.422,-0.091
54176,1806.374,0.93,1,-0.12456,0.575725,-0.8081,-0.38268,0.479434,-0.789747,-0.307,0.584,0.362,0.426,-0.101
54177,1806.408,0.93,1,-0.142655,0.576791,-0.80434,-0.37303,0.483866,-0.791658,-0.313,0.587,0.364,0.427,-0.11
54178,1806.441,0.93,1,-0.134686,0.570562,-0.810135,-0.358767,0.478797,-0.801274,-0.297,0.577,0.349,0.412,-0.113
54179,1806.474,0.93,1,-0.111637,0.564117,-0.818113,-0.35749,0.486066,-0.797459,-0.283,0.576,0.334,0.401,-0.116
54180,1806.508,0.93,1,-0.115234,0.55707,-0.822432,-0.341743,0.478468,-0.808876,-0.273,0.566,0.323,0.393,-0.121
54181,1806.541,0.93,1,-0.117538,0.547836,-0.828288,-0.337362,0.472552,-0.814175,-0.27,0.556,0.316,0.384,-0.126
54182,1806.574,0.93,1,-0.084915,0.545312,-0.833921,-0.314514,0.471076,-0.824117,-0.236,0.55,0.316,0.389,-0.134
54183,1806.608,0.93,1,-0.078285,0.54414,-0.835334,-0.309801,0.463701,-0.830063,-0.229,0.544,0.317,0.388,-0.142
54184,1806.641,0.93,1,-0.086687,0.543206,-0.835113,-0.305534,0.47253,-0.826658,-0.232,0.549,0.318,0.388,-0.153
54185,1806.674,0.93,1,-0.087575,0.540916,-0.836505,-0.301321,0.468821,-0.830309,-0.229,0.545,0.311,0.386,-0.159
54186,1806.708,0.93,1,-0.087218,0.53666,-0.839279,-0.298812,0.464675,-0.83354,-0.227,0.539,0.31,0.38,-0.167
54187,1806.741,0.93,1,-0.081398,0.532278,-0.842647,-0.29853,0.463998,-0.834018,-0.223,0.536,0.309,0.382,-0.174
54188,1806.774,0.93,1,-0.03876,0.494143,-0.868516,-0.297068,0.466379,-0.833211,-0.195,0.514,0.308,0.388,-0.181
54189,1806.808,0.98,1,-0.061328,0.513017,-0.856185,-0.298215,0.4672,-0.832341,-0.21,0.526,0.307,0.393,-0.185
54190,1806.841,0.98,1,-0.060964,0.51182,-0.856927,-0.289189,0.476929,-0.830005,-0.205,0.53,0.315,0.402,-0.194
54191,1806.875,0.98,1,-0.04839,0.461378,-0.885883,-0.260641,0.474821,-0.840602,-0.177,0.497,0.321,0.398,-0.201
54192,1806.908,0.98,1,-0.085669,0.505258,-0.858705,-0.207667,0.520041,-0.828512,-0.172,0.546,0.32,0.373,-0.204
54193,1806.941,0.98,1,0.025978,0.492418,-0.869971,-0.196467,0.574146,-0.794831,-0.102,0.57,0.295,0.357,-0.199
54194,1806.975,0.93,1,-0.003999,0.390468,-0.920608,-0.213868,0.585108,-0.782246,-0.127,0.52,0.285,0.321,-0.184
54195,1807.008,0.93,1,-0.085874,0.255774,-0.962915,-0.202233,0.617026,-0.760514,-0.166,0.469,0.266,0.29,-0.162
54259,1809.142,0.93,1,-0.261056,0.278615,-0.924242,-0.455261,0.502742,-0.734838,-0.408,0.44,0.215,0.346,-0.027
54260,1809.175,0.93,1,-0.124119,0.483077,-0.866736,-0.459371,0.486069,-0.743448,-0.348,0.542,0.216,0.345,-0.02
54261,1809.209,0.93,1,-0.091705,0.442949,-0.891844,-0.423045,0.488768,-0.76298,-0.302,0.513,0.184,0.319,-0.01
54262,1809.242,0.93,1,-0.097326,0.226193,-0.969208,-0.431406,0.513968,-0.741435,-0.3,0.408,0.175,0.317,0.002
54282,1809.909,0.98,1,-0.23636,0.339943,-0.91026,-0.346927,0.468525,-0.812482,-0.326,0.439,0.253,0.226,0.013
54283,1809.942,0.98,1,-0.220928,0.549315,-0.805881,-0.353241,0.529317,-0.771391,-0.349,0.6,0.262,0.256,0.025
54284,1809.975,0.93,1,-0.228186,0.574469,-0.786077,-0.392882,0.526621,-0.753866,-0.383,0.621,0.258,0.276,0.029
54285,1810.009,0.93,1,-0.254779,0.559459,-0.788729,-0.370881,0.515699,-0.772336,-0.381,0.603,0.25,0.299,0.029
54286,1810.042,0.93,1,-0.267935,0.52854,-0.805516,-0.39442,0.484568,-0.780786,-0.396,0.568,0.249,0.32,0.025
54287,1810.075,0.98,1,-0.299473,0.499439,-0.812943,-0.43206,0.441133,-0.786592,-0.429,0.532,0.256,0.338,0.018
54288,1810.109,0.93,1,-0.314829,0.50678,-0.802531,-0.437448,0.472637,-0.765018,-0.447,0.558,0.257,0.351,0.013
54289,1810.142,0.93,1,-0.296575,0.510326,-0.807224,-0.443346,0.509937,-0.737162,-0.447,0.584,0.24,0.348,0.011
54290,1810.176,0.93,1,-0.27799,0.513773,-0.811639,-0.417961,0.511299,-0.750921,-0.419,0.581,0.248,0.363,0.005
54291,1810.209,0.93,1,-0.286687,0.515062,-0.807788,-0.410593,0.510854,-0.755276,-0.42,0.581,0.25,0.369,0.001
54292,1810.242,0.93,1,-0.290201,0.510096,-0.809682,-0.408463,0.490857,-0.769556,-0.417,0.565,0.254,0.371,0.001
54293,1810.276,0.93,1,-0.298111,0.49049,-0.818871,-0.432506,0.468739,-0.770209,-0.431,0.543,0.271,0.383,-0.003
54294,1810.309,0.93,1,-0.299573,0.494006,-0.816219,-0.435755,0.464148,-0.771158,-0.434,0.543,0.271,0.382,-0.004
54295,1810.342,0.93,1,-0.286624,0.492888,-0.821528,-0.425626,0.47125,-0.772506,-0.42,0.544,0.269,0.379,-0.006
54296,1810.376,0.93,1,-0.279641,0.498179,-0.820743,-0.430893,0.47914,-0.764693,-0.421,0.552,0.278,0.382,-0.01
54297,1810.409,0.93,1,-0.282192,0.511286,-0.81176,-0.395087,0.417614,-0.818233,-0.394,0.518,0.275,0.386,-0.012
54298,1810.442,0.93,1,-0.27802,0.54565,-0.790551,-0.38523,0.435397,-0.813651,-0.392,0.549,0.271,0.378,-0.017
54299,1810.476,0.93,1,-0.256556,0.546566,-0.797148,-0.390271,0.449404,-0.80357,-0.384,0.557,0.273,0.377,-0.022
54300,1810.509,0.93,1,-0.273643,0.547253,-0.79097,-0.384407,0.445206,-0.808717,-0.39,0.555,0.278,0.384,-0.025
54301,1810.542,0.93,1,-0.272904,0.54379,-0.79361,-0.381191,0.445582,-0.810031,-0.387,0.553,0.279,0.386,-0.028
54302,1810.576,0.93,1,-0.269958,0.542296,-0.795637,-0.38924,0.449037,-0.804275,-0.391,0.555,0.283,0.385,-0.032
54303,1810.609,0.93,1,-0.268871,0.542915,-0.795583,-0.390431,0.451552,-0.802287,-0.391,0.557,0.285,0.385,-0.035
54304,1810.642,0.93,1,-0.255753,0.538398,-0.802943,-0.393672,0.443561,-0.805156,-0.384,0.548,0.285,0.383,-0.04
54305,1810.676,0.93,1,-0.2517,0.540602,-0.802743,-0.38956,0.447364,-0.805052,-0.38,0.551,0.285,0.38,-0.044
54306,1810.709,0.93,1,-0.262686,0.542373,-0.798015,-0.38623,0.447881,-0.806368,-0.384,0.553,0.286,0.382,-0.047
54307,1810.742,0.93,1,-0.255972,0.540929,-0.801171,-0.383017,0.441422,-0.811446,-0.377,0.547,0.284,0.381,-0.047
54308,1810.776,0.93,1,-0.217883,0.518687,-0.826735,-0.370259,0.440225,-0.817991,-0.343,0.528,0.281,0.374,-0.046
54309,1810.809,0.98,1,-0.255506,0.561183,-0.787267,-0.313129,0.532058,-0.786679,-0.347,0.607,0.276,0.36,-0.043
54310,1810.842,0.98,1,-0.126475,0.539217,-0.832616,-0.307729,0.535171,-0.786698,-0.262,0.586,0.268,0.327,-0.039
54311,1810.876,0.98,1,-0.158353,0.543965,-0.824031,-0.302834,0.558507,-0.772244,-0.281,0.604,0.248,0.287,-0.034
54312,1810.909,0.98,1,-0.203316,0.263546,-0.942977,-0.42158,0.606127,-0.674448,-0.369,0.493,0.244,0.276,-0.032
54333,1811.609,0.98,1,0.004106,0.532028,-0.846717,-0.286729,0.45881,-0.841,-0.166,0.531,0.264,0.185,-0.062
54334,1811.643,0.98,1,0.007839,0.503088,-0.8642,-0.242317,0.531704,-0.811525,-0.139,0.553,0.289,0.235,-0.073
54335,1811.676,0.98,1,-0.130975,0.491741,-0.860835,-0.312288,0.546836,-0.776818,-0.264,0.565,0.298,0.279,-0.066
54336,1811.709,0.98,1,-0.16209,0.473939,-0.865511,-0.428254,0.624663,-0.652989,-0.371,0.626,0.328,0.349,-0.072
54337,1811.743,0.93,1,-0.180719,0.549734,-0.815557,-0.441072,0.506451,-0.74092,-0.38,0.596,0.352,0.412,-0.078
54338,1811.776,0.93,1,-0.191536,0.522664,-0.830745,-0.420815,0.459586,-0.78211,-0.363,0.547,0.348,0.464,-0.083
54339,1811.809,0.88,1,-0.226679,0.529396,-0.817531,-0.488496,0.487721,-0.723533,-0.435,0.583,0.352,0.519,-0.087
54340,1811.843,0.98,1,-0.325178,0.515742,-0.792635,-0.510704,0.53705,-0.671386,-0.519,0.623,0.35,0.541,-0.069
54341,1811.876,0.98,1,-0.31513,0.514141,-0.797717,-0.504602,0.463011,-0.728696,-0.493,0.569,0.357,0.563,-0.071
54342,1811.909,0.98,1,-0.267814,0.498423,-0.82453,-0.521955,0.526669,-0.670957,-0.486,0.601,0.344,0.548,-0.065
54343,1811.943,0.98,1,-0.273811,0.489751,-0.827751,-0.51732,0.536263,-0.666934,-0.487,0.602,0.335,0.548,-0.057
54344,1811.976,0.93,1,-0.26529,0.491993,-0.829195,-0.476458,0.472868,-0.741204,-0.441,0.551,0.328,0.55,-0.057
54345,1812.009,0.98,1,-0.274345,0.483261,-0.83138,-0.496032,0.501126,-0.709101,-0.464,0.569,0.329,0.555,-0.056
54346,1812.043,0.98,1,-0.253597,0.471567,-0.844579,-0.484437,0.473209,-0.735795,-0.437,0.539,0.323,0.549,-0.058
54347,1812.076,0.98,1,-0.217214,0.446839,-0.867844,-0.454405,0.44433,-0.772067,-0.389,0.498,0.321,0.55,-0.064
54348,1812.109,0.98,1,-0.225958,0.452209,-0.862815,-0.520985,0.540246,-0.660839,-0.456,0.577,0.329,0.545,-0.06
54349,1812.143,0.98,1,-0.221086,0.449445,-0.865517,-0.517166,0.556652,-0.650137,-0.453,0.586,0.328,0.542,-0.061
54350,1812.176,0.98,1,-0.223869,0.441153,-0.869061,-0.514645,0.542636,-0.663843,-0.449,0.571,0.323,0.539,-0.059
54351,1812.209,0.98,1,-0.230963,0.445883,-0.86478,-0.5204,0.543407,-0.658705,-0.458,0.576,0.32,0.54,-0.056
54352,1812.243,0.98,1,-0.259729,0.420465,-0.869339,-0.527431,0.531271,-0.662998,-0.475,0.556,0.311,0.543,-0.056
54353,1812.276,0.98,1,-0.270837,0.44461,-0.853797,-0.520879,0.538699,-0.662185,-0.481,0.575,0.322,0.541,-0.052
54354,1812.309,0.98,1,-0.230379,0.451069,-0.862242,-0.516461,0.535089,-0.668542,-0.454,0.572,0.32,0.534,-0.05
54355,1812.343,0.98,1,-0.227404,0.447504,-0.864886,-0.518902,0.536582,-0.665448,-0.454,0.571,0.31,0.531,-0.045
54356,1812.376,0.98,1,-0.312697,0.417915,-0.852976,-0.536914,0.527779,-0.658159,-0.512,0.559,0.307,0.548,-0.045
54357,1812.41,0.98,1,-0.266681,0.444835,-0.854987,-0.520399,0.534214,-0.666183,-0.477,0.572,0.312,0.526,-0.044
54358,1812.443,0.98,1,-0.285788,0.432986,-0.854897,-0.517339,0.523875,-0.676695,-0.483,0.558,0.309,0.523,-0.042
54359,1812.476,0.98,1,-0.314312,0.423723,-0.84951,-0.537425,0.499662,-0.679347,-0.508,0.543,0.31,0.524,-0.042
54360,1812.51,0.98,1,-0.295638,0.431836,-0.852124,-0.529766,0.518508,-0.671191,-0.497,0.558,0.308,0.52,-0.039
54361,1812.543,0.98,1,-0.255351,0.475919,-0.841604,-0.51072,0.516637,-0.687206,-0.465,0.576,0.318,0.514,-0.038
54362,1812.576,0.98,1,-0.251437,0.467775,-0.847329,-0.49941,0.529273,-0.685901,-0.455,0.577,0.315,0.515,-0.034
54363,1812.61,0.93,1,-0.207842,0.499794,-0.840837,-0.449867,0.504107,-0.737221,-0.395,0.567,0.296,0.491,-0.038
54364,1812.643,0.98,1,-0.088829,0.48059,-0.872435,-0.53587,0.551096,-0.639637,-0.392,0.599,0.304,0.455,-0.052
54365,1812.676,0.98,1,-0.194992,0.472463,-0.85951,-0.358746,0.520157,-0.775073,-0.327,0.546,0.291,0.396,-0.055
54366,1812.71,0.98,1,-0.196465,0.418288,-0.886813,-0.38092,0.500001,-0.777752,-0.334,0.504,0.27,0.344,-0.051
54367,1812.743,0.98,1,-0.115234,0.440874,-0.890141,-0.433027,0.534296,-0.725958,-0.327,0.543,0.24,0.304,-0.045
54368,1812.776,0.98,1,-0.099841,0.410632,-0.906318,-0.369303,0.540832,-0.755722,-0.275,0.52,0.217,0.286,-0.039
54381,1813.21,0.98,1,-0.231314,0.28353,-0.930647,-0.248348,0.473224,-0.845211,-0.264,0.403,0.245,0.207,-0.064
54382,1813.243,0.98,1,-0.264292,0.455746,-0.849968,-0.29018,0.514048,-0.807187,-0.323,0.529,0.252,0.235,-0.053
54383,1813.276,0.98,1,-0.173933,0.537311,-0.825254,-0.308172,0.506893,-0.80504,-0.288,0.57,0.267,0.271,-0.05
54384,1813.31,0.98,1,-0.197731,0.517287,-0.832656,-0.354896,0.484826,-0.79937,-0.326,0.551,0.299,0.341,-0.051
54385,1813.343,0.98,1,-0.196171,0.510733,-0.837059,-0.380985,0.414548,-0.826438,-0.334,0.508,0.315,0.4,-0.057
54386,1813.376,0.93,1,-0.181552,0.503364,-0.844786,-0.43836,0.498365,-0.747979,-0.371,0.561,0.329,0.453,-0.068
54387,1813.41,0.93,1,-0.212206,0.471417,-0.855999,-0.466982,0.504565,-0.726183,-0.405,0.553,0.341,0.511,-0.077
54388,1813.443,0.98,1,-0.252821,0.542814,-0.800896,-0.489279,0.457218,-0.742669,-0.448,0.575,0.345,0.546,-0.061
54389,1813.477,0.98,1,-0.266424,0.536688,-0.800615,-0.493017,0.445759,-0.74715,-0.456,0.566,0.346,0.578,-0.062
54390,1813.51,0.93,1,-0.265792,0.511815,-0.816945,-0.491877,0.463616,-0.736965,-0.454,0.561,0.352,0.59,-0.064
54391,1813.543,0.93,1,-0.265576,0.502295,-0.822903,-0.480132,0.427327,-0.766071,-0.439,0.529,0.344,0.581,-0.063
54392,1813.577,0.93,1,-0.306373,0.491068,-0.815468,-0.464681,0.43945,-0.768736,-0.453,0.531,0.362,0.612,-0.076
54393,1813.61,0.93,1,-0.289805,0.488727,-0.822897,-0.467732,0.441633,-0.765629,-0.445,0.53,0.375,0.598,-0.081
54394,1813.643,0.93,1,-0.271154,0.478086,-0.83541,-0.502732,0.456673,-0.733969,-0.458,0.537,0.39,0.593,-0.084
54395,1813.677,0.93,1,-0.299924,0.488794,-0.819223,-0.499103,0.46055,-0.734023,-0.475,0.549,0.401,0.594,-0.086
54396,1813.71,0.93,1,-0.291931,0.477185,-0.828897,-0.543548,0.567945,-0.618057,-0.524,0.626,0.403,0.6,-0.089
54397,1813.743,0.93,1,-0.303732,0.491441,-0.816231,-0.510812,0.54678,-0.663402,-0.503,0.612,0.413,0.613,-0.09
54398,1813.777,0.93,1,-0.350398,0.514092,-0.782899,-0.490577,0.558379,-0.66899,-0.525,0.636,0.43,0.622,-0.095
54399,1813.81,0.93,1,-0.363895,0.514534,-0.776425,-0.502377,0.554417,-0.663505,-0.542,0.639,0.431,0.616,-0.095
54400,1813.843,0.93,1,-0.351489,0.519645,-0.778732,-0.494905,0.548627,-0.673853,-0.528,0.634,0.434,0.619,-0.099
54401,1813.877,0.93,1,-0.369805,0.506586,-0.778855,-0.567941,0.625705,-0.53473,-0.62,0.711,0.436,0.596,-0.09
54402,1813.91,0.93,1,-0.340237,0.507239,-0.7918,-0.566755,0.586229,-0.5789,-0.585,0.673,0.432,0.592,-0.086
54403,1813.943,0.88,1,-0.309168,0.524621,-0.793214,-0.59694,0.603673,-0.528433,-0.601,0.707,0.426,0.597,-0.087
54404,1813.977,0.93,1,-0.290635,0.468652,-0.834205,-0.566496,0.589767,-0.575549,-0.546,0.644,0.405,0.587,-0.082
54405,1814.01,0.93,1,-0.2969,0.446382,-0.844152,-0.565138,0.601935,-0.564175,-0.549,0.64,0.395,0.556,-0.073
54406,1814.043,0.93,1,-0.152635,0.456691,-0.876433,-0.430963,0.494959,-0.754511,-0.344,0.528,0.401,0.51,-0.073
54407,1814.077,0.98,1,-0.129975,0.538595,-0.832479,-0.422343,0.479263,-0.769372,-0.332,0.566,0.407,0.498,-0.082
54408,1814.11,0.98,1,-0.097563,0.572506,-0.814075,-0.422846,0.511683,-0.747918,-0.322,0.607,0.426,0.453,-0.081
54409,1814.143,0.98,1,-0.066395,0.5713,-0.818052,-0.424349,0.494477,-0.758565,-0.302,0.594,0.427,0.417,-0.079
54410,1814.177,0.98,1,-0.080434,0.561279,-0.823709,-0.397145,0.484336,-0.779548,-0.29,0.578,0.42,0.389,-0.074
54411,1814.21,0.98,1,-0.121387,0.552338,-0.824735,-0.399857,0.488399,-0.775616,-0.315,0.577,0.405,0.363,-0.068
54412,1814.243,0.98,1,-0.105779,0.535827,-0.837675,-0.41546,0.466687,-0.780766,-0.312,0.555,0.41,0.361,-0.064
54413,1814.277,0.98,1,-0.114058,0.538962,-0.834572,-0.446331,0.475574,-0.758035,-0.338,0.567,0.404,0.352,-0.059
54414,1814.31,0.98,1,-0.107181,0.530548,-0.840851,-0.450188,0.476015,-0.755474,-0.336,0.563,0.402,0.355,-0.055
54415,1814.343,0.98,1,-0.111599,0.520209,-0.846716,-0.452757,0.46764,-0.75916,-0.338,0.551,0.4,0.359,-0.051
54416,1814.377,0.98,1,-0.105223,0.526723,-0.843499,-0.457049,0.469201,-0.755617,-0.338,0.557,0.404,0.364,-0.05
54417,1814.41,0.98,1,-0.110698,0.52311,-0.845045,-0.450163,0.454525,-0.76861,-0.335,0.545,0.411,0.37,-0.05
54418,1814.443,0.98,1,-0.109052,0.496656,-0.861069,-0.443433,0.450862,-0.774655,-0.326,0.525,0.406,0.367,-0.047
54419,1814.477,0.98,1,-0.051174,0.542996,-0.838175,-0.429457,0.463625,-0.774996,-0.29,0.558,0.413,0.364,-0.045
54420,1814.51,0.98,1,-0.015461,0.557309,-0.830161,-0.387962,0.490102,-0.780567,-0.245,0.577,0.419,0.351,-0.041
54421,1814.543,0.98,1,0.008937,0.562983,-0.82642,-0.335042,0.521908,-0.784449,-0.2,0.593,0.414,0.313,-0.039
54422,1814.577,0.98,1,0.044511,0.55199,-0.832662,-0.31219,0.524557,-0.792072,-0.163,0.585,0.423,0.28,-0.04
54423,1814.61,0.98,1,0.058082,0.525381,-0.848882,-0.286857,0.514841,-0.807869,-0.137,0.561,0.426,0.236,-0.039
54424,1814.644,0.98,1,0.063256,0.534222,-0.842974,-0.270587,0.525025,-0.806927,-0.125,0.571,0.428,0.207,-0.042
54425,1814.677,0.98,1,0.082824,0.536508,-0.839821,-0.274302,0.519946,-0.808959,-0.116,0.57,0.433,0.191,-0.049
54426,1814.71,0.98,1,0.096941,0.526635,-0.844546,-0.271106,0.522779,-0.80821,-0.105,0.566,0.422,0.17,-0.048
54427,1814.744,0.98,1,0.060776,0.522885,-0.850234,-0.271169,0.529986,-0.803482,-0.127,0.567,0.423,0.162,-0.049
54428,1814.777,0.98,1,0.075243,0.528239,-0.845755,-0.275062,0.533224,-0.800008,-0.121,0.573,0.425,0.157,-0.049
54429,1814.81,0.98,1,0.069693,0.531979,-0.843885,-0.276199,0.53736,-0.796843,-0.125,0.578,0.428,0.157,-0.05
54430,1814.844,0.98,1,0.071443,0.535789,-0.841324,-0.272901,0.544243,-0.7933,-0.123,0.584,0.43,0.159,-0.052
54431,1814.877,0.98,1,0.071489,0.530055,-0.844944,-0.265815,0.542654,-0.796787,-0.118,0.579,0.429,0.161,-0.051
54432,1814.91,0.98,1,0.079246,0.538516,-0.838881,-0.271533,0.551566,-0.788698,-0.118,0.59,0.427,0.163,-0.051
54433,1814.944,0.98,1,0.085662,0.531948,-0.842433,-0.26645,0.544661,-0.795204,-0.11,0.582,0.427,0.167,-0.051
54434,1814.977,0.98,1,0.058255,0.53943,-0.840013,-0.260632,0.541952,-0.798974,-0.123,0.583,0.425,0.169,-0.052
54435,1815.01,0.98,1,0.066455,0.535638,-0.841829,-0.266236,0.532296,-0.803604,-0.121,0.576,0.422,0.172,-0.052
54436,1815.044,0.98,1,0.065571,0.525672,-0.848157,-0.265542,0.531383,-0.804437,-0.12,0.569,0.416,0.175,-0.05
54437,1815.077,0.98,1,0.075882,0.516214,-0.853091,-0.273244,0.50285,-0.820049,-0.117,0.547,0.42,0.182,-0.048
54438,1815.11,0.98,1,0.077673,0.524824,-0.84766,-0.273799,0.525962,-0.805232,-0.118,0.566,0.412,0.183,-0.044
54439,1815.144,0.98,1,0.110977,0.518862,-0.847624,-0.275744,0.512437,-0.813249,-0.099,0.556,0.41,0.189,-0.041
54440,1815.177,0.98,1,0.122767,0.500678,-0.856884,-0.280622,0.502688,-0.817653,-0.094,0.54,0.409,0.194,-0.038
54441,1815.21,0.98,1,0.125149,0.499242,-0.857377,-0.278545,0.522255,-0.806016,-0.092,0.551,0.398,0.191,-0.035
54442,1815.244,0.98,1,0.123892,0.504237,-0.854632,-0.289473,0.510278,-0.809829,-0.099,0.547,0.396,0.193,-0.034
54443,1815.277,0.98,1,0.130703,0.499767,-0.856242,-0.288534,0.508212,-0.811461,-0.094,0.544,0.391,0.192,-0.033
54444,1815.31,0.98,1,0.132077,0.482651,-0.865797,-0.298387,0.481549,-0.824061,-0.098,0.519,0.387,0.194,-0.032
54445,1815.344,0.98,1,0.125606,0.481621,-0.867332,-0.292418,0.478374,-0.82804,-0.098,0.515,0.375,0.192,-0.03
54446,1815.377,0.98,1,0.126705,0.470009,-0.87352,-0.297184,0.46969,-0.831308,-0.1,0.504,0.364,0.192,-0.028
54447,1815.41,0.98,1,0.131668,0.470471,-0.872537,-0.302597,0.458212,-0.835749,-0.1,0.498,0.361,0.194,-0.028
54448,1815.444,0.98,1,0.130162,0.469503,-0.873284,-0.301474,0.461669,-0.834251,-0.1,0.499,0.358,0.196,-0.028
54449,1815.477,0.98,1,0.129074,0.469318,-0.873545,-0.298346,0.450392,-0.841509,-0.098,0.492,0.356,0.197,-0.028
54450,1815.51,0.98,1,0.127575,0.470013,-0.873391,-0.299939,0.448638,-0.841879,-0.1,0.492,0.35,0.194,-0.028
54451,1815.544,0.98,1,0.126201,0.465021,-0.876258,-0.306116,0.454589,-0.836446,-0.105,0.493,0.334,0.187,-0.025
54452,1815.577,0.98,1,0.130122,0.4571,-0.879845,-0.296683,0.425052,-0.855166,-0.096,0.47,0.328,0.186,-0.024
54453,1815.61,0.98,1,0.120404,0.463698,-0.877774,-0.298242,0.431513,-0.85138,-0.102,0.478,0.309,0.18,-0.022
54454,1815.644,0.98,1,0.123999,0.430752,-0.893911,-0.288331,0.385407,-0.876542,-0.093,0.432,0.291,0.177,-0.016
54455,1815.677,0.98,1,0.107942,0.424731,-0.898862,-0.270932,0.371725,-0.887928,-0.091,0.419,0.27,0.169,-0.011
54456,1815.711,0.98,1,0.091102,0.452023,-0.887342,-0.273986,0.388291,-0.879865,-0.103,0.444,0.269,0.173,-0.009
54457,1815.744,0.93,1,0.045762,0.496709,-0.86671,-0.22533,0.479801,-0.847949,-0.104,0.518,0.259,0.164,-0.007
54458,1815.777,0.98,1,0.069323,0.518795,-0.852083,-0.19926,0.509592,-0.837026,-0.077,0.547,0.26,0.163,-0.01
54459,1815.811,0.98,1,0.08482,0.517907,-0.851222,-0.245085,0.433562,-0.867155,-0.093,0.506,0.255,0.172,-0.009
54460,1815.844,0.98,1,-0.063741,0.530501,-0.845284,-0.147888,0.562591,-0.813401,-0.127,0.583,0.249,0.162,-0.01
54461,1815.877,0.98,1,-0.014831,0.361462,-0.932269,-0.204809,0.603429,-0.770666,-0.128,0.516,0.249,0.169,-0.008
54602,1820.579,0.98,1,0.067298,0.480292,-0.874523,-0.114995,0.47659,-0.871572,-0.027,0.501,0.087,0.106,-0.039
54603,1820.612,0.98,1,0.040543,0.484293,-0.873966,-0.111069,0.509993,-0.852978,-0.041,0.522,0.09,0.107,-0.041
54630,1821.512,0.98,1,-0.00372,0.395244,-0.918569,-0.095924,0.451474,-0.887113,-0.055,0.438,0.179,0.12,-0.051
54631,1821.546,0.98,1,0.014552,0.427506,-0.903895,-0.103531,0.477704,-0.872399,-0.05,0.471,0.182,0.125,-0.052
54632,1821.579,0.98,1,0.016588,0.439406,-0.898136,-0.137015,0.488074,-0.861981,-0.068,0.485,0.188,0.131,-0.054
54633,1821.612,0.98,1,0.019492,0.446985,-0.894329,-0.163925,0.494873,-0.853363,-0.082,0.494,0.197,0.141,-0.055
54634,1821.646,0.98,1,0.040018,0.466179,-0.883785,-0.165073,0.504866,-0.847267,-0.072,0.511,0.205,0.148,-0.055
54635,1821.679,0.98,1,0.027976,0.501791,-0.864536,-0.174165,0.514729,-0.839477,-0.086,0.538,0.209,0.155,-0.055
54636,1821.712,0.98,1,0.024794,0.517309,-0.855439,-0.18741,0.509689,-0.839699,-0.096,0.545,0.215,0.163,-0.056
54637,1821.746,0.98,1,0.037172,0.482711,-0.874991,-0.234953,0.43897,-0.867238,-0.113,0.487,0.236,0.19,-0.055
54638,1821.779,0.98,1,0.046161,0.492482,-0.869098,-0.226597,0.483774,-0.84535,-0.105,0.518,0.234,0.189,-0.038
54639,1821.812,0.98,1,0.065627,0.447846,-0.891699,-0.242193,0.420074,-0.874574,-0.1,0.457,0.239,0.207,-0.03
54640,1821.846,0.98,1,0.070387,0.451549,-0.889466,-0.282388,0.40357,-0.870281,-0.12,0.452,0.266,0.23,-0.029
54641,1821.879,0.98,1,0.049261,0.403029,-0.91386,-0.32851,0.35618,-0.874767,-0.155,0.401,0.259,0.243,-0.029
54642,1821.912,0.98,1,0.059203,0.40237,-0.913561,-0.348872,0.358129,-0.866044,-0.161,0.404,0.268,0.25,-0.028
54643,1821.946,0.98,1,0.06117,0.395713,-0.916335,-0.354768,0.374352,-0.856738,-0.164,0.41,0.276,0.255,-0.03
54645,1822.012,0.98,1,0.054228,0.400796,-0.914561,-0.369896,0.364417,-0.854621,-0.177,0.408,0.297,0.276,-0.035
54646,1822.046,0.98,1,0.052045,0.406864,-0.912005,-0.374123,0.386896,-0.842819,-0.182,0.425,0.309,0.282,-0.038
54647,1822.079,0.98,1,0.036761,0.413041,-0.90997,-0.377887,0.386977,-0.841101,-0.192,0.429,0.319,0.291,-0.041
54648,1822.112,0.98,1,-0.074794,0.467283,-0.880938,-0.416042,0.430844,-0.800801,-0.284,0.491,0.332,0.308,-0.044
54649,1822.146,0.98,1,-0.169204,0.545967,-0.820542,-0.426143,0.459389,-0.779336,-0.356,0.561,0.353,0.336,-0.051
54650,1822.179,0.98,1,-0.200314,0.54088,-0.816899,-0.425382,0.465318,-0.776227,-0.374,0.563,0.359,0.373,-0.056
54651,1822.212,0.98,1,-0.210781,0.5343,-0.818593,-0.450796,0.496069,-0.742091,-0.401,0.584,0.365,0.41,-0.064
54652,1822.246,0.98,1,-0.201229,0.539727,-0.817436,-0.479751,0.51698,-0.708922,-0.42,0.606,0.381,0.46,-0.079
54653,1822.279,0.88,1,-0.224085,0.536387,-0.81368,-0.506238,0.538411,-0.673674,-0.456,0.626,0.393,0.507,-0.097
54654,1822.312,0.93,1,-0.251564,0.564349,-0.786273,-0.516552,0.514068,-0.684768,-0.481,0.633,0.409,0.56,-0.104
54655,1822.346,0.93,1,-0.300054,0.550879,-0.778781,-0.523779,0.5082,-0.683658,-0.513,0.627,0.43,0.592,-0.115
54656,1822.379,0.93,1,-0.307097,0.536509,-0.786034,-0.506814,0.510493,-0.694648,-0.503,0.615,0.43,0.605,-0.126
54657,1822.413,0.93,1,-0.344027,0.493916,-0.798557,-0.508511,0.518535,-0.687414,-0.521,0.598,0.44,0.605,-0.134
54658,1822.446,0.88,1,-0.293086,0.478993,-0.827446,-0.523698,0.511845,-0.680995,-0.496,0.581,0.434,0.601,-0.142
54659,1822.479,0.88,1,-0.260775,0.491779,-0.830753,-0.512955,0.516877,-0.685358,-0.472,0.587,0.44,0.588,-0.147
54660,1822.513,0.88,1,-0.270938,0.483694,-0.832246,-0.516276,0.519825,-0.680618,-0.48,0.586,0.454,0.599,-0.161
54661,1822.546,0.88,1,-0.269205,0.470077,-0.840569,-0.506886,0.525808,-0.683076,-0.471,0.579,0.455,0.592,-0.166
54662,1822.579,0.88,1,-0.28794,0.479884,-0.828735,-0.515057,0.528658,-0.674712,-0.491,0.591,0.464,0.586,-0.166
54663,1822.613,0.88,1,-0.287857,0.498382,-0.817774,-0.509321,0.537457,-0.67211,-0.491,0.608,0.473,0.586,-0.172
54664,1822.646,0.93,1,-0.272906,0.519561,-0.809678,-0.505058,0.544254,-0.669854,-0.484,0.623,0.478,0.585,-0.176
54665,1822.679,0.93,1,-0.27035,0.528212,-0.804924,-0.522381,0.546036,-0.654952,-0.497,0.634,0.488,0.593,-0.181
54666,1822.713,0.88,1,-0.279689,0.533908,-0.797945,-0.503423,0.54534,-0.670201,-0.49,0.634,0.492,0.606,-0.183
54667,1822.746,0.88,1,-0.284489,0.52732,-0.800624,-0.501758,0.550985,-0.666824,-0.492,0.634,0.495,0.592,-0.178
54668,1822.779,0.88,1,-0.278122,0.519758,-0.807775,-0.495898,0.547008,-0.674439,-0.481,0.624,0.492,0.6,-0.178
54669,1822.813,0.88,1,-0.266993,0.532309,-0.803344,-0.493272,0.551144,-0.672995,-0.476,0.633,0.492,0.602,-0.176
54670,1822.846,0.88,1,-0.267391,0.5292,-0.805263,-0.483235,0.574172,-0.660916,-0.473,0.645,0.492,0.597,-0.174
54671,1822.879,0.88,1,-0.251735,0.523275,-0.814133,-0.60101,0.646605,-0.469775,-0.586,0.739,0.49,0.601,-0.168
54672,1822.913,0.88,1,-0.251242,0.525719,-0.812709,-0.585575,0.668533,-0.458438,-0.582,0.754,0.49,0.601,-0.168
54673,1822.946,0.88,1,-0.256768,0.534853,-0.804986,-0.534246,0.707213,-0.463066,-0.558,0.775,0.496,0.609,-0.167
54674,1822.979,0.88,1,-0.268389,0.546051,-0.793596,-0.531306,0.698541,-0.479327,-0.561,0.774,0.503,0.616,-0.17
54675,1823.013,0.88,1,-0.255328,0.537096,-0.80395,-0.543132,0.694105,-0.472467,-0.559,0.767,0.498,0.611,-0.166
54676,1823.046,0.88,1,-0.256068,0.56155,-0.786823,-0.530371,0.692467,-0.489077,-0.552,0.777,0.51,0.6,-0.166
54677,1823.079,0.88,1,-0.267349,0.550982,-0.790534,-0.563062,0.6555,-0.503269,-0.571,0.75,0.503,0.609,-0.168
54678,1823.113,0.88,1,-0.26443,0.562368,-0.783466,-0.540392,0.662121,-0.519203,-0.553,0.754,0.515,0.604,-0.17
54679,1823.146,0.88,1,-0.247033,0.566706,-0.786014,-0.533792,0.669264,-0.516867,-0.54,0.759,0.512,0.602,-0.168
54680,1823.179,0.88,1,-0.284099,0.543758,-0.789693,-0.549367,0.660667,-0.511581,-0.57,0.747,0.513,0.607,-0.171
54681,1823.213,0.88,1,-0.24632,0.556072,-0.793795,-0.552412,0.668657,-0.497733,-0.554,0.759,0.516,0.609,-0.168
54682,1823.246,0.88,1,-0.280234,0.538545,-0.794631,-0.571794,0.658553,-0.489244,-0.586,0.75,0.514,0.614,-0.17
54683,1823.279,0.88,1,-0.284901,0.536676,-0.794235,-0.551598,0.667306,-0.500442,-0.574,0.749,0.521,0.617,-0.173
54684,1823.313,0.88,1,-0.292246,0.525401,-0.799091,-0.567272,0.643111,-0.514403,-0.579,0.727,0.523,0.614,-0.17
54685,1823.346,0.88,1,-0.312351,0.523618,-0.792629,-0.548655,0.653892,-0.520963,-0.58,0.731,0.521,0.621,-0.175
54686,1823.379,0.88,1,-0.309565,0.532498,-0.787792,-0.554154,0.632183,-0.541533,-0.576,0.719,0.528,0.619,-0.176
54687,1823.413,0.88,1,-0.302073,0.535244,-0.788838,-0.603139,0.642009,-0.473336,-0.622,0.751,0.523,0.615,-0.173
54688,1823.446,0.88,1,-0.263115,0.559655,-0.785848,-0.533573,0.682474,-0.499529,-0.555,0.768,0.525,0.616,-0.177
54689,1823.479,0.88,1,-0.256358,0.499127,-0.827739,-0.475476,0.697003,-0.536758,-0.492,0.72,0.513,0.62,-0.173
54690,1823.513,0.88,1,-0.295067,0.527945,-0.796373,-0.562638,0.691309,-0.453355,-0.601,0.773,0.499,0.629,-0.18
54691,1823.546,0.93,1,-0.266172,0.481223,-0.83521,-0.545187,0.708405,-0.448256,-0.564,0.747,0.503,0.618,-0.183
54692,1823.58,0.88,1,-0.251459,0.482069,-0.839272,-0.497084,0.65152,-0.573088,-0.487,0.676,0.492,0.6,-0.178
54693,1823.613,0.88,1,-0.30587,0.525576,-0.79386,-0.438963,0.533788,-0.72276,-0.457,0.61,0.477,0.61,-0.175
54694,1823.646,0.93,1,-0.319172,0.508678,-0.79961,-0.487063,0.525991,-0.69721,-0.494,0.605,0.472,0.603,-0.17
54695,1823.68,0.93,1,-0.371588,0.422308,-0.826788,-0.509905,0.56552,-0.648216,-0.539,0.59,0.456,0.589,-0.161
54696,1823.713,0.93,1,-0.359428,0.432262,-0.827019,-0.502171,0.571699,-0.648834,-0.528,0.597,0.46,0.584,-0.158
54697,1823.746,0.93,1,-0.366928,0.402131,-0.838841,-0.497531,0.561531,-0.66117,-0.523,0.571,0.457,0.58,-0.151
54698,1823.78,0.88,1,-0.373113,0.374953,-0.848644,-0.508137,0.574175,-0.641965,-0.534,0.567,0.454,0.578,-0.144
54699,1823.813,0.88,1,-0.413317,0.366747,-0.833466,-0.527315,0.561705,-0.637516,-0.569,0.563,0.454,0.575,-0.14
54700,1823.846,0.88,1,-0.398901,0.363267,-0.841971,-0.53519,0.554531,-0.637234,-0.563,0.555,0.447,0.571,-0.132
54701,1823.88,0.88,1,-0.376701,0.383724,-0.843121,-0.536789,0.543345,-0.645472,-0.55,0.557,0.441,0.571,-0.13
54702,1823.913,0.93,1,-0.261419,0.475603,-0.839918,-0.553192,0.540895,-0.63357,-0.505,0.604,0.434,0.556,-0.124
54703,1823.946,0.98,1,-0.400124,0.34016,-0.850995,-0.527636,0.564788,-0.63452,-0.558,0.547,0.425,0.524,-0.116
54704,1823.98,0.93,1,-0.378898,0.333666,-0.863194,-0.568575,0.536524,-0.62359,-0.567,0.53,0.428,0.51,-0.114
54705,1824.013,0.88,1,-0.344153,0.303829,-0.888396,-0.585032,0.497202,-0.640724,-0.546,0.483,0.431,0.511,-0.121
54706,1824.046,0.93,1,-0.355153,0.301707,-0.884782,-0.59383,0.495176,-0.634167,-0.558,0.483,0.421,0.508,-0.12
54707,1824.08,0.98,1,-0.356896,0.305063,-0.882928,-0.589707,0.490444,-0.641646,-0.556,0.481,0.407,0.495,-0.116
54708,1824.113,0.98,1,-0.319313,0.299736,-0.898998,-0.558909,0.478747,-0.677069,-0.508,0.459,0.399,0.48,-0.121
54709,1824.146,0.98,1,-0.302056,0.295132,-0.906454,-0.53662,0.475764,-0.696913,-0.482,0.448,0.39,0.47,-0.117
54710,1824.18,0.98,1,-0.310252,0.287899,-0.906012,-0.53215,0.468204,-0.705409,-0.482,0.439,0.378,0.466,-0.113
54711,1824.213,0.98,1,-0.309545,0.289494,-0.905746,-0.534226,0.462389,-0.707672,-0.482,0.436,0.37,0.465,-0.11
54712,1824.246,0.98,1,-0.312247,0.291915,-0.904039,-0.532019,0.464095,-0.708217,-0.482,0.438,0.363,0.46,-0.108
54713,1824.28,0.98,1,-0.313263,0.299938,-0.901057,-0.521509,0.460228,-0.718484,-0.476,0.439,0.359,0.452,-0.107
54714,1824.313,0.98,1,-0.317515,0.30801,-0.896836,-0.536373,0.469226,-0.70152,-0.491,0.453,0.359,0.444,-0.106
54715,1824.346,0.98,1,-0.323732,0.308265,-0.894522,-0.537027,0.467264,-0.702329,-0.494,0.452,0.359,0.442,-0.104
54716,1824.38,0.98,1,-0.316754,0.310105,-0.896383,-0.54453,0.471603,-0.693598,-0.496,0.457,0.359,0.442,-0.105
54717,1824.413,0.98,1,-0.322894,0.319513,-0.890871,-0.555167,0.475034,-0.682739,-0.509,0.468,0.356,0.436,-0.105
54718,1824.446,0.98,1,-0.341146,0.359974,-0.868354,-0.569266,0.473605,-0.672038,-0.534,0.496,0.359,0.435,-0.105
54719,1824.48,0.98,1,-0.361967,0.348478,-0.864606,-0.550687,0.456829,-0.698607,-0.528,0.476,0.356,0.447,-0.105
54720,1824.513,0.98,1,-0.361154,0.345185,-0.866265,-0.557387,0.454251,-0.694965,-0.532,0.473,0.358,0.451,-0.104
54721,1824.546,0.98,1,-0.350036,0.341421,-0.872299,-0.579791,0.453702,-0.676755,-0.541,0.474,0.353,0.444,-0.101
54722,1824.58,0.98,1,-0.351243,0.346169,-0.86994,-0.583263,0.455433,-0.672595,-0.545,0.479,0.358,0.45,-0.104
54723,1824.613,0.98,1,-0.35454,0.344419,-0.869297,-0.594596,0.455628,-0.662464,-0.555,0.481,0.354,0.453,-0.103
54724,1824.647,0.98,1,-0.348764,0.347203,-0.870525,-0.581658,0.456703,-0.673124,-0.542,0.48,0.359,0.454,-0.105
54725,1824.68,0.98,1,-0.346024,0.345951,-0.872115,-0.583244,0.459578,-0.669787,-0.542,0.481,0.359,0.452,-0.104
54726,1824.713,0.98,1,-0.349722,0.348026,-0.869812,-0.585997,0.460891,-0.666474,-0.547,0.485,0.363,0.448,-0.105
54727,1824.747,0.98,1,-0.356084,0.358292,-0.863036,-0.585502,0.479284,-0.653815,-0.556,0.505,0.373,0.448,-0.107
54728,1824.78,0.98,1,-0.331644,0.315072,-0.889237,-0.480477,0.525292,-0.702289,-0.472,0.486,0.375,0.436,-0.108
54729,1824.813,0.98,1,-0.224347,0.317486,-0.921342,-0.379474,0.587021,-0.715126,-0.353,0.505,0.393,0.417,-0.112
54730,1824.847,0.98,1,-0.127084,0.345901,-0.929625,-0.376633,0.573479,-0.72751,-0.295,0.507,0.425,0.398,-0.12
54731,1824.88,0.98,1,-0.065071,0.392536,-0.917432,-0.321849,0.529291,-0.785025,-0.223,0.496,0.428,0.33,-0.115
54732,1824.913,0.98,1,0.04236,0.506984,-0.860914,-0.303449,0.523304,-0.796286,-0.156,0.556,0.422,0.271,-0.105
54733,1824.947,0.98,1,0.071656,0.467407,-0.881133,-0.253722,0.52068,-0.81518,-0.107,0.527,0.397,0.22,-0.094
54734,1824.98,0.98,1,0.109155,0.487179,-0.866454,-0.236845,0.507742,-0.828313,-0.075,0.531,0.384,0.188,-0.086
54735,1825.013,0.98,1,0.112453,0.488323,-0.865387,-0.257104,0.51571,-0.817276,-0.086,0.538,0.391,0.177,-0.078
54736,1825.047,0.98,1,0.123994,0.467398,-0.875308,-0.271409,0.520052,-0.809866,-0.087,0.53,0.382,0.179,-0.081
54737,1825.08,0.98,1,0.124945,0.473305,-0.871992,-0.2648,0.537469,-0.80063,-0.083,0.544,0.383,0.177,-0.081
54738,1825.113,0.98,1,0.120005,0.463423,-0.877974,-0.260342,0.509823,-0.81994,-0.082,0.52,0.381,0.176,-0.08
54739,1825.147,0.98,1,0.118211,0.465673,-0.877026,-0.257254,0.515072,-0.817632,-0.082,0.525,0.364,0.169,-0.077
54740,1825.18,0.98,1,0.118742,0.466687,-0.876415,-0.257955,0.529781,-0.807955,-0.082,0.534,0.362,0.175,-0.076
54741,1825.213,0.98,1,0.127873,0.47724,-0.869419,-0.262857,0.531655,-0.805139,-0.08,0.542,0.362,0.176,-0.074
54742,1825.247,0.98,1,0.082676,0.571839,-0.816189,-0.216961,0.623194,-0.75137,-0.085,0.651,0.343,0.156,-0.066
54743,1825.28,0.98,1,0.050742,0.531159,-0.845751,-0.212156,0.553836,-0.805143,-0.097,0.581,0.351,0.167,-0.065
54744,1825.313,0.98,1,-0.053587,0.3862,-0.920857,-0.280011,0.421281,-0.862622,-0.185,0.425,0.349,0.176,-0.062
54753,1825.613,0.98,1,0.016801,0.239373,-0.970782,-0.263657,0.437116,-0.859892,-0.134,0.354,0.341,0.18,-0.036
54754,1825.647,0.98,1,-0.090693,0.379209,-0.920856,-0.247039,0.493825,-0.833732,-0.19,0.462,0.356,0.182,-0.035
54755,1825.68,0.98,1,-0.093808,0.402273,-0.910701,-0.256335,0.50236,-0.825789,-0.199,0.48,0.362,0.18,-0.032
54756,1825.713,0.98,1,-0.124303,0.439129,-0.889784,-0.241165,0.552151,-0.798103,-0.213,0.531,0.37,0.179,-0.03
54757,1825.747,0.98,1,0.003033,0.558203,-0.829699,-0.244907,0.599079,-0.762315,-0.151,0.629,0.372,0.176,-0.028
54758,1825.78,0.98,1,0.036303,0.574443,-0.817739,-0.234117,0.614618,-0.753282,-0.125,0.648,0.375,0.174,-0.025
54759,1825.814,0.98,1,0.041816,0.584269,-0.810482,-0.237299,0.623927,-0.744583,-0.125,0.661,0.379,0.176,-0.025
54760,1825.847,0.98,1,0.072157,0.52225,-0.849734,-0.245898,0.608894,-0.754177,-0.108,0.614,0.399,0.192,-0.029
54761,1825.88,0.98,1,0.078902,0.50556,-0.859176,-0.272142,0.554167,-0.786662,-0.117,0.572,0.427,0.205,-0.02
54762,1825.914,0.98,1,0.080246,0.500041,-0.862276,-0.260366,0.540911,-0.799765,-0.108,0.56,0.427,0.198,-0.011
54763,1825.947,0.98,1,0.070563,0.506764,-0.859192,-0.262572,0.54147,-0.798665,-0.115,0.564,0.428,0.194,-0.008
54764,1825.98,0.98,1,0.094462,0.498011,-0.86201,-0.272889,0.531431,-0.801943,-0.107,0.554,0.428,0.189,-0.006
54765,1826.014,0.98,1,0.114964,0.493815,-0.861934,-0.270298,0.532394,-0.802182,-0.093,0.553,0.422,0.19,-0.016
54766,1826.047,0.98,1,0.138222,0.50669,-0.850976,-0.26675,0.532679,-0.80318,-0.078,0.561,0.436,0.187,-0.014
54767,1826.08,0.98,1,0.125137,0.517584,-0.846432,-0.262955,0.540449,-0.79923,-0.084,0.571,0.436,0.185,-0.021
54768,1826.114,0.98,1,0.125884,0.502629,-0.855288,-0.261779,0.546789,-0.795294,-0.082,0.566,0.445,0.186,-0.028
54769,1826.147,0.98,1,0.133941,0.506175,-0.851967,-0.256154,0.542334,-0.800162,-0.074,0.566,0.448,0.183,-0.034
54770,1826.18,0.98,1,0.129122,0.504186,-0.853888,-0.264132,0.543806,-0.796561,-0.082,0.566,0.447,0.183,-0.039
54771,1826.214,0.98,1,0.128871,0.501411,-0.855558,-0.256953,0.548708,-0.795547,-0.077,0.566,0.449,0.183,-0.044
54772,1826.247,0.98,1,0.127689,0.507258,-0.852282,-0.256106,0.55281,-0.792976,-0.078,0.572,0.445,0.184,-0.049
54773,1826.28,0.98,1,0.116083,0.514199,-0.849779,-0.263315,0.55296,-0.790506,-0.09,0.577,0.439,0.187,-0.053
54774,1826.314,0.98,1,0.131243,0.506136,-0.852409,-0.263203,0.550234,-0.792444,-0.08,0.571,0.44,0.192,-0.055
54775,1826.347,0.98,1,0.134116,0.505591,-0.852286,-0.277088,0.537413,-0.796499,-0.086,0.564,0.431,0.187,-0.043
54776,1826.38,0.98,1,0.13382,0.51075,-0.84925,-0.270749,0.546361,-0.792581,-0.083,0.572,0.427,0.187,-0.044
54777,1826.414,0.98,1,0.129806,0.511328,-0.849526,-0.266753,0.549979,-0.791432,-0.083,0.574,0.435,0.191,-0.046
54778,1826.447,0.98,1,0.125352,0.512121,-0.849717,-0.268432,0.547977,-0.792254,-0.087,0.573,0.434,0.191,-0.046
54779,1826.48,0.98,1,0.121891,0.513898,-0.849147,-0.267518,0.547418,-0.792949,-0.088,0.574,0.436,0.188,-0.043
54780,1826.514,0.98,1,0.139773,0.497856,-0.855922,-0.267225,0.539069,-0.798746,-0.077,0.56,0.431,0.185,-0.042
54781,1826.547,0.98,1,0.15015,0.500956,-0.852349,-0.258268,0.536774,-0.803226,-0.065,0.56,0.432,0.188,-0.043
54782,1826.58,0.98,1,0.143339,0.504178,-0.851621,-0.263664,0.541112,-0.798548,-0.073,0.565,0.429,0.186,-0.043
54783,1826.614,0.98,1,0.143773,0.495758,-0.856477,-0.261899,0.526196,-0.809028,-0.071,0.55,0.435,0.19,-0.046
54784,1826.647,0.98,1,0.140149,0.497118,-0.85629,-0.263315,0.525999,-0.808697,-0.074,0.551,0.434,0.193,-0.046
54785,1826.68,0.98,1,0.143011,0.507707,-0.849577,-0.262279,0.532446,-0.804805,-0.072,0.561,0.424,0.191,-0.036
54786,1826.714,0.98,1,0.12035,0.503372,-0.855647,-0.283175,0.526344,-0.801732,-0.098,0.556,0.419,0.196,-0.039
54787,1826.747,0.98,1,0.131377,0.509,-0.850682,-0.281367,0.531814,-0.798753,-0.091,0.563,0.414,0.196,-0.029
54788,1826.78,0.98,1,0.126039,0.499759,-0.856945,-0.280596,0.527896,-0.801619,-0.093,0.555,0.404,0.193,-0.022
54789,1826.814,0.98,1,0.122385,0.4965,-0.859366,-0.292331,0.511839,-0.807814,-0.102,0.544,0.403,0.201,-0.027
54790,1826.847,0.98,1,0.123064,0.497251,-0.858834,-0.28916,0.504385,-0.813623,-0.099,0.54,0.398,0.194,-0.018
54791,1826.881,0.98,1,0.125412,0.500838,-0.856407,-0.2886,0.506334,-0.812611,-0.097,0.543,0.394,0.191,-0.012
54792,1826.914,0.98,1,0.12115,0.489716,-0.863424,-0.288917,0.505409,-0.813073,-0.1,0.536,0.385,0.193,-0.02
54793,1826.947,0.98,1,0.121826,0.493802,-0.860998,-0.286221,0.506869,-0.813119,-0.098,0.539,0.382,0.193,-0.016
54794,1826.981,0.98,1,0.127015,0.492096,-0.861225,-0.289659,0.49396,-0.819818,-0.096,0.53,0.383,0.194,-0.013
54795,1827.014,0.98,1,0.118592,0.481023,-0.86865,-0.282499,0.486843,-0.826546,-0.096,0.519,0.374,0.195,-0.012
54796,1827.047,0.98,1,0.11354,0.469759,-0.875463,-0.284742,0.482127,-0.828538,-0.1,0.509,0.358,0.196,-0.012
54797,1827.081,0.98,1,0.109295,0.460534,-0.880888,-0.282353,0.460734,-0.841428,-0.1,0.491,0.34,0.197,-0.011
54798,1827.114,0.98,1,0.110043,0.451863,-0.885274,-0.284221,0.431642,-0.856098,-0.1,0.47,0.323,0.199,-0.009
54799,1827.147,0.98,1,0.099615,0.444049,-0.890448,-0.283752,0.419328,-0.862351,-0.105,0.458,0.303,0.194,-0.005
54800,1827.181,0.98,1,0.099708,0.436211,-0.894303,-0.292843,0.413299,-0.862222,-0.11,0.45,0.282,0.186,-0.002
54801,1827.214,0.98,1,0.084599,0.442457,-0.892791,-0.289077,0.398262,-0.87053,-0.115,0.445,0.27,0.182,0.002
54802,1827.247,0.98,1,0.099409,0.447651,-0.888666,-0.269181,0.37199,-0.88835,-0.095,0.432,0.241,0.181,-0.0
54803,1827.281,0.98,1,0.105111,0.45193,-0.885839,-0.260998,0.377983,-0.888262,-0.088,0.438,0.242,0.175,0.011
54804,1827.314,0.98,1,0.097475,0.47127,-0.876586,-0.238361,0.38807,-0.890273,-0.08,0.453,0.228,0.174,0.005
54805,1827.347,0.98,1,0.084064,0.47228,-0.877431,-0.238382,0.382947,-0.892483,-0.087,0.45,0.223,0.179,0.002
54806,1827.381,0.98,1,0.070857,0.484693,-0.87181,-0.229731,0.393357,-0.890221,-0.09,0.462,0.219,0.184,0.0
54807,1827.414,0.98,1,0.098557,0.476568,-0.873596,-0.250045,0.389643,-0.886372,-0.086,0.457,0.21,0.18,0.017
54808,1827.447,0.98,1,0.0906,0.484317,-0.870189,-0.231166,0.390403,-0.89115,-0.08,0.461,0.207,0.174,0.023
54809,1827.481,0.98,1,0.077255,0.490285,-0.868131,-0.218431,0.401444,-0.889455,-0.08,0.47,0.202,0.184,0.009
54810,1827.514,0.98,1,0.076221,0.495979,-0.864983,-0.218957,0.393084,-0.893053,-0.081,0.468,0.197,0.181,0.017
54811,1827.547,0.98,1,0.06842,0.484222,-0.872266,-0.198538,0.403474,-0.893192,-0.074,0.466,0.185,0.177,0.022
54812,1827.581,0.98,1,0.070902,0.482309,-0.873127,-0.247545,0.41928,-0.873456,-0.101,0.477,0.193,0.192,0.003
54813,1827.614,0.98,1,0.043978,0.504049,-0.862555,-0.162729,0.455898,-0.875029,-0.068,0.505,0.188,0.18,0.014
54814,1827.647,0.98,1,0.065131,0.517033,-0.853484,-0.157951,0.449125,-0.879396,-0.054,0.509,0.199,0.194,0.002
54815,1827.681,0.98,1,0.038375,0.407557,-0.912373,-0.217919,0.464935,-0.858107,-0.101,0.458,0.184,0.191,0.013
54834,1828.314,0.98,1,-0.279911,0.29215,-0.914494,-0.324709,0.520549,-0.789679,-0.341,0.445,0.22,0.225,-0.015
54835,1828.348,0.98,1,-0.280147,0.294668,-0.913613,-0.346461,0.539274,-0.76756,-0.357,0.46,0.216,0.259,-0.005
54836,1828.381,0.98,1,-0.284624,0.332302,-0.899202,-0.361823,0.533031,-0.764828,-0.371,0.48,0.218,0.289,-0.002
54837,1828.414,0.93,1,-0.275199,0.470996,-0.83811,-0.398077,0.482462,-0.780234,-0.394,0.532,0.246,0.335,-0.001
54838,1828.448,0.93,1,-0.253101,0.543467,-0.800365,-0.392156,0.423315,-0.816712,-0.38,0.539,0.24,0.372,0.001
54839,1828.481,0.93,1,-0.234163,0.533628,-0.812655,-0.422983,0.423026,-0.801333,-0.387,0.535,0.243,0.384,-0.001
54840,1828.514,0.93,1,-0.222751,0.532269,-0.816744,-0.424644,0.423064,-0.800434,-0.381,0.534,0.246,0.392,-0.004
54841,1828.548,0.98,1,-0.221654,0.51901,-0.825529,-0.40965,0.449705,-0.793696,-0.372,0.539,0.253,0.397,-0.007
54842,1828.581,0.98,1,-0.217029,0.528274,-0.820869,-0.434797,0.446166,-0.782232,-0.386,0.546,0.259,0.395,-0.01
54843,1828.614,0.98,1,-0.213658,0.523178,-0.825006,-0.434399,0.451979,-0.77911,-0.384,0.546,0.261,0.395,-0.012
54844,1828.648,0.98,1,-0.21593,0.524414,-0.823629,-0.431555,0.43327,-0.791225,-0.381,0.535,0.265,0.387,-0.013
54845,1828.681,0.98,1,-0.231921,0.527508,-0.817281,-0.402635,0.4425,-0.801298,-0.374,0.54,0.264,0.388,-0.014
54846,1828.714,0.93,1,-0.218496,0.530215,-0.819226,-0.417652,0.431775,-0.79946,-0.374,0.536,0.267,0.388,-0.017
54847,1828.748,0.93,1,-0.214177,0.526608,-0.822686,-0.41889,0.442716,-0.792801,-0.373,0.54,0.274,0.393,-0.022
54848,1828.781,0.93,1,-0.221768,0.527563,-0.820059,-0.412061,0.437084,-0.799477,-0.373,0.537,0.276,0.395,-0.026
54849,1828.814,0.93,1,-0.21418,0.516594,-0.82901,-0.395018,0.433855,-0.809772,-0.356,0.526,0.279,0.397,-0.029
54850,1828.848,0.93,1,-0.19866,0.518768,-0.831513,-0.403671,0.435224,-0.804755,-0.353,0.528,0.281,0.401,-0.032
54851,1828.881,0.93,1,-0.204623,0.511362,-0.834649,-0.403585,0.434743,-0.805058,-0.355,0.523,0.281,0.404,-0.033
54852,1828.914,0.93,1,-0.205518,0.516189,-0.831451,-0.40175,0.46059,-0.791488,-0.358,0.542,0.281,0.406,-0.032
54853,1828.948,0.93,1,-0.211203,0.546103,-0.810657,-0.384894,0.508806,-0.770047,-0.361,0.588,0.296,0.403,-0.035
54854,1828.981,0.98,1,-0.136137,0.527272,-0.83872,-0.394158,0.490656,-0.777107,-0.317,0.562,0.296,0.4,-0.031
54855,1829.014,0.98,1,-0.061804,0.454964,-0.888363,-0.443075,0.463902,-0.767124,-0.296,0.507,0.271,0.363,-0.025
54856,1829.048,0.98,1,-0.162061,0.452722,-0.876801,-0.536677,0.444818,-0.717018,-0.413,0.513,0.259,0.332,-0.021
54857,1829.081,0.98,1,-0.133879,0.431796,-0.89198,-0.453232,0.530871,-0.716071,-0.35,0.539,0.227,0.31,-0.015
54915,1831.015,0.98,1,0.045018,0.530303,-0.846612,-0.224131,0.540846,-0.81071,-0.108,0.574,0.181,0.104,0.011
54916,1831.048,0.98,1,0.04333,0.269789,-0.961944,-0.21831,0.537616,-0.814438,-0.098,0.427,0.176,0.106,0.01
54935,1831.682,0.98,1,0.117043,0.575465,-0.809408,-0.175766,0.564853,-0.806255,-0.036,0.615,0.208,0.112,-0.011
54936,1831.715,0.98,1,0.049718,0.54011,-0.840125,-0.172676,0.533503,-0.827984,-0.074,0.572,0.212,0.107,-0.015
55031,1834.883,0.98,1,0.109774,0.462175,-0.879968,-0.14987,0.442539,-0.884137,-0.023,0.474,0.086,0.076,-0.068
55032,1834.916,0.98,1,0.060067,0.473979,-0.878485,-0.124776,0.446922,-0.885828,-0.037,0.481,0.085,0.077,-0.068
55196,1840.385,0.98,1,0.062059,0.525705,-0.8484,-0.165794,0.499567,-0.850262,-0.061,0.543,0.143,0.085,0.013
55197,1840.418,0.98,1,-0.002686,0.522453,-0.852664,-0.141741,0.496634,-0.856309,-0.084,0.538,0.138,0.085,0.012
55753,1858.957,0.98,1,-0.205232,0.399576,-0.893431,-0.42329,0.481686,-0.767336,-0.362,0.488,0.104,0.417,-0.045
55754,1858.99,0.98,1,-0.148194,0.3205,-0.935585,-0.484949,0.445617,-0.752495,-0.359,0.426,0.071,0.367,-0.036
55755,1859.023,0.98,1,-0.064426,0.385858,-0.920306,-0.341926,0.471402,-0.812937,-0.23,0.459,0.076,0.291,-0.025
55800,1860.524,0.98,1,0.415475,0.384508,-0.824338,0.112259,0.450355,-0.885764,0.299,0.454,0.124,-0.101,0.017
55801,1860.557,0.98,1,0.402629,0.455343,-0.794074,0.084961,0.489154,-0.868049,0.285,0.517,0.122,-0.124,0.02
55802,1860.591,0.98,1,0.436547,0.451526,-0.778172,0.090195,0.495611,-0.863849,0.31,0.523,0.134,-0.146,0.025
55803,1860.624,0.98,1,0.352637,0.499796,-0.791107,0.101987,0.51919,-0.848552,0.27,0.556,0.141,-0.166,0.027
55804,1860.657,0.98,1,0.331688,0.503467,-0.797812,0.057155,0.514931,-0.855324,0.231,0.552,0.149,-0.187,0.031
55805,1860.691,0.98,1,0.320334,0.50666,-0.800426,0.073715,0.510031,-0.856991,0.233,0.55,0.161,-0.202,0.035
55806,1860.724,0.98,1,0.294123,0.503122,-0.812625,0.07569,0.510225,-0.856704,0.218,0.546,0.169,-0.206,0.037
55807,1860.757,0.98,1,0.275206,0.497676,-0.822545,0.068354,0.513461,-0.855386,0.202,0.542,0.174,-0.207,0.039
55808,1860.791,0.98,1,0.293117,0.499386,-0.815289,0.06962,0.518985,-0.851944,0.214,0.548,0.176,-0.213,0.041
55809,1860.824,0.98,1,0.30522,0.497817,-0.8118,0.074673,0.514493,-0.854237,0.224,0.546,0.176,-0.215,0.04
55810,1860.857,0.98,1,0.362643,0.515553,-0.776335,0.03677,0.475265,-0.879074,0.237,0.539,0.177,-0.221,0.042
55811,1860.891,0.98,1,0.396982,0.510712,-0.762613,0.049565,0.473724,-0.879277,0.266,0.54,0.176,-0.234,0.044
55812,1860.924,0.98,1,0.402494,0.506928,-0.762248,0.053826,0.465077,-0.883632,0.27,0.533,0.178,-0.257,0.045
55813,1860.957,0.98,1,0.403312,0.510726,-0.759275,0.052096,0.448232,-0.892398,0.269,0.526,0.18,-0.276,0.046
55814,1860.991,0.98,1,0.411804,0.506469,-0.757566,0.063041,0.444931,-0.893343,0.28,0.523,0.184,-0.289,0.043
55815,1861.024,0.98,1,0.407038,0.500474,-0.764098,0.0545,0.436102,-0.898246,0.271,0.513,0.184,-0.304,0.041
55816,1861.057,0.98,1,0.421602,0.489127,-0.763549,0.026621,0.398283,-0.916876,0.261,0.486,0.18,-0.311,0.043
55817,1861.091,0.98,1,0.409951,0.481073,-0.774925,-0.036219,0.350952,-0.935693,0.215,0.453,0.176,-0.301,0.045
55818,1861.124,0.98,1,0.417663,0.471658,-0.776593,-0.018957,0.334342,-0.942261,0.228,0.438,0.178,-0.297,0.044
55819,1861.157,0.98,1,0.411017,0.472683,-0.77951,-0.0186,0.341019,-0.939872,0.224,0.442,0.179,-0.299,0.043
55820,1861.191,0.98,1,0.42265,0.474311,-0.772267,0.002129,0.374527,-0.927213,0.245,0.463,0.183,-0.308,0.041
55821,1861.224,0.98,1,0.381048,0.460636,-0.801634,-0.039126,0.379766,-0.924255,0.196,0.453,0.188,-0.302,0.037
55822,1861.257,0.98,1,0.300396,0.44992,-0.841032,-0.047825,0.407234,-0.912071,0.143,0.455,0.193,-0.286,0.032
55823,1861.291,0.98,1,0.324063,0.425138,-0.845127,-0.008124,0.428769,-0.903378,0.179,0.454,0.203,-0.275,0.024
55824,1861.324,0.98,1,0.155078,0.438754,-0.885125,-0.023588,0.366293,-0.930201,0.072,0.417,0.196,-0.245,0.027
55825,1861.358,0.98,1,0.087481,0.472069,-0.87721,-0.051927,0.388061,-0.92017,0.02,0.446,0.187,-0.179,0.023
55826,1861.391,0.98,1,0.059926,0.448486,-0.891779,-0.138504,0.359374,-0.922858,-0.043,0.419,0.18,-0.098,0.016
55827,1861.424,0.98,1,0.012522,0.484173,-0.874883,-0.133354,0.442855,-0.886621,-0.068,0.484,0.184,-0.006,0.01
55828,1861.458,0.98,1,-0.002536,0.449802,-0.893125,-0.153646,0.467634,-0.870466,-0.088,0.48,0.18,0.043,0.019
55829,1861.491,0.98,1,-0.077646,0.418823,-0.904742,-0.139223,0.43991,-0.887184,-0.12,0.447,0.173,0.078,0.021
55988,1866.792,0.98,1,-0.60582,0.252726,-0.754395,-0.771718,0.303857,-0.558679,-0.809,0.401,0.289,0.789,-0.416
55989,1866.826,0.98,1,-0.626911,0.239954,-0.741218,-0.780909,0.321954,-0.535282,-0.834,0.415,0.316,0.807,-0.467
55990,1866.859,0.98,1,-0.655002,0.233623,-0.718605,-0.752535,0.330196,-0.56979,-0.83,0.413,0.333,0.796,-0.513
55991,1866.892,0.88,1,-0.578928,0.325063,-0.747781,-0.680227,0.420683,-0.600265,-0.751,0.505,0.421,0.775,-0.576
55992,1866.926,0.98,1,-0.506095,0.34169,-0.791907,-0.643096,0.484478,-0.593051,-0.693,0.538,0.507,0.783,-0.606
55993,1866.959,0.77,1,-0.644251,0.329906,-0.690001,-0.760473,0.367308,-0.535505,-0.853,0.517,0.63,1.016,-0.873
55994,1866.993,0.93,1,-0.648791,0.29177,-0.702809,-0.800433,0.343006,-0.491583,-0.881,0.489,0.623,1.016,-0.857
55995,1867.026,0.88,1,-0.629086,0.246886,-0.737088,-0.772295,0.310124,-0.554422,-0.826,0.407,0.476,0.936,-0.722
55996,1867.059,0.88,1,-0.606948,0.272039,-0.746732,-0.774154,0.2942,-0.560474,-0.813,0.409,0.464,0.913,-0.703
55997,1867.093,0.88,1,-0.562811,0.337945,-0.754345,-0.784937,0.398501,-0.474416,-0.832,0.54,0.504,0.912,-0.723
55998,1867.126,0.88,1,-0.580129,0.213239,-0.786117,-0.780947,0.372705,-0.501211,-0.813,0.427,0.509,0.876,-0.718
55999,1867.159,0.88,1,-0.484728,0.251356,-0.83777,-0.741717,0.43831,-0.507681,-0.739,0.474,0.582,0.862,-0.759
56000,1867.193,0.88,1,-0.551981,0.370335,-0.747107,-0.742434,0.474234,-0.473175,-0.815,0.605,0.735,0.885,-0.861
56001,1867.226,0.88,1,-0.662,0.393635,-0.637814,-0.71017,0.528203,-0.465469,-0.894,0.696,0.879,0.856,-0.939
56002,1867.259,0.98,1,-0.653633,0.424115,-0.626809,-0.700673,0.560327,-0.441691,-0.903,0.744,0.941,0.808,-0.951
56003,1867.293,0.98,1,-0.553753,0.457909,-0.695469,-0.623362,0.621101,-0.47503,-0.788,0.745,0.946,0.728,-0.901
56004,1867.326,0.88,1,-0.476457,0.514372,-0.713029,-0.599548,0.645805,-0.472735,-0.737,0.774,0.953,0.666,-0.859
56005,1867.359,0.88,1,-0.433989,0.442671,-0.784663,-0.610193,0.636406,-0.47186,-0.693,0.71,0.932,0.624,-0.802
56006,1867.393,0.88,1,-0.481964,0.376756,-0.791054,-0.587582,0.63581,-0.500493,-0.692,0.665,0.918,0.605,-0.759
56007,1867.426,0.77,1,-0.525665,0.329652,-0.784223,-0.530081,0.752609,-0.390632,-0.732,0.744,0.894,0.599,-0.715
56019,1867.826,0.98,1,-0.935295,0.166521,-0.31224,-0.896725,0.259388,-0.358611,-1.22,0.566,2.343,1.181,-3.014
56020,1867.859,0.98,1,-0.925169,0.183433,-0.332287,-0.910685,0.239224,-0.336786,-1.221,0.563,2.425,1.092,-3.073
56021,1867.893,0.98,1,-0.924719,0.221337,-0.309684,-0.916425,0.253537,-0.309651,-1.246,0.654,2.523,1.031,3.131
56022,1867.926,0.98,1,-0.928015,0.217399,-0.302533,-0.897907,0.293795,-0.327792,-1.238,0.681,2.586,1.018,3.081
56023,1867.959,0.98,1,-0.954929,0.182189,-0.234345,-0.945823,0.163345,-0.2806,-1.306,0.591,2.642,0.981,3.022
56025,1868.026,0.98,1,-0.96546,0.169868,-0.197566,-0.910655,0.143792,-0.38734,-1.269,0.492,2.655,0.907,-3.127
